
     Z         PRESS      DEN     ProOH1    ProOH25    ProO3D    PO2D       PO2      PH2O      PO3D      PH2O2     FO3      FH2O      NumO2      NumOH      NumO1D     PN2O     PCH3CL
   5.000E+04 9.553E+05 2.458E+19 2.859E+05 7.588E+04 2.897E+06 0.000E+00 9.531E-13 3.491E-13 4.748E-05 3.752E-06 2.482E-09 8.842E-03 2.615E+16 2.524E+06 3.986E-03 1.168E-09 1.170E-11
   1.500E+05 8.451E+05 2.218E+19 2.963E+05 1.011E+05 4.450E+06 0.000E+00 1.635E-12 7.888E-13 5.275E-05 4.134E-06 3.803E-09 5.778E-03 2.369E+16 3.321E+06 6.971E-03 2.205E-09 2.769E-11
   2.500E+05 7.460E+05 1.992E+19 3.332E+05 1.279E+05 7.349E+06 0.000E+00 2.471E-12 1.664E-12 5.732E-05 4.483E-06 6.437E-09 3.858E-03 2.136E+16 4.488E+06 1.302E-02 3.699E-09 5.795E-11
   3.500E+05 6.570E+05 1.791E+19 3.223E+05 1.412E+05 1.190E+07 0.000E+00 3.516E-12 3.473E-12 6.098E-05 4.809E-06 1.090E-08 2.270E-03 1.928E+16 5.468E+06 2.370E-02 5.856E-09 1.128E-10
   4.500E+05 5.770E+05 1.609E+19 2.698E+05 1.418E+05 1.815E+07 0.000E+00 4.816E-12 7.136E-12 6.412E-05 5.120E-06 1.760E-08 1.235E-03 1.739E+16 6.105E+06 4.036E-02 8.881E-09 2.054E-10
   5.500E+05 5.051E+05 1.445E+19 1.897E+05 1.240E+05 2.587E+07 0.000E+00 6.416E-12 1.413E-11 6.685E-05 5.421E-06 2.677E-08 6.073E-04 1.568E+16 6.151E+06 6.381E-02 1.291E-08 3.487E-10
   6.500E+05 4.406E+05 1.297E+19 1.121E+05 9.437E+04 3.451E+07 0.000E+00 8.356E-12 2.704E-11 6.937E-05 5.720E-06 3.837E-08 2.692E-04 1.411E+16 5.663E+06 9.410E-02 1.799E-08 5.538E-10
   7.500E+05 3.829E+05 1.161E+19 5.545E+04 6.184E+04 4.339E+07 3.567-119 1.068E-11 5.010E-11 7.185E-05 6.019E-06 5.202E-08 1.063E-04 1.266E+16 4.848E+06 1.306E-01 2.407E-08 8.296E-10
   8.500E+05 3.312E+05 1.036E+19 2.257E+04 3.418E+04 5.183E+07 2.845E-54 1.343E-11 9.053E-11 7.450E-05 6.326E-06 6.712E-08 3.643E-05 1.133E+16 3.933E+06 1.724E-01 3.109E-08 1.180E-09
   9.500E+05 2.852E+05 9.207E+18 7.399E+03 1.471E+04 5.974E+07 5.238E-34 1.667E-11 1.534E-10 7.753E-05 6.643E-06 8.370E-08 1.042E-05 1.007E+16 3.066E+06 2.204E-01 3.898E-08 1.600E-09
   1.050E+06 2.446E+05 8.122E+18 1.498E+03 3.467E+03 7.030E+07 3.707E-28 2.047E-11 2.367E-10 8.113E-05 6.977E-06 1.067E-07 1.803E-06 8.886E+15 2.226E+06 2.899E-01 4.773E-08 2.083E-09
   1.150E+06 2.088E+05 7.101E+18 1.899E+03 4.383E+03 9.026E+07 7.788E-26 2.505E-11 3.451E-10 8.611E-05 7.342E-06 1.476E-07 1.789E-06 7.769E+15 2.352E+06 4.206E-01 5.755E-08 2.643E-09
   1.250E+06 1.777E+05 6.158E+18 2.568E+03 5.373E+03 1.250E+08 8.041E-24 3.093E-11 4.975E-10 9.354E-05 7.770E-06 2.169E-07 1.754E-06 6.737E+15 2.740E+06 6.649E-01 6.903E-08 3.323E-09
   1.350E+06 1.508E+05 5.314E+18 3.413E+03 6.456E+03 1.741E+08 4.349E-22 3.891E-11 7.235E-10 1.051E-04 8.316E-06 3.117E-07 1.679E-06 5.813E+15 3.362E+06 1.064E+00 8.306E-08 4.189E-09
   1.450E+06 1.277E+05 4.571E+18 4.137E+03 7.564E+03 2.300E+08 1.281E-20 5.021E-11 1.070E-09 1.233E-04 9.055E-06 4.079E-07 1.547E-06 4.999E+15 4.145E+06 1.620E+00 1.007E-07 5.320E-09
   1.550E+06 1.078E+05 3.919E+18 4.470E+03 8.454E+03 2.858E+08 2.135E-19 6.631E-11 1.599E-09 1.518E-04 1.007E-05 4.805E-07 1.349E-06 4.285E+15 5.043E+06 2.329E+00 1.226E-07 6.783E-09
   1.650E+06 9.076E+04 3.344E+18 4.255E+03 8.600E+03 3.406E+08 2.108E-18 8.882E-11 2.379E-09 1.969E-04 1.146E-05 5.173E-07 1.081E-06 3.656E+15 5.949E+06 3.228E+00 1.486E-07 8.601E-09
   1.750E+06 7.629E+04 2.839E+18 4.182E+03 9.179E+03 3.890E+08 1.342E-17 1.191E-10 3.467E-09 2.701E-04 1.332E-05 5.071E-07 9.325E-07 3.105E+15 7.297E+06 4.317E+00 1.776E-07 1.073E-08
   1.850E+06 6.403E+04 2.402E+18 4.261E+03 1.022E+04 4.263E+08 6.260E-17 1.571E-10 4.898E-09 3.954E-04 1.578E-05 4.489E-07 8.684E-07 2.626E+15 9.312E+06 5.569E+00 2.074E-07 1.306E-08
   1.950E+06 5.368E+04 2.023E+18 4.481E+03 1.209E+04 4.365E+08 2.340E-16 2.010E-10 6.692E-09 6.034E-04 1.886E-05 3.576E-07 8.929E-07 2.212E+15 1.224E+07 6.753E+00 2.357E-07 1.546E-08
   2.050E+06 4.498E+04 1.697E+18 4.249E+03 1.378E+04 4.048E+08 7.371E-16 2.474E-10 8.890E-09 8.892E-04 2.231E-05 2.683E-07 9.131E-07 1.856E+15 1.521E+07 7.460E+00 2.609E-07 1.781E-08
   2.150E+06 3.770E+04 1.422E+18 3.690E+03 1.529E+04 3.460E+08 2.003E-15 2.941E-10 1.160E-08 1.203E-03 2.567E-05 2.023E-07 9.279E-07 1.555E+15 1.776E+07 7.613E+00 2.826E-07 2.010E-08
   2.250E+06 3.160E+04 1.191E+18 3.050E+03 1.673E+04 2.832E+08 4.790E-15 3.414E-10 1.499E-08 1.498E-03 2.866E-05 1.586E-07 9.368E-07 1.303E+15 1.988E+07 7.436E+00 3.014E-07 2.234E-08
   2.350E+06 2.648E+04 9.997E+17 2.447E+03 1.813E+04 2.266E+08 1.027E-14 3.905E-10 1.930E-08 1.754E-03 3.119E-05 1.292E-07 9.398E-07 1.093E+15 2.169E+07 7.084E+00 3.179E-07 2.459E-08
   2.450E+06 2.218E+04 8.403E+17 1.918E+03 1.951E+04 1.782E+08 2.012E-14 4.427E-10 2.478E-08 1.964E-03 3.329E-05 1.080E-07 9.370E-07 9.189E+14 2.325E+07 6.618E+00 3.325E-07 2.687E-08
   2.550E+06 1.857E+04 7.072E+17 1.472E+03 2.079E+04 1.382E+08 3.674E-14 4.991E-10 3.165E-08 2.130E-03 3.499E-05 9.175E-08 9.287E-07 7.733E+14 2.459E+07 6.078E+00 3.456E-07 2.922E-08
   2.650E+06 1.553E+04 5.958E+17 1.108E+03 2.186E+04 1.057E+08 6.414E-14 5.607E-10 4.008E-08 2.254E-03 3.636E-05 7.871E-08 9.154E-07 6.516E+14 2.568E+07 5.496E+00 3.575E-07 3.167E-08
   2.750E+06 1.297E+04 5.023E+17 8.196E+02 2.260E+04 7.997E+07 1.104E-13 6.282E-10 5.014E-08 2.344E-03 3.746E-05 6.793E-08 8.972E-07 5.493E+14 2.647E+07 4.903E+00 3.684E-07 3.420E-08
   2.850E+06 1.081E+04 4.233E+17 5.958E+02 2.288E+04 5.979E+07 1.918E-13 7.027E-10 6.180E-08 2.404E-03 3.833E-05 5.877E-08 8.747E-07 4.629E+14 2.694E+07 4.322E+00 3.784E-07 3.681E-08
   2.950E+06 8.993E+03 3.562E+17 4.253E+02 2.264E+04 4.417E+07 3.372E-13 7.857E-10 7.497E-08 2.441E-03 3.902E-05 5.080E-08 8.476E-07 3.895E+14 2.704E+07 3.768E+00 3.877E-07 3.950E-08
   3.050E+06 7.466E+03 2.990E+17 2.979E+02 2.185E+04 3.221E+07 6.034E-13 8.794E-10 8.953E-08 2.462E-03 3.957E-05 4.376E-08 8.162E-07 3.269E+14 2.676E+07 3.253E+00 3.962E-07 4.223E-08
   3.150E+06 6.187E+03 2.499E+17 2.042E+02 2.061E+04 2.314E+07 1.153E-12 9.874E-10 1.056E-07 2.476E-03 3.999E-05 3.740E-08 7.806E-07 2.733E+14 2.614E+07 2.781E+00 4.041E-07 4.498E-08
   3.250E+06 5.120E+03 2.083E+17 1.372E+02 1.919E+04 1.642E+07 2.474E-12 1.112E-09 1.244E-07 2.483E-03 4.033E-05 3.174E-08 7.404E-07 2.278E+14 2.533E+07 2.357E+00 4.114E-07 4.774E-08
   3.350E+06 4.232E+03 1.733E+17 9.167E+01 1.861E+04 1.131E+07 5.797E-12 1.259E-09 1.493E-07 2.485E-03 4.059E-05 2.626E-08 7.192E-07 1.895E+14 2.498E+07 1.944E+00 4.181E-07 5.050E-08
   3.450E+06 3.494E+03 1.438E+17 6.010E+01 1.902E+04 7.549E+06 1.350E-11 1.433E-09 1.871E-07 2.484E-03 4.079E-05 2.113E-08 7.069E-07 1.573E+14 2.520E+07 1.559E+00 4.243E-07 5.326E-08
   3.550E+06 2.883E+03 1.191E+17 3.830E+01 2.043E+04 4.909E+06 2.907E-11 1.640E-09 2.478E-07 2.483E-03 4.095E-05 1.659E-08 6.921E-07 1.303E+14 2.596E+07 1.223E+00 4.301E-07 5.601E-08
   3.650E+06 2.377E+03 9.843E+16 2.390E+01 2.272E+04 3.132E+06 5.636E-11 1.889E-09 3.423E-07 2.485E-03 4.107E-05 1.281E-08 6.743E-07 1.076E+14 2.709E+07 9.480E-01 4.355E-07 5.875E-08
   3.750E+06 1.960E+03 8.119E+16 1.487E+01 2.537E+04 1.993E+06 9.829E-11 2.182E-09 4.786E-07 2.488E-03 4.117E-05 9.864E-09 6.528E-07 8.877E+13 2.826E+07 7.381E-01 4.405E-07 6.148E-08
   3.850E+06 1.615E+03 6.696E+16 9.343E+00 2.765E+04 1.281E+06 1.559E-10 2.519E-09 6.588E-07 2.491E-03 4.125E-05 7.682E-09 6.268E-07 7.321E+13 2.912E+07 5.857E-01 4.452E-07 6.416E-08
   3.950E+06 1.332E+03 5.523E+16 5.974E+00 2.893E+04 8.367E+05 2.280E-10 2.900E-09 8.785E-07 2.492E-03 4.132E-05 6.078E-09 5.963E-07 6.039E+13 2.945E+07 4.772E-01 4.495E-07 6.680E-08
   4.050E+06 1.098E+03 4.558E+16 3.893E+00 2.885E+04 5.554E+05 3.119E-10 3.324E-09 1.128E-06 2.491E-03 4.138E-05 4.892E-09 5.612E-07 4.983E+13 2.913E+07 4.002E-01 4.535E-07 6.937E-08
   4.150E+06 9.045E+02 3.761E+16 2.580E+00 2.736E+04 3.740E+05 4.038E-10 3.796E-09 1.394E-06 2.489E-03 4.142E-05 3.995E-09 5.217E-07 4.111E+13 2.818E+07 3.456E-01 4.572E-07 7.185E-08
   4.250E+06 7.453E+02 3.102E+16 1.733E+00 2.472E+04 2.552E+05 5.000E-10 4.322E-09 1.665E-06 2.487E-03 4.146E-05 3.307E-09 4.787E-07 3.391E+13 2.666E+07 3.067E-01 4.606E-07 7.425E-08
   4.350E+06 6.140E+02 2.558E+16 1.178E+00 2.136E+04 1.765E+05 5.992E-10 4.911E-09 1.928E-06 2.485E-03 4.150E-05 2.775E-09 4.330E-07 2.797E+13 2.468E+07 2.792E-01 4.638E-07 7.656E-08
   4.450E+06 5.058E+02 2.110E+16 8.075E-01 1.769E+04 1.241E+05 7.107E-10 5.575E-09 2.176E-06 2.482E-03 4.153E-05 2.370E-09 3.852E-07 2.307E+13 2.236E+07 2.608E-01 4.667E-07 7.877E-08
   4.550E+06 4.165E+02 1.741E+16 5.601E-01 1.405E+04 8.946E+04 8.752E-10 6.328E-09 2.403E-06 2.477E-03 4.155E-05 2.075E-09 3.359E-07 1.904E+13 1.980E+07 2.512E-01 4.694E-07 8.089E-08
   4.650E+06 3.429E+02 1.436E+16 3.978E-01 1.073E+04 6.678E+04 1.198E-09 7.185E-09 2.607E-06 2.470E-03 4.157E-05 1.882E-09 2.865E-07 1.571E+13 1.714E+07 2.534E-01 4.719E-07 8.291E-08
   4.750E+06 2.821E+02 1.185E+16 2.953E-01 7.874E+03 5.248E+04 1.875E-09 8.157E-09 2.790E-06 2.461E-03 4.159E-05 1.799E-09 2.381E-07 1.297E+13 1.448E+07 2.739E-01 4.743E-07 8.484E-08
   4.850E+06 2.320E+02 9.779E+15 2.318E-01 5.547E+03 4.406E+04 3.189E-09 9.254E-09 2.954E-06 2.452E-03 4.161E-05 1.837E-09 1.920E-07 1.070E+13 1.184E+07 3.228E-01 4.765E-07 8.668E-08
   4.950E+06 1.907E+02 8.060E+15 1.907E-01 3.753E+03 3.986E+04 5.452E-09 1.048E-08 3.104E-06 2.444E-03 4.163E-05 2.024E-09 1.500E-07 8.822E+12 9.238E+06 4.120E-01 4.786E-07 8.844E-08
   5.050E+06 1.567E+02 6.640E+15 1.603E-01 2.451E+03 3.898E+04 8.941E-09 1.184E-08 3.245E-06 2.435E-03 4.164E-05 2.411E-09 1.137E-07 7.272E+12 6.747E+06 5.539E-01 4.805E-07 9.011E-08
   5.150E+06 1.287E+02 5.462E+15 1.344E-01 1.558E+03 4.054E+04 1.388E-08 1.332E-08 3.380E-06 2.431E-03 4.165E-05 3.054E-09 8.441E-08 5.986E+12 4.603E+06 7.603E-01 4.823E-07 9.170E-08
   5.250E+06 1.057E+02 4.489E+15 1.143E-01 9.703E+02 4.934E+04 2.047E-08 1.490E-08 3.511E-06 2.428E-03 4.167E-05 4.526E-09 6.156E-08 4.923E+12 2.780E+06 1.078E+00 4.840E-07 9.321E-08
   5.350E+06 8.681E+01 3.686E+15 1.080E-01 5.870E+02 9.001E+04 2.902E-08 1.659E-08 3.642E-06 2.428E-03 4.168E-05 1.005E-08 4.372E-08 4.044E+12 1.135E+06 1.747E+00 4.855E-07 9.464E-08
   5.450E+06 7.131E+01 3.022E+15 1.039E-01 3.494E+02 1.591E+05 3.996E-08 1.836E-08 3.773E-06 2.436E-03 4.169E-05 2.161E-08 3.065E-08 3.313E+12 4.570E+05 2.927E+00 4.868E-07 9.597E-08
   5.550E+06 5.860E+01 2.478E+15 9.067E-02 2.076E+02 2.220E+05 5.376E-08 2.022E-08 3.905E-06 2.443E-03 4.170E-05 3.667E-08 2.146E-08 2.709E+12 2.259E+05 4.453E+00 4.881E-07 9.721E-08
   5.650E+06 4.820E+01 2.027E+15 7.130E-02 1.239E+02 2.556E+05 7.091E-08 2.217E-08 4.039E-06 2.461E-03 4.170E-05 5.123E-08 1.513E-08 2.204E+12 1.245E+05 6.083E+00 4.892E-07 9.833E-08
   5.750E+06 3.969E+01 1.659E+15 5.200E-02 7.482E+01 2.570E+05 9.188E-08 2.421E-08 4.174E-06 2.481E-03 4.171E-05 6.245E-08 1.080E-08 1.787E+12 7.218E+04 7.611E+00 4.902E-07 9.933E-08
   5.850E+06 3.273E+01 1.358E+15 3.600E-02 4.569E+01 2.341E+05 1.173E-07 2.632E-08 4.311E-06 2.503E-03 4.172E-05 6.883E-08 7.803E-09 1.443E+12 4.268E+04 8.933E+00 4.910E-07 1.002E-07
   5.950E+06 2.703E+01 1.110E+15 2.397E-02 2.813E+01 1.953E+05 1.482E-07 2.850E-08 4.447E-06 2.535E-03 4.173E-05 6.938E-08 5.698E-09 1.156E+12 2.524E+04 1.000E+01 4.917E-07 1.010E-07
   6.050E+06 2.237E+01 9.096E+14 1.578E-02 1.756E+01 1.534E+05 1.862E-07 3.077E-08 4.581E-06 2.566E-03 4.173E-05 6.570E-08 4.214E-09 9.230E+11 1.499E+04 1.091E+01 4.923E-07 1.016E-07
   6.150E+06 1.856E+01 7.452E+14 1.038E-02 1.109E+01 1.132E+05 2.338E-07 3.337E-08 4.712E-06 2.602E-03 4.173E-05 5.839E-08 3.159E-09 7.317E+11 8.859E+03 1.174E+01 4.928E-07 1.022E-07
   6.250E+06 1.543E+01 6.115E+14 6.953E-03 7.097E+00 7.959E+04 2.945E-07 3.671E-08 4.839E-06 2.638E-03 4.174E-05 4.934E-08 2.399E-09 5.769E+11 5.224E+03 1.268E+01 4.932E-07 1.026E-07
   6.350E+06 1.286E+01 5.031E+14 4.796E-03 4.609E+00 5.383E+04 3.721E-07 4.123E-08 4.959E-06 2.672E-03 4.174E-05 4.004E-08 1.848E-09 4.529E+11 3.082E+03 1.387E+01 4.935E-07 1.030E-07
   6.450E+06 1.075E+01 4.142E+14 3.395E-03 3.029E+00 3.487E+04 4.686E-07 4.725E-08 5.072E-06 2.709E-03 4.174E-05 3.107E-08 1.442E-09 3.536E+11 1.810E+03 1.536E+01 4.938E-07 1.033E-07
   6.550E+06 9.009E+00 3.420E+14 2.448E-03 2.013E+00 2.197E+04 5.829E-07 5.471E-08 5.176E-06 2.744E-03 4.174E-05 2.341E-08 1.137E-09 2.751E+11 1.066E+03 1.709E+01 4.940E-07 1.035E-07
   6.650E+06 7.570E+00 2.830E+14 1.779E-03 1.353E+00 1.349E+04 7.102E-07 6.323E-08 5.271E-06 2.778E-03 4.174E-05 1.716E-08 9.073E-10 2.136E+11 6.288E+02 1.891E+01 4.941E-07 1.037E-07
   6.750E+06 6.379E+00 2.345E+14 1.291E-03 9.192E-01 8.042E+03 8.436E-07 7.227E-08 5.354E-06 2.809E-03 4.175E-05 1.221E-08 7.322E-10 1.655E+11 3.712E+02 2.064E+01 4.943E-07 1.039E-07
   6.850E+06 5.391E+00 1.949E+14 9.339E-04 6.324E-01 4.695E+03 9.757E-07 8.126E-08 5.426E-06 2.819E-03 4.175E-05 8.546E-09 5.980E-10 1.284E+11 2.208E+02 2.211E+01 4.944E-07 1.040E-07
   6.950E+06 4.570E+00 1.619E+14 6.712E-04 4.392E-01 2.651E+03 1.101E-06 8.972E-08 5.488E-06 2.825E-03 4.175E-05 5.797E-09 4.944E-10 9.955E+10 1.310E+02 2.330E+01 4.945E-07 1.041E-07
   7.050E+06 3.890E+00 1.339E+14 4.790E-04 3.071E-01 1.427E+03 1.215E-06 9.745E-08 5.540E-06 2.831E-03 4.175E-05 3.764E-09 4.139E-10 7.694E+10 7.692E+01 2.422E+01 4.945E-07 1.041E-07
   7.150E+06 3.326E+00 1.114E+14 3.431E-04 2.182E-01 7.724E+02 1.315E-06 1.042E-07 5.582E-06 2.837E-03 4.175E-05 2.444E-09 3.509E-10 5.990E+10 4.594E+01 2.481E+01 4.946E-07 1.042E-07
   7.250E+06 2.857E+00 9.275E+13 2.447E-04 1.562E-01 4.106E+02 1.401E-06 1.101E-07 5.618E-06 2.843E-03 4.175E-05 1.557E-09 2.997E-10 4.668E+10 2.761E+01 2.511E+01 4.946E-07 1.042E-07
   7.350E+06 2.468E+00 7.661E+13 1.713E-04 1.108E-01 2.033E+02 1.474E-06 1.152E-07 5.646E-06 2.852E-03 4.175E-05 9.303E-10 2.562E-10 3.601E+10 1.639E+01 2.522E+01 4.946E-07 1.043E-07
   7.450E+06 2.146E+00 6.380E+13 1.193E-04 7.916E-02 1.024E+02 1.535E-06 1.195E-07 5.669E-06 2.861E-03 4.175E-05 5.614E-10 2.189E-10 2.793E+10 1.024E+01 2.497E+01 4.947E-07 1.043E-07
   7.550E+06 1.877E+00 5.353E+13 8.285E-05 5.693E-02 5.264E+01 1.584E-06 1.230E-07 5.688E-06 2.869E-03 4.175E-05 3.427E-10 1.870E-10 2.180E+10 6.977E+00 2.446E+01 4.947E-07 1.043E-07
   7.650E+06 1.651E+00 4.485E+13 5.709E-05 4.087E-02 2.619E+01 1.624E-06 1.259E-07 5.702E-06 2.879E-03 4.175E-05 2.028E-10 1.598E-10 1.695E+10 5.557E+00 2.382E+01 4.947E-07 1.043E-07
   7.750E+06 1.461E+00 3.780E+13 3.930E-05 2.950E-02 1.312E+01 1.656E-06 1.284E-07 5.714E-06 2.886E-03 4.175E-05 1.203E-10 1.366E-10 1.324E+10 5.590E+00 2.304E+01 4.947E-07 1.044E-07
   7.850E+06 1.301E+00 3.211E+13 2.714E-05 2.147E-02 6.735E+00 1.682E-06 1.305E-07 5.723E-06 2.888E-03 4.175E-05 7.264E-11 1.168E-10 1.041E+10 6.742E+00 2.213E+01 4.947E-07 1.044E-07
   7.950E+06 1.164E+00 2.748E+13 1.878E-05 1.575E-02 3.540E+00 1.700E-06 9.837E-08 5.730E-06 2.890E-03 4.175E-05 4.458E-11 1.000E-10 8.240E+09 8.843E+00 2.110E+01 4.947E-07 1.044E-07
   8.050E+06 1.047E+00 2.364E+13 1.307E-05 1.163E-02 1.888E+00 1.717E-06 9.947E-08 5.736E-06 2.892E-03 4.175E-05 2.761E-11 8.578E-11 6.553E+09 1.195E+01 2.008E+01 4.947E-07 1.044E-07
   8.150E+06 9.457E-01 2.046E+13 9.136E-06 8.658E-03 1.025E+00 1.730E-06 1.004E-07 5.741E-06 2.894E-03 4.175E-05 1.731E-11 7.371E-11 5.238E+09 1.598E+01 1.904E+01 4.947E-07 1.044E-07
   8.250E+06 8.579E-01 1.781E+13 6.428E-06 6.497E-03 5.684E-01 1.741E-06 1.011E-07 5.745E-06 2.896E-03 4.175E-05 1.102E-11 6.349E-11 4.211E+09 2.068E+01 1.801E+01 4.947E-07 1.044E-07
   8.350E+06 7.813E-01 1.559E+13 4.553E-06 4.915E-03 3.218E-01 1.750E-06 1.017E-07 5.748E-06 2.898E-03 4.175E-05 7.121E-12 5.484E-11 3.404E+09 2.583E+01 1.699E+01 4.947E-07 1.044E-07
   8.450E+06 7.141E-01 1.372E+13 3.248E-06 3.749E-03 1.858E-01 1.758E-06 1.022E-07 5.751E-06 2.900E-03 4.175E-05 4.669E-12 4.752E-11 2.765E+09 3.114E+01 1.601E+01 4.947E-07 1.044E-07
   8.550E+06 6.548E-01 1.215E+13 2.339E-06 2.889E-03 1.107E-01 1.764E-06 1.026E-07 5.753E-06 2.901E-03 4.175E-05 3.138E-12 4.132E-11 2.262E+09 3.553E+01 1.505E+01 4.947E-07 1.044E-07
   8.650E+06 6.022E-01 1.082E+13 1.699E-06 2.247E-03 6.787E-02 1.769E-06 1.029E-07 5.754E-06 2.915E-03 4.175E-05 2.151E-12 3.608E-11 1.861E+09 3.888E+01 1.414E+01 4.947E-07 1.044E-07
   8.750E+06 5.552E-01 9.676E+12 1.244E-06 1.762E-03 4.246E-02 1.773E-06 1.032E-07 5.756E-06 2.943E-03 4.175E-05 1.491E-12 3.163E-11 1.537E+09 4.147E+01 1.327E+01 4.947E-07 1.044E-07
   8.850E+06 5.132E-01 8.678E+12 9.181E-07 1.392E-03 2.702E-02 1.776E-06 1.034E-07 5.757E-06 2.982E-03 4.175E-05 1.044E-12 2.787E-11 1.274E+09 4.320E+01 1.245E+01 4.947E-07 1.044E-07
   8.950E+06 4.754E-01 7.809E+12 6.830E-07 1.109E-03 1.747E-02 1.779E-06 1.036E-07 5.758E-06 3.031E-03 4.175E-05 7.382E-13 2.467E-11 1.060E+09 4.407E+01 1.168E+01 4.947E-07 1.044E-07
   9.050E+06 4.414E-01 7.047E+12 5.123E-07 8.911E-04 1.144E-02 1.781E-06 1.037E-07 5.759E-06 3.081E-03 4.175E-05 5.267E-13 2.196E-11 8.849E+08 4.411E+01 1.095E+01 4.947E-07 1.044E-07
   9.150E+06 4.106E-01 6.395E+12 3.884E-07 7.240E-04 7.570E-03 1.783E-06 1.039E-07 5.760E-06 3.081E-03 4.175E-05 3.842E-13 1.966E-11 7.426E+08 4.250E+01 1.026E+01 4.947E-07 1.044E-07
   9.250E+06 3.827E-01 5.833E+12 2.978E-07 5.951E-04 5.147E-03 1.785E-06 1.040E-07 5.760E-06 3.081E-03 4.175E-05 2.864E-13 1.771E-11 6.263E+08 3.956E+01 9.597E+00 4.947E-07 1.044E-07
   9.350E+06 3.571E-01 5.330E+12 2.303E-07 4.934E-04 3.526E-03 1.787E-06 1.041E-07 5.761E-06 3.081E-03 4.175E-05 2.147E-13 1.607E-11 5.290E+08 3.660E+01 8.976E+00 4.947E-07 1.044E-07
   9.450E+06 3.338E-01 4.880E+12 1.797E-07 4.130E-04 2.431E-03 1.788E-06 1.042E-07 5.761E-06 3.081E-03 4.175E-05 1.617E-13 1.469E-11 4.474E+08 3.379E+01 8.389E+00 4.947E-07 1.044E-07
   9.550E+06 3.124E-01 4.476E+12 1.414E-07 3.492E-04 1.685E-03 1.789E-06 1.043E-07 5.761E-06 3.081E-03 4.175E-05 1.222E-13 1.354E-11 3.787E+08 3.128E+01 7.833E+00 4.947E-07 1.044E-07
   9.650E+06 2.928E-01 4.113E+12 1.124E-07 2.984E-04 1.174E-03 1.790E-06 1.043E-07 5.762E-06 3.081E-03 4.175E-05 9.262E-14 1.259E-11 3.206E+08 2.923E+01 7.305E+00 4.947E-07 1.044E-07
   9.750E+06 2.748E-01 3.786E+12 9.023E-08 2.579E-04 8.209E-04 1.791E-06 1.044E-07 5.762E-06 3.081E-03 4.175E-05 7.039E-14 1.182E-11 2.713E+08 2.784E+01 6.801E+00 4.947E-07 1.044E-07
   9.850E+06 2.582E-01 3.495E+12 7.323E-08 2.258E-04 5.813E-04 1.791E-06 1.044E-07 5.762E-06 3.081E-03 4.175E-05 5.400E-14 1.121E-11 2.297E+08 2.708E+01 6.317E+00 4.947E-07 1.044E-07
   9.950E+06 2.428E-01 3.242E+12 6.023E-08 2.009E-04 4.261E-04 1.792E-06 1.045E-07 5.762E-06 3.081E-03 4.175E-05 4.266E-14 1.075E-11 1.948E+08 2.670E+01 5.850E+00 4.947E-07 1.044E-07
