
     Z         PRESS      DEN     ProOH1    ProOH25    ProO3D    PO2D       PO2      PH2O      PO3D      PH2O2     FO3      FH2O      NumO2      NumOH      NumO1D     PN2O     PCH3CL      FOH      FHO2      FNO     FNO2      FH    FH2O2     FNO3    FN2O5    FHNO3      FO       FN      FH2     FCH4    FN2O
   5.000E+04 9.547E+05 2.448E+19 2.486E+05 1.381E-05 2.495E+06 0.000E+00 1.267E-22 5.977E-23 5.376E-06 2.154E-06 1.896E-08 9.440E-03 2.604E+18 2.587E+06 3.263E-03 1.785E-19 2.081E-21 1.057E-13 8.416E-12 7.786E-12 2.395E-11 8.425E-21 5.406E-10 1.578E-14 3.348E-16 1.311E-10 8.853E-17 7.236E-21 5.000E-07 8.080E-07 2.730E-07
   1.500E+05 8.450E+05 2.209E+19 1.808E+05 1.160E-04 2.652E+06 0.000E+00 1.285E-21 8.395E-22 5.754E-06 2.328E-06 2.086E-08 6.258E-03 2.350E+18 2.084E+06 3.949E-03 2.060E-18 3.047E-20 9.434E-14 7.807E-12 4.201E-12 1.126E-11 7.236E-21 5.409E-10 9.967E-15 1.504E-16 1.427E-10 1.154E-16 7.480E-21 4.995E-07 8.055E-07 2.729E-07
   2.500E+05 7.462E+05 1.984E+19 1.347E+05 9.129E-04 2.840E+06 0.000E+00 1.187E-20 1.079E-20 6.057E-06 2.483E-06 2.364E-08 4.267E-03 2.110E+18 1.976E+06 4.785E-03 2.148E-17 3.861E-19 9.960E-14 7.568E-12 3.934E-12 9.319E-12 7.480E-21 5.208E-10 9.051E-15 1.659E-16 1.628E-10 1.584E-16 7.732E-21 4.992E-07 8.035E-07 2.728E-07
   3.500E+05 6.576E+05 1.784E+19 8.688E+04 5.167E-03 3.029E+06 0.000E+00 8.999E-20 1.141E-19 6.197E-06 2.623E-06 2.740E-08 2.539E-03 1.897E+18 1.881E+06 5.741E-03 1.824E-16 3.864E-18 1.055E-13 7.108E-12 4.919E-12 1.019E-11 7.732E-21 4.653E-10 9.220E-15 3.112E-16 1.861E-10 2.194E-16 8.043E-21 4.990E-07 8.019E-07 2.728E-07
   4.500E+05 5.779E+05 1.603E+19 5.113E+04 2.222E-02 3.195E+06 0.000E+00 5.676E-19 9.881E-19 6.230E-06 2.748E-06 3.199E-08 1.403E-03 1.705E+18 1.807E+06 6.766E-03 1.273E-15 3.083E-17 1.127E-13 6.459E-12 6.628E-12 1.192E-11 8.043E-21 3.872E-10 9.521E-15 6.818E-16 2.083E-10 3.042E-16 8.145E-21 4.989E-07 8.007E-07 2.727E-07
   5.500E+05 5.063E+05 1.440E+19 2.667E+04 8.001E-02 3.298E+06 0.000E+00 3.018E-18 7.873E-18 6.154E-06 2.863E-06 3.722E-08 7.059E-04 1.532E+18 1.696E+06 7.761E-03 7.431E-15 2.044E-16 1.178E-13 5.559E-12 8.750E-12 1.343E-11 8.145E-21 3.007E-10 9.383E-15 1.507E-15 2.254E-10 4.170E-16 7.724E-21 4.989E-07 7.997E-07 2.725E-07
   6.500E+05 4.420E+05 1.292E+19 1.221E+04 2.474E-01 3.324E+06 0.000E+00 1.373E-17 5.976E-17 5.991E-06 2.967E-06 4.295E-08 3.205E-04 1.374E+18 1.490E+06 8.657E-03 3.713E-14 1.177E-15 1.153E-13 4.494E-12 1.046E-11 1.342E-11 7.724E-21 2.197E-10 8.512E-15 3.009E-15 2.347E-10 5.633E-16 6.951E-21 4.989E-07 7.990E-07 2.724E-07
   7.500E+05 3.845E+05 1.157E+19 4.861E+03 5.107E-01 3.266E+06 0.000E+00 5.378E-17 3.390E-16 5.741E-06 3.064E-06 4.917E-08 1.302E-04 1.231E+18 1.233E+06 9.402E-03 1.581E-13 5.598E-15 1.066E-13 3.440E-12 1.189E-11 1.253E-11 6.951E-21 1.529E-10 7.295E-15 5.920E-15 2.385E-10 7.530E-16 6.412E-21 4.989E-07 7.984E-07 2.723E-07
   8.500E+05 3.330E+05 1.033E+19 1.657E+03 6.582E-01 3.143E+06 0.000E+00 1.827E-16 1.376E-15 5.436E-06 3.155E-06 5.597E-08 4.632E-05 1.099E+18 1.037E+06 1.001E-02 5.700E-13 2.139E-14 1.004E-13 2.549E-12 1.450E-11 1.237E-11 6.412E-21 1.036E-10 6.314E-15 1.351E-14 2.408E-10 1.002E-15 6.240E-21 4.988E-07 7.979E-07 2.721E-07
   9.500E+05 2.872E+05 9.179E+18 4.735E+02 5.553E-01 2.996E+06 0.000E+00 5.437E-16 4.336E-15 5.111E-06 3.239E-06 6.386E-08 1.395E-05 9.767E+17 9.036E+05 1.059E-02 1.762E-12 6.763E-14 9.844E-14 1.888E-12 1.857E-11 1.289E-11 6.240E-21 6.956E-11 5.643E-15 2.960E-14 2.441E-10 1.351E-15 5.935E-21 4.988E-07 7.975E-07 2.719E-07
   1.050E+06 2.466E+05 8.099E+18 9.079E+01 2.514E-01 2.963E+06 0.000E+00 1.430E-15 1.143E-14 4.794E-06 3.319E-06 7.631E-08 2.717E-06 8.617E+17 7.519E+05 1.173E-02 4.755E-12 1.836E-13 9.284E-14 1.395E-12 2.245E-11 1.338E-11 5.935E-21 4.316E-11 5.055E-15 4.968E-14 2.507E-10 1.947E-15 5.202E-21 4.987E-07 7.969E-07 2.717E-07
   1.150E+06 2.110E+05 7.079E+18 1.029E+02 5.081E-01 3.368E+06 0.000E+00 3.359E-15 2.639E-14 4.575E-06 3.395E-06 1.040E-07 2.719E-06 7.532E+17 5.624E+05 1.510E-02 1.137E-11 4.395E-13 7.945E-14 9.362E-13 2.830E-11 1.676E-11 5.202E-21 2.118E-11 4.639E-15 5.851E-14 2.712E-10 3.309E-15 3.859E-21 4.985E-07 7.957E-07 2.710E-07
   1.250E+06 1.800E+05 6.139E+18 1.404E+02 9.233E-01 4.600E+06 0.000E+00 7.141E-15 5.519E-14 4.452E-06 3.468E-06 1.683E-07 2.725E-06 6.532E+17 3.503E+05 2.359E-02 2.452E-11 9.481E-13 5.706E-14 5.662E-13 3.583E-11 2.572E-11 3.859E-21 7.498E-12 4.855E-15 8.477E-14 3.167E-10 6.864E-15 3.188E-21 4.979E-07 7.932E-07 2.694E-07
   1.350E+06 1.532E+05 5.298E+18 2.137E+02 1.555E+00 6.990E+06 0.000E+00 1.402E-14 1.073E-13 4.370E-06 3.539E-06 3.019E-07 2.736E-06 5.637E+17 2.438E+05 4.125E-02 4.866E-11 1.884E-12 4.601E-14 4.245E-13 4.459E-11 4.414E-11 3.188E-21 2.391E-12 7.704E-15 1.991E-13 4.119E-10 1.605E-14 3.384E-21 4.967E-07 7.880E-07 2.661E-07
   1.450E+06 1.301E+05 4.554E+18 3.226E+02 2.493E+00 1.050E+07 1.473-160 2.605E-14 1.987E-13 4.343E-06 3.610E-06 5.310E-07 2.756E-06 4.845E+17 2.193E+05 7.167E-02 9.102E-11 3.533E-12 4.815E-14 4.447E-13 5.374E-11 7.307E-11 3.384E-21 1.380E-12 1.548E-14 5.629E-13 5.787E-10 3.728E-14 4.129E-21 4.944E-07 7.793E-07 2.604E-07
   1.550E+06 1.103E+05 3.893E+18 4.597E+02 3.877E+00 1.484E+07 1.146-139 4.675E-14 3.577E-13 4.432E-06 3.684E-06 8.600E-07 2.784E-06 4.142E+17 2.239E+05 1.179E-01 1.637E-10 6.377E-12 5.750E-14 5.430E-13 6.455E-11 1.134E-10 4.129E-21 1.539E-12 3.015E-14 1.436E-12 8.190E-10 8.143E-14 5.612E-21 4.911E-07 7.666E-07 2.520E-07
   1.650E+06 9.344E+04 3.302E+18 6.325E+02 5.909E+00 2.015E+07 6.671-122 8.213E-14 6.344E-13 4.739E-06 3.765E-06 1.288E-06 2.821E-06 3.513E+17 2.449E+05 1.887E-01 2.868E-10 1.122E-11 7.416E-14 7.330E-13 7.679E-11 1.677E-10 5.612E-21 2.247E-12 5.489E-14 3.215E-12 1.128E-09 1.706E-13 8.527E-21 4.866E-07 7.499E-07 2.409E-07
   1.750E+06 7.921E+04 2.779E+18 8.529E+02 8.878E+00 2.670E+07 8.789-107 1.421E-13 1.114E-12 5.350E-06 3.855E-06 1.796E-06 2.867E-06 2.956E+17 2.827E+05 2.983E-01 4.924E-10 1.935E-11 1.017E-13 1.077E-12 8.991E-11 2.383E-10 8.527E-21 3.748E-12 9.384E-14 6.362E-12 1.485E-09 3.461E-13 1.390E-20 4.808E-07 7.294E-07 2.274E-07
   1.850E+06 6.725E+04 2.336E+18 1.126E+03 1.325E+01 3.454E+07 6.747E-94 2.424E-13 1.942E-12 6.250E-06 3.957E-06 2.366E-06 2.920E-06 2.485E+17 3.360E+05 4.613E-01 8.299E-10 3.279E-11 1.438E-13 1.611E-12 1.069E-10 3.299E-10 1.390E-20 6.414E-12 1.492E-13 1.127E-11 1.867E-09 6.704E-13 2.374E-20 4.740E-07 7.056E-07 2.116E-07
   1.950E+06 5.718E+04 1.969E+18 1.455E+03 1.967E+01 4.367E+07 6.738E-83 4.078E-13 3.354E-12 7.470E-06 4.075E-06 2.970E-06 2.980E-06 2.094E+17 4.067E+05 6.952E-01 1.374E-09 5.462E-11 2.066E-13 2.378E-12 1.312E-10 4.477E-10 2.374E-20 1.074E-11 2.198E-13 1.796E-11 2.240E-09 1.231E-12 4.224E-20 4.662E-07 6.793E-07 1.945E-07
   2.050E+06 4.869E+04 1.664E+18 1.845E+03 2.898E+01 5.416E+07 1.713E-73 6.757E-13 5.725E-12 9.106E-06 4.214E-06 3.575E-06 3.042E-06 1.770E+17 5.010E+05 1.024E+00 2.231E-09 8.928E-11 3.011E-13 3.465E-12 1.651E-10 5.946E-10 4.224E-20 1.757E-11 3.024E-13 2.592E-11 2.571E-09 2.153E-12 7.833E-20 4.577E-07 6.515E-07 1.766E-07
   2.150E+06 4.151E+04 1.409E+18 2.309E+03 4.213E+01 6.625E+07 1.935E-65 1.100E-12 9.624E-12 1.130E-05 4.379E-06 4.164E-06 3.108E-06 1.499E+17 6.287E+05 1.484E+00 3.544E-09 1.428E-10 4.463E-13 5.029E-12 2.107E-10 7.720E-10 7.833E-20 2.839E-11 3.945E-13 3.422E-11 2.845E-09 3.630E-12 1.512E-19 4.487E-07 6.228E-07 1.586E-07
   2.250E+06 3.543E+04 1.194E+18 2.856E+03 6.017E+01 8.015E+07 1.551E-58 1.754E-12 1.587E-11 1.422E-05 4.575E-06 4.718E-06 3.174E-06 1.271E+17 8.032E+05 2.125E+00 5.493E-09 2.229E-10 6.725E-13 7.305E-12 2.695E-10 9.780E-10 1.512E-19 4.547E-11 4.934E-13 4.160E-11 3.055E-09 5.955E-12 3.031E-19 4.392E-07 5.935E-07 1.410E-07
   2.350E+06 3.028E+04 1.014E+18 3.496E+03 8.410E+01 9.595E+07 1.308E-52 2.735E-12 2.560E-11 1.812E-05 4.811E-06 5.224E-06 3.242E-06 1.078E+17 1.040E+06 3.007E+00 8.290E-09 3.388E-10 1.026E-12 1.061E-11 3.431E-10 1.207E-09 3.031E-19 7.171E-11 5.961E-13 4.673E-11 3.201E-09 9.570E-12 6.281E-19 4.293E-07 5.640E-07 1.240E-07
   2.450E+06 2.590E+04 8.610E+17 4.234E+03 1.148E+02 1.137E+08 1.618E-47 4.167E-12 4.028E-11 2.329E-05 5.093E-06 5.669E-06 3.310E-06 9.159E+16 1.358E+06 4.208E+00 1.217E-08 5.007E-10 1.577E-12 1.530E-11 4.339E-10 1.454E-09 6.281E-19 1.099E-10 6.983E-13 4.864E-11 3.287E-09 1.512E-11 1.341E-18 4.190E-07 5.345E-07 1.079E-07
   2.550E+06 2.218E+04 7.321E+17 5.077E+03 1.527E+02 1.334E+08 3.895E-43 6.202E-12 6.173E-11 3.013E-05 5.434E-06 6.045E-06 3.378E-06 7.788E+16 1.773E+06 5.826E+00 1.735E-08 7.192E-10 2.422E-12 2.174E-11 5.449E-10 1.710E-09 1.341E-18 1.610E-10 7.950E-13 4.709E-11 3.314E-09 2.357E-11 2.930E-18 4.084E-07 5.048E-07 9.297E-08
   2.650E+06 1.902E+04 6.232E+17 6.015E+03 1.978E+02 1.546E+08 2.315E-39 9.019E-12 9.204E-11 3.913E-05 5.846E-06 6.341E-06 3.448E-06 6.629E+16 2.302E+06 7.962E+00 2.406E-08 1.004E-09 3.693E-12 3.010E-11 6.804E-10 1.968E-09 2.930E-18 2.223E-10 8.801E-13 4.254E-11 3.282E-09 3.629E-11 6.532E-18 3.973E-07 4.750E-07 7.919E-08
   2.750E+06 1.632E+04 5.311E+17 7.029E+03 2.493E+02 1.769E+08 4.160E-36 1.283E-11 1.335E-10 5.090E-05 6.343E-06 6.545E-06 3.517E-06 5.649E+16 2.954E+06 1.073E+01 3.245E-08 1.362E-09 5.562E-12 4.039E-11 8.445E-10 2.217E-09 6.532E-18 2.865E-10 9.480E-13 3.593E-11 3.187E-09 5.535E-11 1.480E-17 3.860E-07 4.453E-07 6.676E-08
   2.850E+06 1.403E+04 4.530E+17 8.093E+03 3.056E+02 1.995E+08 2.685E-33 1.785E-11 1.882E-10 6.626E-05 6.940E-06 6.648E-06 3.586E-06 4.818E+16 3.738E+06 1.423E+01 4.260E-08 1.798E-09 8.252E-12 5.233E-11 1.041E-09 2.443E-09 1.480E-17 3.430E-10 9.934E-13 2.844E-11 3.028E-09 8.376E-11 3.400E-17 3.745E-07 4.158E-07 5.574E-08
   2.950E+06 1.207E+04 3.864E+17 9.159E+03 3.644E+02 2.212E+08 7.215E-31 2.433E-11 2.580E-10 8.624E-05 7.655E-06 6.638E-06 3.655E-06 4.110E+16 4.656E+06 1.857E+01 5.445E-08 2.311E-09 1.205E-11 6.546E-11 1.273E-09 2.633E-09 3.400E-17 3.819E-10 1.016E-12 2.117E-11 2.806E-09 1.262E-10 7.888E-17 3.628E-07 3.863E-07 4.604E-08
   3.050E+06 1.040E+04 3.296E+17 1.016E+04 4.227E+02 2.404E+08 9.162E-29 3.251E-11 3.444E-10 1.121E-04 8.500E-06 6.509E-06 3.723E-06 3.506E+16 5.705E+06 2.378E+01 6.783E-08 2.895E-09 1.731E-11 7.910E-11 1.541E-09 2.771E-09 7.888E-17 3.959E-10 1.013E-12 1.484E-11 2.529E-09 1.898E-10 1.836E-16 3.511E-07 3.571E-07 3.766E-08
   3.150E+06 8.978E+03 2.813E+17 1.104E+04 4.778E+02 2.562E+08 6.120E-27 4.255E-11 4.481E-10 1.452E-04 9.491E-06 6.273E-06 3.790E-06 2.992E+16 6.887E+06 2.983E+01 8.243E-08 3.537E-09 2.448E-11 9.235E-11 1.844E-09 2.835E-09 1.836E-16 3.837E-10 9.822E-13 9.788E-12 2.212E-09 2.845E-10 4.284E-16 3.396E-07 3.285E-07 3.060E-08
   3.250E+06 7.763E+03 2.402E+17 1.176E+04 5.274E+02 2.678E+08 2.362E-25 5.459E-11 5.696E-10 1.876E-04 1.064E-05 5.941E-06 3.855E-06 2.555E+16 8.202E+06 3.673E+01 9.790E-08 4.227E-09 3.414E-11 1.045E-10 2.177E-09 2.814E-09 4.284E-16 3.503E-10 9.268E-13 6.081E-12 1.874E-09 4.260E-10 9.977E-16 3.287E-07 3.006E-07 2.469E-08
   3.350E+06 6.726E+03 2.054E+17 1.233E+04 5.706E+02 2.757E+08 5.693E-24 6.862E-11 7.094E-10 2.423E-04 1.195E-05 5.541E-06 3.917E-06 2.184E+16 9.669E+06 4.450E+01 1.138E-07 4.952E-09 4.708E-11 1.151E-10 2.532E-09 2.699E-09 9.977E-16 3.039E-10 8.479E-13 3.551E-12 1.537E-09 6.366E-10 2.314E-15 3.186E-07 2.736E-07 1.979E-08
   3.450E+06 5.838E+03 1.759E+17 1.279E+04 6.072E+02 2.812E+08 9.159E-23 8.453E-11 8.683E-10 3.135E-04 1.344E-05 5.098E-06 3.975E-06 1.871E+16 1.131E+07 5.326E+01 1.299E-07 5.701E-09 6.428E-11 1.240E-10 2.897E-09 2.490E-09 2.314E-15 2.539E-10 7.508E-13 1.946E-12 1.219E-09 9.499E-10 5.319E-15 3.097E-07 2.479E-07 1.579E-08
   3.550E+06 5.077E+03 1.511E+17 1.315E+04 6.378E+02 2.846E+08 1.040E-21 1.021E-10 1.048E-09 4.060E-04 1.512E-05 4.639E-06 4.028E-06 1.607E+16 1.312E+07 6.310E+01 1.459E-07 6.468E-09 8.680E-11 1.312E-10 3.259E-09 2.204E-09 5.319E-15 2.073E-10 6.422E-13 9.997E-13 9.348E-10 1.414E-09 1.201E-14 3.027E-07 2.239E-07 1.258E-08
   3.650E+06 4.422E+03 1.302E+17 1.336E+04 6.628E+02 2.855E+08 8.753E-21 1.209E-10 1.250E-09 5.243E-04 1.698E-05 4.183E-06 4.074E-06 1.384E+16 1.501E+07 7.384E+01 1.615E-07 7.247E-09 1.153E-10 1.375E-10 3.599E-09 1.870E-09 1.201E-14 1.685E-10 5.308E-13 4.810E-13 6.881E-10 2.096E-09 2.627E-14 2.979E-07 2.021E-07 1.004E-08
   3.750E+06 3.858E+03 1.124E+17 1.336E+04 6.831E+02 2.824E+08 5.688E-20 1.406E-10 1.478E-09 6.703E-04 1.902E-05 3.748E-06 4.112E-06 1.195E+16 1.680E+07 8.495E+01 1.767E-07 8.038E-09 1.494E-10 1.437E-10 3.892E-09 1.521E-09 2.627E-14 1.389E-10 4.236E-13 2.166E-13 4.830E-10 3.083E-09 5.481E-14 2.960E-07 1.826E-07 8.041E-09
   3.850E+06 3.370E+03 9.736E+16 1.312E+04 7.002E+02 2.749E+08 2.975E-19 1.607E-10 1.736E-09 8.427E-04 2.120E-05 3.351E-06 4.143E-06 1.035E+16 1.829E+07 9.581E+01 1.912E-07 8.838E-09 1.878E-10 1.504E-10 4.113E-09 1.187E-09 5.481E-14 1.180E-10 3.258E-13 9.162E-14 3.227E-10 4.465E-09 1.088E-13 2.972E-07 1.653E-07 6.459E-09
   3.950E+06 2.947E+03 8.450E+16 1.258E+04 7.140E+02 2.620E+08 1.303E-18 1.810E-10 2.029E-09 1.037E-03 2.348E-05 2.989E-06 4.165E-06 8.986E+15 1.929E+07 1.055E+02 2.050E-07 9.650E-09 2.282E-10 1.581E-10 4.247E-09 8.964E-10 1.088E-13 1.035E-10 2.425E-13 3.661E-14 2.051E-10 6.364E-09 2.034E-13 3.019E-07 1.503E-07 5.214E-09
   4.050E+06 2.580E+03 7.362E+16 1.185E+04 7.270E+02 2.456E+08 4.757E-18 2.011E-10 2.363E-09 1.247E-03 2.580E-05 2.675E-06 4.179E-06 7.829E+15 1.979E+07 1.138E+02 2.182E-07 1.048E-08 2.688E-10 1.670E-10 4.293E-09 6.576E-10 2.034E-13 9.408E-11 1.747E-13 1.402E-14 1.257E-10 8.841E-09 3.621E-13 3.104E-07 1.374E-07 4.230E-09
   4.150E+06 2.259E+03 6.421E+16 1.088E+04 7.378E+02 2.250E+08 1.505E-17 2.210E-10 2.745E-09 1.466E-03 2.811E-05 2.391E-06 4.185E-06 6.828E+15 1.977E+07 1.197E+02 2.307E-07 1.132E-08 3.079E-10 1.769E-10 4.262E-09 4.732E-10 3.621E-13 8.743E-11 1.226E-13 5.174E-15 7.441E-11 1.204E-08 6.125E-13 3.229E-07 1.264E-07 3.448E-09
   4.250E+06 1.979E+03 5.617E+16 9.806E+03 7.484E+02 2.029E+08 4.166E-17 2.405E-10 3.184E-09 1.686E-03 3.036E-05 2.142E-06 4.184E-06 5.973E+15 1.937E+07 1.234E+02 2.426E-07 1.218E-08 3.448E-10 1.873E-10 4.173E-09 3.360E-10 6.125E-13 8.284E-11 8.414E-14 1.875E-15 4.329E-11 1.598E-08 9.975E-13 3.393E-07 1.171E-07 2.828E-09
   4.350E+06 1.735E+03 4.918E+16 8.657E+03 7.579E+02 1.794E+08 1.041E-16 2.596E-10 3.690E-09 1.902E-03 3.251E-05 1.918E-06 4.176E-06 5.230E+15 1.865E+07 1.247E+02 2.538E-07 1.306E-08 3.793E-10 1.980E-10 4.044E-09 2.373E-10 9.975E-13 7.921E-11 5.687E-14 6.708E-16 2.487E-11 2.080E-08 1.563E-12 3.595E-07 1.093E-07 2.338E-09
   4.450E+06 1.520E+03 4.316E+16 7.534E+03 7.681E+02 1.567E+08 2.369E-16 2.781E-10 4.276E-09 2.110E-03 3.455E-05 1.721E-06 4.162E-06 4.589E+15 1.776E+07 1.241E+02 2.645E-07 1.397E-08 4.115E-10 2.089E-10 3.889E-09 1.672E-10 1.563E-12 7.640E-11 3.800E-14 2.403E-16 1.426E-11 2.648E-08 2.383E-12 3.834E-07 1.028E-07 1.946E-09
   4.550E+06 1.332E+03 3.790E+16 6.449E+03 7.789E+02 1.348E+08 5.030E-16 2.964E-10 4.962E-09 2.308E-03 3.645E-05 1.541E-06 4.142E-06 4.030E+15 1.674E+07 1.215E+02 2.746E-07 1.491E-08 4.416E-10 2.198E-10 3.719E-09 1.180E-10 2.383E-12 7.393E-11 2.519E-14 8.616E-17 8.168E-12 3.317E-08 3.533E-12 4.110E-07 9.723E-08 1.630E-09
   4.650E+06 1.167E+03 3.334E+16 5.460E+03 7.922E+02 1.149E+08 1.001E-15 3.142E-10 5.773E-09 2.494E-03 3.820E-05 1.383E-06 4.116E-06 3.544E+15 1.568E+07 1.175E+02 2.841E-07 1.587E-08 4.703E-10 2.306E-10 3.541E-09 8.353E-11 3.533E-12 7.191E-11 1.664E-14 3.131E-17 4.718E-12 4.079E-08 5.138E-12 4.420E-07 9.248E-08 1.375E-09
   4.750E+06 1.021E+03 2.933E+16 4.563E+03 8.082E+02 9.682E+07 1.893E-15 3.318E-10 6.742E-09 2.665E-03 3.979E-05 1.239E-06 4.087E-06 3.118E+15 1.461E+07 1.123E+02 2.933E-07 1.687E-08 4.981E-10 2.416E-10 3.361E-09 5.951E-11 5.138E-12 7.013E-11 1.098E-14 1.151E-17 2.747E-12 4.951E-08 7.329E-12 4.761E-07 8.838E-08 1.168E-09
   4.850E+06 8.932E+02 2.583E+16 3.778E+03 8.286E+02 8.092E+07 3.391E-15 3.494E-10 7.915E-09 2.820E-03 4.123E-05 1.111E-06 4.053E-06 2.746E+15 1.358E+07 1.062E+02 3.020E-07 1.791E-08 5.257E-10 2.529E-10 3.182E-09 4.270E-11 7.329E-12 6.878E-11 7.253E-15 4.317E-18 1.620E-12 5.921E-08 1.033E-11 5.136E-07 8.475E-08 9.967E-10
   4.950E+06 7.806E+02 2.275E+16 3.093E+03 8.535E+02 6.697E+07 5.885E-15 3.674E-10 9.345E-09 2.959E-03 4.250E-05 9.949E-07 4.015E-06 2.418E+15 1.260E+07 9.953E+01 3.103E-07 1.899E-08 5.540E-10 2.649E-10 3.006E-09 3.092E-11 1.033E-11 6.780E-11 4.809E-15 1.649E-18 9.678E-13 7.008E-08 1.439E-11 5.541E-07 8.149E-08 8.551E-10
   5.050E+06 6.813E+02 2.004E+16 2.513E+03 8.837E+02 5.504E+07 9.787E-15 3.860E-10 1.110E-08 3.080E-03 4.362E-05 8.915E-07 3.973E-06 2.131E+15 1.171E+07 9.248E+01 3.183E-07 2.013E-08 5.842E-10 2.778E-10 2.836E-09 2.265E-11 1.439E-11 6.743E-11 3.211E-15 6.470E-19 5.891E-13 8.195E-08 1.994E-11 5.975E-07 7.850E-08 7.371E-10
   5.150E+06 5.940E+02 1.765E+16 2.019E+03 9.180E+02 4.480E+07 1.561E-14 4.057E-10 1.324E-08 3.185E-03 4.458E-05 7.971E-07 3.929E-06 1.876E+15 1.090E+07 8.513E+01 3.260E-07 2.133E-08 6.174E-10 2.924E-10 2.673E-09 1.682E-11 1.994E-11 6.768E-11 2.162E-15 2.606E-19 3.656E-13 9.501E-08 2.747E-11 6.433E-07 7.574E-08 6.387E-10
   5.250E+06 5.171E+02 1.554E+16 1.608E+03 9.562E+02 3.618E+07 2.401E-14 4.267E-10 1.585E-08 3.273E-03 4.540E-05 7.115E-07 3.882E-06 1.651E+15 1.018E+07 7.773E+01 3.335E-07 2.259E-08 6.551E-10 3.092E-10 2.520E-09 1.271E-11 2.747E-11 6.878E-11 1.475E-15 1.088E-19 2.329E-13 1.091E-07 3.783E-11 6.909E-07 7.316E-08 5.570E-10
   5.350E+06 4.495E+02 1.366E+16 1.267E+03 9.960E+02 2.891E+07 3.665E-14 4.496E-10 1.902E-08 3.346E-03 4.610E-05 6.325E-07 3.834E-06 1.452E+15 9.548E+06 7.028E+01 3.408E-07 2.393E-08 6.990E-10 3.289E-10 2.379E-09 9.796E-12 3.783E-11 7.084E-11 1.020E-15 4.709E-20 1.523E-13 1.243E-07 5.206E-11 7.402E-07 7.071E-08 4.887E-10
   5.450E+06 3.900E+02 1.200E+16 9.878E+02 1.036E+03 2.289E+07 5.844E-14 4.748E-10 2.283E-08 3.405E-03 4.667E-05 5.601E-07 3.783E-06 1.276E+15 9.012E+06 6.301E+01 3.479E-07 2.535E-08 7.509E-10 3.526E-10 2.247E-09 7.732E-12 5.206E-11 7.415E-11 7.195E-16 2.131E-20 1.028E-13 1.404E-07 7.188E-11 7.916E-07 6.833E-08 4.305E-10
   5.550E+06 3.379E+02 1.053E+16 7.607E+02 1.076E+03 1.792E+07 1.051E-13 5.030E-10 2.740E-08 3.453E-03 4.715E-05 4.930E-07 3.730E-06 1.119E+15 8.559E+06 5.592E+01 3.548E-07 2.686E-08 8.131E-10 3.811E-10 2.125E-09 6.265E-12 7.188E-11 7.893E-11 5.174E-16 1.007E-20 7.156E-14 1.576E-07 9.973E-11 8.452E-07 6.597E-08 3.803E-10
   5.650E+06 2.922E+02 9.218E+15 5.783E+02 1.115E+03 1.386E+07 2.201E-13 5.347E-10 3.293E-08 3.490E-03 4.754E-05 4.307E-07 3.674E-06 9.797E+14 8.190E+06 4.911E+01 3.616E-07 2.846E-08 8.884E-10 4.160E-10 2.014E-09 5.230E-12 9.973E-11 8.567E-11 3.808E-16 5.009E-21 5.165E-14 1.756E-07 1.392E-10 9.010E-07 6.361E-08 3.369E-10
   5.750E+06 2.522E+02 8.058E+15 4.338E+02 1.159E+03 1.058E+07 5.059E-13 5.705E-10 3.977E-08 3.519E-03 4.785E-05 3.732E-07 3.617E-06 8.564E+14 7.909E+06 4.265E+01 3.683E-07 3.014E-08 9.815E-10 4.593E-10 1.914E-09 4.518E-12 1.392E-10 9.512E-11 2.879E-16 2.642E-21 3.890E-14 1.943E-07 1.957E-10 9.585E-07 6.126E-08 2.993E-10
   5.850E+06 2.173E+02 7.031E+15 3.202E+02 1.216E+03 7.959E+06 1.173E-12 6.111E-10 4.860E-08 3.540E-03 4.810E-05 3.197E-07 3.557E-06 7.472E+14 7.729E+06 3.655E+01 3.748E-07 3.193E-08 1.099E-09 5.145E-10 1.826E-09 4.054E-12 1.957E-10 1.087E-10 2.242E-16 1.484E-21 3.073E-14 2.130E-07 2.780E-10 1.018E-06 5.888E-08 2.662E-10
   5.950E+06 1.869E+02 6.121E+15 2.317E+02 1.296E+03 5.873E+06 2.599E-12 6.576E-10 6.057E-08 3.556E-03 4.831E-05 2.698E-07 3.495E-06 6.505E+14 7.666E+06 3.081E+01 3.813E-07 3.380E-08 1.252E-09 5.870E-10 1.748E-09 3.796E-12 2.780E-10 1.284E-10 1.801E-16 8.916E-22 2.561E-14 2.311E-07 3.986E-10 1.081E-06 5.644E-08 2.368E-10
   6.050E+06 1.605E+02 5.320E+15 1.644E+02 1.414E+03 4.253E+06 5.377E-12 7.105E-10 7.746E-08 3.567E-03 4.847E-05 2.242E-07 3.430E-06 5.653E+14 7.746E+06 2.554E+01 3.877E-07 3.577E-08 1.456E-09 6.837E-10 1.680E-09 3.728E-12 3.986E-10 1.575E-10 1.499E-16 5.798E-22 2.270E-14 2.473E-07 5.778E-10 1.145E-06 5.395E-08 2.105E-10
   6.150E+06 1.376E+02 4.615E+15 1.145E+02 1.579E+03 3.023E+06 1.034E-11 7.711E-10 1.018E-07 3.574E-03 4.860E-05 1.833E-07 3.363E-06 4.903E+14 7.973E+06 2.083E+01 3.940E-07 3.781E-08 1.728E-09 8.131E-10 1.624E-09 3.828E-12 5.778E-10 1.996E-10 1.290E-16 4.057E-22 2.133E-14 2.614E-07 8.475E-10 1.212E-06 5.142E-08 1.870E-10
   6.250E+06 1.177E+02 3.994E+15 7.847E+01 1.796E+03 2.117E+06 1.852E-11 8.410E-10 1.365E-07 3.578E-03 4.871E-05 1.481E-07 3.294E-06 4.244E+14 8.331E+06 1.679E+01 4.002E-07 3.994E-08 2.086E-09 9.831E-10 1.576E-09 4.071E-12 8.475E-10 2.588E-10 1.138E-16 3.000E-22 2.095E-14 2.742E-07 1.255E-09 1.282E-06 4.884E-08 1.658E-10
   6.350E+06 1.005E+02 3.452E+15 5.348E+01 2.060E+03 1.472E+06 3.109E-11 9.215E-10 1.852E-07 3.581E-03 4.880E-05 1.191E-07 3.221E-06 3.667E+14 8.781E+06 1.349E+01 4.063E-07 4.213E-08 2.544E-09 1.199E-09 1.538E-09 4.414E-12 1.255E-09 3.385E-10 1.019E-16 2.290E-22 2.109E-14 2.873E-07 1.879E-09 1.354E-06 4.625E-08 1.467E-10
   6.450E+06 8.565E+01 2.977E+15 3.648E+01 2.353E+03 1.023E+06 4.920E-11 1.015E-09 2.513E-07 3.582E-03 4.887E-05 9.592E-08 3.146E-06 3.163E+14 9.266E+06 1.088E+01 4.123E-07 4.439E-08 3.113E-09 1.465E-09 1.506E-09 4.794E-12 1.879E-09 4.407E-10 9.130E-17 1.750E-22 2.125E-14 3.030E-07 2.842E-09 1.429E-06 4.364E-08 1.292E-10
   6.550E+06 7.288E+01 2.562E+15 2.507E+01 2.652E+03 7.133E+05 7.386E-11 1.123E-09 3.376E-07 3.581E-03 4.893E-05 7.775E-08 3.067E-06 2.722E+14 9.729E+06 8.885E+00 4.181E-07 4.670E-08 3.798E-09 1.779E-09 1.480E-09 5.139E-12 2.842E-09 5.656E-10 8.110E-17 1.306E-22 2.105E-14 3.235E-07 4.330E-09 1.507E-06 4.102E-08 1.132E-10
   6.650E+06 6.189E+01 2.201E+15 1.749E+01 2.930E+03 5.022E+05 1.058E-10 1.248E-09 4.463E-07 3.580E-03 4.899E-05 6.373E-08 2.983E-06 2.338E+14 1.012E+07 7.389E+00 4.239E-07 4.906E-08 4.598E-09 2.139E-09 1.458E-09 5.388E-12 4.330E-09 7.096E-10 7.101E-17 9.382E-23 2.022E-14 3.509E-07 6.661E-09 1.589E-06 3.842E-08 9.839E-11
   6.750E+06 5.247E+01 1.886E+15 1.239E+01 3.159E+03 3.559E+05 1.454E-10 1.393E-09 5.784E-07 3.578E-03 4.904E-05 5.274E-08 2.896E-06 2.003E+14 1.039E+07 6.272E+00 4.295E-07 5.147E-08 5.507E-09 2.536E-09 1.439E-09 5.470E-12 6.661E-09 8.648E-10 6.066E-17 6.354E-23 1.862E-14 3.881E-07 1.033E-08 1.673E-06 3.588E-08 8.480E-11
   6.850E+06 4.441E+01 1.611E+15 8.928E+00 3.315E+03 2.537E+05 1.927E-10 1.561E-09 7.335E-07 3.574E-03 4.908E-05 4.405E-08 2.804E-06 1.711E+14 1.049E+07 5.446E+00 4.350E-07 5.392E-08 6.509E-09 2.958E-09 1.423E-09 5.348E-12 1.033E-08 1.020E-09 5.028E-17 4.016E-23 1.633E-14 4.382E-07 1.606E-08 1.761E-06 3.341E-08 7.236E-11
   6.950E+06 3.754E+01 1.375E+15 6.570E+00 3.389E+03 1.825E+05 2.470E-10 1.750E-09 9.099E-07 3.569E-03 4.912E-05 3.718E-08 2.709E-06 1.460E+14 1.043E+07 4.846E+00 4.404E-07 5.641E-08 7.588E-09 3.392E-09 1.407E-09 5.042E-12 1.606E-08 1.165E-09 4.054E-17 2.380E-23 1.366E-14 5.030E-07 2.515E-08 1.851E-06 3.106E-08 6.104E-11
   7.050E+06 3.168E+01 1.169E+15 4.905E+00 3.371E+03 1.311E+05 3.076E-10 1.968E-09 1.105E-06 3.561E-03 4.916E-05 3.150E-08 2.611E-06 1.241E+14 1.017E+07 4.405E+00 4.457E-07 5.895E-08 8.706E-09 3.816E-09 1.391E-09 4.537E-12 2.515E-08 1.285E-09 3.136E-17 1.298E-23 1.085E-14 5.899E-07 3.945E-08 1.942E-06 2.885E-08 5.082E-11
   7.150E+06 2.671E+01 9.906E+14 3.699E+00 3.267E+03 9.339E+04 3.734E-10 2.215E-09 1.314E-06 3.548E-03 4.919E-05 2.657E-08 2.511E-06 1.052E+14 9.768E+06 4.069E+00 4.508E-07 6.152E-08 9.861E-09 4.223E-09 1.375E-09 3.926E-12 3.945E-08 1.376E-09 2.334E-17 6.597E-24 8.293E-15 7.007E-07 6.253E-08 2.032E-06 2.679E-08 4.170E-11
   7.250E+06 2.250E+01 8.390E+14 2.781E+00 3.091E+03 6.464E+04 4.428E-10 2.490E-09 1.532E-06 3.534E-03 4.922E-05 2.180E-08 2.404E-06 8.907E+13 9.659E+06 3.767E+00 4.558E-07 6.412E-08 1.151E-08 4.784E-09 1.356E-09 3.432E-12 6.253E-08 1.447E-09 1.728E-17 3.252E-24 6.204E-15 8.163E-07 1.088E-07 2.122E-06 2.483E-08 3.332E-11
   7.350E+06 1.895E+01 7.076E+14 2.111E+00 2.839E+03 4.437E+04 5.152E-10 2.802E-09 1.757E-06 3.530E-03 4.925E-05 1.776E-08 2.283E-06 7.511E+13 1.011E+07 3.568E+00 4.606E-07 6.675E-08 1.428E-08 5.673E-09 1.333E-09 2.902E-12 1.088E-07 1.445E-09 1.250E-17 1.477E-24 4.372E-15 9.811E-07 2.282E-07 2.214E-06 2.289E-08 2.540E-11
   7.450E+06 1.595E+01 5.957E+14 1.958E+00 2.524E+03 4.509E+04 5.893E-10 3.148E-09 1.984E-06 3.530E-03 4.928E-05 2.144E-08 2.136E-06 6.322E+13 8.018E+06 4.200E+00 4.653E-07 6.940E-08 1.346E-08 5.181E-09 1.305E-09 1.403E-12 2.282E-07 1.163E-09 7.107E-18 4.704E-25 2.446E-15 1.893E-06 4.579E-07 2.295E-06 2.100E-08 1.809E-11
   7.550E+06 1.343E+01 5.015E+14 2.584E+00 2.175E+03 8.334E+04 6.646E-10 3.529E-09 2.209E-06 3.531E-03 4.931E-05 4.706E-08 1.963E-06 5.322E+13 3.253E+06 7.164E+00 4.698E-07 7.206E-08 6.487E-09 2.467E-09 1.268E-09 2.555E-13 4.579E-07 7.008E-10 1.974E-18 1.091E-25 1.148E-15 7.085E-06 7.376E-07 2.350E-06 1.916E-08 1.197E-11
   7.650E+06 1.131E+01 4.210E+14 3.465E+00 1.827E+03 1.423E+05 7.410E-10 3.958E-09 2.431E-06 3.540E-03 4.934E-05 9.547E-08 1.785E-06 4.466E+13 1.301E+06 1.260E+01 4.742E-07 7.472E-08 3.090E-09 1.029E-09 1.222E-09 4.375E-14 7.376E-07 3.899E-10 3.738E-19 2.424E-26 5.277E-16 2.370E-05 1.031E-06 2.381E-06 1.740E-08 7.508E-12
   7.750E+06 9.533E+00 3.534E+14 4.015E+00 1.507E+03 1.947E+05 8.183E-10 4.434E-09 2.648E-06 3.551E-03 4.936E-05 1.552E-07 1.611E-06 3.747E+13 6.378E+05 1.931E+01 4.784E-07 7.738E-08 1.805E-09 4.813E-10 1.169E-09 1.208E-14 1.031E-06 2.126E-10 9.497E-20 5.371E-27 2.419E-16 6.019E-05 1.318E-06 2.398E-06 1.572E-08 4.561E-12
   7.850E+06 8.040E+00 2.969E+14 4.119E+00 1.225E+03 2.295E+05 8.977E-10 4.961E-09 2.858E-06 3.562E-03 4.939E-05 2.171E-07 1.444E-06 3.146E+13 3.570E+05 2.632E+01 4.824E-07 8.003E-08 1.202E-09 2.484E-10 1.113E-09 5.572E-15 1.318E-06 1.147E-10 3.809E-20 1.190E-27 1.107E-16 1.261E-04 1.591E-06 2.408E-06 1.415E-08 2.734E-12
   7.950E+06 6.787E+00 2.495E+14 3.854E+00 9.833E+02 2.442E+05 9.835E-10 5.549E-09 3.059E-06 3.570E-03 4.942E-05 2.742E-07 1.288E-06 2.641E+13 2.150E+05 3.290E+01 4.863E-07 8.266E-08 8.616E-10 1.376E-10 1.055E-09 3.545E-15 1.591E-06 6.137E-11 2.063E-20 2.637E-28 5.053E-17 2.314E-04 1.842E-06 2.414E-06 1.268E-08 1.640E-12
   8.050E+06 5.733E+00 2.098E+14 3.372E+00 7.804E+02 2.419E+05 1.089E-09 6.207E-09 3.251E-06 3.575E-03 4.944E-05 3.225E-07 1.144E-06 2.219E+13 1.348E+05 3.860E+01 4.901E-07 8.527E-08 6.426E-10 8.038E-11 9.980E-10 2.588E-15 1.842E-06 3.251E-11 1.273E-20 5.850E-29 2.304E-17 3.864E-04 2.071E-06 2.418E-06 1.132E-08 9.943E-13
   8.150E+06 4.847E+00 1.767E+14 2.809E+00 6.134E+02 2.272E+05 1.242E-09 6.943E-09 3.431E-06 3.578E-03 4.946E-05 3.594E-07 1.012E-06 1.865E+13 8.656E+04 4.324E+01 4.937E-07 8.786E-08 4.900E-10 4.895E-11 9.415E-10 1.988E-15 2.071E-06 1.705E-11 8.233E-21 1.299E-29 1.048E-17 6.007E-04 2.276E-06 2.420E-06 1.007E-08 6.135E-13
   8.250E+06 4.099E+00 1.493E+14 2.294E+00 4.796E+02 2.084E+05 1.497E-09 7.753E-09 3.601E-06 3.579E-03 4.949E-05 3.900E-07 8.919E-07 1.574E+13 5.678E+04 4.741E+01 4.972E-07 9.043E-08 3.803E-10 3.092E-11 8.866E-10 1.561E-15 2.276E-06 8.863E-12 5.484E-21 2.889E-30 4.761E-18 8.826E-04 2.458E-06 2.421E-06 8.939E-09 3.870E-13
   8.350E+06 3.468E+00 1.262E+14 1.824E+00 3.720E+02 1.842E+05 1.936E-09 8.665E-09 3.760E-06 3.580E-03 4.951E-05 4.075E-07 7.838E-07 1.327E+13 3.738E+04 5.076E+01 5.005E-07 9.296E-08 2.961E-10 2.005E-11 8.338E-10 1.233E-15 2.458E-06 4.571E-12 3.670E-21 6.444E-31 2.161E-18 1.240E-03 2.617E-06 2.421E-06 7.915E-09 2.506E-13
   8.450E+06 2.934E+00 1.068E+14 1.433E+00 2.868E+02 1.582E+05 2.671E-09 9.689E-09 3.909E-06 3.581E-03 4.953E-05 4.137E-07 6.871E-07 1.119E+13 2.465E+04 5.379E+01 5.038E-07 9.546E-08 2.308E-10 1.329E-11 7.834E-10 9.772E-16 2.617E-06 2.343E-12 2.464E-21 1.444E-31 9.797E-19 1.681E-03 2.756E-06 2.422E-06 6.995E-09 1.668E-13
   8.550E+06 2.481E+00 9.057E+13 1.137E+00 2.204E+02 1.343E+05 3.832E-09 1.082E-08 4.049E-06 3.579E-03 4.955E-05 4.144E-07 6.012E-07 9.460E+12 1.634E+04 5.744E+01 5.069E-07 9.793E-08 1.804E-10 8.997E-12 7.354E-10 7.778E-16 2.756E-06 1.197E-12 1.673E-21 3.261E-32 4.440E-19 2.212E-03 2.876E-06 2.422E-06 6.175E-09 1.142E-13
   8.650E+06 2.098E+00 7.679E+13 9.053E-01 1.686E+02 1.111E+05 5.564E-09 1.209E-08 4.181E-06 3.578E-03 4.957E-05 4.044E-07 5.252E-07 7.987E+12 1.077E+04 6.169E+01 5.099E-07 1.004E-07 1.403E-10 6.180E-12 6.903E-10 6.191E-16 2.876E-06 6.111E-13 1.135E-21 7.456E-33 2.013E-19 2.838E-03 2.980E-06 2.422E-06 5.449E-09 8.054E-14
   8.750E+06 1.773E+00 6.509E+13 7.301E-01 1.285E+02 8.982E+04 8.013E-09 1.352E-08 4.308E-06 3.576E-03 4.958E-05 3.859E-07 4.583E-07 6.738E+12 7.056E+03 6.719E+01 5.127E-07 1.028E-07 1.084E-10 4.300E-12 6.483E-10 4.930E-16 2.980E-06 3.123E-13 7.704E-22 1.739E-33 9.138E-20 3.567E-03 3.069E-06 2.422E-06 4.807E-09 5.849E-14
   8.850E+06 1.498E+00 5.517E+13 5.995E-01 9.771E+01 7.113E+04 1.133E-08 1.509E-08 4.430E-06 3.572E-03 4.960E-05 3.610E-07 3.997E-07 5.679E+12 4.592E+03 7.456E+01 5.155E-07 1.051E-07 8.323E-11 3.025E-12 6.095E-10 3.931E-16 3.069E-06 1.601E-13 5.236E-22 4.178E-34 4.153E-20 4.403E-03 3.147E-06 2.422E-06 4.243E-09 4.371E-14
   8.950E+06 1.265E+00 4.674E+13 5.020E-01 7.414E+01 5.516E+04 1.568E-08 1.684E-08 4.550E-06 3.565E-03 4.961E-05 3.310E-07 3.486E-07 4.781E+12 2.965E+03 8.440E+01 5.181E-07 1.074E-07 6.344E-11 2.148E-12 5.742E-10 3.140E-16 3.147E-06 8.246E-14 3.562E-22 1.050E-34 1.892E-20 5.351E-03 3.214E-06 2.423E-06 3.750E-09 3.360E-14
   9.050E+06 1.068E+00 3.953E+13 4.273E-01 5.613E+01 4.168E+04 2.125E-08 1.877E-08 4.668E-06 3.560E-03 4.963E-05 2.961E-07 3.042E-07 4.015E+12 1.893E+03 9.729E+01 5.206E-07 1.097E-07 4.788E-11 1.536E-12 5.427E-10 2.511E-16 3.214E-06 4.272E-14 2.417E-22 2.797E-35 8.646E-21 6.417E-03 3.272E-06 2.424E-06 3.320E-09 2.653E-14
   9.150E+06 9.012E-01 3.336E+13 3.689E-01 4.241E+01 3.062E+04 2.823E-08 2.089E-08 4.785E-06 3.561E-03 4.964E-05 2.578E-07 2.657E-07 3.360E+12 1.193E+03 1.139E+02 5.231E-07 1.119E-07 3.575E-11 1.105E-12 5.151E-10 2.010E-16 3.272E-06 2.227E-14 1.633E-22 7.980E-36 3.966E-21 7.605E-03 3.323E-06 2.425E-06 2.947E-09 2.151E-14
   9.250E+06 7.607E-01 2.816E+13 3.230E-01 3.210E+01 2.215E+04 3.678E-08 2.319E-08 4.903E-06 3.561E-03 4.965E-05 2.209E-07 2.325E-07 2.810E+12 7.470E+02 1.351E+02 5.253E-07 1.140E-07 2.653E-11 8.008E-13 4.917E-10 1.618E-16 3.323E-06 1.169E-14 1.109E-22 2.450E-36 1.828E-21 8.917E-03 3.368E-06 2.427E-06 2.624E-09 1.787E-14
   9.350E+06 6.424E-01 2.366E+13 2.839E-01 2.424E+01 1.542E+04 4.709E-08 2.572E-08 5.021E-06 3.572E-03 4.966E-05 1.824E-07 2.041E-07 2.338E+12 4.594E+02 1.613E+02 5.275E-07 1.161E-07 1.942E-11 5.817E-13 4.724E-10 1.302E-16 3.368E-06 6.177E-15 7.445E-23 7.966E-37 8.480E-22 1.036E-02 3.408E-06 2.429E-06 2.347E-09 1.520E-14
   9.450E+06 5.432E-01 1.981E+13 2.499E-01 1.831E+01 1.032E+04 5.927E-08 2.847E-08 5.139E-06 3.582E-03 4.967E-05 1.455E-07 1.799E-07 1.935E+12 2.782E+02 1.930E+02 5.296E-07 1.182E-07 1.405E-11 4.235E-13 4.573E-10 1.049E-16 3.408E-06 3.279E-15 4.947E-23 2.685E-37 3.961E-22 1.192E-02 3.443E-06 2.431E-06 2.109E-09 1.322E-14
   9.550E+06 4.602E-01 1.661E+13 2.212E-01 1.393E+01 6.848E+03 7.340E-08 3.138E-08 5.257E-06 3.587E-03 4.968E-05 1.149E-07 1.595E-07 1.604E+12 1.684E+02 2.305E+02 5.316E-07 1.201E-07 1.014E-11 3.106E-13 4.459E-10 8.528E-17 3.443E-06 1.751E-15 3.323E-23 9.344E-38 1.867E-22 1.361E-02 3.472E-06 2.433E-06 1.908E-09 1.174E-14
   9.650E+06 3.908E-01 1.383E+13 1.952E-01 1.060E+01 4.280E+03 8.965E-08 3.450E-08 5.375E-06 3.594E-03 4.969E-05 8.611E-08 1.425E-07 1.318E+12 9.953E+01 2.751E+02 5.334E-07 1.220E-07 7.196E-12 2.273E-13 4.380E-10 6.897E-17 3.472E-06 9.392E-16 2.172E-23 3.245E-38 8.917E-23 1.543E-02 3.495E-06 2.433E-06 1.739E-09 1.063E-14
   9.750E+06 3.332E-01 1.149E+13 1.726E-01 8.125E+00 2.579E+03 1.080E-07 3.782E-08 5.493E-06 3.601E-03 4.970E-05 6.236E-08 1.288E-07 1.079E+12 5.814E+01 3.268E+02 5.352E-07 1.239E-07 5.061E-12 1.665E-13 4.328E-10 5.575E-17 3.495E-06 5.099E-16 1.401E-23 1.115E-38 4.354E-23 1.736E-02 3.510E-06 2.432E-06 1.600E-09 9.791E-15
   9.850E+06 2.852E-01 9.587E+12 1.542E-01 6.342E+00 1.560E+03 1.285E-07 4.133E-08 5.608E-06 3.607E-03 4.971E-05 4.511E-08 1.180E-07 8.870E+11 3.429E+01 3.848E+02 5.368E-07 1.257E-07 3.577E-12 1.230E-13 4.295E-10 4.545E-17 3.510E-06 2.918E-16 9.172E-24 3.890E-39 2.257E-23 1.939E-02 3.515E-06 2.428E-06 1.488E-09 9.172E-15
   9.950E+06 2.453E-01 7.961E+12 1.386E-01 5.011E+00 9.047E+02 1.513E-07 4.510E-08 5.722E-06 3.615E-03 4.972E-05 3.143E-08 1.100E-07 7.251E+11 2.010E+01 4.514E+02 5.384E-07 1.275E-07 2.525E-12 9.055E-14 4.274E-10 3.674E-17 3.515E-06 1.977E-16 5.836E-24 1.528E-39 1.402E-23 2.150E-02 0.000E+00 2.419E-06 1.403E-09 8.726E-15
