
     Z         PRESS      DEN     ProOH1    ProOH25    ProO3D    PO2D       PO2      PH2O      PO3D      PH2O2     FO3      FH2O      NumO2      NumOH      NumO1D     PN2O     PCH3CL      FOH      FHO2      FNO     FNO2      FH    FH2O2     FNO3    FN2O5    FHNO3      FO       FN      FH2     FCH4    FN2O
   5.000E+04 9.550E+05 2.473E+19 8.288E+05 2.755E+05 9.351E+06 0.000E+00 5.745E-12 1.418E-12 1.181E-04 5.116E-06 3.202E-09 7.855E-03 5.260E+15 6.334E+06 1.291E-02 5.399E-09 4.410E-11 2.562E-13 1.670E-11 5.339E-12 1.199E-11 1.032E-17 1.222E-09 8.697E-15 1.115E-16 9.857E-11 1.185E-14 1.125E-17 5.000E-07 8.080E-07 2.730E-07
   1.500E+05 8.442E+05 2.232E+19 6.461E+05 3.399E+05 1.108E+07 0.000E+00 9.245E-12 3.034E-12 1.329E-04 5.776E-06 3.735E-09 5.020E-03 4.847E+15 5.974E+06 1.736E-02 9.549E-09 9.983E-11 2.677E-13 1.695E-11 2.326E-12 4.984E-12 1.125E-17 1.260E-09 7.988E-15 6.682E-17 8.610E-11 1.654E-14 1.474E-17 4.967E-07 7.983E-07 2.646E-07
   2.500E+05 7.445E+05 2.003E+19 6.320E+05 3.952E+05 1.644E+07 0.000E+00 1.306E-11 6.073E-12 1.456E-04 6.394E-06 5.639E-09 3.250E-03 4.438E+15 6.965E+06 2.912E-02 1.492E-08 1.995E-10 3.478E-13 1.874E-11 2.016E-12 4.362E-12 1.474E-17 1.290E-09 9.608E-15 1.086E-16 8.047E-11 3.058E-14 1.866E-17 4.939E-07 7.895E-07 2.556E-07
   3.500E+05 6.550E+05 1.799E+19 6.011E+05 4.147E+05 2.659E+07 0.000E+00 1.738E-11 1.222E-11 1.566E-04 6.990E-06 9.435E-09 1.887E-03 4.065E+15 8.183E+06 5.282E-02 2.204E-08 3.729E-10 4.548E-13 2.020E-11 2.165E-12 4.726E-12 1.866E-17 1.249E-09 1.312E-14 2.770E-16 7.837E-11 6.154E-14 2.214E-17 4.915E-07 7.817E-07 2.459E-07
   4.500E+05 5.746E+05 1.617E+19 5.042E+05 4.000E+05 4.200E+07 0.000E+00 2.248E-11 2.486E-11 1.669E-04 7.582E-06 1.557E-08 9.952E-04 3.719E+15 9.153E+06 9.293E-02 3.147E-08 6.606E-10 5.662E-13 2.079E-11 2.453E-12 5.279E-12 2.214E-17 1.137E-09 1.827E-14 8.156E-16 7.635E-11 1.207E-13 2.404E-17 4.897E-07 7.750E-07 2.358E-07
   5.500E+05 5.024E+05 1.452E+19 3.552E+05 3.457E+05 6.241E+07 0.000E+00 2.877E-11 5.055E-11 1.772E-04 8.192E-06 2.426E-08 4.710E-04 3.396E+15 9.523E+06 1.529E-01 4.362E-08 1.108E-09 6.557E-13 2.006E-11 2.860E-12 5.845E-12 2.404E-17 9.669E-10 2.466E-14 2.552E-15 7.266E-11 2.218E-13 2.434E-17 4.883E-07 7.696E-07 2.252E-07
   6.500E+05 4.376E+05 1.303E+19 2.092E+05 2.690E+05 8.677E+07 0.000E+00 3.685E-11 1.033E-10 1.884E-04 8.839E-06 3.535E-08 2.000E-04 3.091E+15 9.392E+06 2.347E-01 5.869E-08 1.768E-09 7.210E-13 1.824E-11 3.654E-12 6.823E-12 2.434E-17 7.631E-10 3.316E-14 9.085E-15 6.927E-11 3.809E-13 2.339E-17 4.874E-07 7.652E-07 2.145E-07
   7.500E+05 3.796E+05 1.166E+19 1.028E+05 1.868E+05 1.136E+08 1.303E-79 4.722E-11 2.126E-10 2.020E-04 9.551E-06 4.824E-08 7.540E-05 2.800E+15 8.999E+06 3.390E-01 7.663E-08 2.692E-09 7.720E-13 1.567E-11 5.271E-12 8.636E-12 2.339E-17 5.536E-10 4.515E-14 3.469E-14 6.814E-11 6.166E-13 2.171E-17 4.868E-07 7.617E-07 2.039E-07
   8.500E+05 3.277E+05 1.040E+19 4.159E+04 1.140E+05 1.414E+08 9.135E-37 6.046E-11 4.450E-10 2.195E-04 1.036E-05 6.195E-08 2.465E-05 2.520E+15 8.484E+06 4.660E-01 9.733E-08 3.921E-09 8.160E-13 1.265E-11 8.228E-12 1.132E-11 2.171E-17 3.640E-10 5.992E-14 1.034E-13 6.853E-11 9.527E-13 1.875E-17 4.865E-07 7.587E-07 1.936E-07
   9.500E+05 2.816E+05 9.224E+18 1.340E+04 5.192E+04 1.701E+08 5.153E-24 7.703E-11 8.474E-10 2.430E-04 1.129E-05 7.588E-08 6.643E-06 2.248E+15 7.589E+06 6.223E-01 1.203E-07 5.427E-09 8.228E-13 9.121E-12 1.373E-11 1.509E-11 1.875E-17 2.088E-10 7.458E-14 1.997E-13 6.842E-11 1.443E-12 1.422E-17 4.862E-07 7.560E-07 1.836E-07
   1.050E+06 2.409E+05 8.125E+18 2.366E+03 1.098E+04 2.072E+08 1.501E-20 9.733E-11 1.396E-09 2.761E-04 1.240E-05 9.238E-08 9.680E-07 1.981E+15 5.827E+06 8.482E-01 1.452E-07 7.128E-09 7.172E-13 5.213E-12 2.487E-11 2.103E-11 1.422E-17 9.107E-11 8.677E-14 2.924E-13 6.571E-11 2.268E-12 2.183E-17 4.860E-07 7.525E-07 1.709E-07
   1.150E+06 2.052E+05 7.093E+18 2.960E+03 1.427E+04 2.623E+08 2.583E-19 1.226E-10 2.092E-09 3.276E-04 1.378E-05 1.129E-07 9.618E-07 1.732E+15 6.954E+06 1.214E+00 1.720E-07 9.017E-09 9.803E-13 5.093E-12 3.228E-11 2.496E-11 2.183E-17 4.998E-11 1.176E-13 3.696E-13 7.502E-11 3.794E-12 3.750E-17 4.855E-07 7.455E-07 1.501E-07
   1.250E+06 1.741E+05 6.145E+18 3.603E+03 1.763E+04 3.274E+08 3.082E-18 1.551E-10 3.045E-09 4.138E-04 1.559E-05 1.288E-07 9.424E-07 1.506E+15 8.905E+06 1.730E+00 2.009E-07 1.117E-08 1.449E-12 5.463E-12 4.002E-11 2.885E-11 3.750E-17 3.970E-11 1.709E-13 4.712E-13 9.125E-11 6.364E-12 6.576E-17 4.848E-07 7.312E-07 1.182E-07
   1.350E+06 1.473E+05 5.298E+18 3.819E+03 2.059E+04 3.683E+08 2.605E-17 1.954E-10 4.358E-09 5.572E-04 1.797E-05 1.247E-07 8.918E-07 1.308E+15 1.140E+07 2.234E+00 2.311E-07 1.357E-08 2.152E-12 5.766E-12 4.989E-11 3.167E-11 6.576E-17 3.344E-11 2.210E-13 5.001E-13 1.060E-10 9.706E-12 1.105E-16 4.841E-07 7.056E-07 7.957E-08
   1.450E+06 1.242E+05 4.554E+18 3.306E+03 2.199E+04 3.628E+08 1.577E-16 2.419E-10 6.135E-09 7.651E-04 2.086E-05 1.041E-07 7.869E-07 1.138E+15 1.367E+07 2.534E+00 2.611E-07 1.617E-08 3.002E-12 5.964E-12 5.775E-11 3.134E-11 1.105E-16 2.823E-11 2.370E-13 3.959E-13 1.059E-10 1.320E-11 1.740E-16 4.840E-07 6.684E-07 4.565E-08
   1.550E+06 1.044E+05 3.899E+18 2.330E+03 2.022E+04 3.310E+08 6.802E-16 2.921E-10 8.492E-09 1.010E-03 2.396E-05 8.401E-08 6.106E-07 9.917E+14 1.466E+07 2.672E+00 2.892E-07 1.887E-08 3.758E-12 6.098E-12 5.938E-11 2.795E-11 1.740E-16 2.436E-11 2.161E-13 2.425E-13 8.777E-11 1.722E-11 2.671E-16 4.855E-07 6.239E-07 2.319E-08
   1.650E+06 8.749E+04 3.320E+18 1.489E+03 1.701E+04 2.922E+08 2.152E-15 3.451E-10 1.155E-08 1.265E-03 2.701E-05 6.958E-08 4.436E-07 8.631E+14 1.448E+07 2.745E+00 3.148E-07 2.159E-08 4.363E-12 6.326E-12 5.351E-11 2.245E-11 2.671E-16 2.186E-11 1.733E-13 1.189E-13 6.174E-11 2.259E-11 4.242E-16 4.893E-07 5.756E-07 1.075E-08
   1.750E+06 7.315E+04 2.808E+18 1.021E+03 1.573E+04 2.456E+08 5.433E-15 4.011E-10 1.544E-08 1.509E-03 2.983E-05 5.799E-08 3.627E-07 7.485E+14 1.449E+07 2.710E+00 3.375E-07 2.431E-08 5.161E-12 6.993E-12 4.192E-11 1.627E-11 4.242E-16 2.164E-11 1.248E-13 4.769E-14 3.979E-11 2.925E-11 6.947E-16 4.953E-07 5.267E-07 4.726E-09
   1.850E+06 6.105E+04 2.364E+18 7.451E+02 1.583E+04 1.981E+08 1.189E-14 4.608E-10 2.035E-08 1.725E-03 3.230E-05 4.857E-08 3.291E-07 6.470E+14 1.493E+07 2.583E+00 3.575E-07 2.702E-08 6.319E-12 8.012E-12 3.016E-11 1.088E-11 6.947E-16 2.266E-11 7.958E-14 1.578E-14 2.433E-11 3.733E-11 1.166E-15 5.038E-07 4.787E-07 2.025E-09
   1.950E+06 5.089E+04 1.983E+18 5.654E+02 1.666E+04 1.561E+08 2.379E-14 5.248E-10 2.646E-08 1.908E-03 3.438E-05 4.125E-08 3.174E-07 5.576E+14 1.582E+07 2.416E+00 3.750E-07 2.972E-08 7.976E-12 9.310E-12 2.104E-11 6.906E-12 1.166E-15 2.434E-11 4.603E-14 4.541E-15 1.452E-11 4.740E-11 1.990E-15 5.145E-07 4.334E-07 8.670E-10
   2.050E+06 4.237E+04 1.661E+18 4.345E+02 1.763E+04 1.220E+08 4.527E-14 5.942E-10 3.396E-08 2.055E-03 3.609E-05 3.572E-08 3.126E-07 4.790E+14 1.696E+07 2.247E+00 3.904E-07 3.243E-08 1.021E-11 1.081E-11 1.491E-11 4.321E-12 1.990E-15 2.628E-11 2.541E-14 1.238E-15 8.662E-12 6.036E-11 3.427E-15 5.273E-07 3.921E-07 3.801E-10
   2.150E+06 3.524E+04 1.390E+18 3.336E+02 1.841E+04 9.500E+07 8.431E-14 6.699E-10 4.293E-08 2.173E-03 3.750E-05 3.146E-08 3.086E-07 4.104E+14 1.816E+07 2.084E+00 4.040E-07 3.517E-08 1.307E-11 1.250E-11 1.097E-11 2.733E-12 3.427E-15 2.835E-11 1.396E-14 3.418E-16 5.233E-12 7.718E-11 5.926E-15 5.421E-07 3.547E-07 1.725E-10
   2.250E+06 2.928E+04 1.162E+18 2.549E+02 1.888E+04 7.370E+07 1.555E-13 7.532E-10 5.340E-08 2.263E-03 3.864E-05 2.803E-08 3.044E-07 3.505E+14 1.927E+07 1.927E+00 4.160E-07 3.792E-08 1.659E-11 1.437E-11 8.450E-12 1.771E-12 5.926E-15 3.053E-11 7.831E-15 9.902E-17 3.222E-12 9.894E-11 1.030E-14 5.589E-07 3.210E-07 8.160E-11
   2.350E+06 2.430E+04 9.697E+17 1.949E+02 1.920E+04 5.663E+07 2.820E-13 8.457E-10 6.530E-08 2.333E-03 3.957E-05 2.503E-08 3.033E-07 2.983E+14 2.030E+07 1.768E+00 4.267E-07 4.069E-08 2.093E-11 1.655E-11 6.814E-12 1.183E-12 1.030E-14 3.308E-11 4.533E-15 3.057E-17 2.033E-12 1.266E-10 1.803E-14 5.776E-07 2.906E-07 4.042E-11
   2.450E+06 2.015E+04 8.081E+17 1.500E+02 1.964E+04 4.279E+07 4.979E-13 9.497E-10 7.857E-08 2.387E-03 4.032E-05 2.219E-08 3.094E-07 2.530E+14 2.133E+07 1.599E+00 4.364E-07 4.348E-08 2.639E-11 1.925E-11 5.719E-12 8.175E-13 1.803E-14 3.643E-11 2.724E-15 1.012E-17 1.322E-12 1.607E-10 3.187E-14 5.984E-07 2.628E-07 2.098E-11
   2.550E+06 1.670E+04 6.721E+17 1.173E+02 2.057E+04 3.152E+07 8.535E-13 1.068E-09 9.315E-08 2.429E-03 4.092E-05 1.931E-08 3.286E-07 2.138E+14 2.255E+07 1.412E+00 4.451E-07 4.628E-08 3.355E-11 2.283E-11 4.959E-12 5.854E-13 3.187E-14 4.134E-11 1.708E-15 3.611E-18 8.932E-13 2.009E-10 5.662E-14 6.214E-07 2.369E-07 1.138E-11
   2.650E+06 1.383E+04 5.577E+17 9.133E+01 2.159E+04 2.273E+07 1.437E-12 1.206E-09 1.091E-07 2.464E-03 4.139E-05 1.655E-08 3.549E-07 1.799E+14 2.374E+07 1.226E+00 4.530E-07 4.909E-08 4.257E-11 2.735E-11 4.427E-12 4.318E-13 5.662E-14 4.744E-11 1.101E-15 1.357E-18 6.158E-13 2.490E-10 1.003E-13 6.471E-07 2.122E-07 6.422E-12
   2.750E+06 1.146E+04 4.617E+17 6.926E+01 2.199E+04 1.624E+07 2.436E-12 1.367E-09 1.265E-07 2.495E-03 4.177E-05 1.410E-08 3.767E-07 1.509E+14 2.451E+07 1.059E+00 4.602E-07 5.192E-08 5.309E-11 3.256E-11 4.057E-12 3.254E-13 1.003E-13 5.366E-11 7.150E-16 5.202E-19 4.237E-13 3.093E-10 1.770E-13 6.756E-07 1.882E-07 3.761E-12
   2.850E+06 9.490E+03 3.817E+17 5.131E+01 2.199E+04 1.148E+07 4.292E-12 1.556E-09 1.460E-07 2.524E-03 4.207E-05 1.192E-08 3.945E-07 1.263E+14 2.495E+07 9.065E-01 4.668E-07 5.476E-08 6.536E-11 3.873E-11 3.788E-12 2.514E-13 1.770E-13 6.045E-11 4.695E-16 2.053E-19 2.932E-13 3.831E-10 3.097E-13 7.073E-07 1.644E-07 2.277E-12
   2.950E+06 7.865E+03 3.160E+17 3.728E+01 2.198E+04 8.041E+06 7.993E-12 1.772E-09 1.700E-07 2.545E-03 4.231E-05 9.999E-09 4.091E-07 1.057E+14 2.526E+07 7.676E-01 4.729E-07 5.760E-08 7.995E-11 4.631E-11 3.578E-12 2.016E-13 3.097E-13 6.930E-11 3.200E-16 8.705E-20 2.089E-13 4.680E-10 5.372E-13 7.429E-07 1.403E-07 1.412E-12
   3.050E+06 6.518E+03 2.623E+17 2.655E+01 2.245E+04 5.569E+06 1.542E-11 2.016E-09 2.035E-07 2.554E-03 4.250E-05 8.312E-09 4.205E-07 8.862E+13 2.571E+07 6.401E-01 4.786E-07 6.044E-08 9.800E-11 5.622E-11 3.410E-12 1.705E-13 5.372E-13 8.285E-11 2.337E-16 4.183E-20 1.579E-13 5.587E-10 9.293E-13 7.821E-07 1.158E-07 8.936E-13
   3.150E+06 5.398E+03 2.183E+17 1.843E+01 2.381E+04 3.794E+06 2.950E-11 2.290E-09 2.546E-07 2.551E-03 4.265E-05 6.811E-09 4.283E-07 7.444E+13 2.648E+07 5.233E-01 4.838E-07 6.327E-08 1.213E-10 6.991E-11 3.273E-12 1.545E-13 9.293E-13 1.049E-10 1.875E-16 2.375E-20 1.295E-13 6.483E-10 1.612E-12 8.237E-07 9.181E-08 5.771E-13
   3.250E+06 4.466E+03 1.820E+17 1.248E+01 2.622E+04 2.541E+06 5.385E-11 2.597E-09 3.336E-07 2.537E-03 4.278E-05 5.501E-09 4.318E-07 6.258E+13 2.759E+07 4.206E-01 4.886E-07 6.606E-08 1.516E-10 8.899E-11 3.157E-12 1.502E-13 1.612E-12 1.402E-10 1.658E-16 1.600E-20 1.153E-13 7.342E-10 2.811E-12 8.669E-07 6.912E-08 3.780E-13
   3.350E+06 3.689E+03 1.517E+17 8.314E+00 2.934E+04 1.685E+06 9.190E-11 2.944E-09 4.499E-07 2.517E-03 4.288E-05 4.413E-09 4.299E-07 5.257E+13 2.881E+07 3.364E-01 4.931E-07 6.881E-08 1.899E-10 1.146E-10 3.059E-12 1.534E-13 2.811E-12 1.932E-10 1.565E-16 1.209E-20 1.079E-13 8.232E-10 4.943E-12 9.101E-07 4.907E-08 2.501E-13
   3.450E+06 3.043E+03 1.261E+17 5.496E+00 3.236E+04 1.116E+06 1.459E-10 3.341E-09 6.087E-07 2.498E-03 4.297E-05 3.541E-09 4.215E-07 4.401E+13 2.979E+07 2.719E-01 4.973E-07 7.148E-08 2.362E-10 1.471E-10 2.981E-12 1.590E-13 4.943E-12 2.645E-10 1.486E-16 9.243E-21 1.009E-13 9.305E-10 8.728E-12 9.520E-07 3.280E-08 1.670E-13
   3.550E+06 2.506E+03 1.045E+17 3.637E+00 3.436E+04 7.412E+05 2.162E-10 3.801E-09 8.089E-07 2.484E-03 4.304E-05 2.856E-09 4.065E-07 3.669E+13 3.024E+07 2.248E-01 5.011E-07 7.406E-08 2.895E-10 1.857E-10 2.921E-12 1.627E-13 8.728E-12 3.498E-10 1.345E-16 6.579E-21 9.070E-14 1.073E-09 1.534E-11 9.921E-07 2.072E-08 1.123E-13
   3.650E+06 2.063E+03 8.627E+16 2.429E+00 3.468E+04 4.969E+05 3.015E-10 4.332E-09 1.043E-06 2.477E-03 4.310E-05 2.325E-09 3.854E-07 3.047E+13 3.003E+07 1.916E-01 5.046E-07 7.654E-08 3.480E-10 2.285E-10 2.878E-12 1.618E-13 1.534E-11 4.396E-10 1.135E-16 4.192E-21 7.705E-14 1.265E-09 2.669E-11 1.030E-06 1.251E-08 7.598E-14
   3.750E+06 1.697E+03 7.108E+16 1.644E+00 3.313E+04 3.372E+05 4.050E-10 4.945E-09 1.298E-06 2.475E-03 4.315E-05 1.917E-09 3.591E-07 2.524E+13 2.912E+07 1.688E-01 5.078E-07 7.890E-08 4.096E-10 2.728E-10 2.846E-12 1.551E-13 2.669E-11 5.225E-10 8.848E-17 2.359E-21 6.140E-14 1.525E-09 4.591E-11 1.068E-06 7.280E-09 5.156E-14
   3.850E+06 1.396E+03 5.850E+16 1.130E+00 2.998E+04 2.328E+05 5.487E-10 5.648E-09 1.561E-06 2.476E-03 4.319E-05 1.607E-09 3.284E-07 2.087E+13 2.759E+07 1.542E-01 5.108E-07 8.114E-08 4.716E-10 3.158E-10 2.822E-12 1.428E-13 4.591E-11 5.872E-10 6.380E-17 1.174E-21 4.580E-14 1.882E-09 7.819E-11 1.106E-06 4.118E-09 3.490E-14
   3.950E+06 1.149E+03 4.815E+16 7.940E-01 2.580E+04 1.649E+05 8.008E-10 6.447E-09 1.820E-06 2.475E-03 4.323E-05 1.383E-09 2.944E-07 1.725E+13 2.556E+07 1.467E-01 5.135E-07 8.327E-08 5.308E-10 3.544E-10 2.799E-12 1.260E-13 7.819E-11 6.268E-10 4.307E-17 5.238E-22 3.207E-14 2.384E-09 1.332E-10 1.144E-06 2.292E-09 2.351E-14
   4.050E+06 9.448E+02 3.965E+16 5.745E-01 2.114E+04 1.211E+05 1.304E-09 7.349E-09 2.066E-06 2.473E-03 4.326E-05 1.235E-09 2.581E-07 1.426E+13 2.314E+07 1.470E-01 5.160E-07 8.528E-08 5.835E-10 3.857E-10 2.775E-12 1.059E-13 1.332E-10 6.361E-10 2.730E-17 2.092E-22 2.096E-14 3.128E-09 2.297E-10 1.183E-06 1.265E-09 1.568E-14
   4.150E+06 7.770E+02 3.267E+16 4.310E-01 1.651E+04 9.314E+04 2.282E-09 8.359E-09 2.295E-06 2.468E-03 4.329E-05 1.155E-09 2.201E-07 1.179E+13 2.042E+07 1.568E-01 5.183E-07 8.717E-08 6.251E-10 4.066E-10 2.747E-12 8.404E-14 2.297E-10 6.122E-10 1.631E-17 7.443E-23 1.266E-14 4.298E-09 4.025E-10 1.223E-06 6.963E-10 1.028E-14
   4.250E+06 6.387E+02 2.693E+16 3.348E-01 1.229E+04 7.553E+04 4.003E-09 9.477E-09 2.507E-06 2.459E-03 4.331E-05 1.140E-09 1.820E-07 9.757E+12 1.752E+07 1.786E-01 5.205E-07 8.896E-08 6.506E-10 4.137E-10 2.713E-12 6.213E-14 4.025E-10 5.547E-10 9.284E-18 2.355E-23 6.966E-15 6.228E-09 7.149E-10 1.262E-06 3.854E-10 6.610E-15
   4.350E+06 5.247E+02 2.222E+16 2.657E-01 8.722E+03 6.462E+04 6.723E-09 1.070E-08 2.701E-06 2.447E-03 4.333E-05 1.189E-09 1.453E-07 8.075E+12 1.455E+07 2.148E-01 5.225E-07 9.065E-08 6.550E-10 4.034E-10 2.672E-12 4.218E-14 7.149E-10 4.660E-10 5.108E-18 6.634E-24 3.440E-15 9.528E-09 1.276E-09 1.299E-06 2.166E-10 4.178E-15
   4.450E+06 4.307E+02 1.832E+16 2.102E-01 5.886E+03 5.824E+04 1.065E-08 1.203E-08 2.882E-06 2.432E-03 4.335E-05 1.307E-09 1.115E-07 6.682E+12 1.158E+07 2.682E-01 5.243E-07 9.224E-08 6.321E-10 3.720E-10 2.621E-12 2.579E-14 1.276E-09 3.533E-10 2.735E-18 1.635E-24 1.481E-15 1.545E-08 2.260E-09 1.334E-06 1.239E-10 2.597E-15
   4.550E+06 3.532E+02 1.510E+16 1.629E-01 3.771E+03 5.566E+04 1.594E-08 1.345E-08 3.050E-06 2.416E-03 4.336E-05 1.526E-09 8.188E-08 5.528E+12 8.695E+06 3.426E-01 5.260E-07 9.374E-08 5.758E-10 3.184E-10 2.560E-12 1.389E-14 2.260E-09 2.338E-10 1.427E-18 1.652E-25 5.393E-16 2.677E-08 3.954E-09 1.364E-06 7.201E-11 1.600E-15
   4.650E+06 2.894E+02 1.243E+16 1.235E-01 2.313E+03 5.685E+04 2.282E-08 1.494E-08 3.210E-06 2.400E-03 4.338E-05 1.905E-09 5.798E-08 4.569E+12 6.059E+06 4.448E-01 5.275E-07 9.515E-08 4.874E-10 2.486E-10 2.489E-12 6.454E-15 3.954E-09 1.310E-10 7.086E-19-7.525E-24 1.618E-16 5.019E-08 6.821E-09 1.388E-06 4.281E-11 9.982E-16
   4.750E+06 2.369E+02 1.022E+16 9.264E-02 1.379E+03 6.226E+04 3.158E-08 1.648E-08 3.362E-06 2.385E-03 4.339E-05 2.553E-09 4.012E-08 3.773E+12 3.880E+06 5.854E-01 5.289E-07 9.646E-08 3.796E-10 1.762E-10 2.409E-12 2.595E-15 6.821E-09 6.196E-11 3.223E-19-2.433E-25 4.010E-17 1.023E-07 1.174E-08 1.406E-06 2.603E-11 6.448E-16
   4.850E+06 1.938E+02 8.388E+15 6.932E-02 8.117E+02 7.089E+04 4.263E-08 1.808E-08 3.510E-06 2.375E-03 4.340E-05 3.558E-09 2.757E-08 3.110E+12 2.333E+06 7.759E-01 5.301E-07 9.768E-08 2.782E-10 1.168E-10 2.321E-12 9.677E-16 1.174E-08 2.560E-11 1.336E-19-7.362E-27 8.710E-18 2.216E-07 2.027E-08 1.417E-06 1.616E-11 4.372E-16
   4.950E+06 1.585E+02 6.876E+15 5.231E-02 4.772E+02 8.365E+04 5.640E-08 1.974E-08 3.654E-06 2.367E-03 4.341E-05 5.140E-09 1.899E-08 2.560E+12 1.344E+06 1.036E+00 5.313E-07 9.880E-08 1.955E-10 7.308E-11 2.227E-12 3.741E-16 2.027E-08 9.466E-12 5.420E-20-1.717E-28 1.810E-18 5.092E-07 3.370E-08 1.423E-06 1.024E-11 3.145E-16
   5.050E+06 1.296E+02 5.624E+15 4.026E-02 2.778E+02 1.068E+05 7.336E-08 2.146E-08 3.796E-06 2.366E-03 4.342E-05 8.024E-09 1.301E-08 2.102E+12 7.064E+05 1.423E+00 5.323E-07 9.981E-08 1.256E-10 3.974E-11 2.127E-12 1.727E-16 3.370E-08 2.977E-12 2.446E-20 5.760E-30 3.852E-19 1.293E-06 5.101E-08 1.424E-06 6.621E-12 2.460E-16
   5.150E+06 1.060E+02 4.593E+15 3.070E-02 1.600E+02 1.347E+05 9.408E-08 2.326E-08 3.937E-06 2.370E-03 4.342E-05 1.237E-08 8.847E-09 1.721E+12 3.663E+05 1.954E+00 5.331E-07 1.007E-07 7.976E-11 1.993E-11 2.023E-12 1.111E-16 5.101E-08 8.459E-13 1.413E-20 3.336E-30 9.601E-20 3.223E-06 7.058E-08 1.421E-06 4.374E-12 2.122E-16
   5.250E+06 8.668E+01 3.747E+15 2.243E-02 9.181E+01 1.539E+05 1.194E-07 2.514E-08 4.076E-06 2.380E-03 4.343E-05 1.726E-08 6.011E-09 1.403E+12 2.016E+05 2.579E+00 5.339E-07 1.015E-07 5.379E-11 1.019E-11 1.918E-12 8.377E-17 7.058E-08 2.360E-13 9.063E-21 1.197E-30 2.896E-20 7.151E-06 9.176E-08 1.416E-06 2.963E-12 1.958E-16
   5.350E+06 7.098E+01 3.048E+15 1.557E-02 5.272E+01 1.563E+05 1.507E-07 2.712E-08 4.214E-06 2.403E-03 4.343E-05 2.134E-08 4.104E-09 1.136E+12 1.162E+05 3.230E+00 5.345E-07 1.022E-07 3.813E-11 5.474E-12 1.815E-12 6.488E-17 9.176E-08 6.723E-14 5.781E-21 4.015E-31 9.855E-21 1.408E-05 1.146E-07 1.409E-06 2.056E-12 1.855E-16
   5.450E+06 5.820E+01 2.483E+15 1.045E-02 3.046E+01 1.459E+05 1.899E-07 2.928E-08 4.349E-06 2.425E-03 4.344E-05 2.422E-08 2.821E-09 9.160E+11 6.945E+04 3.882E+00 5.351E-07 1.028E-07 2.797E-11 3.099E-12 1.713E-12 5.032E-17 1.146E-07 1.982E-14 3.661E-21 1.328E-31 3.591E-21 2.515E-05 1.396E-07 1.401E-06 1.456E-12 1.769E-16
   5.550E+06 4.782E+01 2.014E+15 6.790E-03 1.761E+01 1.239E+05 2.408E-07 3.194E-08 4.482E-06 2.467E-03 4.344E-05 2.493E-08 1.951E-09 7.300E+11 4.155E+04 4.518E+00 5.355E-07 1.033E-07 2.063E-11 1.818E-12 1.613E-12 3.860E-17 1.396E-07 6.039E-15 2.252E-21 4.133E-32 1.321E-21 4.178E-05 1.670E-07 1.391E-06 1.050E-12 1.681E-16
   5.650E+06 3.939E+01 1.637E+15 4.386E-03 1.028E+01 9.843E+04 3.075E-07 3.557E-08 4.610E-06 2.511E-03 4.345E-05 2.395E-08 1.363E-09 5.769E+11 2.499E+04 5.170E+00 5.359E-07 1.037E-07 1.527E-11 1.108E-12 1.516E-12 2.951E-17 1.670E-07 1.911E-15 1.377E-21 1.260E-32 4.888E-22 6.504E-05 1.968E-07 1.381E-06 7.707E-13 1.596E-16
   5.750E+06 3.254E+01 1.331E+15 2.846E-03 6.079E+00 7.300E+04 3.948E-07 4.071E-08 4.732E-06 2.560E-03 4.345E-05 2.143E-08 9.653E-10 4.512E+11 1.497E+04 5.859E+00 5.362E-07 1.040E-07 1.125E-11 6.986E-13 1.425E-12 2.251E-17 1.968E-07 6.321E-16 8.364E-22 3.779E-33 1.822E-22 9.544E-05 2.298E-07 1.369E-06 5.768E-13 1.516E-16
   5.850E+06 2.698E+01 1.080E+15 1.849E-03 3.625E+00 5.006E+04 5.042E-07 4.763E-08 4.847E-06 2.621E-03 4.345E-05 1.768E-08 6.924E-10 3.478E+11 8.821E+03 6.586E+00 5.364E-07 1.043E-07 8.165E-12 4.524E-13 1.339E-12 1.707E-17 2.298E-07 2.165E-16 5.002E-22 1.094E-33 6.228E-23 1.331E-04 2.663E-07 1.355E-06 4.388E-13 1.437E-16
   5.950E+06 2.246E+01 8.808E+14 1.205E-03 2.191E+00 3.273E+04 6.321E-07 5.605E-08 4.951E-06 2.677E-03 4.345E-05 1.388E-08 5.025E-10 2.657E+11 5.198E+03 7.312E+00 5.366E-07 1.045E-07 5.901E-12 3.023E-13 1.261E-12 1.301E-17 2.663E-07 7.645E-17 3.018E-22 3.182E-34 2.335E-23 1.771E-04 3.067E-07 1.340E-06 3.386E-13 1.352E-16
   6.050E+06 1.877E+01 7.175E+14 7.797E-04 1.338E+00 1.992E+04 7.706E-07 6.540E-08 5.043E-06 2.740E-03 4.345E-05 1.013E-08 3.698E-10 2.005E+11 3.014E+03 7.959E+00 5.367E-07 1.047E-07 4.200E-12 2.073E-13 1.192E-12 9.913E-18 3.067E-07 2.785E-17 1.804E-22 9.110E-35 8.554E-24 2.250E-04 3.512E-07 1.323E-06 2.653E-13 1.257E-16
   6.150E+06 1.577E+01 5.860E+14 5.003E-04 8.286E-01 1.152E+04 9.094E-07 7.489E-08 5.122E-06 2.802E-03 4.346E-05 7.017E-09 2.760E-10 1.502E+11 1.738E+03 8.456E+00 5.368E-07 1.048E-07 2.965E-12 1.461E-13 1.134E-12 7.599E-18 3.512E-07 1.043E-17 1.083E-22 2.611E-35 3.159E-24 2.747E-04 4.000E-07 1.304E-06 2.108E-13 1.153E-16
   6.250E+06 1.331E+01 4.813E+14 3.191E-04 5.217E-01 6.441E+03 1.040E-06 8.384E-08 5.188E-06 2.831E-03 4.346E-05 4.727E-09 2.090E-10 1.124E+11 1.008E+03 8.753E+00 5.369E-07 1.049E-07 2.095E-12 1.058E-13 1.088E-12 5.900E-18 4.000E-07 4.014E-18 6.633E-23 7.693E-36 1.171E-24 3.237E-04 4.534E-07 1.283E-06 1.697E-13 1.043E-16
   6.350E+06 1.129E+01 3.960E+14 2.025E-04 3.334E-01 3.449E+03 1.156E-06 9.178E-08 5.241E-06 2.841E-03 4.346E-05 3.066E-09 1.606E-10 8.398E+10 5.839E+02 8.870E+00 5.370E-07 1.050E-07 1.474E-12 7.838E-14 1.053E-12 4.621E-18 4.534E-07 1.587E-18 4.086E-23 2.309E-36 4.418E-25 3.702E-04 5.118E-07 1.260E-06 1.386E-13 9.333E-17
   6.450E+06 9.622E+00 3.275E+14 1.286E-04 2.166E-01 1.825E+03 1.256E-06 9.862E-08 5.285E-06 2.847E-03 4.346E-05 1.957E-09 1.252E-10 6.294E+10 3.414E+02 8.825E+00 5.370E-07 1.050E-07 1.042E-12 5.935E-14 1.028E-12 3.665E-18 5.118E-07 6.429E-19 2.560E-23 7.136E-37 1.699E-25 4.135E-04 5.759E-07 1.234E-06 1.145E-13 8.272E-17
   6.550E+06 8.241E+00 2.724E+14 8.191E-05 1.429E-01 9.662E+02 1.339E-06 1.044E-07 5.319E-06 2.854E-03 4.346E-05 1.243E-09 9.865E-11 4.742E+10 2.024E+02 8.649E+00 5.371E-07 1.051E-07 7.433E-13 4.584E-14 1.012E-12 2.943E-18 5.759E-07 2.657E-19 1.634E-23 2.283E-37 6.678E-26 4.531E-04 6.458E-07 1.206E-06 9.555E-14 7.281E-17
   6.650E+06 7.089E+00 2.277E+14 5.252E-05 9.578E-02 5.141E+02 1.407E-06 1.091E-07 5.346E-06 2.859E-03 4.346E-05 7.895E-10 7.867E-11 3.597E+10 1.221E+02 8.386E+00 5.371E-07 1.051E-07 5.363E-13 3.605E-14 1.000E-12 2.387E-18 6.458E-07 1.124E-19 1.061E-23 7.582E-38 2.691E-26 4.890E-04 7.217E-07 1.175E-06 8.055E-14 6.382E-17
   6.750E+06 6.124E+00 1.914E+14 3.402E-05 6.522E-02 2.757E+02 1.463E-06 1.130E-07 5.368E-06 2.865E-03 4.346E-05 5.028E-10 6.349E-11 2.750E+10 7.512E+01 8.073E+00 5.371E-07 1.051E-07 3.925E-13 2.881E-14 9.933E-13 1.953E-18 7.217E-07 4.874E-20 6.991E-24 2.610E-38 1.115E-26 5.212E-04 8.037E-07 1.141E-06 6.859E-14 5.589E-17
   6.850E+06 5.312E+00 1.616E+14 2.234E-05 4.515E-02 1.494E+02 1.508E-06 1.162E-07 5.385E-06 2.871E-03 4.346E-05 3.221E-10 5.189E-11 2.120E+10 4.732E+01 7.741E+00 5.372E-07 1.051E-07 2.929E-13 2.336E-14 9.888E-13 1.609E-18 8.037E-07 2.171E-20 4.664E-24 9.275E-39 4.754E-27 5.498E-04 8.920E-07 1.104E-06 5.902E-14 4.901E-17
   6.950E+06 4.626E+00 1.363E+14 1.484E-05 3.160E-02 7.918E+01 1.545E-06 1.189E-07 5.398E-06 2.878E-03 4.346E-05 2.019E-10 4.296E-11 1.641E+10 3.035E+01 7.429E+00 5.372E-07 1.051E-07 2.227E-13 1.908E-14 9.861E-13 1.320E-18 8.920E-07 9.860E-21 3.071E-24 3.294E-39 2.087E-27 5.752E-04 9.871E-07 1.064E-06 5.131E-14 4.312E-17
   7.050E+06 4.050E+00 1.144E+14 9.949E-06 2.227E-02 4.001E+01 1.574E-06 1.212E-07 5.409E-06 2.887E-03 4.346E-05 1.212E-10 3.600E-11 1.269E+10 2.036E+01 7.158E+00 5.372E-07 1.052E-07 1.781E-13 1.558E-14 9.846E-13 1.070E-18 9.871E-07 4.504E-21 1.955E-24 1.133E-39 9.419E-28 5.979E-04 1.089E-06 1.020E-06 4.505E-14 3.810E-17
   7.150E+06 3.565E+00 9.668E+13 6.805E-06 1.600E-02 2.073E+01 1.598E-06 1.231E-07 5.418E-06 2.896E-03 4.346E-05 7.405E-11 3.055E-11 9.939E+09 1.545E+01 6.895E+00 5.372E-07 1.052E-07 1.598E-13 1.289E-14 9.837E-13 8.732E-19 1.089E-06 2.083E-21 1.266E-24 3.924E-40 4.432E-28 6.182E-04 1.200E-06 9.731E-07 3.992E-14 3.385E-17
   7.250E+06 3.153E+00 8.225E+13 4.718E-06 1.165E-02 1.097E+01 1.617E-06 1.246E-07 5.425E-06 2.901E-03 4.346E-05 4.598E-11 2.612E-11 7.854E+09 1.362E+01 6.633E+00 5.372E-07 1.052E-07 1.656E-13 1.078E-14 9.830E-13 7.176E-19 1.200E-06 9.640E-22 8.321E-25 1.370E-40 2.170E-28 6.370E-04 1.326E-06 9.210E-07 3.559E-14 3.015E-17
   7.350E+06 2.805E+00 6.957E+13 3.255E-06 8.450E-03 5.488E+00 1.632E-06 1.261E-07 5.430E-06 2.903E-03 4.346E-05 2.717E-11 2.237E-11 6.168E+09 1.529E+01 6.390E+00 5.372E-07 1.052E-07 2.197E-13 8.946E-15 9.826E-13 5.797E-19 1.326E-06 4.302E-22 5.252E-25 4.579E-41 1.104E-28 6.554E-04 1.467E-06 8.615E-07 3.175E-14 2.681E-17
   7.450E+06 2.510E+00 5.864E+13 2.230E-06 6.102E-03 2.618E+00 1.642E-06 9.508E-08 5.435E-06 2.907E-03 4.346E-05 1.536E-11 1.915E-11 4.820E+09 2.205E+01 6.147E+00 5.372E-07 1.052E-07 3.760E-13 7.368E-15 9.822E-13 4.614E-19 1.467E-06 1.829E-22 3.204E-25 1.454E-41 5.972E-29 6.734E-04 1.620E-06 7.937E-07 2.831E-14 2.378E-17
   7.550E+06 2.261E+00 4.990E+13 1.539E-06 4.447E-03 1.291E+00 1.652E-06 9.575E-08 5.438E-06 2.909E-03 4.346E-05 8.895E-12 1.639E-11 3.798E+09 3.288E+01 5.893E+00 5.372E-07 1.052E-07 6.588E-13 6.109E-15 9.818E-13 3.711E-19 1.620E-06 7.730E-23 2.003E-25 4.528E-42 3.502E-29 6.914E-04 1.783E-06 7.182E-07 2.523E-14 2.105E-17
   7.650E+06 2.048E+00 4.284E+13 1.069E-06 3.271E-03 6.580E-01 1.659E-06 9.630E-08 5.441E-06 2.912E-03 4.346E-05 5.275E-12 1.403E-11 3.016E+09 4.731E+01 5.628E+00 5.372E-07 1.052E-07 1.104E-12 5.084E-15 9.813E-13 3.012E-19 1.783E-06 3.641E-23 1.281E-25 1.411E-42 2.230E-29 7.092E-04 1.951E-06 6.370E-07 2.247E-14 1.862E-17
   7.750E+06 1.865E+00 3.706E+13 7.480E-07 2.426E-03 3.457E-01 1.666E-06 9.674E-08 5.443E-06 2.915E-03 4.346E-05 3.200E-12 1.202E-11 2.411E+09 6.430E+01 5.360E+00 5.372E-07 1.052E-07 1.735E-12 4.235E-15 9.809E-13 2.467E-19 1.951E-06 2.323E-23 8.355E-26 4.461E-43 1.514E-29 7.269E-04 2.118E-06 5.524E-07 2.002E-14 1.647E-17
   7.850E+06 1.706E+00 3.225E+13 5.262E-07 1.812E-03 1.855E-01 1.671E-06 9.709E-08 5.445E-06 2.917E-03 4.346E-05 1.971E-12 1.032E-11 1.937E+09 8.323E+01 5.093E+00 5.372E-07 1.052E-07 2.580E-12 3.517E-15 9.803E-13 2.030E-19 2.118E-06 2.125E-23 5.518E-26 1.439E-43 1.067E-29 7.445E-04 2.279E-06 4.674E-07 1.785E-14 1.460E-17
   7.950E+06 1.567E+00 2.824E+13 3.727E-07 1.364E-03 1.024E-01 1.675E-06 9.739E-08 5.447E-06 2.929E-03 4.346E-05 1.238E-12 8.869E-12 1.565E+09 1.014E+02 4.831E+00 5.372E-07 1.052E-07 3.591E-12 2.912E-15 9.798E-13 1.683E-19 2.279E-06 2.305E-23 3.703E-26 4.768E-44 7.604E-30 7.621E-04 2.428E-06 3.851E-07 1.592E-14 1.297E-17
   8.050E+06 1.445E+00 2.488E+13 2.658E-07 1.035E-03 5.866E-02 1.679E-06 9.763E-08 5.448E-06 2.971E-03 4.346E-05 7.935E-13 7.635E-12 1.272E+09 1.162E+02 4.575E+00 5.372E-07 1.052E-07 4.668E-12 2.402E-15 9.791E-13 1.406E-19 2.428E-06 2.503E-23 2.526E-26 1.634E-44 5.388E-30 7.796E-04 2.561E-06 3.086E-07 1.422E-14 1.156E-17
   8.150E+06 1.337E+00 2.204E+13 1.907E-07 7.908E-04 3.468E-02 1.681E-06 9.783E-08 5.449E-06 3.035E-03 4.346E-05 5.183E-13 6.584E-12 1.038E+09 1.254E+02 4.326E+00 5.372E-07 1.052E-07 5.689E-12 1.973E-15 9.785E-13 1.182E-19 2.561E-06 2.544E-23 1.749E-26 5.819E-45 3.757E-30 7.972E-04 2.676E-06 2.403E-07 1.271E-14 1.034E-17
   8.250E+06 1.241E+00 1.963E+13 1.377E-07 6.082E-04 2.089E-02 1.684E-06 9.800E-08 5.450E-06 3.090E-03 4.346E-05 3.444E-13 5.686E-12 8.520E+08 1.282E+02 4.087E+00 5.372E-07 1.052E-07 6.529E-12 1.613E-15 9.777E-13 1.001E-19 2.676E-06 2.377E-23 1.228E-26 2.158E-45 2.565E-30 8.148E-04 2.771E-06 1.819E-07 1.138E-14 9.291E-18
   8.350E+06 1.156E+00 1.756E+13 9.999E-08 4.706E-04 1.262E-02 1.686E-06 9.814E-08 5.450E-06 3.090E-03 4.346E-05 2.325E-13 4.917E-12 7.019E+08 1.244E+02 3.857E+00 5.372E-07 1.052E-07 7.086E-12 1.314E-15 9.769E-13 8.522E-20 2.771E-06 2.030E-23 8.739E-27 8.352E-46 1.712E-30 8.325E-04 2.848E-06 1.339E-07 1.021E-14 8.387E-18
   8.450E+06 1.079E+00 1.585E+13 7.334E-08 3.680E-04 7.992E-03 1.687E-06 9.826E-08 5.451E-06 3.090E-03 4.346E-05 1.632E-13 4.259E-12 5.832E+08 1.111E+02 3.634E+00 5.372E-07 1.052E-07 7.009E-12 1.075E-15 9.761E-13 7.374E-20 2.848E-06 1.544E-23 6.435E-27 3.438E-46 1.117E-30 8.503E-04 2.909E-06 9.637E-08 9.176E-15 7.606E-18
   8.550E+06 1.010E+00 1.440E+13 5.423E-08 2.902E-04 5.231E-03 1.689E-06 9.836E-08 5.451E-06 3.090E-03 4.346E-05 1.176E-13 3.698E-12 4.876E+08 9.349E+01 3.421E+00 5.372E-07 1.052E-07 6.493E-12 8.821E-16 9.752E-13 6.449E-20 2.909E-06 1.067E-23 4.850E-27 1.511E-46 7.141E-31 8.682E-04 2.957E-06 6.793E-08 8.271E-15 6.933E-18
   8.650E+06 9.470E-01 1.312E+13 4.033E-08 2.302E-04 3.463E-03 1.690E-06 9.845E-08 5.452E-06 3.090E-03 4.346E-05 8.545E-14 3.219E-12 4.086E+08 7.629E+01 3.220E+00 5.372E-07 1.052E-07 5.816E-12 7.222E-16 9.743E-13 5.661E-20 2.957E-06 6.901E-24 3.683E-27 6.985E-47 4.487E-31 8.862E-04 2.993E-06 4.693E-08 7.476E-15 6.350E-18
   8.750E+06 8.895E-01 1.198E+13 3.016E-08 1.836E-04 2.316E-03 1.691E-06 9.852E-08 5.452E-06 3.090E-03 4.346E-05 6.256E-14 2.811E-12 3.432E+08 6.048E+01 3.030E+00 5.372E-07 1.052E-07 5.049E-12 5.905E-16 9.733E-13 4.986E-20 2.993E-06 4.225E-24 2.816E-27 3.360E-47 2.777E-31 9.043E-04 3.022E-06 3.180E-08 6.779E-15 5.846E-18
   8.850E+06 8.369E-01 1.097E+13 2.270E-08 1.473E-04 1.562E-03 1.692E-06 9.859E-08 5.453E-06 3.090E-03 4.346E-05 4.610E-14 2.464E-12 2.889E+08 4.666E+01 2.851E+00 5.372E-07 1.052E-07 4.254E-12 4.826E-16 9.723E-13 4.404E-20 3.022E-06 2.461E-24 2.167E-27 1.667E-47 1.696E-31 9.227E-04 3.044E-06 2.116E-08 6.168E-15 5.407E-18
   8.950E+06 7.887E-01 1.007E+13 1.720E-08 1.190E-04 1.063E-03 1.693E-06 9.864E-08 5.453E-06 3.090E-03 4.346E-05 3.417E-14 2.168E-12 2.435E+08 3.510E+01 2.682E+00 5.372E-07 1.052E-07 3.487E-12 3.943E-16 9.712E-13 3.902E-20 3.044E-06 1.371E-24 1.678E-27 8.484E-48 1.025E-31 9.413E-04 3.061E-06 1.383E-08 5.633E-15 5.026E-18
   9.050E+06 7.445E-01 9.258E+12 1.312E-08 9.681E-05 7.282E-04 1.693E-06 9.869E-08 5.453E-06 3.090E-03 4.346E-05 2.545E-14 1.918E-12 2.055E+08 2.580E+01 2.522E+00 5.372E-07 1.052E-07 2.786E-12 3.222E-16 9.701E-13 3.466E-20 3.061E-06 7.324E-25 1.307E-27 4.414E-48 6.141E-32 9.600E-04 3.074E-06 8.906E-09 5.165E-15 4.694E-18
   9.150E+06 7.038E-01 8.534E+12 1.008E-08 7.934E-05 5.025E-04 1.694E-06 9.873E-08 5.453E-06 3.090E-03 4.346E-05 1.905E-14 1.705E-12 1.736E+08 1.859E+01 2.371E+00 5.372E-07 1.052E-07 2.178E-12 2.632E-16 9.690E-13 3.088E-20 3.074E-06 3.766E-25 1.023E-27 2.352E-48 3.652E-32 9.790E-04 3.083E-06 5.661E-09 4.757E-15 4.405E-18
   9.250E+06 6.661E-01 7.927E+12 7.845E-09 6.596E-05 3.611E-04 1.694E-06 9.877E-08 5.453E-06 3.090E-03 4.346E-05 1.474E-14 1.526E-12 1.475E+08 1.271E+01 2.225E+00 5.372E-07 1.052E-07 1.604E-12 2.171E-16 9.678E-13 2.793E-20 3.083E-06 1.838E-25 8.287E-28 1.317E-48 2.164E-32 9.982E-04 3.091E-06 3.581E-09 4.404E-15 4.155E-18
   9.350E+06 6.311E-01 7.388E+12 6.170E-09 5.542E-05 2.636E-04 1.695E-06 9.880E-08 5.454E-06 3.090E-03 4.346E-05 1.155E-14 1.375E-12 1.256E+08 8.520E+00 2.086E+00 5.372E-07 1.052E-07 1.153E-12 1.796E-16 9.666E-13 2.543E-20 3.091E-06 8.645E-26 6.802E-28 7.687E-49 1.279E-32 1.018E-03 3.097E-06 2.259E-09 4.100E-15 3.939E-18
   9.450E+06 5.984E-01 6.894E+12 4.894E-09 4.700E-05 1.927E-04 1.695E-06 9.883E-08 5.454E-06 3.090E-03 4.346E-05 9.047E-15 1.250E-12 1.067E+08 5.686E+00 1.955E+00 5.372E-07 1.052E-07 8.248E-13 1.482E-16 9.653E-13 2.318E-20 3.097E-06 3.986E-26 5.598E-28 4.605E-49 7.564E-33 1.037E-03 3.101E-06 1.423E-09 3.839E-15 3.752E-18
   9.550E+06 5.679E-01 6.440E+12 3.918E-09 4.028E-05 1.409E-04 1.695E-06 9.885E-08 5.454E-06 3.090E-03 4.346E-05 7.080E-15 1.147E-12 9.047E+07 3.792E+00 1.829E+00 5.372E-07 1.052E-07 5.888E-13 1.220E-16 9.641E-13 2.116E-20 3.101E-06 1.822E-26 4.619E-28 2.808E-49 4.492E-33 1.057E-03 3.105E-06 8.972E-10 3.618E-15 3.593E-18
   9.650E+06 5.394E-01 6.023E+12 3.169E-09 3.493E-05 1.029E-04 1.695E-06 9.887E-08 5.454E-06 3.090E-03 4.346E-05 5.530E-15 1.063E-12 7.644E+07 2.545E+00 1.708E+00 5.372E-07 1.052E-07 4.225E-13 1.001E-16 9.628E-13 1.933E-20 3.105E-06 8.368E-27 3.821E-28 1.735E-49 2.699E-33 1.078E-03 3.107E-06 5.706E-10 3.434E-15 3.458E-18
   9.750E+06 5.128E-01 5.639E+12 2.591E-09 3.068E-05 7.502E-05 1.696E-06 9.889E-08 5.454E-06 3.090E-03 4.346E-05 4.305E-15 9.977E-13 6.429E+07 1.750E+00 1.593E+00 5.372E-07 1.052E-07 3.103E-13 8.170E-17 9.614E-13 1.768E-20 3.107E-06 3.961E-27 3.168E-28 1.088E-49 1.670E-33 1.098E-03 3.108E-06 3.725E-10 3.284E-15 3.345E-18
   9.850E+06 4.879E-01 5.284E+12 2.143E-09 2.733E-05 5.446E-05 1.696E-06 9.891E-08 5.454E-06 3.090E-03 4.346E-05 3.335E-15 9.483E-13 5.372E+07 1.283E+00 1.481E+00 5.372E-07 1.052E-07 2.427E-13 6.625E-17 9.601E-13 1.620E-20 3.108E-06 2.061E-27 2.633E-28 7.026E-50 1.108E-33 1.119E-03 3.107E-06 2.598E-10 3.165E-15 3.253E-18
   9.950E+06 4.645E-01 4.957E+12 1.793E-09 2.471E-05 3.962E-05 1.696E-06 9.892E-08 5.454E-06 3.090E-03 4.346E-05 2.586E-15 9.139E-13 4.451E+07 1.079E+00 1.373E+00 5.372E-07 1.052E-07 2.176E-13 5.327E-17 9.587E-13 1.485E-20 3.107E-06 1.363E-27 2.195E-28 4.971E-50 8.497E-34 1.141E-03 0.000E+00 2.083E-10 3.076E-15 3.179E-18
