
     Z         PRESS      DEN     ProOH1    ProOH25    ProO3D    PO2D       PO2      PH2O      PO3D      PH2O2     FO3      FH2O      NumO2      NumOH      NumO1D     PN2O     PCH3CL
   5.000E+04 9.566E+05 2.408E+19 7.561E+05 1.726E+05 5.268E+06 0.000E+00 2.225E-12 5.388E-13 6.775E-05 4.184E-06 3.229E-09 1.330E-02 5.122E+15 5.255E+06 7.187E-03 2.247E-09 1.535E-11
   1.500E+05 8.484E+05 2.185E+19 5.194E+05 2.132E+05 5.476E+06 0.000E+00 3.676E-12 1.167E-12 7.559E-05 4.647E-06 3.316E-09 8.358E-03 4.784E+15 4.419E+06 8.617E-03 4.085E-09 3.740E-11
   2.500E+05 7.504E+05 1.973E+19 4.451E+05 2.453E+05 7.167E+06 0.000E+00 5.338E-12 2.338E-12 8.252E-05 5.078E-06 4.401E-09 5.315E-03 4.447E+15 4.748E+06 1.279E-02 6.587E-09 7.905E-11
   3.500E+05 6.622E+05 1.774E+19 4.230E+05 2.742E+05 1.055E+07 0.000E+00 7.265E-12 4.581E-12 8.847E-05 5.484E-06 6.720E-09 3.374E-03 4.113E+15 5.543E+06 2.121E-02 9.975E-09 1.524E-10
   4.500E+05 5.830E+05 1.594E+19 3.742E+05 2.845E+05 1.574E+07 0.000E+00 9.521E-12 9.024E-12 9.344E-05 5.873E-06 1.057E-08 1.978E-03 3.798E+15 6.331E+06 3.545E-02 1.453E-08 2.761E-10
   5.500E+05 5.118E+05 1.432E+19 2.855E+05 2.654E+05 2.258E+07 0.000E+00 1.218E-11 1.771E-11 9.774E-05 6.252E-06 1.613E-08 1.046E-03 3.505E+15 6.814E+06 5.658E-02 2.052E-08 4.722E-10
   6.500E+05 4.479E+05 1.286E+19 1.827E+05 2.166E+05 3.048E+07 0.000E+00 1.528E-11 3.396E-11 1.016E-04 6.626E-06 2.333E-08 4.958E-04 3.230E+15 6.832E+06 8.450E-02 2.798E-08 7.585E-10
   7.500E+05 3.905E+05 1.154E+19 9.674E+04 1.525E+05 3.865E+07 0.000E+00 1.885E-11 6.360E-11 1.051E-04 6.998E-06 3.185E-08 2.077E-04 2.968E+15 6.456E+06 1.182E-01 3.675E-08 1.147E-09
   8.500E+05 3.391E+05 1.033E+19 4.211E+04 9.027E+04 4.617E+07 1.405E-86 2.282E-11 1.149E-10 1.086E-04 7.369E-06 4.113E-08 7.604E-05 2.716E+15 5.919E+06 1.556E-01 4.646E-08 1.634E-09
   9.500E+05 2.931E+05 9.219E+18 1.444E+04 4.128E+04 5.270E+07 1.323E-46 2.705E-11 1.949E-10 1.123E-04 7.741E-06 5.091E-08 2.298E-05 2.474E+15 5.293E+06 1.961E-01 5.670E-08 2.190E-09
   1.050E+06 2.523E+05 8.185E+18 3.280E+03 1.092E+04 6.036E+07 5.603E-36 3.144E-11 2.909E-10 1.162E-04 8.115E-06 6.344E-08 4.586E-06 2.252E+15 4.400E+06 2.492E-01 6.710E-08 2.770E-09
   1.150E+06 2.161E+05 7.220E+18 3.753E+03 1.253E+04 7.247E+07 1.542E-32 3.604E-11 3.950E-10 1.208E-04 8.499E-06 8.311E-08 4.395E-06 2.096E+15 5.068E+06 3.346E-01 7.764E-08 3.361E-09
   1.250E+06 1.844E+05 6.317E+18 4.175E+03 1.288E+04 9.017E+07 1.155E-29 4.107E-11 5.171E-10 1.267E-04 8.908E-06 1.126E-07 3.943E-06 2.056E+15 5.813E+06 4.704E-01 8.859E-08 3.987E-09
   1.350E+06 1.567E+05 5.484E+18 3.935E+03 1.087E+04 1.122E+08 1.881E-27 4.680E-11 6.621E-10 1.349E-04 9.363E-06 1.517E-07 2.993E-06 2.183E+15 6.124E+06 6.685E-01 1.002E-07 4.662E-09
   1.450E+06 1.327E+05 4.733E+18 3.250E+03 8.076E+03 1.357E+08 6.783E-26 5.352E-11 8.335E-10 1.458E-04 9.889E-06 1.967E-07 2.047E-06 2.472E+15 5.963E+06 9.297E-01 1.127E-07 5.397E-09
   1.550E+06 1.126E+05 3.883E+18 3.818E+03 8.565E+03 1.512E+08 1.198E-24 6.238E-11 1.032E-09 1.665E-04 1.049E-05 2.339E-07 2.137E-06 2.732E+15 6.270E+06 1.288E+00 1.260E-07 6.184E-09
   1.650E+06 9.576E+04 3.303E+18 4.583E+03 9.364E+03 1.725E+08 1.498E-23 7.188E-11 1.263E-09 1.875E-04 1.118E-05 2.784E-07 2.245E-06 3.113E+15 6.867E+06 1.731E+00 1.398E-07 7.021E-09
   1.750E+06 8.145E+04 2.810E+18 5.494E+03 1.021E+04 1.962E+08 1.571E-22 8.317E-11 1.539E-09 2.150E-04 1.199E-05 3.247E-07 2.361E-06 3.435E+15 7.600E+06 2.320E+00 1.546E-07 7.931E-09
   1.850E+06 6.929E+04 2.390E+18 6.513E+03 1.109E+04 2.210E+08 1.399E-21 9.665E-11 1.871E-09 2.518E-04 1.296E-05 3.672E-07 2.480E-06 3.657E+15 8.529E+06 3.077E+00 1.702E-07 8.920E-09
   1.950E+06 5.894E+04 2.033E+18 7.595E+03 1.198E+04 2.456E+08 1.061E-20 1.126E-10 2.267E-09 3.025E-04 1.413E-05 3.994E-07 2.598E-06 3.756E+15 9.706E+06 4.028E+00 1.866E-07 9.984E-09
   2.050E+06 5.014E+04 1.730E+18 8.676E+03 1.282E+04 2.685E+08 6.817E-20 1.313E-10 2.738E-09 3.743E-04 1.554E-05 4.148E-07 2.708E-06 3.734E+15 1.118E+07 5.188E+00 2.033E-07 1.111E-08
   2.150E+06 4.266E+04 1.472E+18 9.672E+03 1.359E+04 2.878E+08 3.699E-19 1.523E-10 3.288E-09 4.769E-04 1.724E-05 4.101E-07 2.810E-06 3.613E+15 1.299E+07 6.552E+00 2.199E-07 1.228E-08
   2.250E+06 3.630E+04 1.252E+18 1.042E+04 1.423E+04 2.995E+08 1.697E-18 1.751E-10 3.919E-09 6.192E-04 1.922E-05 3.863E-07 2.901E-06 3.422E+15 1.509E+07 8.034E+00 2.359E-07 1.347E-08
   2.350E+06 3.088E+04 1.065E+18 1.072E+04 1.472E+04 2.995E+08 6.634E-18 1.987E-10 4.634E-09 8.022E-04 2.144E-05 3.505E-07 2.982E-06 3.185E+15 1.730E+07 9.456E+00 2.508E-07 1.465E-08
   2.450E+06 2.628E+04 9.064E+17 1.051E+04 1.504E+04 2.869E+08 2.238E-17 2.221E-10 5.438E-09 1.016E-03 2.377E-05 3.117E-07 3.052E-06 2.924E+15 1.938E+07 1.065E+01 2.644E-07 1.583E-08
   2.550E+06 2.236E+04 7.713E+17 9.876E+03 1.522E+04 2.646E+08 6.640E-17 2.449E-10 6.344E-09 1.243E-03 2.608E-05 2.760E-07 3.111E-06 2.656E+15 2.113E+07 1.153E+01 2.767E-07 1.698E-08
   2.650E+06 1.903E+04 6.564E+17 8.968E+03 1.530E+04 2.369E+08 1.767E-16 2.671E-10 7.375E-09 1.469E-03 2.827E-05 2.457E-07 3.160E-06 2.392E+15 2.247E+07 1.211E+01 2.878E-07 1.812E-08
   2.750E+06 1.619E+04 5.586E+17 7.932E+03 1.531E+04 2.072E+08 4.298E-16 2.888E-10 8.565E-09 1.682E-03 3.027E-05 2.206E-07 3.201E-06 2.139E+15 2.341E+07 1.243E+01 2.979E-07 1.924E-08
   2.850E+06 1.378E+04 4.754E+17 6.869E+03 1.531E+04 1.779E+08 9.694E-16 3.106E-10 9.964E-09 1.874E-03 3.204E-05 1.997E-07 3.232E-06 1.901E+15 2.402E+07 1.252E+01 3.071E-07 2.037E-08
   2.950E+06 1.173E+04 4.046E+17 5.842E+03 1.533E+04 1.504E+08 2.046E-15 3.329E-10 1.164E-08 2.044E-03 3.358E-05 1.818E-07 3.255E-06 1.682E+15 2.438E+07 1.242E+01 3.155E-07 2.152E-08
   3.050E+06 9.985E+03 3.444E+17 4.884E+03 1.541E+04 1.252E+08 4.057E-15 3.563E-10 1.368E-08 2.191E-03 3.490E-05 1.660E-07 3.271E-06 1.483E+15 2.457E+07 1.214E+01 3.232E-07 2.268E-08
   3.150E+06 8.499E+03 2.932E+17 4.013E+03 1.555E+04 1.027E+08 7.579E-15 3.815E-10 1.618E-08 2.314E-03 3.602E-05 1.513E-07 3.279E-06 1.302E+15 2.466E+07 1.169E+01 3.304E-07 2.389E-08
   3.250E+06 7.235E+03 2.496E+17 3.238E+03 1.576E+04 8.284E+07 1.338E-14 4.092E-10 1.926E-08 2.417E-03 3.694E-05 1.373E-07 3.280E-06 1.140E+15 2.470E+07 1.108E+01 3.372E-07 2.514E-08
   3.350E+06 6.159E+03 2.124E+17 2.564E+03 1.602E+04 6.572E+07 2.243E-14 4.400E-10 2.303E-08 2.500E-03 3.770E-05 1.237E-07 3.274E-06 9.951E+14 2.473E+07 1.032E+01 3.436E-07 2.646E-08
   3.450E+06 5.243E+03 1.809E+17 1.991E+03 1.628E+04 5.123E+07 3.593E-14 4.746E-10 2.759E-08 2.567E-03 3.831E-05 1.103E-07 3.262E-06 8.667E+14 2.475E+07 9.454E+00 3.496E-07 2.785E-08
   3.550E+06 4.464E+03 1.540E+17 1.517E+03 1.650E+04 3.924E+07 5.539E-14 5.136E-10 3.304E-08 2.620E-03 3.881E-05 9.729E-08 3.243E-06 7.532E+14 2.474E+07 8.507E+00 3.554E-07 2.932E-08
   3.650E+06 3.801E+03 1.311E+17 1.135E+03 1.663E+04 2.957E+07 8.309E-14 5.576E-10 3.942E-08 2.660E-03 3.920E-05 8.479E-08 3.219E-06 6.530E+14 2.470E+07 7.530E+00 3.610E-07 3.087E-08
   3.750E+06 3.236E+03 1.116E+17 8.349E+02 1.664E+04 2.197E+07 1.252E-13 6.071E-10 4.675E-08 2.691E-03 3.951E-05 7.312E-08 3.189E-06 5.651E+14 2.459E+07 6.569E+00 3.665E-07 3.251E-08
   3.850E+06 2.756E+03 9.505E+16 6.058E+02 1.650E+04 1.612E+07 2.055E-13 6.626E-10 5.506E-08 2.715E-03 3.975E-05 6.247E-08 3.153E-06 4.882E+14 2.440E+07 5.662E+00 3.717E-07 3.422E-08
   3.950E+06 2.347E+03 8.094E+16 4.342E+02 1.626E+04 1.171E+07 4.120E-13 7.245E-10 6.454E-08 2.733E-03 3.994E-05 5.293E-08 3.112E-06 4.211E+14 2.416E+07 4.829E+00 3.768E-07 3.600E-08
   4.050E+06 1.998E+03 6.893E+16 3.074E+02 1.602E+04 8.412E+06 1.004E-12 7.937E-10 7.584E-08 2.746E-03 4.010E-05 4.444E-08 3.065E-06 3.628E+14 2.394E+07 4.075E+00 3.817E-07 3.783E-08
   4.150E+06 1.702E+03 5.870E+16 2.142E+02 1.602E+04 5.959E+06 2.589E-12 8.709E-10 9.061E-08 2.756E-03 4.022E-05 3.683E-08 3.013E-06 3.122E+14 2.390E+07 3.392E+00 3.865E-07 3.971E-08
   4.250E+06 1.449E+03 4.999E+16 1.461E+02 1.656E+04 4.141E+06 6.303E-12 9.581E-10 1.121E-07 2.763E-03 4.032E-05 2.997E-08 2.955E-06 2.683E+14 2.425E+07 2.771E+00 3.911E-07 4.161E-08
   4.350E+06 1.234E+03 4.258E+16 9.746E+01 1.791E+04 2.816E+06 1.388E-11 1.058E-09 1.454E-07 2.769E-03 4.040E-05 2.389E-08 2.892E-06 2.304E+14 2.516E+07 2.217E+00 3.955E-07 4.352E-08
   4.450E+06 1.051E+03 3.627E+16 6.386E+01 2.015E+04 1.885E+06 2.746E-11 1.173E-09 1.968E-07 2.773E-03 4.046E-05 1.874E-08 2.823E-06 1.977E+14 2.663E+07 1.747E+00 3.998E-07 4.545E-08
   4.550E+06 8.957E+02 3.089E+16 4.161E+01 2.315E+04 1.256E+06 4.923E-11 1.307E-09 2.728E-07 2.776E-03 4.052E-05 1.465E-08 2.747E-06 1.696E+14 2.847E+07 1.373E+00 4.039E-07 4.739E-08
   4.650E+06 7.630E+02 2.632E+16 2.734E+01 2.651E+04 8.426E+05 8.087E-11 1.464E-09 3.781E-07 2.778E-03 4.057E-05 1.153E-08 2.664E-06 1.453E+14 3.040E+07 1.092E+00 4.078E-07 4.933E-08
   4.750E+06 6.500E+02 2.242E+16 1.828E+01 2.972E+04 5.734E+05 1.232E-10 1.648E-09 5.150E-07 2.779E-03 4.061E-05 9.201E-09 2.574E-06 1.244E+14 3.214E+07 8.873E-01 4.117E-07 5.129E-08
   4.850E+06 5.537E+02 1.910E+16 1.250E+01 3.225E+04 3.967E+05 1.759E-10 1.860E-09 6.822E-07 2.781E-03 4.064E-05 7.470E-09 2.475E-06 1.065E+14 3.346E+07 7.405E-01 4.153E-07 5.325E-08
   4.950E+06 4.718E+02 1.627E+16 8.745E+00 3.373E+04 2.789E+05 2.377E-10 2.102E-09 8.752E-07 2.782E-03 4.067E-05 6.161E-09 2.368E-06 9.116E+13 3.424E+07 6.356E-01 4.189E-07 5.523E-08
   5.050E+06 4.019E+02 1.386E+16 6.249E+00 3.396E+04 1.986E+05 3.066E-10 2.373E-09 1.087E-06 2.783E-03 4.070E-05 5.149E-09 2.253E-06 7.798E+13 3.442E+07 5.604E-01 4.223E-07 5.721E-08
   5.150E+06 3.425E+02 1.181E+16 4.548E+00 3.298E+04 1.430E+05 3.803E-10 2.672E-09 1.311E-06 2.783E-03 4.073E-05 4.348E-09 2.130E-06 6.668E+13 3.403E+07 5.062E-01 4.256E-07 5.921E-08
   5.250E+06 2.918E+02 1.007E+16 3.360E+00 3.099E+04 1.037E+05 4.565E-10 2.998E-09 1.538E-06 2.784E-03 4.075E-05 3.702E-09 2.002E-06 5.700E+13 3.312E+07 4.670E-01 4.288E-07 6.121E-08
   5.350E+06 2.487E+02 8.578E+15 2.513E+00 2.826E+04 7.575E+04 5.332E-10 3.351E-09 1.761E-06 2.784E-03 4.078E-05 3.172E-09 1.870E-06 4.871E+13 3.178E+07 4.386E-01 4.318E-07 6.320E-08
   5.450E+06 2.119E+02 7.310E+15 1.895E+00 2.506E+04 5.565E+04 6.091E-10 3.731E-09 1.976E-06 2.785E-03 4.080E-05 2.734E-09 1.735E-06 4.161E+13 3.007E+07 4.184E-01 4.347E-07 6.518E-08
   5.550E+06 1.806E+02 6.230E+15 1.436E+00 2.165E+04 4.114E+04 6.830E-10 4.140E-09 2.177E-06 2.785E-03 4.081E-05 2.371E-09 1.596E-06 3.554E+13 2.806E+07 4.044E-01 4.375E-07 6.714E-08
   5.650E+06 1.539E+02 5.309E+15 1.092E+00 1.828E+04 3.062E+04 7.545E-10 4.581E-09 2.363E-06 2.785E-03 4.083E-05 2.071E-09 1.457E-06 3.035E+13 2.583E+07 3.953E-01 4.402E-07 6.908E-08
   5.750E+06 1.312E+02 4.525E+15 8.314E-01 1.512E+04 2.295E+04 8.239E-10 5.061E-09 2.532E-06 2.786E-03 4.085E-05 1.821E-09 1.320E-06 2.592E+13 2.345E+07 3.900E-01 4.427E-07 7.097E-08
   5.850E+06 1.118E+02 3.857E+15 6.342E-01 1.227E+04 1.736E+04 8.940E-10 5.586E-09 2.683E-06 2.786E-03 4.086E-05 1.616E-09 1.186E-06 2.213E+13 2.097E+07 3.884E-01 4.451E-07 7.283E-08
   5.950E+06 9.532E+01 3.288E+15 4.863E-01 9.790E+03 1.329E+04 9.748E-10 6.164E-09 2.818E-06 2.786E-03 4.088E-05 1.451E-09 1.056E-06 1.889E+13 1.841E+07 3.921E-01 4.474E-07 7.465E-08
   6.050E+06 8.125E+01 2.803E+15 3.798E-01 7.701E+03 1.032E+04 1.093E-09 6.803E-09 2.938E-06 2.786E-03 4.089E-05 1.322E-09 9.352E-07 1.612E+13 1.586E+07 4.058E-01 4.496E-07 7.642E-08
   6.150E+06 6.927E+01 2.389E+15 3.077E-01 5.990E+03 7.982E+03 1.307E-09 7.511E-09 3.045E-06 2.786E-03 4.090E-05 1.199E-09 8.235E-07 1.376E+13 1.370E+07 4.380E-01 4.517E-07 7.813E-08
   6.250E+06 5.905E+01 2.037E+15 2.647E-01 4.606E+03 6.000E+03 1.717E-09 8.295E-09 3.140E-06 2.786E-03 4.091E-05 1.057E-09 7.203E-07 1.174E+13 1.331E+07 5.053E-01 4.537E-07 7.980E-08
   6.350E+06 5.034E+01 1.737E+15 2.744E-01 3.437E+03 9.132E+03 2.468E-09 9.162E-09 3.226E-06 2.786E-03 4.092E-05 1.887E-09 6.136E-07 1.002E+13 7.841E+06 7.212E-01 4.555E-07 8.141E-08
   6.450E+06 4.292E+01 1.481E+15 3.864E-01 2.499E+03 2.933E+04 3.738E-09 1.012E-08 3.306E-06 2.787E-03 4.093E-05 7.109E-09 5.106E-07 8.549E+12 1.758E+06 1.431E+00 4.573E-07 8.296E-08
   6.550E+06 3.660E+01 1.262E+15 5.020E-01 1.812E+03 5.647E+04 5.705E-09 1.117E-08 3.383E-06 2.787E-03 4.094E-05 1.605E-08 4.242E-07 7.288E+12 6.538E+05 2.625E+00 4.591E-07 8.446E-08
   6.650E+06 3.121E+01 1.076E+15 5.620E-01 1.318E+03 7.973E+04 8.528E-09 1.231E-08 3.459E-06 2.787E-03 4.095E-05 2.658E-08 3.539E-07 6.208E+12 3.326E+05 4.132E+00 4.607E-07 8.590E-08
   6.750E+06 2.661E+01 9.180E+14 5.682E-01 9.643E+02 9.518E+04 1.233E-08 1.355E-08 3.536E-06 2.787E-03 4.096E-05 3.721E-08 2.970E-07 5.282E+12 1.957E+05 5.836E+00 4.622E-07 8.729E-08
   6.850E+06 2.269E+01 7.828E+14 5.369E-01 7.108E+02 1.021E+05 1.724E-08 1.487E-08 3.616E-06 2.787E-03 4.097E-05 4.679E-08 2.511E-07 4.489E+12 1.238E+05 7.649E+00 4.636E-07 8.863E-08
   6.950E+06 1.935E+01 6.676E+14 4.854E-01 5.284E+02 1.014E+05 2.338E-08 1.627E-08 3.698E-06 2.787E-03 4.098E-05 5.450E-08 2.140E-07 3.810E+12 8.116E+04 9.515E+00 4.650E-07 8.991E-08
   7.050E+06 1.651E+01 5.694E+14 4.270E-01 3.963E+02 9.495E+04 3.097E-08 1.774E-08 3.783E-06 2.787E-03 4.098E-05 5.983E-08 1.840E-07 3.229E+12 5.421E+04 1.142E+01 4.663E-07 9.112E-08
   7.150E+06 1.408E+01 4.856E+14 3.703E-01 3.001E+02 8.480E+04 4.025E-08 1.928E-08 3.872E-06 2.787E-03 4.099E-05 6.264E-08 1.596E-07 2.734E+12 3.652E+04 1.338E+01 4.674E-07 9.227E-08
   7.250E+06 1.201E+01 4.142E+14 3.186E-01 2.284E+02 7.336E+04 5.148E-08 2.089E-08 3.965E-06 2.787E-03 4.100E-05 6.354E-08 1.391E-07 2.312E+12 2.466E+04 1.549E+01 4.685E-07 9.334E-08
   7.350E+06 1.024E+01 3.533E+14 2.722E-01 1.737E+02 6.215E+04 6.492E-08 2.257E-08 4.062E-06 2.788E-03 4.100E-05 6.310E-08 1.210E-07 1.951E+12 1.662E+04 1.783E+01 4.694E-07 9.433E-08
   7.450E+06 8.738E+00 3.014E+14 2.308E-01 1.318E+02 5.160E+04 8.080E-08 2.431E-08 4.161E-06 2.788E-03 4.101E-05 6.142E-08 1.051E-07 1.643E+12 1.117E+04 2.041E+01 4.703E-07 9.524E-08
   7.550E+06 7.454E+00 2.571E+14 1.945E-01 9.985E+01 4.199E+04 9.939E-08 2.609E-08 4.263E-06 2.788E-03 4.101E-05 5.859E-08 9.109E-08 1.381E+12 7.468E+03 2.326E+01 4.711E-07 9.607E-08
   7.650E+06 6.359E+00 2.194E+14 1.631E-01 7.549E+01 3.352E+04 1.211E-07 2.790E-08 4.367E-06 2.788E-03 4.102E-05 5.481E-08 7.880E-08 1.157E+12 4.966E+03 2.643E+01 4.718E-07 9.681E-08
   7.750E+06 5.425E+00 1.871E+14 1.363E-01 5.695E+01 2.625E+04 1.466E-07 2.972E-08 4.472E-06 2.788E-03 4.102E-05 5.032E-08 6.805E-08 9.675E+11 3.280E+03 2.999E+01 4.724E-07 9.746E-08
   7.850E+06 4.629E+00 1.597E+14 1.138E-01 4.287E+01 2.019E+04 1.767E-07 3.160E-08 4.576E-06 2.788E-03 4.102E-05 4.536E-08 5.867E-08 8.066E+11 2.151E+03 3.403E+01 4.729E-07 9.803E-08
   7.950E+06 3.950E+00 1.362E+14 9.516E-02 3.220E+01 1.526E+04 2.129E-07 3.363E-08 4.680E-06 2.788E-03 4.102E-05 4.018E-08 5.050E-08 6.703E+11 1.400E+03 3.874E+01 4.733E-07 9.853E-08
   8.050E+06 3.370E+00 1.163E+14 7.986E-02 2.414E+01 1.134E+04 2.573E-07 3.604E-08 4.783E-06 2.788E-03 4.103E-05 3.498E-08 4.342E-08 5.553E+11 9.037E+02 4.431E+01 4.737E-07 9.896E-08
   8.150E+06 2.876E+00 9.920E+13 6.733E-02 1.806E+01 8.284E+03 3.121E-07 3.912E-08 4.883E-06 2.788E-03 4.103E-05 2.995E-08 3.728E-08 4.583E+11 5.786E+02 5.098E+01 4.740E-07 9.932E-08
   8.250E+06 2.454E+00 8.466E+13 5.694E-02 1.349E+01 5.955E+03 3.799E-07 4.314E-08 4.979E-06 2.788E-03 4.103E-05 2.523E-08 3.199E-08 3.769E+11 3.674E+02 5.888E+01 4.743E-07 9.963E-08
   8.350E+06 2.095E+00 7.225E+13 4.809E-02 1.005E+01 4.213E+03 4.619E-07 4.827E-08 5.072E-06 2.788E-03 4.103E-05 2.091E-08 2.744E-08 3.087E+11 2.314E+02 6.795E+01 4.745E-07 9.989E-08
   8.450E+06 1.788E+00 6.166E+13 4.031E-02 7.485E+00 2.933E+03 5.578E-07 5.449E-08 5.160E-06 2.788E-03 4.103E-05 1.706E-08 2.353E-08 2.519E+11 1.447E+02 7.782E+01 4.747E-07 1.001E-07
   8.550E+06 1.526E+00 5.263E+13 3.333E-02 5.566E+00 2.011E+03 6.653E-07 6.161E-08 5.242E-06 2.788E-03 4.103E-05 1.371E-08 2.018E-08 2.047E+11 8.979E+01 8.791E+01 4.749E-07 1.003E-07
   8.650E+06 1.302E+00 4.492E+13 2.707E-02 4.135E+00 1.359E+03 7.803E-07 6.930E-08 5.317E-06 2.788E-03 4.103E-05 1.085E-08 1.731E-08 1.658E+11 5.540E+01 9.747E+01 4.750E-07 1.004E-07
   8.750E+06 1.112E+00 3.835E+13 2.155E-02 3.070E+00 9.057E+02 8.979E-07 7.718E-08 5.384E-06 2.788E-03 4.103E-05 8.472E-09 1.487E-08 1.339E+11 3.402E+01 1.058E+02 4.751E-07 1.005E-07
   8.850E+06 9.490E-01 3.273E+13 1.682E-02 2.280E+00 5.959E+02 1.013E-06 8.489E-08 5.443E-06 2.788E-03 4.103E-05 6.530E-09 1.280E-08 1.077E+11 2.082E+01 1.124E+02 4.752E-07 1.006E-07
   8.950E+06 8.102E-01 2.795E+13 1.288E-02 1.694E+00 3.876E+02 1.123E-06 9.215E-08 5.495E-06 2.788E-03 4.104E-05 4.975E-09 1.103E-08 8.651E+10 1.273E+01 1.170E+02 4.752E-07 1.007E-07
   9.050E+06 6.917E-01 2.386E+13 9.716E-03 1.261E+00 2.495E+02 1.223E-06 9.877E-08 5.539E-06 2.788E-03 4.104E-05 3.751E-09 9.541E-09 6.931E+10 7.787E+00 1.195E+02 4.753E-07 1.008E-07
   9.150E+06 5.906E-01 2.037E+13 7.234E-03 9.405E-01 1.592E+02 1.312E-06 1.046E-07 5.577E-06 2.788E-03 4.104E-05 2.803E-09 8.279E-09 5.544E+10 4.786E+00 1.201E+02 4.753E-07 1.008E-07
   9.250E+06 5.043E-01 1.739E+13 5.333E-03 7.036E-01 1.008E+02 1.390E-06 1.097E-07 5.608E-06 2.788E-03 4.104E-05 2.079E-09 7.213E-09 4.429E+10 2.965E+00 1.190E+02 4.754E-07 1.009E-07
   9.350E+06 4.306E-01 1.485E+13 3.906E-03 5.286E-01 6.347E+01 1.457E-06 1.141E-07 5.634E-06 2.788E-03 4.104E-05 1.533E-09 6.317E-09 3.534E+10 1.861E+00 1.166E+02 4.754E-07 1.009E-07
   9.450E+06 3.678E-01 1.269E+13 2.851E-03 3.992E-01 3.975E+01 1.513E-06 1.178E-07 5.655E-06 2.788E-03 4.104E-05 1.124E-09 5.566E-09 2.818E+10 1.190E+00 1.131E+02 4.754E-07 1.009E-07
   9.550E+06 3.141E-01 1.083E+13 2.079E-03 3.035E-01 2.479E+01 1.560E-06 1.208E-07 5.672E-06 2.788E-03 4.104E-05 8.209E-10 4.939E-09 2.245E+10 7.798E-01 1.088E+02 4.754E-07 1.010E-07
   9.650E+06 2.683E-01 9.254E+12 1.519E-03 2.327E-01 1.542E+01 1.599E-06 1.233E-07 5.687E-06 2.788E-03 4.104E-05 5.977E-10 4.422E-09 1.788E+10 5.269E-01 1.040E+02 4.755E-07 1.010E-07
   9.750E+06 2.292E-01 7.905E+12 1.115E-03 1.801E-01 9.567E+00 1.631E-06 1.254E-07 5.698E-06 2.788E-03 4.104E-05 4.341E-10 3.999E-09 1.423E+10 3.688E-01 9.881E+01 4.755E-07 1.010E-07
   9.850E+06 1.958E-01 6.753E+12 8.246E-04 1.410E-01 5.928E+00 1.657E-06 1.270E-07 5.707E-06 2.788E-03 4.104E-05 3.149E-10 3.660E-09 1.131E+10 2.683E-01 9.345E+01 4.755E-07 1.010E-07
   9.950E+06 1.673E-01 5.769E+12 6.157E-04 1.120E-01 3.705E+00 1.678E-06 1.284E-07 5.715E-06 2.788E-03 4.104E-05 2.304E-10 3.396E-09 8.983E+09 2.033E-01 8.800E+01 4.755E-07 1.010E-07
