  #        0         1         2         3         4         5         6         7         8         9        10        11        12        13        14        15        16        17        18        19        20        21        22        23        24        25        26        27        28        29        30        31        32        33        34        35        36        37        38        39        40        41        42        43        44        45        46        47        48        49        50        51        52
      53        54        55
 #Z(km)    DENTOT   H2CO      O         H2O       OH        HO2       H2O2      O3        H         H2        CH4       CO        CH3OOH    CH3O2     N2O       NO        NO2       HNO2      HNO3      HO2NO2    NO3       N2O5      CL2O2     CH3CL     HOCL      CL        CLO       HCL       CLONO2    O2        H2S       HS        SO        SO2       H2SO4     HSO       CO2       SO4AER    CH21      CH23      O1D       CH3       H3CO      HCO       N         NOCL      CLONO     CLO2      CL2       S         SO21      SO23      HSO3    
SO3       S2        N2      
    0.5  2.429E+19 4.496E+09 7.476E+05 2.736E+17 8.869E+05 1.997E+08 2.625E+10 3.716E+11 1.114E+02 1.214E+13 3.886E+13 2.158E+12 2.122E+10 1.032E+08 6.630E+12 1.472E+08 4.867E+08 5.873E+05 1.598E+09 8.119E+06 3.116E+05 4.612E+03 4.300E-04 1.211E+10 3.518E+06 1.002E+02 1.391E+05 1.303E+08 1.152E+07 5.100E+15 9.829E+07 2.946E+02 9.003E+02 1.009E+09 4.565E+07 3.188E+06 9.715E+15 1.739E+09 0.000E+00 0.000E+00 1.805E-03 2.741E+01 1.840E+04 2.185E+00 2.618-153 5.885E+01 8.405E+02 1.301E-03 8.920E-01 1.284E-10 1.196E-04 8.983E-04 4.112E-01
    5.3  0.000E+00 2.427E+19
    1.5  2.202E+19 3.828E+09 1.114E+03 1.536E+17 7.626E+05 1.756E+08 2.486E+10 3.978E+11 1.114E-01 1.194E+13 3.514E+13 1.811E+12 1.932E+10 9.535E+07 6.506E+12 8.325E+07 2.491E+08 2.877E+05 2.172E+09 8.911E+06 1.515E+05 2.055E+03 2.049E-03 1.083E+10 3.935E+06 1.119E+02 2.149E+05 1.698E+08 1.251E+07 3.862E+18 6.462E+07 7.635E+01 1.224E+00 1.287E+09 7.790E+07 2.450E+06 8.908E+15 1.920E+09 0.000E+00 0.000E+00 2.228E-03 2.372E-02 1.690E+01 2.324E-03 1.921-104 3.270E+01 4.332E+02 1.366E+00 1.021E+00 8.635E-15 1.886E-04 1.409E-03 6.185E-04
   10.3  0.000E+00 1.815E+19
    2.5  1.991E+19 3.407E+09 1.221E+03 8.247E+16 8.169E+05 1.580E+08 2.238E+10 4.381E+11 9.649E-02 1.095E+13 3.172E+13 1.507E+12 1.615E+10 8.001E+07 5.964E+12 9.063E+07 2.458E+08 3.286E+05 2.840E+09 2.014E+07 1.433E+05 3.588E+03 5.443E-03 9.660E+09 3.811E+06 1.357E+02 2.439E+05 2.062E+08 1.336E+07 4.119E+18 5.971E+07 7.018E+01 1.430E+00 1.613E+09 1.106E+08 2.470E+06 8.146E+15 2.396E+09 0.000E+00 0.000E+00 2.919E-03 1.802E-02 1.575E+01 2.076E-03 9.261E-67 3.827E+01 4.680E+02 2.215E+00 1.111E+00 6.841E-15 2.879E-04 2.141E-03 8.101E-04
   26.1  0.000E+00 1.579E+19
    3.5  1.797E+19 2.893E+09 1.552E+03 4.041E+16 8.710E+05 1.374E+08 1.844E+10 4.811E+11 9.696E-02 9.902E+12 2.857E+13 1.256E+12 1.215E+10 6.226E+07 5.388E+12 1.084E+08 2.640E+08 4.105E+05 3.367E+09 4.985E+07 1.421E+05 7.831E+03 1.325E-02 8.611E+09 3.475E+06 1.604E+02 2.604E+05 2.286E+08 1.395E+07 3.770E+18 5.855E+07 7.363E+01 2.001E+00 1.859E+09 1.363E+08 2.638E+06 7.429E+15 2.917E+09 0.000E+00 0.000E+00 3.733E-03 1.575E-02 1.674E+01 2.045E-03 2.465E-43 4.830E+01 5.404E+02 3.038E+00 1.118E+00 8.226E-15 3.999E-04 2.963E-03 1.133E-03
   66.1  0.000E+00 1.419E+19
    4.5  1.606E+19 2.354E+09 2.019E+03 2.254E+16 9.639E+05 1.200E+08 1.400E+10 5.144E+11 1.049E-01 8.855E+12 2.549E+13 1.044E+12 8.349E+09 4.921E+07 4.814E+12 1.307E+08 2.896E+08 5.271E+05 3.651E+09 9.698E+07 1.446E+05 1.568E+04 2.529E-02 7.617E+09 3.061E+06 1.861E+02 2.737E+05 2.361E+08 1.396E+07 3.372E+18 5.835E+07 8.285E+01 2.850E+00 2.021E+09 1.537E+08 2.834E+06 6.704E+15 3.356E+09 0.000E+00 0.000E+00 4.670E-03 1.545E-02 1.772E+01 2.010E-03 5.870E-33 5.943E+01 6.187E+02 3.736E+00 1.077E+00 1.164E-14 5.237E-04 3.868E-03 1.556E-03
  142.6  0.000E+00 1.268E+19
    5.5  1.437E+19 1.812E+09 2.528E+03 1.110E+16 1.011E+06 9.937E+07 1.002E+10 5.377E+11 1.074E-01 7.932E+12 2.279E+13 8.755E+11 5.390E+09 3.597E+07 4.309E+12 1.535E+08 2.978E+08 6.287E+05 3.697E+09 2.010E+08 1.331E+05 3.018E+04 5.249E-02 6.763E+09 2.574E+06 2.094E+02 2.787E+05 2.346E+08 1.309E+07 3.019E+18 5.994E+07 9.183E+01 4.117E+00 2.136E+09 1.612E+08 3.074E+06 6.057E+15 3.694E+09 0.000E+00 0.000E+00 5.560E-03 1.384E-02 1.760E+01 1.804E-03 5.071E-26 7.009E+01 6.530E+02 4.673E+00 9.654E-01 1.598E-14 6.597E-04 4.860E-03 1.990E-03
  322.7  0.000E+00 1.135E+19
    6.5  1.289E+19 1.285E+09 3.038E+03 4.713E+15 9.552E+05 7.757E+07 6.842E+09 5.489E+11 9.927E-02 7.113E+12 2.041E+13 7.410E+11 3.356E+09 2.487E+07 3.861E+12 1.586E+08 2.582E+08 5.994E+05 3.530E+09 3.833E+08 1.064E+05 4.930E+04 1.340E-01 6.024E+09 2.126E+06 2.221E+02 2.896E+05 2.276E+08 1.119E+07 2.706E+18 6.326E+07 9.547E+01 5.728E+00 2.205E+09 1.555E+08 3.344E+06 5.473E+15 3.905E+09 0.000E+00 0.000E+00 6.295E-03 1.071E-02 1.541E+01 1.404E-03 2.228E-21 6.939E+01 5.560E+02 5.804E+00 8.026E-01 1.941E-14 8.053E-04 5.920E-03 2.268E-03
  750.6  0.000E+00 1.017E+19
    7.5  1.152E+19 8.555E+08 3.578E+03 1.847E+15 8.342E+05 5.825E+07 4.503E+09 5.481E+11 8.584E-02 6.361E+12 1.823E+13 6.302E+11 2.034E+09 1.677E+07 3.451E+12 1.495E+08 1.995E+08 4.818E+05 3.244E+09 5.549E+08 7.919E+04 7.269E+04 3.631E-01 5.357E+09 1.710E+06 2.234E+02 3.034E+05 2.168E+08 8.856E+06 2.419E+18 6.625E+07 9.226E+01 7.381E+00 2.201E+09 1.387E+08 3.542E+06 4.925E+15 3.975E+09 0.000E+00 0.000E+00 6.883E-03 7.609E-03 1.232E+01 9.901E-04 4.107E-18 5.957E+01 4.019E+02 6.914E+00 6.184E-01 2.760E-14 9.469E-04 6.947E-03 2.318E-03
 1688.8  0.000E+00 9.094E+18
    8.5  1.026E+19 5.652E+08 4.164E+03 6.465E+14 7.352E+05 4.273E+07 2.894E+09 5.389E+11 7.563E-02 5.670E+12 1.624E+13 5.380E+11 1.200E+09 1.081E+07 3.074E+12 1.491E+08 1.603E+08 4.137E+05 2.947E+09 6.227E+08 6.023E+04 1.313E+05 9.215E-01 4.755E+09 1.292E+06 2.277E+02 3.005E+05 2.044E+08 6.883E+06 2.156E+18 6.532E+07 8.552E+01 9.146E+00 2.084E+09 1.183E+08 3.487E+06 4.411E+15 3.919E+09 0.000E+00 0.000E+00 7.331E-03 5.411E-03 9.985E+00 7.006E-04 1.410E-15 5.495E+01 3.064E+02 8.445E+00 4.553E-01 1.876E-13 1.055E-03 7.722E-03 2.282E-03
 4078.1  0.000E+00 8.104E+18
    9.5  9.296E+18 3.787E+08 4.482E+03 1.082E+14 7.130E+05 2.957E+07 1.865E+09 5.362E+11 7.003E-02 5.136E+12 1.470E+13 4.687E+11 6.957E+08 5.659E+06 2.783E+12 1.791E+08 1.403E+08 4.893E+05 2.740E+09 5.905E+08 5.104E+04 3.358E+05 4.415E+00 4.292E+09 9.363E+05 2.674E+02 2.761E+05 1.957E+08 5.643E+06 1.952E+18 5.740E+07 7.735E+01 1.364E+01 1.859E+09 1.008E+08 3.034E+06 4.006E+15 3.848E+09 0.000E+00 0.000E+00 7.108E-03 3.406E-03 8.696E+00 5.097E-04 2.533E-13 7.393E+01 3.077E+02 1.557E+01 3.680E-01 1.929E-12 1.083E-03 7.919E-03 2.449E-03
 ******  0.000E+00 7.340E+18
   10.5  8.516E+18 2.426E+08 4.631E+03 5.694E+12 7.610E+05 1.892E+07 1.119E+09 5.538E+11 6.835E-02 4.706E+12 1.345E+13 4.105E+11 3.638E+08 2.352E+06 2.548E+12 2.470E+08 1.290E+08 7.566E+05 2.642E+09 4.785E+08 5.310E+04 5.992E+05 3.095E+01 3.916E+09 6.734E+05 3.651E+02 2.498E+05 1.928E+08 4.929E+06 1.789E+18 2.991E+07 4.485E+01 1.808E+01 1.373E+09 7.895E+07 1.766E+06 3.670E+15 3.812E+09 0.000E+00 0.000E+00 6.418E-03 1.891E-03 7.716E+00 3.594E-04 3.207E-11 1.389E+02 3.954E+02 4.443E+01 3.440E-01 1.207E-11 9.086E-04 6.631E-03 2.530E-03
 ******  0.000E+00 6.724E+18
   14.5  4.454E+18 3.849E+07 3.849E+04 1.941E+13 2.503E+05 1.747E+06 1.102E+07 1.219E+12 2.592E-02 2.456E+12 6.878E+12 1.339E+11 3.377E+06 1.936E+05 1.303E+12 4.859E+08 4.469E+08 3.266E+05 4.448E+09 2.012E+08 4.370E+04 2.525E+06 2.356E+01 1.903E+09 6.240E+04 3.275E+02 2.576E+05 2.386E+08 9.996E+06 9.355E+17 2.005E+05 6.032E-02 8.270E-02 1.092E+08 2.246E+06 1.350E+04 1.920E+15 2.388E+09 0.000E+00 0.000E+00 3.250E-02 8.416E-04 2.063E+00 8.529E-05 1.146E-06 1.231E+02 6.788E+02 2.084E+01 3.093E-02 1.265E-09 1.563E-04 1.134E-03 1.070E-04
 2322.9  0.000E+00 3.517E+18
   18.5  2.331E+18 1.994E+07 3.230E+05 1.082E+13 2.441E+05 1.348E+06 4.717E+06 2.724E+12 2.630E-02 1.256E+12 3.277E+12 3.490E+10 9.379E+05 8.179E+04 6.141E+11 6.400E+08 1.267E+09 2.607E+05 9.031E+09 3.010E+08 1.766E+05 2.917E+07 2.556E+02 7.867E+08 1.828E+05 8.045E+02 1.059E+06 2.785E+08 5.968E+07 4.897E+17 2.120E+02 3.047E-05 1.266E-02 3.491E+06 5.325E+04 6.392E+00 1.005E+15 8.756E+08 0.000E+00 0.000E+00 1.823E-01 1.223E-03 2.182E+00 9.007E-05 8.138E-04 2.045E+02 2.602E+03 2.680E+01 1.970E-01 5.741E-09 1.079E-05 7.761E-05 5.040E-06
  102.8  0.000E+00 1.841E+18
   22.5  1.221E+18 1.751E+07 1.554E+06 6.171E+12 4.661E+05 2.787E+06 1.605E+07 3.463E+12 7.288E-02 6.266E+11 1.476E+12 1.248E+10 1.587E+06 8.714E+04 2.670E+11 6.034E+08 1.494E+09 2.757E+05 9.523E+09 3.392E+08 3.172E+05 5.707E+07 1.680E+03 2.899E+08 1.193E+06 1.959E+03 3.552E+06 1.758E+08 1.193E+08 2.565E+17 1.120E-01 2.632E-08 1.406E-02 1.085E+05 2.569E+03 1.641E-03 5.267E+14 2.896E+08 0.000E+00 0.000E+00 7.187E-01 3.303E-03 4.209E+00 1.860E-04 8.134E-02 2.429E+02 4.121E+03 3.418E+01 2.812E+00 6.817E-09 7.608E-07 5.401E-06 4.265E-07
    8.0  0.000E+00 9.643E+17
   26.5  6.403E+17 1.754E+07 6.045E+06 3.516E+12 1.342E+06 7.451E+06 6.773E+07 3.456E+12 4.104E-01 3.058E+11 6.418E+11 5.869E+09 3.041E+06 1.153E+05 1.082E+11 6.043E+08 1.478E+09 4.488E+05 6.987E+09 2.656E+08 3.879E+05 5.379E+07 4.319E+03 9.838E+07 6.485E+06 4.251E+03 7.757E+06 7.482E+07 1.216E+08 1.345E+17 2.145E-05 1.689E-11 7.714E-03 3.735E+03 5.807E+03 2.767E-07 2.762E+14 1.037E+08 0.000E+00 0.000E+00 2.760E+00 1.230E-02 1.077E+01 5.582E-04 3.410E+00 2.711E+02 4.875E+03 3.889E+01 3.191E+01 4.053E-09 6.375E-08 4.443E-07 5.834E-08
    1.0  1.602E-01 5.056E+17
   30.5  3.360E+17 1.419E+07 2.075E+07 2.001E+12 4.144E+06 1.498E+07 1.384E+08 2.814E+12 4.274E+00 1.448E+11 2.650E+11 2.899E+09 2.518E+06 1.187E+05 3.936E+10 7.954E+08 1.541E+09 1.004E+06 3.848E+09 1.180E+08 3.627E+05 2.887E+07 4.507E+03 2.925E+07 1.694E+07 1.012E+04 1.127E+07 3.057E+07 7.400E+07 7.055E+16 5.447E-10 5.553E-14 2.948E-03 1.564E+02 4.387E+03 2.166E-10 1.450E+14 3.444E+07 0.000E+00 0.000E+00 1.074E+01 5.013E-02 2.809E+01 1.775E-03 7.725E+01 4.191E+02 6.059E+03 4.858E+01 1.935E+02 1.719E-09 7.129E-09 4.854E-08 1.006E-08
    0.2  2.402E-13 2.653E+17
   34.5  1.764E+17 7.626E+06 5.816E+07 1.134E+12 1.098E+07 1.679E+07 8.293E+07 1.570E+12 7.178E+01 6.637E+10 1.014E+11 1.420E+09 7.271E+05 8.861E+04 1.239E+10 1.123E+09 1.152E+09 2.038E+06 1.500E+09 1.888E+07 2.124E+05 4.891E+06 3.412E+03 7.021E+06 2.091E+07 3.428E+04 1.462E+07 1.936E+07 2.309E+07 3.704E+16 2.567E-12 2.638E-13 6.919E-03 6.341E+01 2.342E+03 2.075E-10 7.613E+13 9.871E+06 2.567-215 1.280-212 3.293E+01 1.734E-01 5.715E+01 4.042E-03 6.629E+02 9.148E+02 7.039E+03 8.640E+01 7.912E+02 4.231E-09 8.565E-09 5.663E-08 1.358E-08
    0.2  1.560E-04 1.393E+17
   38.5  9.272E+16 3.123E+06 1.446E+08 6.332E+11 2.112E+07 1.298E+07 2.153E+07 6.263E+11 1.095E+03 3.072E+10 3.611E+10 6.990E+08 1.377E+05 5.715E+04 3.536E+09 1.213E+09 4.537E+08 2.279E+06 3.505E+08 1.421E+06 7.449E+04 2.419E+05 1.250E+03 1.324E+06 1.232E+07 9.499E+04 1.357E+07 1.486E+07 2.489E+06 1.947E+16 6.122E-12 1.949E-12 2.806E-02 6.906E+01 1.275E+03 2.640E-10 4.001E+13 2.365E+06 4.269-114 2.128-111 6.922E+01 4.204E-01 7.812E+01 5.735E-03 2.098E+03 1.208E+03 3.574E+03 1.258E+02 1.275E+03 1.632E-08 2.712E-08 1.727E-07 3.348E-08
    0.5  6.794E-01 7.322E+16
   42.5  4.877E+16 1.376E+06 4.211E+08 3.449E+11 2.718E+07 1.173E+07 9.284E+06 2.296E+11 1.411E+04 1.590E+10 1.274E+10 3.674E+08 5.793E+04 4.248E+04 1.005E+09 8.632E+08 8.630E+07 1.114E+06 3.792E+07 9.097E+04 1.525E+04 3.914E+03 1.489E+02 2.242E+05 4.541E+06 1.537E+05 7.468E+06 1.101E+07 8.006E+04 1.024E+16 2.598E-11 1.320E-11 8.894E-02 8.206E+01 7.898E+02 3.266E-10 2.104E+13 4.575E+05 6.587E-61 3.284E-58 1.378E+02 8.095E-01 8.327E+01 6.210E-03 3.779E+03 6.353E+02 5.291E+02 1.070E+02 7.564E+02 4.886E-08 8.105E-08 4.884E-07 5.699E-08
    0.8  1.632E-07 3.851E+16
   46.5  2.567E+16 6.228E+05 9.147E+08 1.832E+11 2.250E+07 9.653E+06 5.275E+06 7.791E+10 8.897E+04 9.906E+09 4.855E+09 2.326E+08 3.741E+04 3.053E+04 3.008E+08 4.545E+08 1.122E+07 2.585E+05 2.226E+06 5.110E+03 1.819E+03 3.056E+01 6.795E+00 4.409E+04 9.159E+05 1.915E+05 2.510E+06 8.688E+06 1.288E+03 5.388E+15 8.167E-11 5.075E-11 2.229E-01 9.347E+01 3.658E+02 5.482E-10 1.107E+13 6.864E+04 5.769E-33 2.877E-30 1.714E+02 1.148E+00 6.438E+01 4.764E-03 5.356E+03 2.014E+02 4.236E+01 7.020E+01 1.919E+02 1.201E-07 1.993E-07 1.099E-06 5.764E-08
    0.8  4.211E-07 2.027E+16
   50.5  1.352E+16 2.545E+05 1.258E+09 9.532E+10 1.464E+07 6.354E+06 2.465E+06 2.367E+10 2.828E+05 7.055E+09 2.056E+09 1.822E+08 2.111E+04 1.828E+04 9.500E+07 2.157E+08 1.673E+06 4.251E+04 1.303E+05 3.045E+02 1.872E+02 2.684E-01 1.512E-01 1.167E+04 1.132E+05 1.597E+05 5.468E+05 5.672E+06 1.916E+01 2.838E+15 9.377E-11 7.839E-11 3.984E-01 8.231E+01 1.588E+02 9.545E-10 5.829E+12 7.216E+03 2.778E-18 1.385E-15 1.270E+02 1.228E+00 3.732E+01 2.724E-03 6.795E+03 4.052E+01 2.708E+00 3.084E+01 2.056E+01 2.131E-07 3.331E-07 1.600E-06 3.458E-08
    0.5  1.219E+00 1.068E+16
   54.5  7.131E+15 9.457E+04 1.349E+09 4.894E+10 9.297E+06 4.082E+06 1.140E+06 6.566E+09 6.921E+05 5.127E+09 9.440E+08 1.843E+08 1.053E+04 9.850E+03 3.181E+07 9.895E+07 3.307E+05 6.581E+03 9.923E+03 2.336E+01 2.153E+01 3.599E-03 2.274E-03 4.172E+03 1.217E+04 1.001E+05 9.384E+04 3.217E+06 3.349E-01 1.496E+15 6.733E-11 7.961E-11 5.492E-01 5.843E+01 6.808E+01 1.525E-09 3.071E+12 4.974E+02 1.445E-10 7.206E-08 7.219E+01 1.175E+00 1.929E+01 1.405E-03 8.107E+03 6.077E+00 1.762E-01 1.019E+01 1.522E+00 2.962E-07 4.084E-07 1.619E-06 1.607E-08
    0.2  1.534E-01 5.631E+15
   58.5  3.763E+15 3.301E+04 1.264E+09 2.491E+10 6.873E+06 3.066E+06 6.335E+05 1.671E+09 1.739E+06 3.603E+09 4.502E+08 2.071E+08 4.841E+03 4.878E+03 1.122E+07 4.478E+07 9.530E+04 1.168E+03 1.012E+03 2.800E+00 3.263E+00 8.558E-05 2.950E-05 1.815E+03 1.491E+03 5.654E+04 1.474E+04 1.733E+06 8.154E-03 7.894E+14 5.383E-11 8.394E-11 6.306E-01 3.659E+01 2.967E+01 2.466E-09 1.619E+12 2.048E+01 1.618E-06 8.074E-04 3.558E+01 1.121E+00 9.903E+00 7.555E-04 9.270E+03 8.172E-01 1.517E-02 3.037E+00 1.240E-01 3.587E-07 4.043E-07 1.269E-06 7.601E-09
    0.1  4.263E+11 2.972E+15
   62.5  1.987E+15 3.302E+04 1.055E+09 1.260E+10 6.242E+06 2.839E+06 4.769E+05 3.818E+08 4.821E+06 2.444E+09 2.163E+08 2.194E+08 2.087E+03 2.155E+03 4.059E+06 2.027E+07 4.087E+04 2.549E+02 1.512E+02 5.633E-01 6.763E-01 3.790E-06 3.516E-07 8.692E+02 2.254E+02 3.056E+04 2.208E+03 9.205E+05 2.866E-04 4.168E+14 6.356E-11 1.148E-10 6.137E-01 2.132E+01 1.331E+01 4.196E-09 8.544E+11 4.399E-01 2.106E-04 1.051E-01 1.550E+01 1.137E+00 5.409E+00 1.297E-03 9.749E+03 1.055E-01 1.861E-03 8.665E-01 1.235E-02 4.019E-07 3.377E-07 8.336E-07 4.084E-09
    0.1 -1.633E+00 1.569E+15
   66.5  1.050E+15 1.281E+05 7.239E+08 6.317E+09 7.805E+06 3.575E+06 5.642E+05 6.987E+07 1.520E+07 1.614E+09 1.027E+08 2.140E+08 8.356E+02 8.460E+02 1.465E+06 9.461E+06 2.758E+04 7.912E+01 4.147E+01 2.177E-01 1.914E-01 3.486E-07 3.620E-09 4.352E+02 4.509E+01 1.554E+04 3.061E+02 4.878E+05 1.490E-05 2.202E+14 1.621E-10 2.847E-10 4.585E-01 1.194E+01 6.181E+00 7.466E-09 4.510E+11 4.039E-03 2.587E-03 1.291E+00 5.738E+00 1.487E+00 3.741E+00 1.029E-02 8.222E+03 1.323E-02 3.381E-04 2.329E-01 1.415E-03 4.335E-07 2.448E-07 4.906E-07 2.893E-09
    0.0  3.226E-02 8.294E+14
   70.5  5.554E+14 2.462E+05 1.108E+09 3.103E+09 6.471E+06 2.732E+06 3.323E+05 2.508E+07 6.556E+07 1.057E+09 4.726E+07 1.991E+08 2.716E+02 2.212E+02 4.974E+05 4.624E+06 5.738E+03 1.630E+01 1.030E+01 1.836E-02 2.817E-02 1.111E-08 3.242E-11 2.224E+02 3.276E+00 8.246E+03 3.945E+01 2.580E+05 2.337E-07 1.165E+14 9.337E-11 3.655E-10 3.994E-01 6.450E+00 2.948E+00 9.399E-09 2.382E+11 1.038E-05 8.927E-03 4.457E+00 5.119E+00 1.023E+00 1.453E+00 3.524E-02 7.271E+03 1.815E-03 1.980E-05 6.533E-02 1.274E-04 4.557E-07 1.566E-07 2.685E-07 1.307E-09
    0.0  1.362E-04 4.387E+14
   74.5  2.940E+14 2.327E+05 4.017E+09 1.478E+09 8.907E+05 3.317E+05 2.165E+05 2.220E+07 9.883E+07 6.885E+08 2.080E+07 1.774E+08 8.918E+01 7.441E+01 1.577E+05 2.297E+06 1.433E+02 6.228E-01 3.795E+00 1.941E-03 6.709E-04 9.765E-10 2.622E-13 1.148E+02 2.834E-02 4.320E+03 4.849E+00 1.365E+05 1.272E-09 6.162E+13 1.536E-11 4.426E-11 6.671E-01 3.069E+00 1.428E+00 3.593E-09 1.258E+11 1.730E-09 1.535E-02 7.665E+00 9.182E+00 7.932E-02 2.372E-01 5.912E-02 1.415E+04 2.502E-04 1.380E-07 1.811E-02 1.439E-05 4.239E-07 8.254E-08 1.277E-07 8.601E-11
    0.0  2.080E-04 2.323E+14
   78.5  1.558E+14 1.394E+05 5.153E+09 6.609E+08 2.174E+05 7.551E+04 1.440E+05 7.871E+06 1.023E+08 4.558E+08 8.453E+06 1.594E+08 2.196E+01 2.617E+01 3.728E+04 1.120E+06 1.417E+01 3.961E-02 9.145E-01 4.133E-04 3.756E-05 7.636E-11 3.726E-15 5.943E+01 8.515E-04 2.584E+03 7.997E-01 7.193E+04 3.572E-11 3.262E+13 1.378E-11 1.440E-11 6.525E-01 1.377E+00 6.863E-01 1.511E-09 6.642E+10 2.098E-16 1.725E-02 8.622E+00 8.755E+00 1.935E-02 7.200E-02 7.439E-02 1.781E+04 3.865E-05 4.332E-09 5.734E-03 2.695E-06 3.697E-07 3.926E-08 5.709E-08 9.440E-12
    0.0  8.458E+05 1.231E+14
   82.5  8.258E+13 4.081E+04 1.117E+10 2.637E+08 4.873E+04 1.363E+04 3.432E+04 4.267E+06 1.413E+08 2.763E+08 3.203E+06 1.370E+08 3.148E+00 4.461E+00 4.763E+03 5.071E+05 9.456E-01 2.177E-03 9.478E-02 2.885E-05 1.509E-06 2.300E-12 9.267E-17 3.078E+01 1.676E-05 2.273E+03 1.754E-01 3.713E+04 1.599E-13 1.727E+13 2.311E-12 2.468E-12 5.305E-01 5.636E-01 3.258E-01 4.187E-10 3.497E+10 2.747E-29 1.507E-02 7.545E+00 1.029E+01 3.678E-03 1.389E-02 7.485E-02 1.992E+04 8.170E-06 1.350E-10 2.670E-03 1.102E-06 2.918E-07 1.660E-08 2.330E-08 8.557E-13
    0.0  8.302E-01 6.528E+13
   86.5  4.382E+13 5.940E+03 3.353E+10 9.535E+07 8.332E+03 1.284E+03 2.941E+03 3.598E+06 1.412E+08 1.514E+08 1.165E+06 1.063E+08 2.957E-01 8.327E-01 3.591E+02 2.105E+05 1.094E-01 8.185E-05 4.385E-03 4.684E-07 1.009E-07-1.556E-12 4.536E-18 1.587E+01 1.603E-07 2.465E+03 5.336E-02 1.834E+04 2.556E-13 9.130E+12 4.256E-14 1.047E-13 3.817E-01 2.020E-01 1.518E-01 5.370E-11 1.833E+10 2.448E-53 1.146E-02 5.769E+00 1.699E+01 7.159E-04 2.134E-03 5.348E-02 2.043E+04 1.952E-06 9.003E-12 1.530E-03 6.839E-07 2.003E-07 6.056E-09 8.335E-09 4.760E-14
    0.0  0.000E+00 3.467E+13
   90.5  2.327E+13 1.214E+03 6.313E+10 3.338E+07 1.571E+03 1.370E+02 1.872E+02 2.131E+06 1.010E+08 8.075E+07 4.190E+05 7.533E+07 2.614E-02 2.785E-01 2.902E+01 8.515E+04 2.244E-02 3.316E-06 1.637E-04 3.443E-09 1.125E-08-9.605E-11 1.763E-19 8.078E+00 2.446E-09 2.110E+03 1.437E-02 8.829E+03 1.967E-16 4.804E+12 2.202E-16 5.088E-15 2.392E-01 6.685E-02 6.824E-02 6.817E-12 9.517E+09 2.327E-87 8.181E-03 4.166E+00 5.372E+01 4.242E-04 3.330E-04 3.369E-02 1.966E+04 3.594E-07 8.403E-13 6.885E-04 2.635E-07 1.270E-07 2.024E-09 2.756E-09 2.298E-15
    0.0  0.000E+00 1.846E+13
   94.5  1.237E+13 3.572E+02 8.190E+10 1.176E+07 2.920E+02 1.793E+01 1.180E+01 8.753E+05 6.165E+07 4.287E+07 1.538E+05 5.027E+07 2.415E-03 1.202E-01 3.853E+00 3.554E+04 4.951E-03 1.374E-07 6.300E-06 3.130E-11 1.329E-09-3.109E-15 4.637E-21 4.013E+00 5.464E-11 1.474E+03 3.177E-03 4.231E+03 2.030E-20 2.508E+12 7.697E-19 3.445E-16 1.347E-01 2.080E-02 2.858E-02 9.633E-13 4.848E+09 1.237E-87 5.788E-03 3.017E+00 1.674E+02 3.721E-04 5.597E-05 1.973E-02 1.854E+04 5.575E-08 6.892E-14 2.505E-04 6.694E-08 7.611E-08 6.328E-10 8.568E-10 9.131E-17
    0.0  1.217E-06 9.862E+12
   98.5  6.587E+12 1.418E+02 8.346E+10 4.424E+06 5.286E+01 2.717E+00 9.153E-01 2.712E+05 3.459E+07 2.260E+07 6.058E+04 3.197E+07 2.781E-04 5.519E-02 9.452E-01 1.635E+04 1.208E-03 6.131E-09 2.912E-07 2.709E-13 1.729E-10-1.540E-20 8.041E-23 1.884E+00 1.453E-12 8.658E+02 5.677E-04 2.050E+03 4.599E-22 1.292E+12 3.453E-21 2.923E-17 6.797E-02 6.112E-03 1.018E-02 1.430E-13 2.362E+09 6.587E-88 4.327E-03 2.350E+00 3.919E+02 3.364E-04 1.202E-05 1.176E-02 1.802E+04 8.024E-09 5.266E-15 7.555E-05 1.186E-08 4.358E-08 1.865E-10 2.517E-10 3.277E-18
    0.0  4.941-324 5.293E+12
