
     Z         PRESS      DEN     ProOH1    ProOH25    ProO3D    PO2D       PO2      PH2O      PO3D      PH2O2     FO3      FH2O      NumO2      NumOH      NumO1D     PN2O     PCH3CL      FOH      FHO2      FNO     FNO2      FH    FH2O2     FNO3    FN2O5    FHNO3      FO       FN      FH2     FCH4    FN2O
   5.000E+04 9.553E+05 2.452E+19 3.092E+05 3.003E+01 3.032E+06 0.000E+00 2.045E-16 1.322E-16 7.992E-06 2.338E-06 1.547E-08 9.264E-03 5.216E+17 2.884E+06 4.126E-03 3.431E-13 5.087E-15 1.176E-13 9.265E-12 7.210E-12 2.004E-11 4.559E-20 6.125E-10 1.183E-14 2.142E-16 1.031E-10 3.714E-16 3.780E-20 5.000E-07 8.080E-07 2.730E-07
   1.500E+05 8.454E+05 2.213E+19 2.256E+05 7.142E+01 3.247E+06 0.000E+00 6.061E-16 5.282E-16 8.597E-06 2.530E-06 1.707E-08 6.110E-03 4.708E+17 2.251E+06 5.035E-03 1.141E-12 2.039E-14 1.017E-13 8.418E-12 3.108E-12 7.578E-12 3.780E-20 6.041E-10 6.796E-15 7.073E-17 9.972E-11 4.853E-16 3.809E-20 4.995E-07 8.055E-07 2.728E-07
   2.500E+05 7.465E+05 1.987E+19 1.716E+05 1.618E+02 3.571E+06 0.000E+00 1.633E-15 1.966E-15 9.086E-06 2.702E-06 1.978E-08 4.142E-03 4.229E+17 2.085E+06 6.268E-03 3.440E-12 7.256E-14 1.049E-13 8.049E-12 2.316E-12 5.075E-12 3.809E-20 5.765E-10 5.602E-15 5.762E-17 1.009E-10 6.816E-16 3.840E-20 4.992E-07 8.035E-07 2.726E-07
   3.500E+05 6.577E+05 1.786E+19 1.154E+05 2.935E+02 3.985E+06 0.000E+00 3.969E-15 6.692E-15 9.350E-06 2.856E-06 2.386E-08 2.455E-03 3.803E+17 1.935E+06 7.871E-03 9.278E-12 2.267E-13 1.083E-13 7.602E-12 2.561E-12 5.029E-12 3.840E-20 5.206E-10 5.445E-15 9.381E-17 1.047E-10 9.831E-16 3.888E-20 4.990E-07 8.019E-07 2.723E-07
   4.500E+05 5.779E+05 1.605E+19 7.158E+04 4.403E+02 4.446E+06 0.000E+00 8.724E-15 2.029E-14 9.465E-06 2.995E-06 2.926E-08 1.352E-03 3.418E+17 1.803E+06 9.810E-03 2.237E-11 6.182E-13 1.123E-13 7.063E-12 3.255E-12 5.722E-12 3.888E-20 4.467E-10 5.595E-15 1.997E-16 1.092E-10 1.433E-15 3.830E-20 4.990E-07 8.007E-07 2.721E-07
   5.500E+05 5.062E+05 1.442E+19 3.949E+04 5.282E+02 4.881E+06 0.000E+00 1.744E-14 5.412E-14 9.433E-06 3.123E-06 3.588E-08 6.768E-04 3.070E+17 1.639E+06 1.196E-02 4.832E-11 1.472E-12 1.137E-13 6.301E-12 4.111E-12 6.395E-12 3.830E-20 3.638E-10 5.602E-15 4.470E-16 1.122E-10 2.071E-15 3.587E-20 4.990E-07 7.997E-07 2.718E-07
   6.500E+05 4.418E+05 1.294E+19 1.911E+04 5.133E+02 5.238E+06 0.000E+00 3.196E-14 1.300E-13 9.278E-06 3.240E-06 4.364E-08 3.053E-04 2.755E+17 1.417E+06 1.420E-02 9.427E-11 3.111E-12 1.095E-13 5.353E-12 4.655E-12 6.305E-12 3.587E-20 2.820E-10 5.224E-15 9.106E-16 1.125E-10 2.950E-15 3.251E-20 4.991E-07 7.990E-07 2.714E-07
   7.500E+05 3.842E+05 1.159E+19 8.011E+03 3.948E+02 5.477E+06 5.080-175 5.425E-14 2.776E-13 9.008E-06 3.349E-06 5.248E-08 1.228E-04 2.468E+17 1.182E+06 1.640E-02 1.681E-10 5.908E-12 1.020E-13 4.390E-12 4.978E-12 5.774E-12 3.251E-20 2.105E-10 4.679E-15 1.860E-15 1.113E-10 4.143E-15 3.050E-20 4.991E-07 7.985E-07 2.710E-07
   8.500E+05 3.326E+05 1.035E+19 2.848E+03 2.325E+02 5.592E+06 3.594-113 8.615E-14 5.231E-13 8.662E-06 3.452E-06 6.239E-08 4.296E-05 2.204E+17 1.015E+06 1.850E-02 2.770E-10 1.020E-11 9.809E-14 3.581E-12 5.828E-12 5.701E-12 3.050E-20 1.545E-10 4.333E-15 4.627E-15 1.102E-10 5.756E-15 3.076E-20 4.992E-07 7.980E-07 2.706E-07
   9.500E+05 2.867E+05 9.198E+18 8.329E+02 1.026E+02 5.629E+06 1.634E-87 1.292E-13 8.891E-13 8.276E-06 3.551E-06 7.394E-08 1.255E-05 1.960E+17 9.255E+05 2.065E-02 4.272E-10 1.627E-11 1.006E-13 2.965E-12 7.479E-12 6.156E-12 3.076E-20 1.129E-10 4.256E-15 1.139E-14 1.105E-10 8.041E-15 3.148E-20 4.993E-07 7.975E-07 2.701E-07
   1.050E+06 2.461E+05 8.120E+18 1.589E+02 2.614E+01 5.886E+06 1.270E-74 1.844E-13 1.399E-12 7.888E-06 3.645E-06 9.189E-08 2.302E-06 1.730E+17 8.425E+05 2.413E-02 6.229E-10 2.436E-11 1.038E-13 2.429E-12 9.461E-12 6.884E-12 3.148E-20 7.746E-11 4.401E-15 2.215E-14 1.130E-10 1.201E-14 3.182E-20 4.993E-07 7.969E-07 2.694E-07
   1.150E+06 2.103E+05 7.106E+18 1.888E+02 3.386E+01 7.072E+06 1.078E-65 2.527E-13 2.083E-12 7.636E-06 3.736E-06 1.303E-07 2.287E-06 1.514E+17 7.462E+05 3.273E-02 8.676E-10 3.469E-11 1.050E-13 1.923E-12 1.219E-11 9.017E-12 3.182E-20 4.493E-11 5.244E-15 3.413E-14 1.224E-10 2.108E-14 2.930E-20 4.994E-07 7.958E-07 2.677E-07
   1.250E+06 1.792E+05 6.169E+18 2.597E+02 4.167E+01 9.920E+06 4.703E-58 3.368E-13 3.000E-12 7.496E-06 3.826E-06 2.145E-07 2.252E-06 1.314E+17 5.985E+05 5.239E-02 1.170E-09 4.773E-11 9.703E-14 1.468E-12 1.533E-11 1.368E-11 2.930E-20 2.182E-11 7.694E-15 6.730E-14 1.440E-10 4.419E-14 2.827E-20 4.997E-07 7.933E-07 2.640E-07
   1.350E+06 1.522E+05 5.325E+18 3.774E+02 4.945E+01 1.496E+07 1.567E-51 4.439E-13 4.265E-12 7.446E-06 3.917E-06 3.773E-07 2.177E-06 1.134E+17 5.076E+05 9.077E-02 1.552E-09 6.456E-11 9.531E-14 1.266E-12 1.922E-11 2.273E-11 2.827E-20 1.167E-11 1.429E-14 1.778E-13 1.871E-10 1.008E-13 3.054E-20 5.000E-07 7.883E-07 2.564E-07
   1.450E+06 1.290E+05 4.581E+18 5.166E+02 5.739E+01 2.185E+07 5.673E-46 5.892E-13 6.122E-12 7.513E-06 4.015E-06 6.351E-07 2.046E-06 9.758E+16 4.840E+05 1.529E-01 2.065E-09 8.756E-11 1.057E-13 1.273E-12 2.492E-11 3.785E-11 3.054E-20 8.960E-12 2.765E-14 4.856E-13 2.565E-10 2.226E-13 3.536E-20 5.006E-07 7.802E-07 2.441E-07
   1.550E+06 1.091E+05 3.925E+18 6.362E+02 6.563E+01 2.980E+07 3.045E-41 8.000E-13 9.021E-12 7.788E-06 4.125E-06 9.749E-07 1.854E-06 8.361E+16 4.815E+05 2.417E-01 2.796E-09 1.208E-10 1.227E-13 1.349E-12 3.426E-11 6.149E-11 3.536E-20 8.337E-12 4.811E-14 1.154E-12 3.447E-10 4.541E-13 4.413E-20 5.013E-07 7.686E-07 2.270E-07
   1.650E+06 9.206E+04 3.348E+18 7.106E+02 7.342E+01 3.878E+07 3.165E-37 1.119E-12 1.375E-11 8.408E-06 4.254E-06 1.378E-06 1.595E-06 7.131E+16 4.871E+05 3.665E-01 3.875E-09 1.707E-10 1.455E-13 1.463E-12 4.887E-11 9.672E-11 4.413E-20 8.260E-12 7.534E-14 2.355E-12 4.394E-10 8.690E-13 6.472E-20 5.023E-07 7.536E-07 2.060E-07
   1.750E+06 7.757E+04 2.843E+18 8.374E+02 9.104E+01 4.934E+07 8.211E-34 1.609E-12 2.164E-11 9.594E-06 4.409E-06 1.809E-06 1.480E-06 6.056E+16 5.409E+05 5.468E-01 5.485E-09 2.467E-10 1.903E-13 1.758E-12 6.785E-11 1.399E-10 6.472E-20 9.691E-12 1.089E-13 3.978E-12 5.301E-10 1.573E-12 1.083E-19 5.033E-07 7.356E-07 1.822E-07
   1.850E+06 6.528E+04 2.409E+18 1.004E+03 1.196E+02 6.152E+07 6.691E-31 2.359E-12 3.486E-11 1.140E-05 4.598E-06 2.241E-06 1.425E-06 5.131E+16 6.446E+05 8.016E-01 7.868E-09 3.615E-10 2.676E-13 2.261E-12 9.169E-11 1.872E-10 1.083E-19 1.285E-11 1.471E-13 5.699E-12 6.069E-10 2.718E-12 2.047E-19 5.044E-07 7.151E-07 1.572E-07
   1.950E+06 5.488E+04 2.035E+18 1.236E+03 1.654E+02 7.549E+07 2.060E-28 3.491E-12 5.679E-11 1.401E-05 4.830E-06 2.648E-06 1.431E-06 4.334E+16 8.197E+05 1.161E+00 1.132E-08 5.319E-10 4.028E-13 3.117E-12 1.190E-10 2.327E-10 2.047E-19 1.897E-11 1.886E-13 7.029E-12 6.645E-10 4.545E-12 4.207E-19 5.055E-07 6.928E-07 1.324E-07
   2.050E+06 4.612E+04 1.714E+18 1.502E+03 2.278E+02 9.140E+07 2.773E-26 5.166E-12 9.249E-11 1.772E-05 5.113E-06 3.009E-06 1.437E-06 3.650E+16 1.075E+06 1.668E+00 1.616E-08 7.774E-10 6.273E-13 4.452E-12 1.489E-10 2.734E-10 4.207E-19 2.922E-11 2.312E-13 7.649E-12 6.972E-10 7.443E-12 9.202E-19 5.067E-07 6.695E-07 1.093E-07
   2.150E+06 3.876E+04 1.439E+18 1.803E+03 3.093E+02 1.093E+08 1.832E-24 7.579E-12 1.491E-10 2.290E-05 5.459E-06 3.318E-06 1.442E-06 3.064E+16 1.427E+06 2.377E+00 2.271E-08 1.120E-09 9.917E-13 6.470E-12 1.801E-10 3.074E-10 9.202E-19 4.514E-11 2.728E-13 7.475E-12 7.046E-10 1.206E-11 2.090E-18 5.078E-07 6.455E-07 8.860E-08
   2.250E+06 3.258E+04 1.206E+18 2.134E+03 4.117E+02 1.291E+08 6.575E-23 1.097E-11 2.363E-10 2.997E-05 5.878E-06 3.570E-06 1.445E-06 2.569E+16 1.885E+06 3.353E+00 3.125E-08 1.580E-09 1.563E-12 9.297E-12 2.120E-10 3.331E-10 2.090E-18 6.685E-11 3.090E-13 6.618E-12 6.876E-10 1.933E-11 4.836E-18 5.091E-07 6.213E-07 7.056E-08
   2.350E+06 2.740E+04 1.012E+18 2.489E+03 5.364E+02 1.504E+08 1.398E-21 1.559E-11 3.669E-10 3.943E-05 6.383E-06 3.769E-06 1.445E-06 2.154E+16 2.453E+06 4.665E+00 4.198E-08 2.178E-09 2.425E-12 1.290E-11 2.445E-10 3.486E-10 4.836E-18 9.183E-11 3.347E-13 5.321E-12 6.480E-10 3.061E-11 1.129E-17 5.104E-07 5.970E-07 5.534E-08
   2.450E+06 2.305E+04 8.499E+17 2.860E+03 6.834E+02 1.730E+08 1.900E-20 2.177E-11 5.572E-10 5.193E-05 6.988E-06 3.920E-06 1.443E-06 1.810E+16 3.138E+06 6.394E+00 5.505E-08 2.933E-09 3.692E-12 1.711E-11 2.768E-10 3.519E-10 1.129E-17 1.156E-10 3.451E-13 3.884E-12 5.894E-10 4.786E-11 2.650E-17 5.119E-07 5.729E-07 4.280E-08
   2.550E+06 1.940E+04 7.153E+17 3.242E+03 8.515E+02 1.968E+08 1.768E-19 2.985E-11 8.280E-10 6.833E-05 7.713E-06 4.027E-06 1.438E-06 1.523E+16 3.952E+06 8.642E+00 7.052E-08 3.860E-09 5.525E-12 2.166E-11 3.064E-10 3.409E-10 2.650E-17 1.334E-10 3.380E-13 2.565E-12 5.166E-10 7.406E-11 6.258E-17 5.138E-07 5.490E-07 3.267E-08
   2.650E+06 1.632E+04 6.033E+17 3.625E+03 1.038E+03 2.217E+08 1.195E-18 4.022E-11 1.204E-09 8.978E-05 8.581E-06 4.094E-06 1.428E-06 1.285E+16 4.920E+06 1.153E+01 8.836E-08 4.970E-09 8.156E-12 2.622E-11 3.303E-10 3.148E-10 6.258E-17 1.422E-10 3.136E-13 1.523E-12 4.351E-10 1.136E-10 1.490E-16 5.162E-07 5.254E-07 2.462E-08
   2.750E+06 1.373E+04 5.097E+17 4.002E+03 1.237E+03 2.475E+08 6.184E-18 5.338E-11 1.716E-09 1.180E-04 9.622E-06 4.116E-06 1.414E-06 1.085E+16 6.082E+06 1.519E+01 1.085E-07 6.273E-09 1.193E-11 3.050E-11 3.453E-10 2.755E-10 1.490E-16 1.411E-10 2.751E-13 8.090E-13 3.510E-10 1.733E-10 3.576E-16 5.193E-07 5.022E-07 1.837E-08
   2.850E+06 1.153E+04 4.313E+17 4.360E+03 1.443E+03 2.739E+08 2.565E-17 6.987E-11 2.400E-09 1.556E-04 1.088E-05 4.083E-06 1.394E-06 9.183E+15 7.483E+06 1.979E+01 1.308E-07 7.770E-09 1.735E-11 3.425E-11 3.492E-10 2.270E-10 3.576E-16 1.316E-10 2.281E-13 3.825E-13 2.699E-10 2.628E-10 8.617E-16 5.232E-07 4.796E-07 1.359E-08
   2.950E+06 9.675E+03 3.655E+17 4.689E+03 1.649E+03 3.009E+08 8.840E-17 9.027E-11 3.298E-09 2.072E-04 1.241E-05 3.974E-06 1.368E-06 7.782E+15 9.167E+06 2.551E+01 1.549E-07 9.459E-09 2.508E-11 3.728E-11 3.405E-10 1.748E-10 8.617E-16 1.169E-10 1.784E-13 1.597E-13 1.963E-10 3.960E-10 2.082E-15 5.283E-07 4.575E-07 9.951E-09
   3.050E+06 8.101E+03 3.098E+17 4.971E+03 1.846E+03 3.280E+08 2.606E-16 1.151E-10 4.466E-09 2.815E-04 1.429E-05 3.761E-06 1.334E-06 6.596E+15 1.112E+07 3.257E+01 1.806E-07 1.132E-08 3.590E-11 3.973E-11 3.205E-10 1.256E-10 2.082E-15 1.007E-10 1.314E-13 5.862E-14 1.340E-10 5.951E-10 4.988E-15 5.349E-07 4.359E-07 7.240E-09
   3.150E+06 6.767E+03 2.625E+17 5.162E+03 2.025E+03 3.528E+08 6.710E-16 1.445E-10 5.968E-09 3.920E-04 1.659E-05 3.429E-06 1.292E-06 5.589E+15 1.320E+07 4.101E+01 2.070E-07 1.334E-08 5.030E-11 4.191E-11 2.925E-10 8.430E-11 4.988E-15 8.652E-11 9.067E-14 1.888E-14 8.491E-11 8.925E-10 1.156E-14 5.432E-07 4.153E-07 5.258E-09
   3.250E+06 5.638E+03 2.221E+17 5.157E+03 2.173E+03 3.684E+08 1.534E-15 1.780E-10 7.884E-09 5.536E-04 1.939E-05 2.997E-06 1.241E-06 4.729E+15 1.502E+07 5.016E+01 2.332E-07 1.544E-08 6.763E-11 4.427E-11 2.595E-10 5.303E-11 1.156E-14 7.615E-11 5.785E-14 5.284E-15 4.921E-11 1.332E-09 2.532E-14 5.537E-07 3.953E-07 3.814E-09
   3.350E+06 4.685E+03 1.873E+17 4.850E+03 2.275E+03 3.660E+08 3.163E-15 2.143E-10 1.030E-08 7.722E-04 2.263E-05 2.530E-06 1.179E-06 3.989E+15 1.609E+07 5.856E+01 2.581E-07 1.759E-08 8.590E-11 4.724E-11 2.244E-10 3.151E-11 2.532E-14 6.960E-11 3.375E-14 1.282E-15 2.587E-11 1.964E-09 5.267E-14 5.667E-07 3.762E-07 2.770E-09
   3.450E+06 3.883E+03 1.572E+17 4.255E+03 2.314E+03 3.435E+08 5.980E-15 2.527E-10 1.333E-08 1.040E-03 2.616E-05 2.101E-06 1.105E-06 3.346E+15 1.625E+07 6.503E+01 2.810E-07 1.976E-08 1.034E-10 5.102E-11 1.909E-10 1.788E-11 5.267E-14 6.534E-11 1.803E-14 2.720E-16 1.238E-11 2.872E-09 1.049E-13 5.826E-07 3.578E-07 2.022E-09
   3.550E+06 3.212E+03 1.313E+17 3.500E+03 2.284E+03 3.070E+08 1.050E-14 2.923E-10 1.707E-08 1.337E-03 2.979E-05 1.750E-06 1.019E-06 2.795E+15 1.570E+07 6.919E+01 3.017E-07 2.193E-08 1.196E-10 5.539E-11 1.616E-10 9.800E-12 1.049E-13 6.215E-11 9.051E-15 5.256E-17 5.520E-12 4.159E-09 2.048E-13 6.016E-07 3.402E-07 1.487E-09
   3.650E+06 2.653E+03 1.092E+17 2.833E+03 2.289E+03 2.622E+08 1.741E-14 3.333E-10 2.166E-08 1.643E-03 3.333E-05 1.462E-06 9.682E-07 2.325E+15 1.497E+07 7.071E+01 3.201E-07 2.411E-08 1.371E-10 6.122E-11 1.380E-10 5.338E-12 2.048E-13 6.080E-11 4.449E-15 9.897E-18 2.407E-12 5.926E-09 3.943E-13 6.238E-07 3.231E-07 1.107E-09
   3.750E+06 2.189E+03 9.049E+16 2.306E+03 2.399E+03 2.122E+08 2.824E-14 3.760E-10 2.719E-08 1.943E-03 3.664E-05 1.207E-06 9.748E-07 1.927E+15 1.435E+07 6.886E+01 3.364E-07 2.632E-08 1.586E-10 6.940E-11 1.201E-10 2.999E-12 3.943E-13 6.180E-11 2.216E-15 1.947E-18 1.078E-12 8.203E-09 7.372E-13 6.496E-07 3.064E-07 8.339E-10
   3.850E+06 1.805E+03 7.469E+16 1.781E+03 2.467E+03 1.634E+08 5.013E-14 4.210E-10 3.378E-08 2.227E-03 3.960E-05 9.824E-07 9.778E-07 1.590E+15 1.358E+07 6.422E+01 3.508E-07 2.856E-08 1.818E-10 7.879E-11 1.071E-10 1.773E-12 7.372E-13 6.285E-11 1.133E-15 4.131E-19 4.980E-13 1.106E-08 1.336E-12 6.791E-07 2.896E-07 6.353E-10
   3.950E+06 1.489E+03 6.152E+16 1.311E+03 2.500E+03 1.203E+08 1.166E-13 4.689E-10 4.157E-08 2.482E-03 4.211E-05 7.882E-07 9.773E-07 1.310E+15 1.277E+07 5.746E+01 3.635E-07 3.085E-08 2.076E-10 8.966E-11 9.830E-11 1.130E-12 1.336E-12 6.433E-11 6.107E-16 9.984E-20 2.448E-13 1.445E-08 2.343E-12 7.126E-07 2.725E-07 4.897E-10
   4.050E+06 1.228E+03 5.069E+16 9.275E+02 2.516E+03 8.538E+07 3.496E-13 5.204E-10 5.096E-08 2.692E-03 4.413E-05 6.257E-07 9.739E-07 1.079E+15 1.204E+07 4.952E+01 3.749E-07 3.319E-08 2.375E-10 1.025E-10 9.280E-11 7.884E-13 2.343E-12 6.715E-11 3.547E-16 2.875E-20 1.319E-13 1.822E-08 4.017E-12 7.504E-07 2.547E-07 3.812E-10
   4.150E+06 1.014E+03 4.180E+16 6.331E+02 2.547E+03 5.864E+07 1.085E-12 5.769E-10 6.295E-08 2.853E-03 4.568E-05 4.917E-07 9.678E-07 8.899E+14 1.146E+07 4.126E+01 3.851E-07 3.560E-08 2.743E-10 1.187E-10 9.003E-11 6.059E-13 4.017E-12 7.247E-11 2.236E-16 1.000E-20 7.918E-14 2.224E-08 6.793E-12 7.928E-07 2.359E-07 2.992E-10
   4.250E+06 8.368E+02 3.450E+16 4.179E+02 2.636E+03 3.904E+07 3.036E-12 6.399E-10 7.963E-08 2.969E-03 4.681E-05 3.812E-07 9.593E-07 7.345E+14 1.114E+07 3.329E+01 3.945E-07 3.807E-08 3.229E-10 1.402E-10 8.956E-11 5.154E-13 6.793E-12 8.216E-11 1.539E-16 4.244E-21 5.378E-14 2.625E-08 1.144E-11 8.396E-07 2.160E-07 2.367E-10
   4.350E+06 6.906E+02 2.849E+16 2.666E+02 2.828E+03 2.519E+07 7.422E-12 7.117E-10 1.046E-07 3.047E-03 4.761E-05 2.901E-07 9.485E-07 6.065E+14 1.113E+07 2.600E+01 4.032E-07 4.060E-08 3.908E-10 1.705E-10 9.101E-11 4.869E-13 1.144E-11 9.892E-11 1.159E-16 2.201E-21 4.176E-14 2.998E-08 1.928E-11 8.903E-07 1.953E-07 1.891E-10
   4.450E+06 5.700E+02 2.354E+16 1.649E+02 3.147E+03 1.580E+07 1.594E-11 7.951E-10 1.430E-07 3.097E-03 4.816E-05 2.168E-07 9.352E-07 5.009E+14 1.145E+07 1.975E+01 4.114E-07 4.319E-08 4.864E-10 2.135E-10 9.400E-11 5.072E-13 1.928E-11 1.262E-10 9.492E-17 1.373E-21 3.674E-14 3.329E-08 3.264E-11 9.450E-07 1.737E-07 1.520E-10
   4.550E+06 4.704E+02 1.944E+16 1.002E+02 3.582E+03 9.761E+06 3.057E-11 8.934E-10 2.005E-07 3.128E-03 4.853E-05 1.605E-07 9.189E-07 4.138E+14 1.201E+07 1.477E+01 4.191E-07 4.583E-08 6.176E-10 2.728E-10 9.820E-11 5.669E-13 3.264E-11 1.673E-10 8.296E-17 9.796E-22 3.534E-14 3.638E-08 5.556E-11 1.004E-06 1.517E-07 1.226E-10
   4.650E+06 3.881E+02 1.607E+16 6.065E+01 4.086E+03 6.032E+06 5.319E-11 1.010E-09 2.828E-07 3.144E-03 4.880E-05 1.194E-07 8.991E-07 3.419E+14 1.268E+07 1.105E+01 4.264E-07 4.851E-08 7.891E-10 3.504E-10 1.032E-10 6.540E-13 5.556E-11 2.245E-10 7.518E-17 7.479E-22 3.539E-14 3.975E-08 9.512E-11 1.065E-06 1.299E-07 9.909E-11
   4.750E+06 3.201E+02 1.327E+16 3.703E+01 4.580E+03 3.771E+06 8.529E-11 1.148E-09 3.943E-07 3.152E-03 4.898E-05 9.014E-08 8.750E-07 2.825E+14 1.331E+07 8.386E+00 4.334E-07 5.124E-08 1.003E-09 4.471E-10 1.087E-10 7.534E-13 9.512E-11 2.980E-10 6.871E-17 5.734E-22 3.527E-14 4.396E-08 1.632E-10 1.129E-06 1.091E-07 8.012E-11
   4.850E+06 2.640E+02 1.097E+16 2.294E+01 4.984E+03 2.403E+06 1.276E-10 1.311E-09 5.372E-07 3.152E-03 4.912E-05 6.947E-08 8.456E-07 2.334E+14 1.379E+07 6.498E+00 4.401E-07 5.402E-08 1.257E-09 5.618E-10 1.145E-10 8.490E-13 1.632E-10 3.861E-10 6.217E-17 4.252E-22 3.407E-14 4.949E-08 2.805E-10 1.195E-06 8.973E-08 6.452E-11
   4.950E+06 2.176E+02 9.064E+15 1.442E+01 5.224E+03 1.560E+06 1.802E-10 1.502E-09 7.111E-07 3.149E-03 4.922E-05 5.464E-08 8.105E-07 1.928E+14 1.404E+07 5.155E+00 4.465E-07 5.683E-08 1.549E-09 6.923E-10 1.201E-10 9.244E-13 2.805E-10 4.836E-10 5.482E-17 2.956E-22 3.134E-14 5.687E-08 4.808E-10 1.262E-06 7.239E-08 5.161E-11
   5.050E+06 1.793E+02 7.487E+15 9.197E+00 5.262E+03 1.031E+06 2.423E-10 1.724E-09 9.133E-07 3.143E-03 4.931E-05 4.382E-08 7.695E-07 1.593E+14 1.401E+07 4.188E+00 4.527E-07 5.968E-08 1.871E-09 8.346E-10 1.253E-10 9.668E-13 4.808E-10 5.833E-10 4.673E-17 1.902E-22 2.724E-14 6.663E-08 8.208E-10 1.331E-06 5.738E-08 4.089E-11
   5.150E+06 1.476E+02 6.182E+15 5.937E+00 5.089E+03 6.930E+05 3.123E-10 1.978E-09 1.139E-06 3.136E-03 4.938E-05 3.575E-08 7.228E-07 1.315E+14 1.368E+07 3.483E+00 4.586E-07 6.256E-08 2.213E-09 9.834E-10 1.298E-10 9.678E-13 8.208E-10 6.755E-10 3.825E-17 1.121E-22 2.225E-14 7.950E-08 1.398E-09 1.400E-06 4.486E-08 3.203E-11
   5.250E+06 1.215E+02 5.097E+15 3.868E+00 4.729E+03 4.711E+05 3.884E-10 2.267E-09 1.382E-06 3.133E-03 4.944E-05 2.951E-08 6.715E-07 1.084E+14 1.307E+07 2.961E+00 4.643E-07 6.547E-08 2.564E-09 1.133E-09 1.334E-10 9.233E-13 1.398E-09 7.477E-10 2.983E-17 5.959E-23 1.697E-14 9.667E-08 2.363E-09 1.469E-06 3.479E-08 2.480E-11
   5.350E+06 1.000E+02 4.201E+15 2.546E+00 4.234E+03 3.249E+05 4.685E-10 2.589E-09 1.635E-06 3.129E-03 4.949E-05 2.472E-08 6.166E-07 8.933E+13 1.221E+07 2.574E+00 4.698E-07 6.840E-08 2.906E-09 1.273E-09 1.359E-10 8.387E-13 2.363E-09 7.907E-10 2.225E-17 2.878E-23 1.210E-14 1.195E-07 3.984E-09 1.538E-06 2.685E-08 1.892E-11
   5.450E+06 8.235E+01 3.457E+15 1.689E+00 3.655E+03 2.268E+05 5.512E-10 2.949E-09 1.892E-06 3.131E-03 4.953E-05 2.095E-08 5.587E-07 7.350E+13 1.112E+07 2.290E+00 4.751E-07 7.133E-08 3.218E-09 1.395E-09 1.373E-10 7.204E-13 3.984E-09 7.941E-10 1.577E-17 1.242E-23 7.981E-15 1.509E-07 6.693E-09 1.605E-06 2.066E-08 1.415E-11
   5.550E+06 6.780E+01 2.842E+15 1.130E+00 3.048E+03 1.608E+05 6.351E-10 3.350E-09 2.149E-06 3.137E-03 4.957E-05 1.804E-08 4.991E-07 6.042E+13 9.863E+06 2.088E+00 4.801E-07 7.425E-08 3.470E-09 1.485E-09 1.373E-10 5.817E-13 6.693E-09 7.541E-10 1.063E-17 4.771E-24 4.839E-15 1.951E-07 1.116E-08 1.671E-06 1.584E-08 1.031E-11
   5.650E+06 5.583E+01 2.337E+15 7.651E-01 2.469E+03 1.165E+05 7.195E-10 3.794E-09 2.402E-06 3.144E-03 4.960E-05 1.585E-08 4.398E-07 4.968E+13 8.499E+06 1.951E+00 4.848E-07 7.715E-08 3.636E-09 1.532E-09 1.361E-10 4.407E-13 1.116E-08 6.775E-10 6.867E-18 1.651E-24 2.705E-15 2.584E-07 1.869E-08 1.734E-06 1.215E-08 7.284E-12
   5.750E+06 4.601E+01 1.917E+15 5.187E-01 1.946E+03 8.497E+04 8.048E-10 4.296E-09 2.649E-06 3.163E-03 4.964E-05 1.401E-08 3.833E-07 4.074E+13 7.135E+06 1.854E+00 4.894E-07 8.001E-08 3.722E-09 1.542E-09 1.335E-10 3.134E-13 1.869E-08 5.807E-10 4.221E-18 5.099E-25 1.401E-15 3.510E-07 3.247E-08 1.791E-06 9.366E-09 4.962E-12
   5.850E+06 3.795E+01 1.574E+15 3.449E-01 1.500E+03 6.046E+04 8.925E-10 4.858E-09 2.886E-06 3.182E-03 4.966E-05 1.207E-08 3.301E-07 3.344E+13 6.347E+06 1.746E+00 4.937E-07 8.283E-08 4.032E-09 1.633E-09 1.298E-10 2.287E-13 3.247E-08 4.948E-10 2.649E-18 1.581E-25 7.203E-16 4.678E-07 7.241E-08 1.841E-06 7.248E-09 3.191E-12
   5.950E+06 3.134E+01 1.292E+15 2.880E-01 1.111E+03 6.311E+04 9.926E-10 5.497E-09 3.113E-06 3.205E-03 4.969E-05 1.524E-08 2.763E-07 2.744E+13 4.813E+06 2.127E+00 4.977E-07 8.561E-08 3.725E-09 1.457E-09 1.248E-10 1.016E-13 7.241E-08 3.323E-10 1.356E-18 3.108E-26 2.720E-16 9.603E-07 1.612E-07 1.877E-06 5.633E-09 1.863E-12
   6.050E+06 2.591E+01 1.061E+15 4.849E-01 7.790E+02 1.682E+05 1.133E-09 6.226E-09 3.326E-06 3.234E-03 4.972E-05 4.905E-08 2.208E-07 2.252E+13 1.512E+06 5.472E+00 5.016E-07 8.834E-08 1.425E-09 4.908E-10 1.186E-10 9.529E-15 1.612E-07 1.265E-10 2.071E-19 3.090E-27 7.064E-17 5.427E-06 2.548E-07 1.891E-06 4.409E-09 9.807E-13
   6.150E+06 2.146E+01 8.719E+14 7.386E-01 5.369E+02 3.497E+05 1.377E-09 7.055E-09 3.525E-06 3.262E-03 4.974E-05 1.230E-07 1.747E-07 1.850E+13 5.709E+05 1.285E+01 5.053E-07 9.102E-08 6.548E-10 1.563E-10 1.115E-10 1.787E-15 2.548E-07 4.587E-11 3.927E-20 3.216E-28 1.905E-17 2.252E-05 3.391E-07 1.892E-06 3.480E-09 4.992E-13
   6.250E+06 1.779E+01 7.171E+14 8.401E-01 3.682E+02 5.109E+05 1.833E-09 8.003E-09 3.709E-06 3.293E-03 4.977E-05 2.163E-07 1.385E-07 1.519E+13 2.907E+05 2.250E+01 5.089E-07 9.364E-08 4.054E-10 6.198E-11 1.041E-10 9.707E-16 3.391E-07 1.712E-11 1.838E-20 3.665E-29 5.444E-18 6.247E-05 4.124E-07 1.888E-06 2.771E-09 2.578E-13
   6.350E+06 1.478E+01 5.906E+14 7.945E-01 2.532E+02 6.046E+05 2.656E-09 9.077E-09 3.880E-06 3.324E-03 4.980E-05 3.079E-07 1.105E-07 1.249E+13 1.677E+05 3.246E+01 5.122E-07 9.621E-08 2.840E-10 2.866E-11 9.704E-11 7.008E-16 4.124E-07 6.648E-12 1.103E-20 4.658E-30 1.653E-18 1.355E-04 4.768E-07 1.881E-06 2.230E-09 1.390E-13
   6.450E+06 1.230E+01 4.873E+14 6.668E-01 1.749E+02 6.230E+05 4.031E-09 1.029E-08 4.038E-06 3.355E-03 4.983E-05 3.811E-07 8.888E-08 1.027E+13 1.016E+05 4.118E+01 5.154E-07 9.873E-08 2.085E-10 1.478E-11 9.051E-11 5.319E-16 4.768E-07 2.675E-12 6.888E-21 6.726E-31 5.306E-19 2.506E-04 5.352E-07 1.873E-06 1.813E-09 7.904E-14
   6.550E+06 1.025E+01 4.026E+14 5.156E-01 1.214E+02 5.809E+05 6.157E-09 1.165E-08 4.187E-06 3.386E-03 4.986E-05 4.262E-07 7.201E-08 8.449E+12 6.266E+04 4.772E+01 5.185E-07 1.012E-07 1.557E-10 8.268E-12 8.456E-11 4.084E-16 5.352E-07 1.107E-12 4.336E-21 1.132E-31 1.786E-19 4.142E-04 5.895E-07 1.863E-06 1.487E-09 4.741E-14
   6.650E+06 8.552E+00 3.331E+14 3.774E-01 8.477E+01 5.021E+05 9.229E-09 1.315E-08 4.328E-06 3.415E-03 4.989E-05 4.413E-07 5.880E-08 6.953E+12 3.897E+04 5.184E+01 5.214E-07 1.036E-07 1.170E-10 4.943E-12 7.930E-11 3.157E-16 5.895E-07 4.699E-13 2.748E-21 2.288E-32 6.292E-20 6.291E-04 6.416E-07 1.852E-06 1.230E-09 3.001E-14
   6.750E+06 7.150E+00 2.760E+14 2.665E-01 5.963E+01 4.075E+05 1.346E-08 1.481E-08 4.463E-06 3.445E-03 4.991E-05 4.286E-07 4.841E-08 5.720E+12 2.428E+04 5.383E+01 5.241E-07 1.059E-07 8.798E-11 3.115E-12 7.475E-11 2.456E-16 6.416E-07 2.046E-13 1.750E-21 5.552E-33 2.317E-20 8.950E-04 6.928E-07 1.839E-06 1.028E-09 2.001E-14
   6.850E+06 5.988E+00 2.289E+14 1.852E-01 4.230E+01 3.147E+05 1.907E-08 1.663E-08 4.595E-06 3.475E-03 4.994E-05 3.956E-07 4.021E-08 4.707E+12 1.514E+04 5.449E+01 5.267E-07 1.081E-07 6.613E-11 2.051E-12 7.094E-11 1.924E-16 6.928E-07 9.134E-14 1.123E-21 1.564E-33 8.907E-21 1.210E-03 7.445E-07 1.826E-06 8.677E-10 1.402E-14
   6.950E+06 5.023E+00 1.903E+14 1.293E-01 3.031E+01 2.340E+05 2.633E-08 1.861E-08 4.725E-06 3.503E-03 4.995E-05 3.511E-07 3.371E-08 3.875E+12 9.458E+03 5.478E+01 5.291E-07 1.103E-07 4.971E-11 1.400E-12 6.787E-11 1.522E-16 7.445E-07 4.179E-14 7.288E-22 4.904E-34 3.570E-21 1.569E-03 7.977E-07 1.811E-06 7.400E-10 1.028E-14
   7.050E+06 4.223E+00 1.576E+14 9.060E-02 2.183E+01 1.643E+05 3.554E-08 2.078E-08 4.855E-06 3.545E-03 4.997E-05 2.941E-07 2.854E-08 3.176E+12 5.832E+03 5.501E+01 5.314E-07 1.123E-07 3.701E-11 9.804E-13 6.550E-11 1.208E-16 7.977E-07 1.956E-14 4.686E-22 1.618E-34 1.492E-21 1.971E-03 8.534E-07 1.794E-06 6.379E-10 7.863E-15
   7.150E+06 3.561E+00 1.307E+14 6.566E-02 1.590E+01 1.118E+05 4.691E-08 2.312E-08 4.985E-06 3.582E-03 4.998E-05 2.388E-07 2.441E-08 2.604E+12 3.599E+03 5.651E+01 5.335E-07 1.143E-07 2.753E-11 7.043E-13 6.376E-11 9.668E-17 8.534E-07 9.387E-15 3.038E-22 5.552E-35 6.517E-22 2.409E-03 9.146E-07 1.775E-06 5.558E-10 6.253E-15
   7.250E+06 3.010E+00 1.087E+14 4.955E-02 1.168E+01 7.468E+04 6.073E-08 2.559E-08 5.116E-06 3.592E-03 5.000E-05 1.912E-07 2.099E-08 2.139E+12 2.235E+03 5.992E+01 5.355E-07 1.162E-07 2.055E-11 5.158E-13 6.251E-11 7.817E-17 9.146E-07 4.543E-15 1.996E-22 1.946E-35 2.928E-22 2.897E-03 9.852E-07 1.753E-06 4.874E-10 5.113E-15
   7.350E+06 2.554E+00 8.972E+13 3.786E-02 8.490E+00 4.637E+04 7.738E-08 2.821E-08 5.248E-06 3.602E-03 5.001E-05 1.435E-07 1.803E-08 1.738E+12 1.352E+03 6.519E+01 5.374E-07 1.180E-07 1.506E-11 3.783E-13 6.166E-11 6.263E-17 9.852E-07 2.142E-15 1.265E-22 6.565E-36 1.322E-22 3.460E-03 1.067E-06 1.727E-06 4.277E-10 4.253E-15
   7.450E+06 2.178E+00 7.433E+13 2.996E-02 6.181E+00 2.865E+04 9.705E-08 3.093E-08 5.381E-06 3.609E-03 5.001E-05 1.068E-07 1.545E-08 1.415E+12 8.241E+02 7.329E+01 5.390E-07 1.196E-07 1.109E-11 2.810E-13 6.110E-11 5.055E-17 1.067E-06 9.731E-16 8.105E-23 2.171E-36 5.966E-23 4.106E-03 1.163E-06 1.695E-06 3.752E-10 3.585E-15
   7.550E+06 1.865E+00 6.190E+13 2.432E-02 4.514E+00 1.777E+04 1.202E-07 3.373E-08 5.515E-06 3.616E-03 5.002E-05 7.941E-08 1.322E-08 1.155E+12 5.092E+02 8.419E+01 5.405E-07 1.212E-07 8.225E-12 2.119E-13 6.074E-11 4.113E-17 1.163E-06 4.236E-16 5.269E-23 7.159E-37 2.696E-23 4.836E-03 1.274E-06 1.657E-06 3.292E-10 3.060E-15
   7.650E+06 1.605E+00 5.126E+13 1.981E-02 3.271E+00 1.036E+04 1.474E-07 3.672E-08 5.648E-06 3.625E-03 5.003E-05 5.573E-08 1.130E-08 9.342E+11 3.072E+02 9.803E+01 5.419E-07 1.226E-07 5.994E-12 1.601E-13 6.052E-11 3.311E-17 1.274E-06 1.731E-16 3.314E-23 2.295E-37 1.222E-23 5.655E-03 1.403E-06 1.610E-06 2.890E-10 2.641E-15
   7.750E+06 1.390E+00 4.266E+13 1.630E-02 2.377E+00 6.006E+03 1.792E-07 3.986E-08 5.781E-06 3.634E-03 5.004E-05 3.874E-08 9.637E-09 7.574E+11 1.867E+02 1.149E+02 5.432E-07 1.239E-07 4.377E-12 1.224E-13 6.038E-11 2.676E-17 1.403E-06 6.554E-17 2.101E-23 7.259E-38 5.549E-24 6.568E-03 1.550E-06 1.554E-06 2.537E-10 2.300E-15
   7.850E+06 1.210E+00 3.575E+13 1.350E-02 1.735E+00 3.515E+03 2.163E-07 4.322E-08 5.911E-06 3.644E-03 5.004E-05 2.698E-08 8.211E-09 6.163E+11 1.152E+02 1.347E+02 5.443E-07 1.251E-07 3.223E-12 9.491E-14 6.027E-11 2.178E-17 1.550E-06 2.285E-17 1.354E-23 2.301E-38 2.527E-24 7.573E-03 1.716E-06 1.488E-06 2.228E-10 2.021E-15
   7.950E+06 1.059E+00 3.004E+13 1.120E-02 1.268E+00 2.021E+03 2.599E-07 4.692E-08 6.039E-06 3.654E-03 5.005E-05 1.841E-08 6.991E-09 5.012E+11 7.120E+01 1.578E+02 5.453E-07 1.262E-07 2.370E-12 7.409E-14 6.019E-11 1.773E-17 1.716E-06 7.242E-18 8.710E-24 7.304E-39 1.157E-24 8.666E-03 1.902E-06 1.410E-06 1.958E-10 1.790E-15
   8.050E+06 9.324E-01 2.528E+13 9.256E-03 9.271E-01 1.130E+03 3.106E-07 5.105E-08 6.163E-06 3.665E-03 5.005E-05 1.220E-08 5.950E-09 4.068E+11 4.410E+01 1.841E+02 5.462E-07 1.272E-07 1.744E-12 5.805E-14 6.011E-11 1.439E-17 1.902E-06 2.052E-18 5.560E-24 2.311E-39 5.328E-25 9.846E-03 2.106E-06 1.321E-06 1.723E-10 1.596E-15
   8.150E+06 8.253E-01 2.143E+13 7.647E-03 6.820E-01 6.382E+02 3.686E-07 5.565E-08 6.281E-06 3.671E-03 5.006E-05 8.109E-09 5.066E-09 3.315E+11 2.841E+01 2.129E+02 5.470E-07 1.281E-07 1.325E-12 4.589E-14 6.003E-11 1.177E-17 2.106E-06 5.194E-19 3.613E-24 7.387E-40 2.470E-25 1.110E-02 2.324E-06 1.221E-06 1.519E-10 1.433E-15
   8.250E+06 7.343E-01 1.830E+13 6.303E-03 5.051E-01 3.636E+02 4.338E-07 6.072E-08 6.394E-06 3.673E-03 5.006E-05 5.409E-09 4.317E-09 2.711E+11 1.947E+01 2.435E+02 5.477E-07 1.289E-07 1.064E-12 3.654E-14 5.995E-11 9.689E-18 2.324E-06 1.180E-19 2.387E-24 2.410E-40 1.155E-25 1.243E-02 2.553E-06 1.111E-06 1.341E-10 1.295E-15
   8.350E+06 6.564E-01 1.569E+13 5.123E-03 3.758E-01 2.065E+02 5.015E-07 2.093E-08 6.497E-06 3.675E-03 5.006E-05 3.580E-09 3.685E-09 2.221E+11 1.459E+01 2.728E+02 5.480E-07 1.292E-07 9.295E-13 2.918E-14 5.986E-11 8.005E-18 2.553E-06 2.411E-20 1.589E-24 8.039E-41 5.455E-26 1.381E-02 2.787E-06 9.929E-07 1.187E-10 1.177E-15
   8.450E+06 5.895E-01 1.352E+13 4.168E-03 2.809E-01 1.166E+02 5.784E-07 2.535E-08 6.591E-06 3.677E-03 5.006E-05 2.347E-09 3.153E-09 1.821E+11 1.230E+01 3.039E+02 5.480E-07 1.293E-07 9.100E-13 2.329E-14 5.977E-11 6.629E-18 2.787E-06 4.443E-21 1.064E-24 2.740E-41 2.608E-26 1.525E-02 3.019E-06 8.701E-07 1.054E-10 1.076E-15
   8.550E+06 5.317E-01 1.171E+13 3.371E-03 2.116E-01 6.657E+01 6.590E-07 3.012E-08 6.678E-06 3.679E-03 5.006E-05 1.545E-09 2.706E-09 1.498E+11 1.154E+01 3.333E+02 5.480E-07 1.293E-07 9.856E-13 1.862E-14 5.967E-11 5.525E-18 3.019E-06 7.491E-22 7.229E-25 9.599E-42 1.263E-26 1.673E-02 3.243E-06 7.466E-07 9.389E-11 9.884E-16
   8.650E+06 4.815E-01 1.020E+13 2.710E-03 1.607E-01 3.843E+01 7.417E-07 3.511E-08 6.759E-06 3.681E-03 5.006E-05 1.023E-09 2.330E-09 1.236E+11 1.157E+01 3.598E+02 5.480E-07 1.293E-07 1.134E-12 1.489E-14 5.957E-11 4.633E-18 3.243E-06 1.183E-22 4.982E-25 3.471E-42 6.207E-27 1.824E-02 3.451E-06 6.264E-07 8.392E-11 9.130E-16
   8.750E+06 4.377E-01 8.934E+12 2.168E-03 1.230E-01 2.245E+01 8.247E-07 4.020E-08 6.834E-06 3.683E-03 5.006E-05 6.822E-10 2.015E-09 1.023E+11 1.187E+01 3.827E+02 5.480E-07 1.293E-07 1.328E-12 1.190E-14 5.947E-11 3.907E-18 3.451E-06 1.837E-23 3.478E-25 1.299E-42 3.098E-27 1.977E-02 3.640E-06 5.136E-07 7.532E-11 8.476E-16
   8.850E+06 3.992E-01 7.872E+12 1.730E-03 9.513E-02 1.341E+01 9.067E-07 4.526E-08 6.901E-06 3.685E-03 5.006E-05 4.622E-10 1.751E-09 8.509E+10 1.196E+01 4.014E+02 5.480E-07 1.293E-07 1.519E-12 9.526E-15 5.935E-11 3.321E-18 3.640E-06 3.192E-24 2.472E-25 5.056E-43 1.572E-27 2.131E-02 3.805E-06 4.115E-07 6.790E-11 7.905E-16
   8.950E+06 3.652E-01 6.970E+12 1.378E-03 7.425E-02 8.145E+00 9.864E-07 5.020E-08 6.963E-06 3.687E-03 5.006E-05 3.169E-10 1.530E-09 7.100E+10 1.171E+01 4.156E+02 5.480E-07 1.293E-07 1.681E-12 7.624E-15 5.924E-11 2.841E-18 3.805E-06 7.765E-25 1.782E-25 2.047E-43 8.112E-28 2.286E-02 3.946E-06 3.223E-07 6.150E-11 7.405E-16
   9.050E+06 3.351E-01 6.196E+12 1.096E-03 5.846E-02 5.004E+00 1.063E-06 5.497E-08 7.019E-06 3.688E-03 5.006E-05 2.189E-10 1.344E-09 5.941E+10 1.116E+01 4.255E+02 5.480E-07 1.293E-07 1.800E-12 6.097E-15 5.912E-11 2.440E-18 3.946E-06 2.914E-25 1.297E-25 8.588E-44 4.262E-28 2.440E-02 4.063E-06 2.467E-07 5.598E-11 6.967E-16
   9.150E+06 3.083E-01 5.528E+12 8.722E-04 4.645E-02 3.123E+00 1.135E-06 5.949E-08 7.069E-06 3.708E-03 5.006E-05 1.524E-10 1.189E-09 4.986E+10 1.030E+01 4.313E+02 5.480E-07 1.293E-07 1.863E-12 4.874E-15 5.900E-11 2.105E-18 4.063E-06 1.431E-25 9.525E-26 3.723E-44 2.280E-28 2.595E-02 4.158E-06 1.847E-07 5.122E-11 6.580E-16
   9.250E+06 2.843E-01 4.949E+12 6.953E-04 3.727E-02 1.978E+00 1.203E-06 6.375E-08 7.114E-06 3.742E-03 5.006E-05 1.068E-10 1.059E-09 4.195E+10 9.225E+00 4.333E+02 5.480E-07 1.293E-07 1.864E-12 3.897E-15 5.887E-11 1.823E-18 4.158E-06 7.827E-26 7.057E-26 1.664E-44 1.242E-28 2.749E-02 4.231E-06 1.354E-07 4.712E-11 6.238E-16
   9.350E+06 2.628E-01 4.445E+12 5.561E-04 3.020E-02 1.271E+00 1.267E-06 6.772E-08 7.154E-06 3.787E-03 5.006E-05 7.551E-11 9.498E-10 3.540E+10 8.027E+00 4.320E+02 5.480E-07 1.293E-07 1.806E-12 3.119E-15 5.874E-11 1.584E-18 4.231E-06 4.446E-26 5.271E-26 7.660E-45 6.892E-29 2.903E-02 4.287E-06 9.753E-08 4.360E-11 5.935E-16
   9.450E+06 2.435E-01 4.022E+12 4.487E-04 2.485E-02 8.547E-01 1.326E-06 7.141E-08 7.190E-06 3.834E-03 5.006E-05 5.543E-11 8.595E-10 3.009E+10 6.563E+00 4.273E+02 5.480E-07 1.293E-07 1.632E-12 2.517E-15 5.861E-11 1.395E-18 4.287E-06 2.549E-26 4.049E-26 3.677E-45 3.899E-29 3.056E-02 4.329E-06 6.941E-08 4.058E-11 5.666E-16
   9.550E+06 2.260E-01 3.649E+12 3.643E-04 2.068E-02 5.818E-01 1.380E-06 7.482E-08 7.222E-06 3.887E-03 5.006E-05 4.103E-11 7.847E-10 2.563E+10 5.271E+00 4.201E+02 5.480E-07 1.293E-07 1.445E-12 2.035E-15 5.848E-11 1.232E-18 4.329E-06 1.461E-26 3.134E-26 1.827E-45 2.253E-29 3.209E-02 4.359E-06 4.901E-08 3.801E-11 5.427E-16
   9.650E+06 2.101E-01 3.317E+12 2.977E-04 1.740E-02 3.959E-01 1.430E-06 7.797E-08 7.251E-06 3.908E-03 5.006E-05 3.053E-11 7.234E-10 2.188E+10 4.209E+00 4.109E+02 5.480E-07 1.293E-07 1.269E-12 1.647E-15 5.835E-11 1.091E-18 4.359E-06 8.416E-27 2.439E-26 9.339E-46 1.337E-29 3.362E-02 4.379E-06 3.461E-08 3.583E-11 5.214E-16
   9.750E+06 1.956E-01 3.023E+12 2.452E-04 1.482E-02 2.698E-01 1.475E-06 8.085E-08 7.276E-06 3.908E-03 5.006E-05 2.283E-11 6.739E-10 1.871E+10 3.402E+00 4.000E+02 5.480E-07 1.293E-07 1.125E-12 1.335E-15 5.821E-11 9.682E-19 4.379E-06 4.953E-27 1.907E-26 4.915E-46 8.285E-30 3.515E-02 4.390E-06 2.489E-08 3.399E-11 5.023E-16
   9.850E+06 1.824E-01 2.760E+12 2.039E-04 1.279E-02 1.851E-01 1.516E-06 8.347E-08 7.299E-06 3.908E-03 5.006E-05 1.716E-11 6.348E-10 1.602E+10 2.879E+00 3.878E+02 5.480E-07 1.293E-07 1.043E-12 1.084E-15 5.807E-11 8.614E-19 4.390E-06 3.106E-27 1.499E-26 2.713E-46 5.553E-30 3.668E-02 4.394E-06 1.885E-08 3.247E-11 4.853E-16
   9.950E+06 1.704E-01 2.524E+12 1.711E-04 1.118E-02 1.284E-01 1.554E-06 8.586E-08 7.319E-06 3.908E-03 5.006E-05 1.302E-11 6.050E-10 1.374E+10 2.699E+00 3.744E+02 5.480E-07 1.293E-07 1.069E-12 8.814E-16 5.794E-11 7.680E-19 4.394E-06 2.273E-27 1.184E-26 1.701E-46 4.274E-30 3.822E-02 0.000E+00 1.590E-08 3.123E-11 4.701E-16
