
     Z         PRESS      DEN     ProOH1    ProOH25    ProO3D    PO2D       PO2      PH2O      PO3D      PH2O2     FO3      FH2O      NumO2      NumOH      NumO1D     PN2O     PCH3CL      FOH      FHO2      FNO     FNO2      FH    FH2O2     FNO3    FN2O5    FHNO3      FO       FN      FH2     FCH4    FN2O
   5.000E+04 9.553E+05 2.458E+19 6.352E+05 5.521E+04 6.434E+06 0.000E+00 6.319E-13 2.540E-13 3.508E-05 3.386E-06 7.462E-09 8.842E-03 2.615E+16 4.687E+06 8.855E-03 8.156E-10 8.731E-12 1.907E-13 1.320E-11 6.127E-12 1.354E-11 1.396E-18 9.394E-10 7.237E-15 9.287E-17 9.428E-11 4.590E-15 1.334E-18 5.000E-07 8.080E-07 2.730E-07
   1.500E+05 8.451E+05 2.218E+19 5.001E+05 7.525E+04 7.510E+06 0.000E+00 1.110E-12 5.871E-13 3.980E-05 3.794E-06 8.506E-09 5.778E-03 2.369E+16 4.050E+06 1.177E-02 1.575E-09 2.095E-11 1.826E-13 1.251E-11 2.154E-12 4.362E-12 1.334E-18 9.360E-10 5.234E-15 3.320E-17 8.245E-11 6.259E-15 1.619E-18 4.983E-07 8.020E-07 2.697E-07
   2.500E+05 7.460E+05 1.992E+19 4.528E+05 9.739E+04 9.985E+06 0.000E+00 1.719E-12 1.267E-12 4.418E-05 4.183E-06 1.135E-08 3.858E-03 2.136E+16 4.353E+06 1.770E-02 2.706E-09 4.453E-11 2.186E-13 1.309E-11 1.466E-12 2.898E-12 1.619E-18 9.315E-10 5.257E-15 3.319E-17 7.549E-11 1.023E-14 1.953E-18 4.969E-07 7.967E-07 2.660E-07
   3.500E+05 6.570E+05 1.791E+19 3.859E+05 1.100E+05 1.424E+07 0.000E+00 2.509E-12 2.706E-12 4.804E-05 4.561E-06 1.656E-08 2.270E-03 1.928E+16 4.723E+06 2.838E-02 4.385E-09 8.804E-11 2.638E-13 1.367E-11 1.509E-12 2.934E-12 1.953E-18 8.959E-10 6.207E-15 6.756E-17 7.202E-11 1.804E-14 2.279E-18 4.959E-07 7.921E-07 2.621E-07
   4.500E+05 5.770E+05 1.609E+19 3.016E+05 1.128E+05 2.029E+07 0.000E+00 3.526E-12 5.678E-12 5.170E-05 4.934E-06 2.439E-08 1.235E-03 1.739E+16 5.004E+06 4.512E-02 6.801E-09 1.629E-10 3.110E-13 1.394E-11 1.783E-12 3.388E-12 2.279E-18 8.265E-10 7.817E-15 1.809E-16 7.003E-11 3.186E-14 2.458E-18 4.951E-07 7.883E-07 2.578E-07
   5.500E+05 5.051E+05 1.445E+19 2.046E+05 1.007E+05 2.789E+07 0.000E+00 4.819E-12 1.147E-11 5.525E-05 5.309E-06 3.493E-08 6.073E-04 1.568E+16 4.985E+06 6.883E-02 1.011E-08 2.812E-10 3.449E-13 1.347E-11 2.161E-12 3.903E-12 2.458E-18 7.213E-10 9.682E-15 5.252E-16 6.742E-11 5.424E-14 2.452E-18 4.946E-07 7.852E-07 2.532E-07
   6.500E+05 4.406E+05 1.297E+19 1.191E+05 7.836E+04 3.666E+07 0.000E+00 6.444E-12 2.245E-11 5.889E-05 5.691E-06 4.801E-08 2.692E-04 1.411E+16 4.674E+06 9.999E-02 1.439E-08 4.546E-10 3.605E-13 1.229E-11 2.617E-12 4.352E-12 2.452E-18 5.899E-10 1.157E-14 1.578E-15 6.351E-11 8.820E-14 2.296E-18 4.944E-07 7.827E-07 2.483E-07
   7.500E+05 3.829E+05 1.161E+19 5.891E+04 5.264E+04 4.608E+07 9.625-153 8.465E-12 4.265E-11 6.280E-05 6.086E-06 6.321E-08 1.063E-04 1.266E+16 4.204E+06 1.388E-01 1.970E-08 6.948E-10 3.622E-13 1.063E-11 3.500E-12 5.176E-12 2.296E-18 4.503E-10 1.392E-14 5.583E-15 5.985E-11 1.373E-13 2.064E-18 4.942E-07 7.807E-07 2.433E-07
   8.500E+05 3.312E+05 1.036E+19 2.424E+04 2.989E+04 5.564E+07 8.610E-64 1.096E-11 7.917E-11 6.724E-05 6.500E-06 7.984E-08 3.643E-05 1.133E+16 3.716E+06 1.851E-01 2.608E-08 1.010E-09 3.586E-13 8.728E-12 5.335E-12 6.764E-12 2.064E-18 3.206E-10 1.707E-14 2.079E-14 5.772E-11 2.057E-13 1.817E-18 4.941E-07 7.789E-07 2.381E-07
   9.500E+05 2.853E+05 9.207E+18 8.096E+03 1.319E+04 6.534E+07 2.465E-35 1.405E-11 1.375E-10 7.247E-05 6.940E-06 9.792E-08 1.042E-05 1.007E+16 3.259E+06 2.411E-01 3.359E-08 1.402E-09 3.540E-13 6.752E-12 8.662E-12 9.187E-12 1.817E-18 2.124E-10 2.081E-14 5.653E-14 5.699E-11 3.033E-13 1.527E-18 4.940E-07 7.772E-07 2.327E-07
   1.050E+06 2.446E+05 8.122E+18 1.675E+03 3.177E+03 7.858E+07 5.344E-29 1.787E-11 2.169E-10 7.885E-05 7.416E-06 1.227E-07 1.803E-06 8.886E+15 2.709E+06 3.241E-01 4.239E-08 1.872E-09 3.335E-13 4.685E-12 1.429E-11 1.293E-11 1.527E-18 1.216E-10 2.590E-14 1.118E-13 5.762E-11 4.682E-13 1.946E-18 4.939E-07 7.749E-07 2.253E-07
   1.150E+06 2.088E+05 7.101E+18 2.173E+03 4.116E+03 1.031E+08 1.378E-26 2.277E-11 3.237E-10 8.754E-05 7.953E-06 1.659E-07 1.791E-06 7.769E+15 2.951E+06 4.806E-01 5.290E-08 2.444E-09 4.156E-13 4.381E-12 1.981E-11 1.765E-11 1.946E-18 7.199E-11 3.818E-14 1.869E-13 6.651E-11 8.081E-13 2.788E-18 4.937E-07 7.701E-07 2.115E-07
   1.250E+06 1.777E+05 6.158E+18 3.005E+03 5.194E+03 1.458E+08 1.714E-24 2.945E-11 4.794E-10 1.004E-04 8.602E-06 2.358E-07 1.759E-06 6.737E+15 3.470E+06 7.757E-01 6.600E-08 3.178E-09 5.635E-13 4.746E-12 2.566E-11 2.472E-11 2.788E-18 5.775E-11 6.791E-14 3.634E-13 8.619E-11 1.525E-12 4.409E-18 4.930E-07 7.600E-07 1.864E-07
   1.350E+06 1.508E+05 5.314E+18 4.070E+03 6.450E+03 2.064E+08 1.097E-22 3.908E-11 7.186E-10 1.205E-04 9.452E-06 3.222E-07 1.689E-06 5.813E+15 4.288E+06 1.261E+00 8.300E-08 4.160E-09 8.069E-13 5.455E-12 3.377E-11 3.489E-11 4.409E-18 5.727E-11 1.247E-13 7.129E-13 1.167E-10 2.863E-12 7.534E-18 4.918E-07 7.406E-07 1.485E-07
   1.450E+06 1.277E+05 4.571E+18 4.969E+03 7.794E+03 2.738E+08 3.741E-21 5.338E-11 1.093E-09 1.526E-04 1.062E-05 3.925E-07 1.560E-06 4.999E+15 5.378E+06 1.929E+00 1.053E-07 5.486E-09 1.177E-12 6.213E-12 4.478E-11 4.589E-11 7.534E-18 5.624E-11 2.032E-13 1.120E-12 1.473E-10 4.963E-12 1.348E-17 4.898E-07 7.100E-07 1.048E-07
   1.550E+06 1.078E+05 3.919E+18 5.301E+03 8.885E+03 3.360E+08 6.977E-20 7.439E-11 1.667E-09 2.035E-04 1.225E-05 4.213E-07 1.360E-06 4.285E+15 6.691E+06 2.739E+00 1.336E-07 7.225E-09 1.708E-12 6.874E-12 5.642E-11 5.369E-11 1.348E-17 5.151E-11 2.827E-13 1.295E-12 1.632E-10 7.926E-12 2.424E-17 4.873E-07 6.696E-07 6.605E-08
   1.650E+06 9.076E+04 3.344E+18 4.841E+03 9.027E+03 3.872E+08 7.381E-19 1.040E-10 2.496E-09 2.854E-04 1.447E-05 4.056E-07 1.082E-06 3.656E+15 7.990E+06 3.671E+00 1.671E-07 9.371E-09 2.389E-12 7.260E-12 6.562E-11 5.661E-11 2.424E-17 4.292E-11 3.408E-13 1.138E-12 1.577E-10 1.206E-11 4.574E-17 4.845E-07 6.215E-07 3.748E-08
   1.750E+06 7.629E+04 2.839E+18 4.519E+03 9.565E+03 4.201E+08 4.854E-18 1.431E-10 3.611E-09 4.226E-04 1.743E-05 3.501E-07 9.327E-07 3.105E+15 9.694E+06 4.664E+00 2.037E-07 1.183E-08 3.414E-12 7.818E-12 6.760E-11 5.322E-11 4.574E-17 3.618E-11 3.581E-13 7.661E-13 1.393E-10 1.776E-11 8.864E-17 4.821E-07 5.690E-07 1.962E-08
   1.850E+06 6.403E+04 2.402E+18 4.284E+03 1.047E+04 4.282E+08 2.299E-17 1.897E-10 5.019E-09 6.536E-04 2.121E-05 2.728E-07 8.688E-07 2.626E+15 1.181E+07 5.596E+00 2.404E-07 1.447E-08 4.915E-12 8.490E-12 6.370E-11 4.543E-11 8.864E-17 3.080E-11 3.192E-13 3.973E-13 1.138E-10 2.555E-11 1.761E-16 4.803E-07 5.148E-07 9.697E-09
   1.950E+06 5.368E+04 2.023E+18 4.136E+03 1.223E+04 4.001E+08 8.754E-17 2.397E-10 6.726E-09 9.890E-04 2.559E-05 2.000E-07 8.988E-07 2.211E+15 1.433E+07 6.193E+00 2.750E-07 1.716E-08 7.084E-12 9.546E-12 5.629E-11 3.545E-11 1.761E-16 2.805E-11 2.377E-13 1.595E-13 8.621E-11 3.582E-11 3.488E-16 4.799E-07 4.620E-07 4.645E-09
   2.050E+06 4.499E+04 1.697E+18 3.831E+03 1.431E+04 3.470E+08 2.880E-16 2.900E-10 8.781E-09 1.380E-03 3.006E-05 1.482E-07 9.602E-07 1.856E+15 1.678E+07 6.397E+00 3.063E-07 1.984E-08 9.889E-12 1.098E-11 4.795E-11 2.575E-11 3.488E-16 2.711E-11 1.520E-13 5.244E-14 5.989E-11 4.936E-11 6.811E-16 4.811E-07 4.132E-07 2.218E-09
   2.150E+06 3.770E+04 1.422E+18 3.346E+03 1.617E+04 2.888E+08 8.432E-16 3.400E-10 1.129E-08 1.767E-03 3.419E-05 1.150E-07 1.007E-06 1.554E+15 1.887E+07 6.358E+00 3.345E-07 2.252E-08 1.327E-11 1.268E-11 3.976E-11 1.767E-11 6.811E-16 2.701E-11 8.759E-14 1.506E-14 3.848E-11 6.749E-11 1.312E-15 4.844E-07 3.692E-07 1.071E-09
   2.250E+06 3.160E+04 1.191E+18 2.812E+03 1.787E+04 2.351E+08 2.215E-15 3.907E-10 1.443E-08 2.117E-03 3.782E-05 9.325E-08 1.040E-06 1.302E+15 2.069E+07 6.177E+00 3.600E-07 2.521E-08 1.737E-11 1.466E-11 3.222E-11 1.164E-11 1.312E-15 2.763E-11 4.783E-14 4.025E-15 2.354E-11 9.133E-11 2.493E-15 4.900E-07 3.305E-07 5.276E-10
   2.350E+06 2.648E+04 9.998E+17 2.295E+03 1.949E+04 1.887E+08 5.250E-15 4.433E-10 1.842E-08 2.416E-03 4.093E-05 7.812E-08 1.058E-06 1.093E+15 2.236E+07 5.902E+00 3.831E-07 2.794E-08 2.236E-11 1.699E-11 2.586E-11 7.515E-12 2.493E-15 2.898E-11 2.577E-14 1.062E-15 1.411E-11 1.219E-10 4.674E-15 4.980E-07 2.968E-07 2.672E-10
   2.450E+06 2.218E+04 8.403E+17 1.828E+03 2.106E+04 1.498E+08 1.132E-14 4.993E-10 2.359E-08 2.664E-03 4.353E-05 6.692E-08 1.062E-06 9.186E+14 2.391E+07 5.563E+00 4.042E-07 3.075E-08 2.845E-11 1.977E-11 2.084E-11 4.852E-12 4.674E-15 3.118E-11 1.408E-14 2.885E-16 8.461E-12 1.604E-10 8.629E-15 5.084E-07 2.677E-07 1.395E-10
   2.550E+06 1.857E+04 7.072E+17 1.423E+03 2.258E+04 1.176E+08 2.244E-14 5.603E-10 3.028E-08 2.860E-03 4.570E-05 5.816E-08 1.054E-06 7.730E+14 2.534E+07 5.177E+00 4.235E-07 3.367E-08 3.583E-11 2.311E-11 1.702E-11 3.175E-12 8.629E-15 3.430E-11 7.932E-15 8.283E-17 5.140E-12 2.080E-10 1.565E-14 5.213E-07 2.424E-07 7.521E-11
   2.650E+06 1.553E+04 5.958E+17 1.085E+03 2.393E+04 9.158E+07 4.143E-14 6.273E-10 3.881E-08 3.011E-03 4.749E-05 5.105E-08 1.035E-06 6.513E+14 2.660E+07 4.762E+00 4.413E-07 3.673E-08 4.464E-11 2.707E-11 1.415E-11 2.120E-12 1.565E-14 3.843E-11 4.636E-15 2.544E-17 3.180E-12 2.657E-10 2.787E-14 5.368E-07 2.203E-07 4.177E-11
   2.750E+06 1.297E+04 5.023E+17 8.116E+02 2.496E+04 7.072E+07 7.274E-14 7.015E-10 4.946E-08 3.121E-03 4.896E-05 4.511E-08 1.004E-06 5.491E+14 2.760E+07 4.337E+00 4.579E-07 3.994E-08 5.495E-11 3.167E-11 1.201E-11 1.448E-12 2.787E-14 4.355E-11 2.807E-15 8.347E-18 2.005E-12 3.354E-10 4.880E-14 5.550E-07 2.008E-07 2.395E-11
   2.850E+06 1.081E+04 4.233E+17 5.952E+02 2.545E+04 5.417E+07 1.250E-13 7.841E-10 6.236E-08 3.197E-03 5.017E-05 4.003E-08 9.642E-07 4.627E+14 2.825E+07 3.916E+00 4.732E-07 4.331E-08 6.673E-11 3.689E-11 1.042E-11 1.011E-12 4.880E-14 4.949E-11 1.744E-15 2.882E-18 1.279E-12 4.201E-10 8.422E-14 5.757E-07 1.833E-07 1.418E-11
   2.950E+06 8.993E+03 3.562E+17 4.271E+02 2.523E+04 4.111E+07 2.157E-13 8.765E-10 7.747E-08 3.245E-03 5.115E-05 3.556E-08 9.142E-07 3.893E+14 2.843E+07 3.508E+00 4.875E-07 4.681E-08 7.982E-11 4.266E-11 9.206E-12 7.162E-13 8.422E-14 5.593E-11 1.097E-15 1.023E-18 8.169E-13 5.238E-10 1.437E-13 5.995E-07 1.671E-07 8.621E-12
   3.050E+06 7.466E+03 2.990E+17 2.993E+02 2.418E+04 3.089E+07 3.801E-13 9.806E-10 9.460E-08 3.275E-03 5.195E-05 3.154E-08 8.549E-07 3.268E+14 2.809E+07 3.120E+00 5.007E-07 5.041E-08 9.395E-11 4.886E-11 8.280E-12 5.147E-13 1.437E-13 6.235E-11 6.902E-16 3.677E-19 5.194E-13 6.528E-10 2.437E-13 6.262E-07 1.516E-07 5.378E-12
   3.150E+06 6.187E+03 2.499E+17 2.039E+02 2.233E+04 2.291E+07 7.031E-13 1.099E-09 1.135E-07 3.297E-03 5.259E-05 2.781E-08 7.869E-07 2.731E+14 2.720E+07 2.755E+00 5.129E-07 5.407E-08 1.088E-10 5.541E-11 7.577E-12 3.750E-13 2.437E-13 6.806E-11 4.300E-16 1.314E-19 3.267E-13 8.170E-10 4.126E-13 6.559E-07 1.364E-07 3.444E-12
   3.250E+06 5.120E+03 2.083E+17 1.385E+02 2.079E+04 1.656E+07 1.452E-12 1.235E-09 1.347E-07 3.310E-03 5.311E-05 2.401E-08 7.412E-07 2.277E+14 2.640E+07 2.377E+00 5.242E-07 5.774E-08 1.267E-10 6.351E-11 7.022E-12 2.835E-13 4.126E-13 7.547E-11 2.758E-16 4.978E-20 2.121E-13 1.007E-09 6.998E-13 6.892E-07 1.211E-07 2.249E-12
   3.350E+06 4.232E+03 1.733E+17 9.398E+01 1.998E+04 1.158E+07 3.457E-12 1.392E-09 1.602E-07 3.316E-03 5.352E-05 2.016E-08 7.198E-07 1.894E+14 2.599E+07 1.992E+00 5.346E-07 6.143E-08 1.500E-10 7.441E-11 6.585E-12 2.265E-13 6.998E-13 8.670E-11 1.869E-16 2.089E-20 1.463E-13 1.211E-09 1.195E-12 7.263E-07 1.052E-07 1.491E-12
   3.450E+06 3.494E+03 1.438E+17 6.278E+01 2.004E+04 7.836E+06 8.752E-12 1.576E-09 1.959E-07 3.317E-03 5.385E-05 1.642E-08 7.115E-07 1.572E+14 2.608E+07 1.618E+00 5.442E-07 6.511E-08 1.813E-10 8.970E-11 6.247E-12 1.938E-13 1.195E-12 1.044E-10 1.362E-16 1.003E-20 1.092E-13 1.419E-09 2.070E-12 7.672E-07 8.866E-08 1.001E-12
   3.550E+06 2.883E+03 1.191E+17 4.055E+01 2.109E+04 5.142E+06 2.110E-11 1.795E-09 2.527E-07 3.317E-03 5.411E-05 1.301E-08 7.003E-07 1.302E+14 2.672E+07 1.280E+00 5.531E-07 6.880E-08 2.243E-10 1.115E-10 5.986E-12 1.788E-13 2.070E-12 1.322E-10 1.078E-16 5.598E-21 8.866E-14 1.628E-09 3.666E-12 8.113E-07 7.188E-08 6.792E-13
   3.650E+06 2.377E+03 9.843E+16 2.539E+01 2.334E+04 3.279E+06 4.572E-11 2.062E-09 3.457E-07 3.322E-03 5.432E-05 1.003E-08 6.858E-07 1.076E+14 2.798E+07 9.901E-01 5.613E-07 7.247E-08 2.843E-10 1.433E-10 5.782E-12 1.771E-13 3.666E-12 1.759E-10 9.257E-17 3.600E-21 7.792E-14 1.835E-09 6.604E-12 8.577E-07 5.566E-08 4.664E-13
   3.750E+06 1.960E+03 8.119E+16 1.568E+01 2.652E+04 2.068E+06 8.782E-11 2.382E-09 4.898E-07 3.328E-03 5.448E-05 7.652E-09 6.669E-07 8.872E+13 2.958E+07 7.622E-01 5.689E-07 7.614E-08 3.644E-10 1.874E-10 5.619E-12 1.836E-13 6.604E-12 2.400E-10 8.395E-17 2.541E-21 7.168E-14 2.059E-09 1.196E-11 9.055E-07 4.089E-08 3.231E-13
   3.850E+06 1.615E+03 6.696E+16 9.743E+00 2.988E+04 1.314E+06 1.508E-10 2.761E-09 6.944E-07 3.333E-03 5.462E-05 5.885E-09 6.427E-07 7.316E+13 3.109E+07 5.957E-01 5.760E-07 7.978E-08 4.643E-10 2.441E-10 5.485E-12 1.924E-13 1.196E-11 3.259E-10 7.695E-17 1.828E-21 6.603E-14 2.330E-09 2.154E-11 9.540E-07 2.841E-08 2.250E-13
   3.950E+06 1.332E+03 5.523E+16 6.159E+00 3.247E+04 8.486E+05 2.351E-10 3.197E-09 9.595E-07 3.336E-03 5.473E-05 4.606E-09 6.126E-07 6.035E+13 3.210E+07 4.788E-01 5.826E-07 8.339E-08 5.812E-10 3.116E-10 5.375E-12 1.984E-13 2.154E-11 4.292E-10 6.852E-17 1.257E-21 5.892E-14 2.681E-09 3.822E-11 1.003E-06 1.873E-08 1.573E-13
   4.050E+06 1.098E+03 4.558E+16 3.976E+00 3.354E+04 5.590E+05 3.381E-10 3.689E-09 1.276E-06 3.335E-03 5.482E-05 3.677E-09 5.767E-07 4.980E+13 3.237E+07 3.978E-01 5.887E-07 8.693E-08 7.103E-10 3.864E-10 5.282E-12 1.988E-13 3.822E-11 5.409E-10 5.793E-17 7.978E-22 5.006E-14 3.139E-09 6.665E-11 1.052E-06 1.178E-08 1.101E-13
   4.150E+06 9.045E+02 3.761E+16 2.617E+00 3.276E+04 3.746E+05 4.551E-10 4.237E-09 1.627E-06 3.333E-03 5.490E-05 2.988E-09 5.352E-07 4.109E+13 3.181E+07 3.418E-01 5.943E-07 9.039E-08 8.459E-10 4.645E-10 5.202E-12 1.920E-13 6.665E-11 6.482E-10 4.578E-17 4.558E-22 4.009E-14 3.743E-09 1.142E-10 1.102E-06 7.116E-09 7.673E-14
   4.250E+06 7.453E+02 3.102E+16 1.750E+00 3.028E+04 2.549E+05 5.804E-10 4.844E-09 1.995E-06 3.331E-03 5.497E-05 2.466E-09 4.892E-07 3.389E+13 3.046E+07 3.030E-01 5.995E-07 9.374E-08 9.820E-10 5.413E-10 5.128E-12 1.785E-13 1.142E-10 7.381E-10 3.372E-17 2.329E-22 3.019E-14 4.538E-09 1.925E-10 1.153E-06 4.172E-09 5.317E-14
   4.350E+06 6.140E+02 2.558E+16 1.184E+00 2.659E+04 1.759E+05 7.087E-10 5.514E-09 2.362E-06 3.329E-03 5.503E-05 2.066E-09 4.400E-07 2.795E+13 2.845E+07 2.763E-01 6.043E-07 9.699E-08 1.112E-09 6.126E-10 5.056E-12 1.597E-13 1.925E-10 8.004E-10 2.321E-17 1.067E-22 2.140E-14 5.590E-09 3.200E-10 1.205E-06 2.408E-09 3.662E-14
   4.450E+06 5.058E+02 2.110E+16 8.069E-01 2.223E+04 1.234E+05 8.367E-10 6.259E-09 2.712E-06 3.325E-03 5.507E-05 1.759E-09 3.885E-07 2.305E+13 2.592E+07 2.584E-01 6.087E-07 1.001E-07 1.228E-09 6.742E-10 4.982E-12 1.373E-13 3.200E-10 8.285E-10 1.503E-17 4.409E-23 1.427E-14 7.001E-09 5.268E-10 1.258E-06 1.378E-09 2.496E-14
   4.550E+06 4.165E+02 1.741E+16 5.505E-01 1.772E+04 8.839E+04 9.693E-10 7.092E-09 3.035E-06 3.318E-03 5.512E-05 1.530E-09 3.354E-07 1.902E+13 2.300E+07 2.473E-01 6.128E-07 1.031E-07 1.321E-09 7.213E-10 4.900E-12 1.132E-13 5.268E-10 8.182E-10 9.208E-18 1.650E-23 8.928E-15 8.942E-09 8.641E-10 1.312E-06 7.851E-10 1.672E-14
   4.650E+06 3.429E+02 1.437E+16 3.762E-01 1.351E+04 6.495E+04 1.140E-09 8.038E-09 3.327E-06 3.309E-03 5.515E-05 1.366E-09 2.826E-07 1.570E+13 1.987E+07 2.429E-01 6.166E-07 1.060E-07 1.383E-09 7.491E-10 4.809E-12 8.896E-14 8.641E-10 7.665E-10 5.377E-18 5.593E-24 5.203E-15 1.173E-08 1.422E-09 1.365E-06 4.498E-10 1.100E-14
   4.750E+06 2.821E+02 1.185E+16 2.603E-01 9.836E+03 4.960E+04 1.451E-09 9.116E-09 3.585E-06 3.298E-03 5.519E-05 1.269E-09 2.314E-07 1.296E+13 1.667E+07 2.484E-01 6.201E-07 1.087E-07 1.406E-09 7.508E-10 4.708E-12 6.572E-14 1.422E-09 6.729E-10 3.026E-18 1.717E-24 2.787E-15 1.601E-08 2.374E-09 1.416E-06 2.605E-10 7.068E-15
   4.850E+06 2.320E+02 9.779E+15 1.863E-01 6.830E+03 4.011E+04 2.120E-09 1.035E-08 3.813E-06 3.286E-03 5.522E-05 1.248E-09 1.832E-07 1.069E+13 1.351E+07 2.720E-01 6.234E-07 1.113E-07 1.381E-09 7.184E-10 4.593E-12 4.455E-14 2.374E-09 5.409E-10 1.656E-18 4.696E-25 1.333E-15 2.323E-08 4.062E-09 1.464E-06 1.525E-10 4.402E-15
   4.950E+06 1.907E+02 8.060E+15 1.412E-01 4.524E+03 3.510E+04 3.500E-09 1.176E-08 4.016E-06 3.274E-03 5.524E-05 1.330E-09 1.398E-07 8.814E+12 1.046E+07 3.274E-01 6.265E-07 1.139E-07 1.297E-09 6.460E-10 4.463E-12 2.680E-14 4.062E-09 3.868E-10 8.920E-19 1.122E-25 5.491E-16 3.682E-08 7.136E-09 1.508E-06 9.064E-11 2.643E-15
   5.050E+06 1.567E+02 6.640E+15 1.134E-01 2.869E+03 3.390E+04 6.029E-09 1.334E-08 4.200E-06 3.263E-03 5.526E-05 1.564E-09 1.029E-07 7.265E+12 7.589E+06 4.332E-01 6.294E-07 1.163E-07 1.143E-09 5.367E-10 4.316E-12 1.385E-14 7.136E-09 2.399E-10 4.732E-19 2.282E-26 1.877E-16 6.502E-08 1.305E-08 1.544E-06 5.475E-11 1.525E-15
   5.150E+06 1.287E+02 5.462E+15 9.417E-02 1.759E+03 3.595E+04 1.014E-08 1.512E-08 4.372E-06 3.257E-03 5.528E-05 2.021E-09 7.366E-08 5.979E+12 5.141E+06 6.104E-01 6.321E-07 1.186E-07 9.413E-10 4.138E-10 4.150E-12 6.057E-15 1.305E-08 1.283E-10 2.398E-19 3.800E-27 5.263E-17 1.288E-07 2.637E-08 1.571E-06 3.374E-11 8.503E-16
   5.250E+06 1.057E+02 4.489E+15 8.228E-02 1.047E+03 4.860E+04 1.618E-08 1.708E-08 4.538E-06 3.254E-03 5.530E-05 3.327E-09 5.140E-08 4.917E+12 2.958E+06 9.299E-01 6.346E-07 1.208E-07 6.589E-10 2.680E-10 3.971E-12 1.852E-15 2.637E-08 5.310E-11 1.001E-19 4.161E-28 1.085E-17 3.381E-07 5.085E-08 1.587E-06 2.131E-11 4.724E-16
   5.350E+06 8.681E+01 3.686E+15 8.475E-02 5.987E+02 1.080E+05 2.447E-08 1.921E-08 4.702E-06 3.254E-03 5.532E-05 9.001E-09 3.454E-08 4.039E+12 1.038E+06 1.735E+00 6.369E-07 1.228E-07 2.816E-10 9.859E-11 3.777E-12 3.175E-16 5.085E-08 1.399E-11 2.485E-20 2.622E-29 1.637E-18 1.510E-06 7.662E-08 1.593E-06 1.381E-11 3.016E-16
   5.450E+06 7.131E+01 3.022E+15 8.454E-02 3.370E+02 2.021E+05 3.543E-08 2.150E-08 4.867E-06 3.264E-03 5.533E-05 2.049E-08 2.291E-08 3.307E+12 3.976E+05 3.186E+00 6.391E-07 1.248E-07 1.316E-10 3.398E-11 3.571E-12 1.364E-16 7.662E-08 3.367E-12 1.079E-20 2.279E-30 2.621E-19 5.497E-06 9.983E-08 1.593E-06 9.157E-12 2.581E-16
   5.550E+06 5.860E+01 2.478E+15 7.200E-02 1.897E+02 2.801E+05 4.966E-08 2.393E-08 5.036E-06 3.274E-03 5.535E-05 3.452E-08 1.520E-08 2.703E+12 1.955E+05 4.992E+00 6.410E-07 1.267E-07 7.889E-11 1.407E-11 3.360E-12 9.874E-17 9.983E-08 8.259E-13 6.819E-21 4.319E-31 4.873E-20 1.423E-05 1.205E-07 1.591E-06 6.189E-12 2.657E-16
   5.650E+06 4.820E+01 2.027E+15 5.382E-02 1.074E+02 3.154E+05 6.790E-08 2.651E-08 5.208E-06 3.298E-03 5.536E-05 4.718E-08 1.017E-08 2.197E+12 1.077E+05 6.832E+00 6.428E-07 1.284E-07 5.311E-11 6.647E-12 3.150E-12 7.588E-17 1.205E-07 2.121E-13 4.366E-21 1.267E-31 1.096E-20 2.968E-05 1.396E-07 1.587E-06 4.269E-12 2.845E-16
   5.750E+06 3.969E+01 1.659E+15 3.704E-02 6.165E+01 3.099E+05 9.085E-08 2.924E-08 5.386E-06 3.325E-03 5.538E-05 5.618E-08 6.899E-09 1.780E+12 6.244E+04 8.487E+00 6.443E-07 1.300E-07 3.763E-11 3.467E-12 2.945E-12 5.839E-17 1.396E-07 5.766E-14 2.758E-21 4.072E-32 2.987E-21 5.355E-05 1.582E-07 1.583E-06 3.011E-12 2.989E-16
   5.850E+06 3.273E+01 1.358E+15 2.417E-02 3.585E+01 2.763E+05 1.193E-07 3.210E-08 5.568E-06 3.355E-03 5.539E-05 6.062E-08 4.741E-09 1.435E+12 3.695E+04 9.872E+00 6.457E-07 1.314E-07 2.720E-11 1.939E-12 2.746E-12 4.472E-17 1.582E-07 1.652E-14 1.723E-21 1.308E-32 9.368E-22 8.766E-05 1.770E-07 1.578E-06 2.165E-12 3.051E-16
   5.950E+06 2.703E+01 1.110E+15 1.519E-02 2.105E+01 2.265E+05 1.541E-07 3.508E-08 5.753E-06 3.398E-03 5.540E-05 6.003E-08 3.295E-09 1.148E+12 2.191E+04 1.096E+01 6.469E-07 1.327E-07 1.973E-11 1.140E-12 2.554E-12 3.401E-17 1.770E-07 4.958E-15 1.059E-21 4.078E-33 3.180E-22 1.338E-04 1.965E-07 1.572E-06 1.582E-12 3.035E-16
   6.050E+06 2.237E+01 9.096E+14 9.457E-03 1.255E+01 1.752E+05 1.967E-07 3.813E-08 5.939E-06 3.439E-03 5.541E-05 5.602E-08 2.322E-09 9.145E+11 1.305E+04 1.186E+01 6.479E-07 1.337E-07 1.435E-11 7.015E-13 2.375E-12 2.586E-17 1.965E-07 1.563E-15 6.519E-22 1.269E-33 1.136E-22 1.929E-04 2.173E-07 1.566E-06 1.176E-12 2.975E-16
   6.150E+06 1.856E+01 7.452E+14 5.894E-03 7.576E+00 1.278E+05 2.497E-07 4.134E-08 6.123E-06 3.487E-03 5.541E-05 4.917E-08 1.660E-09 7.229E+11 7.738E+03 1.268E+01 6.487E-07 1.347E-07 1.038E-11 4.470E-13 2.208E-12 1.964E-17 2.173E-07 5.167E-16 3.990E-22 3.909E-34 4.165E-23 2.652E-04 2.395E-07 1.559E-06 8.898E-13 2.896E-16
   6.250E+06 1.543E+01 6.115E+14 3.742E-03 4.640E+00 8.888E+04 3.169E-07 4.504E-08 6.303E-06 3.536E-03 5.542E-05 4.111E-08 1.204E-09 5.678E+11 4.578E+03 1.360E+01 6.494E-07 1.354E-07 7.487E-12 2.937E-13 2.058E-12 1.495E-17 2.395E-07 1.784E-16 2.447E-22 1.205E-34 1.554E-23 3.502E-04 2.634E-07 1.551E-06 6.839E-13 2.823E-16
   6.350E+06 1.286E+01 5.031E+14 2.458E-03 2.888E+00 5.952E+04 4.040E-07 4.986E-08 6.477E-06 3.582E-03 5.542E-05 3.303E-08 8.864E-10 4.435E+11 2.709E+03 1.481E+01 6.500E-07 1.360E-07 5.384E-12 1.986E-13 1.925E-12 1.145E-17 2.634E-07 6.452E-17 1.513E-22 3.774E-35 5.907E-24 4.459E-04 2.894E-07 1.542E-06 5.343E-13 2.767E-16
   6.450E+06 1.075E+01 4.142E+14 1.669E-03 1.821E+00 3.819E+04 5.166E-07 5.654E-08 6.643E-06 3.631E-03 5.543E-05 2.539E-08 6.620E-10 3.440E+11 1.594E+03 1.644E+01 6.504E-07 1.365E-07 3.848E-12 1.374E-13 1.811E-12 8.811E-18 2.894E-07 2.430E-17 9.381E-23 1.189E-35 2.276E-24 5.502E-04 3.180E-07 1.533E-06 4.237E-13 2.726E-16
   6.550E+06 9.009E+00 3.420E+14 1.164E-03 1.163E+00 2.382E+04 6.575E-07 6.544E-08 6.798E-06 3.678E-03 5.543E-05 1.894E-08 5.003E-10 2.655E+11 9.385E+02 1.848E+01 6.508E-07 1.369E-07 2.744E-12 9.718E-14 1.714E-12 6.842E-18 3.180E-07 9.471E-18 5.884E-23 3.815E-36 8.881E-25 6.609E-04 3.494E-07 1.523E-06 3.402E-13 2.691E-16
   6.650E+06 7.570E+00 2.830E+14 8.239E-04 7.518E-01 1.446E+04 8.237E-07 7.639E-08 6.940E-06 3.723E-03 5.543E-05 1.373E-08 3.827E-10 2.041E+11 5.532E+02 2.076E+01 6.510E-07 1.373E-07 1.955E-12 7.018E-14 1.637E-12 5.367E-18 3.494E-07 3.817E-18 3.734E-23 1.251E-36 3.519E-25 7.742E-04 3.840E-07 1.511E-06 2.764E-13 2.651E-16
   6.750E+06 6.379E+00 2.345E+14 5.833E-04 4.914E-01 8.513E+03 1.007E-06 8.872E-08 7.068E-06 3.765E-03 5.543E-05 9.642E-09 2.965E-10 1.563E+11 3.257E+02 2.302E+01 6.513E-07 1.375E-07 1.389E-12 5.164E-14 1.577E-12 4.247E-18 3.840E-07 1.590E-18 2.387E-23 4.172E-37 1.417E-25 8.865E-04 4.220E-07 1.498E-06 2.274E-13 2.595E-16
   6.850E+06 5.391E+00 1.949E+14 4.110E-04 3.257E-01 4.900E+03 1.196E-06 1.015E-07 7.179E-06 3.778E-03 5.543E-05 6.656E-09 2.328E-10 1.197E+11 1.929E+02 2.500E+01 6.514E-07 1.377E-07 9.897E-13 3.877E-14 1.533E-12 3.401E-18 4.220E-07 6.837E-19 1.549E-23 1.427E-37 5.817E-26 9.947E-04 4.638E-07 1.483E-06 1.893E-13 2.520E-16
   6.950E+06 4.570E+00 1.619E+14 2.869E-04 2.182E-01 2.725E+03 1.380E-06 1.139E-07 7.275E-06 3.786E-03 5.544E-05 4.446E-09 1.853E-10 9.151E+10 1.139E+02 2.657E+01 6.516E-07 1.378E-07 7.036E-13 2.956E-14 1.503E-12 2.738E-18 4.638E-07 3.031E-19 1.004E-23 4.906E-38 2.432E-26 1.097E-03 5.097E-07 1.467E-06 1.596E-13 2.427E-16
   7.050E+06 3.890E+00 1.339E+14 1.983E-04 1.474E-01 1.444E+03 1.550E-06 1.255E-07 7.355E-06 3.794E-03 5.544E-05 2.841E-09 1.496E-10 6.972E+10 6.656E+01 2.773E+01 6.517E-07 1.380E-07 4.970E-13 2.279E-14 1.484E-12 2.200E-18 5.097E-07 1.377E-19 6.391E-24 1.654E-38 1.034E-26 1.191E-03 5.602E-07 1.449E-06 1.361E-13 2.319E-16
   7.150E+06 3.326E+00 1.114E+14 1.372E-04 1.013E-01 7.687E+02 1.701E-06 1.357E-07 7.421E-06 3.802E-03 5.544E-05 1.815E-09 1.226E-10 5.350E+10 3.959E+01 2.840E+01 6.518E-07 1.380E-07 3.554E-13 1.790E-14 1.472E-12 1.785E-18 5.602E-07 6.439E-20 4.134E-24 5.649E-39 4.510E-27 1.277E-03 6.174E-07 1.429E-06 1.175E-13 2.202E-16
   7.250E+06 2.857E+00 9.275E+13 9.435E-05 7.026E-02 4.019E+02 1.831E-06 1.445E-07 7.475E-06 3.810E-03 5.544E-05 1.137E-09 1.013E-10 4.109E+10 2.375E+01 2.863E+01 6.518E-07 1.381E-07 2.561E-13 1.422E-14 1.465E-12 1.449E-18 6.174E-07 3.038E-20 2.662E-24 1.912E-39 1.996E-27 1.358E-03 6.848E-07 1.406E-06 1.021E-13 2.078E-16
   7.350E+06 2.468E+00 7.661E+13 6.347E-05 4.829E-02 1.955E+02 1.942E-06 1.521E-07 7.518E-06 3.822E-03 5.544E-05 6.678E-10 8.385E-11 3.121E+10 1.418E+01 2.854E+01 6.519E-07 1.382E-07 1.851E-13 1.127E-14 1.461E-12 1.158E-18 6.848E-07 1.397E-20 1.638E-24 6.068E-40 8.756E-28 1.436E-03 7.637E-07 1.377E-06 8.887E-14 1.945E-16
   7.450E+06 2.146E+00 6.380E+13 4.235E-05 3.341E-02 9.682E+01 2.032E-06 1.584E-07 7.552E-06 3.833E-03 5.544E-05 3.959E-10 6.935E-11 2.384E+10 9.072E+00 2.798E+01 6.519E-07 1.382E-07 1.422E-13 9.056E-15 1.458E-12 9.329E-19 7.637E-07 6.213E-21 1.028E-24 1.880E-40 3.815E-28 1.513E-03 8.552E-07 1.343E-06 7.731E-14 1.806E-16
   7.550E+06 1.877E+00 5.353E+13 2.814E-05 2.328E-02 4.887E+01 2.105E-06 1.636E-07 7.580E-06 3.844E-03 5.544E-05 2.375E-10 5.737E-11 1.830E+10 6.508E+00 2.707E+01 6.519E-07 1.382E-07 1.216E-13 7.362E-15 1.456E-12 7.575E-19 8.552E-07 2.673E-21 6.566E-25 5.825E-41 1.667E-28 1.587E-03 9.601E-07 1.303E-06 6.727E-14 1.667E-16
   7.650E+06 1.651E+00 4.485E+13 1.852E-05 1.619E-02 2.388E+01 2.163E-06 1.678E-07 7.601E-06 3.858E-03 5.544E-05 1.380E-10 4.748E-11 1.400E+10 5.727E+00 2.601E+01 6.520E-07 1.383E-07 1.277E-13 5.982E-15 1.455E-12 6.098E-19 9.601E-07 1.102E-21 4.104E-25 1.774E-41 7.377E-29 1.659E-03 1.079E-06 1.254E-06 5.856E-14 1.529E-16
   7.750E+06 1.461E+00 3.780E+13 1.217E-05 1.132E-02 1.175E+01 2.210E-06 1.714E-07 7.618E-06 3.866E-03 5.544E-05 8.044E-11 3.932E-11 1.076E+10 6.433E+00 2.479E+01 6.520E-07 1.383E-07 1.702E-13 4.887E-15 1.453E-12 4.927E-19 1.079E-06 4.341E-22 2.586E-25 5.379E-42 3.359E-29 1.729E-03 1.210E-06 1.198E-06 5.099E-14 1.397E-16
   7.850E+06 1.301E+00 3.211E+13 8.023E-06 7.985E-03 5.930E+00 2.247E-06 1.743E-07 7.631E-06 3.869E-03 5.544E-05 4.774E-11 3.259E-11 8.319E+09 8.358E+00 2.345E+01 6.520E-07 1.383E-07 2.603E-13 4.020E-15 1.452E-12 4.013E-19 1.210E-06 1.639E-22 1.661E-25 1.653E-42 1.612E-29 1.797E-03 1.353E-06 1.135E-06 4.443E-14 1.271E-16
   7.950E+06 1.164E+00 2.748E+13 5.300E-06 5.680E-03 3.064E+00 2.273E-06 1.316E-07 7.641E-06 3.871E-03 5.544E-05 2.881E-11 2.705E-11 6.477E+09 1.138E+01 2.202E+01 6.520E-07 1.383E-07 4.143E-13 3.323E-15 1.451E-12 3.293E-19 1.353E-06 5.998E-23 1.086E-25 5.210E-43 8.393E-30 1.863E-03 1.505E-06 1.064E-06 3.876E-14 1.154E-16
   8.050E+06 1.047E+00 2.364E+13 3.522E-06 4.070E-03 1.607E+00 2.296E-06 1.331E-07 7.649E-06 3.874E-03 5.544E-05 1.755E-11 2.251E-11 5.067E+09 1.564E+01 2.063E+01 6.520E-07 1.383E-07 6.616E-13 2.748E-15 1.449E-12 2.714E-19 1.505E-06 2.185E-23 7.173E-26 1.689E-43 4.842E-30 1.928E-03 1.664E-06 9.863E-07 3.386E-14 1.047E-16
   8.150E+06 9.457E-01 2.046E+13 2.354E-06 2.941E-03 8.589E-01 2.314E-06 1.343E-07 7.656E-06 3.876E-03 5.544E-05 1.083E-11 1.877E-11 3.986E+09 2.103E+01 1.926E+01 6.520E-07 1.383E-07 1.028E-12 2.272E-15 1.448E-12 2.250E-19 1.664E-06 8.640E-24 4.798E-26 5.653E-44 3.093E-30 1.993E-03 1.826E-06 9.040E-07 2.964E-14 9.497E-17
   8.250E+06 8.579E-01 1.781E+13 1.584E-06 2.144E-03 4.690E-01 2.329E-06 1.353E-07 7.661E-06 3.879E-03 5.544E-05 6.789E-12 1.571E-11 3.153E+09 2.726E+01 1.794E+01 6.520E-07 1.383E-07 1.530E-12 1.877E-15 1.446E-12 1.877E-19 1.826E-06 4.526E-24 3.257E-26 1.961E-44 2.138E-30 2.056E-03 1.988E-06 8.186E-07 2.601E-14 8.620E-17
   8.350E+06 7.813E-01 1.559E+13 1.075E-06 1.577E-03 2.616E-01 2.341E-06 1.360E-07 7.665E-06 3.882E-03 5.544E-05 4.322E-12 1.319E-11 2.509E+09 3.400E+01 1.667E+01 6.520E-07 1.383E-07 2.180E-12 1.548E-15 1.444E-12 1.575E-19 1.988E-06 3.631E-24 2.241E-26 7.071E-45 1.552E-30 2.119E-03 2.145E-06 7.321E-07 2.288E-14 7.835E-17
   8.450E+06 7.141E-01 1.372E+13 7.351E-07 1.170E-03 1.489E-01 2.350E-06 1.367E-07 7.668E-06 3.884E-03 5.544E-05 2.793E-12 1.112E-11 2.007E+09 4.089E+01 1.547E+01 6.520E-07 1.383E-07 2.980E-12 1.274E-15 1.442E-12 1.329E-19 2.145E-06 3.813E-24 1.562E-26 2.651E-45 1.151E-30 2.182E-03 2.295E-06 6.468E-07 2.019E-14 7.139E-17
   8.550E+06 6.548E-01 1.215E+13 5.081E-07 8.783E-04 8.742E-02 2.358E-06 1.372E-07 7.671E-06 3.886E-03 5.544E-05 1.851E-12 9.421E-12 1.617E+09 4.650E+01 1.434E+01 6.520E-07 1.383E-07 3.826E-12 1.049E-15 1.440E-12 1.132E-19 2.295E-06 4.221E-24 1.112E-26 1.042E-45 8.581E-31 2.245E-03 2.435E-06 5.649E-07 1.787E-14 6.523E-17
   8.650E+06 6.022E-01 1.082E+13 3.548E-07 6.660E-04 5.287E-02 2.364E-06 1.376E-07 7.673E-06 3.903E-03 5.544E-05 1.251E-12 8.018E-12 1.310E+09 5.070E+01 1.328E+01 6.520E-07 1.383E-07 4.684E-12 8.621E-16 1.438E-12 9.716E-20 2.435E-06 4.550E-24 8.045E-27 4.295E-46 6.369E-31 2.309E-03 2.564E-06 4.878E-07 1.588E-14 5.981E-17
   8.750E+06 5.552E-01 9.676E+12 2.500E-07 5.094E-04 3.261E-02 2.369E-06 1.379E-07 7.675E-06 3.939E-03 5.544E-05 8.556E-13 6.860E-12 1.066E+09 5.386E+01 1.229E+01 6.520E-07 1.383E-07 5.566E-12 7.067E-16 1.436E-12 8.373E-20 2.564E-06 4.726E-24 5.874E-27 1.840E-46 4.693E-31 2.373E-03 2.680E-06 4.168E-07 1.417E-14 5.506E-17
   8.850E+06 5.132E-01 8.678E+12 1.777E-07 3.931E-04 2.046E-02 2.374E-06 1.382E-07 7.676E-06 3.988E-03 5.544E-05 5.913E-13 5.901E-12 8.714E+08 5.587E+01 1.138E+01 6.520E-07 1.383E-07 6.438E-12 5.777E-16 1.434E-12 7.243E-20 2.680E-06 4.724E-24 4.324E-27 8.148E-47 3.430E-31 2.437E-03 2.783E-06 3.526E-07 1.270E-14 5.089E-17
   8.950E+06 4.754E-01 7.809E+12 1.275E-07 3.060E-04 1.305E-02 2.377E-06 1.384E-07 7.678E-06 4.050E-03 5.544E-05 4.126E-13 5.105E-12 7.145E+08 5.675E+01 1.053E+01 6.520E-07 1.383E-07 7.268E-12 4.709E-16 1.431E-12 6.289E-20 2.783E-06 4.550E-24 3.209E-27 3.711E-47 2.486E-31 2.503E-03 2.872E-06 2.956E-07 1.143E-14 4.725E-17
   9.050E+06 4.414E-01 7.047E+12 9.226E-08 2.404E-04 8.422E-03 2.380E-06 1.386E-07 7.679E-06 4.113E-03 5.544E-05 2.905E-13 4.443E-12 5.878E+08 5.655E+01 9.745E+00 6.520E-07 1.383E-07 8.024E-12 3.829E-16 1.429E-12 5.479E-20 2.872E-06 4.220E-24 2.399E-27 1.736E-47 1.788E-31 2.569E-03 2.949E-06 2.459E-07 1.034E-14 4.406E-17
   9.150E+06 4.106E-01 6.395E+12 6.757E-08 1.912E-04 5.500E-03 2.382E-06 1.388E-07 7.679E-06 4.113E-03 5.544E-05 2.091E-13 3.893E-12 4.861E+08 5.422E+01 9.009E+00 6.520E-07 1.383E-07 8.479E-12 3.120E-16 1.426E-12 4.816E-20 2.949E-06 3.722E-24 1.828E-27 8.440E-48 1.277E-31 2.637E-03 3.013E-06 2.036E-07 9.409E-15 4.129E-17
   9.250E+06 3.827E-01 5.833E+12 5.008E-08 1.539E-04 3.687E-03 2.384E-06 1.389E-07 7.680E-06 4.113E-03 5.544E-05 1.537E-13 3.435E-12 4.039E+08 5.023E+01 8.320E+00 6.520E-07 1.383E-07 8.613E-12 2.548E-16 1.424E-12 4.271E-20 3.013E-06 3.140E-24 1.421E-27 4.277E-48 9.077E-32 2.705E-03 3.066E-06 1.682E-07 8.609E-15 3.887E-17
   9.350E+06 3.571E-01 5.330E+12 3.747E-08 1.251E-04 2.489E-03 2.386E-06 1.390E-07 7.681E-06 4.113E-03 5.544E-05 1.135E-13 3.056E-12 3.360E+08 4.626E+01 7.677E+00 6.520E-07 1.383E-07 8.679E-12 2.075E-16 1.421E-12 3.795E-20 3.066E-06 2.599E-24 1.109E-27 2.231E-48 6.438E-32 2.775E-03 3.109E-06 1.389E-07 7.925E-15 3.677E-17
   9.450E+06 3.338E-01 4.880E+12 2.831E-08 1.029E-04 1.690E-03 2.387E-06 1.391E-07 7.681E-06 4.113E-03 5.544E-05 8.418E-14 2.744E-12 2.796E+08 4.250E+01 7.077E+00 6.520E-07 1.383E-07 8.707E-12 1.685E-16 1.419E-12 3.380E-20 3.109E-06 2.138E-24 8.692E-28 1.189E-48 4.575E-32 2.846E-03 3.144E-06 1.150E-07 7.345E-15 3.494E-17
   9.550E+06 3.124E-01 4.476E+12 2.161E-08 8.555E-05 1.152E-03 2.389E-06 1.392E-07 7.682E-06 4.113E-03 5.544E-05 6.258E-14 2.488E-12 2.326E+08 3.914E+01 6.513E+00 6.520E-07 1.383E-07 8.743E-12 1.364E-16 1.416E-12 3.016E-20 3.144E-06 1.768E-24 6.843E-28 6.444E-49 3.273E-32 2.919E-03 3.170E-06 9.586E-08 6.855E-15 3.336E-17
   9.650E+06 2.928E-01 4.113E+12 1.668E-08 7.209E-05 7.883E-04 2.390E-06 1.393E-07 7.682E-06 4.113E-03 5.544E-05 4.660E-14 2.281E-12 1.933E+08 3.640E+01 5.981E+00 6.520E-07 1.383E-07 8.850E-12 1.100E-16 1.413E-12 2.697E-20 3.170E-06 1.492E-24 5.409E-28 3.548E-49 2.377E-32 2.993E-03 3.188E-06 8.109E-08 6.446E-15 3.200E-17
   9.750E+06 2.748E-01 3.786E+12 1.302E-08 6.161E-05 5.406E-04 2.390E-06 1.394E-07 7.682E-06 4.113E-03 5.544E-05 3.472E-14 2.118E-12 1.603E+08 3.453E+01 5.476E+00 6.520E-07 1.383E-07 9.121E-12 8.835E-17 1.410E-12 2.416E-20 3.188E-06 1.304E-24 4.293E-28 1.991E-49 1.774E-32 3.069E-03 3.200E-06 7.025E-08 6.110E-15 3.083E-17
   9.850E+06 2.582E-01 3.495E+12 1.029E-08 5.353E-05 3.742E-04 2.391E-06 1.394E-07 7.682E-06 4.113E-03 5.544E-05 2.603E-14 1.994E-12 1.326E+08 3.347E+01 4.994E+00 6.520E-07 1.383E-07 9.577E-12 7.070E-17 1.408E-12 2.174E-20 3.200E-06 1.190E-24 3.441E-28 1.167E-49 1.390E-32 3.146E-03 3.204E-06 6.308E-08 5.840E-15 2.983E-17
   9.950E+06 2.428E-01 3.242E+12 8.259E-09 4.743E-05 2.669E-04 2.392E-06 1.394E-07 7.683E-06 4.113E-03 5.544E-05 2.001E-14 1.904E-12 1.095E+08 3.294E+01 4.529E+00 6.520E-07 1.383E-07 1.016E-11 5.655E-17 1.405E-12 1.977E-20 3.204E-06 1.134E-24 2.821E-28 7.714E-50 1.178E-32 3.224E-03 0.000E+00 5.945E-08 5.632E-15 2.898E-17
