
     Z         PRESS      DEN     ProOH1    ProOH25    ProO3D    PO2D       PO2      PH2O      PO3D      PH2O2     FO3      FH2O      NumO2      NumOH      NumO1D     PN2O     PCH3CL      FOH      FHO2      FNO     FNO2      FH    FH2O2     FNO3    FN2O5    FHNO3      FO       FN      FH2     FCH4    FN2O
   5.000E+04 9.558E+05 2.433E+19 3.925E+05 2.247E+04 3.321E+06 0.000E+00 1.892E-13 8.555E-14 1.742E-05 2.775E-06 7.836E-09 1.080E-02 5.177E+15 3.477E+06 4.537E-03 2.698E-10 3.030E-12 1.429E-13 1.118E-11 8.145E-12 1.726E-11 5.883E-18 7.915E-10 8.026E-15 1.069E-16 9.428E-11 2.131E-14 5.134E-18 5.000E-07 8.080E-07 2.730E-07
   1.500E+05 8.471E+05 2.181E+19 3.079E+05 3.563E+04 3.279E+06 0.000E+00 3.355E-13 1.953E-13 1.904E-05 3.017E-06 7.892E-09 8.363E-03 4.890E+15 2.768E+06 5.112E-03 5.255E-10 7.254E-12 1.269E-13 1.088E-11 3.163E-12 5.955E-12 5.134E-18 8.145E-10 4.737E-15 2.808E-17 8.443E-11 2.492E-14 4.897E-18 4.991E-07 8.043E-07 2.720E-07
   2.500E+05 7.493E+05 1.970E+19 2.153E+05 4.399E+04 3.494E+06 0.000E+00 5.264E-13 4.199E-13 2.026E-05 3.234E-06 8.754E-09 5.318E-03 4.657E+15 2.493E+06 6.194E-03 9.178E-10 1.557E-11 1.265E-13 1.045E-11 2.187E-12 3.572E-12 4.897E-18 8.108E-10 3.649E-15 2.045E-17 7.757E-11 3.119E-14 5.301E-18 4.985E-07 8.012E-07 2.708E-07
   3.500E+05 6.612E+05 1.771E+19 1.582E+05 5.205E+04 3.965E+06 0.000E+00 7.722E-13 8.705E-13 2.119E-05 3.433E-06 1.057E-08 3.375E-03 4.415E+15 2.489E+06 7.941E-03 1.495E-09 3.054E-11 1.405E-13 1.059E-11 2.199E-12 3.256E-12 5.301E-18 7.803E-10 3.525E-15 2.840E-17 7.364E-11 4.309E-14 5.791E-18 4.980E-07 7.987E-07 2.696E-07
   4.500E+05 5.821E+05 1.591E+19 1.094E+05 5.541E+04 4.615E+06 0.000E+00 1.079E-12 1.760E-12 2.179E-05 3.616E-06 1.331E-08 1.979E-03 4.182E+15 2.524E+06 1.038E-02 2.305E-09 5.564E-11 1.586E-13 1.064E-11 2.641E-12 3.562E-12 5.791E-18 7.217E-10 3.754E-15 5.651E-17 7.134E-11 6.178E-14 6.040E-18 4.978E-07 7.967E-07 2.682E-07
   5.500E+05 5.110E+05 1.430E+19 6.735E+04 5.088E+04 5.332E+06 0.000E+00 1.444E-12 3.400E-12 2.211E-05 3.787E-06 1.687E-08 1.047E-03 3.963E+15 2.512E+06 1.336E-02 3.372E-09 9.389E-11 1.757E-13 1.028E-11 3.362E-12 4.056E-12 6.040E-18 6.330E-10 4.071E-15 1.322E-16 6.920E-11 8.809E-14 5.849E-18 4.976E-07 7.950E-07 2.668E-07
   6.500E+05 4.472E+05 1.284E+19 3.596E+04 3.930E+04 5.998E+06 0.000E+00 1.852E-12 6.172E-12 2.216E-05 3.947E-06 2.107E-08 4.958E-04 3.754E+15 2.403E+06 1.666E-02 4.655E-09 1.460E-10 1.871E-13 9.385E-12 4.137E-12 4.335E-12 5.849E-18 5.210E-10 4.233E-15 3.102E-16 6.605E-11 1.226E-13 5.241E-18 4.976E-07 7.938E-07 2.653E-07
   7.500E+05 3.899E+05 1.153E+19 1.637E+04 2.528E+04 6.530E+06 6.170-152 2.280E-12 1.056E-11 2.199E-05 4.097E-06 2.576E-08 2.077E-04 3.551E+15 2.195E+06 2.002E-02 6.068E-09 2.102E-10 1.905E-13 8.057E-12 4.887E-12 4.301E-12 5.241E-18 4.015E-10 4.175E-15 7.249E-16 6.202E-11 1.660E-13 4.548E-18 4.976E-07 7.928E-07 2.637E-07
   8.500E+05 3.386E+05 1.032E+19 6.289E+03 1.329E+04 6.884E+06 1.485E-67 2.699E-12 1.695E-11 2.164E-05 4.238E-06 3.083E-08 7.600E-05 3.349E+15 1.994E+06 2.329E-02 7.507E-09 2.818E-10 1.932E-13 6.574E-12 6.263E-12 4.493E-12 4.548E-18 2.920E-10 4.158E-15 2.014E-15 5.869E-11 2.198E-13 4.013E-18 4.976E-07 7.921E-07 2.621E-07
   9.500E+05 2.927E+05 9.205E+18 1.950E+03 5.301E+03 7.108E+06 1.208E-40 3.087E-12 2.510E-11 2.117E-05 4.370E-06 3.647E-08 2.295E-05 3.155E+15 1.868E+06 2.657E-02 8.881E-09 3.545E-10 2.029E-13 5.129E-12 8.980E-12 5.148E-12 4.013E-18 2.023E-10 4.348E-15 6.043E-15 5.712E-11 2.878E-13 3.529E-18 4.977E-07 7.914E-07 2.605E-07
   1.050E+06 2.519E+05 8.173E+18 4.089E+02 1.248E+03 7.538E+06 1.857E-33 3.429E-12 3.346E-11 2.062E-05 4.496E-06 4.473E-08 4.564E-06 3.023E+15 1.759E+06 3.127E-02 1.014E-08 4.224E-10 2.152E-13 3.747E-12 1.323E-11 6.168E-12 3.529E-18 1.253E-10 4.802E-15 1.462E-14 5.781E-11 3.860E-13 3.380E-18 4.978E-07 7.907E-07 2.582E-07
   1.150E+06 2.158E+05 7.209E+18 4.581E+02 1.306E+03 8.866E+06 4.214E-31 3.731E-12 4.141E-11 2.004E-05 4.614E-06 6.138E-08 4.374E-06 3.102E+15 1.833E+06 4.109E-02 1.127E-08 4.843E-10 2.543E-13 3.013E-12 1.812E-11 7.840E-12 3.380E-18 6.698E-11 6.448E-15 2.455E-14 6.457E-11 5.466E-13 2.699E-18 4.979E-07 7.894E-07 2.537E-07
   1.250E+06 1.841E+05 6.308E+18 5.505E+02 1.225E+03 1.193E+07 4.205E-29 4.011E-12 4.945E-11 1.962E-05 4.729E-06 9.639E-08 3.928E-06 3.598E+15 1.825E+06 6.236E-02 1.232E-08 5.426E-10 2.893E-13 2.511E-12 2.358E-11 1.104E-11 2.699E-18 3.470E-11 1.028E-14 5.038E-14 8.123E-11 7.976E-13 1.788E-18 4.981E-07 7.871E-07 2.452E-07
   1.350E+06 1.564E+05 5.476E+18 6.073E+02 9.515E+02 1.734E+07 1.690E-27 4.293E-12 5.802E-11 1.934E-05 4.842E-06 1.637E-07 2.995E-06 4.707E+15 1.693E+06 1.032E-01 1.334E-08 6.004E-10 3.091E-13 2.146E-12 3.156E-11 1.782E-11 1.788E-18 2.045E-11 1.808E-14 1.292E-13 1.128E-10 1.137E-12 1.093E-18 4.986E-07 7.832E-07 2.307E-07
   1.450E+06 1.325E+05 4.726E+18 5.884E+02 6.514E+02 2.488E+07 2.870E-26 4.617E-12 6.786E-11 1.920E-05 4.958E-06 2.742E-07 2.031E-06 6.391E+15 1.424E+06 1.699E-01 1.446E-08 6.633E-10 3.012E-13 1.766E-12 4.588E-11 3.139E-11 1.093E-18 1.248E-11 2.992E-14 3.329E-13 1.583E-10 1.561E-12 7.408E-19 4.992E-07 7.776E-07 2.105E-07
   1.550E+06 1.119E+05 4.063E+18 5.437E+02 4.557E+02 3.357E+07 2.833E-25 5.036E-12 8.029E-11 1.925E-05 5.083E-06 4.292E-07 1.397E-06 8.335E+15 1.169E+06 2.640E-01 1.582E-08 7.394E-10 2.877E-13 1.457E-12 6.892E-11 5.412E-11 7.408E-19 7.751E-12 4.423E-14 7.279E-13 2.098E-10 2.100E-12 5.986E-19 5.000E-07 7.702E-07 1.869E-07
   1.650E+06 9.427E+04 3.481E+18 4.874E+02 3.289E+02 4.348E+07 2.229E-24 5.622E-12 9.730E-11 1.985E-05 5.224E-06 6.291E-07 9.709E-07 1.024E+16 9.990E+05 3.951E-01 1.761E-08 8.392E-10 2.870E-13 1.272E-12 1.010E-10 8.612E-11 5.986E-19 5.279E-12 6.033E-14 1.325E-12 2.591E-10 2.824E-12 5.940E-19 5.009E-07 7.609E-07 1.617E-07
   1.750E+06 7.917E+04 2.970E+18 4.366E+02 2.534E+02 5.420E+07 1.594E-23 6.470E-12 1.218E-10 2.100E-05 5.390E-06 8.690E-07 7.006E-07 1.180E+16 9.295E+05 5.719E-01 2.007E-08 9.757E-10 3.129E-13 1.243E-12 1.387E-10 1.227E-10 5.940E-19 4.370E-12 7.861E-14 2.018E-12 2.995E-10 3.856E-12 7.168E-19 5.018E-07 7.498E-07 1.369E-07
   1.850E+06 6.632E+04 2.521E+18 4.144E+02 2.176E+02 6.610E+07 1.103E-22 7.696E-12 1.578E-10 2.286E-05 5.590E-06 1.147E-06 5.471E-07 1.283E+16 9.559E+05 8.151E-01 2.345E-08 1.164E-09 3.791E-13 1.400E-12 1.757E-10 1.573E-10 7.168E-19 4.648E-12 1.009E-13 2.661E-12 3.297E-10 5.413E-12 1.026E-18 5.028E-07 7.369E-07 1.135E-07
   1.950E+06 5.544E+04 2.129E+18 4.324E+02 2.133E+02 7.981E+07 7.452E-22 9.454E-12 2.113E-10 2.571E-05 5.835E-06 1.458E-06 4.742E-07 1.327E+16 1.079E+06 1.158E+00 2.806E-08 1.424E-09 5.068E-13 1.803E-12 2.060E-10 1.843E-10 1.026E-18 6.232E-12 1.287E-13 3.114E-12 3.496E-10 7.836E-12 1.677E-18 5.039E-07 7.223E-07 9.228E-08
   2.050E+06 4.628E+04 1.790E+18 4.882E+02 2.328E+02 9.575E+07 4.805E-21 1.193E-11 2.907E-10 2.988E-05 6.138E-06 1.790E-06 4.473E-07 1.314E+16 1.303E+06 1.645E+00 3.422E-08 1.778E-09 7.279E-13 2.534E-12 2.278E-10 2.014E-10 1.677E-18 9.611E-12 1.617E-13 3.269E-12 3.578E-10 1.162E-11 3.013E-18 5.051E-07 7.065E-07 7.392E-08
   2.150E+06 3.859E+04 1.501E+18 5.761E+02 2.711E+02 1.144E+08 2.866E-20 1.538E-11 4.081E-10 3.575E-05 6.515E-06 2.132E-06 4.425E-07 1.261E+16 1.632E+06 2.335E+00 4.227E-08 2.251E-09 1.087E-12 3.679E-12 2.422E-10 2.091E-10 3.013E-18 1.542E-11 1.971E-13 3.098E-12 3.533E-10 1.749E-11 5.791E-18 5.063E-07 6.896E-07 5.834E-08
   2.250E+06 3.215E+04 1.257E+18 6.905E+02 3.257E+02 1.360E+08 1.540E-19 2.011E-11 5.798E-10 4.390E-05 6.986E-06 2.465E-06 4.469E-07 1.179E+16 2.070E+06 3.303E+00 5.259E-08 2.870E-09 1.646E-12 5.290E-12 2.513E-10 2.091E-10 5.791E-18 2.384E-11 2.296E-13 2.648E-12 3.359E-10 2.652E-11 1.172E-17 5.077E-07 6.718E-07 4.540E-08
   2.350E+06 2.675E+04 1.052E+18 8.279E+02 3.959E+02 1.604E+08 7.322E-19 2.651E-11 8.273E-10 5.509E-05 7.572E-06 2.769E-06 4.550E-07 1.081E+16 2.618E+06 4.641E+00 6.547E-08 3.665E-09 2.490E-12 7.346E-12 2.568E-10 2.026E-10 1.172E-17 3.403E-11 2.524E-13 2.033E-12 3.074E-10 4.032E-11 2.475E-17 5.093E-07 6.533E-07 3.489E-08
   2.450E+06 2.225E+04 8.788E+17 9.838E+02 4.800E+02 1.872E+08 3.057E-18 3.502E-11 1.177E-09 7.041E-05 8.301E-06 3.026E-06 4.640E-07 9.766E+15 3.282E+06 6.461E+00 8.113E-08 4.658E-09 3.735E-12 9.749E-12 2.594E-10 1.905E-10 2.475E-17 4.412E-11 2.592E-13 1.390E-12 2.707E-10 6.139E-11 5.436E-17 5.111E-07 6.341E-07 2.649E-08
   2.550E+06 1.849E+04 7.337E+17 1.160E+03 5.793E+02 2.159E+08 1.120E-17 4.620E-11 1.661E-09 9.138E-05 9.206E-06 3.220E-06 4.754E-07 8.710E+15 4.083E+06 8.894E+00 9.962E-08 5.867E-09 5.565E-12 1.239E-11 2.587E-10 1.728E-10 5.436E-17 5.216E-11 2.467E-13 8.374E-13 2.291E-10 9.366E-11 1.239E-16 5.134E-07 6.144E-07 1.989E-08
   2.650E+06 1.535E+04 6.119E+17 1.360E+03 6.945E+02 2.456E+08 3.619E-17 6.066E-11 2.314E-09 1.203E-04 1.033E-05 3.336E-06 4.906E-07 7.692E+15 5.052E+06 1.209E+01 1.208E-07 7.295E-09 8.255E-12 1.515E-11 2.538E-10 1.498E-10 1.239E-16 5.683E-11 2.166E-13 4.392E-13 1.854E-10 1.433E-10 2.933E-16 5.163E-07 5.941E-07 1.476E-08
   2.750E+06 1.273E+04 5.097E+17 1.598E+03 8.325E+02 2.754E+08 1.041E-16 7.908E-11 3.175E-09 1.609E-04 1.172E-05 3.357E-06 5.145E-07 6.734E+15 6.244E+06 1.623E+01 1.445E-07 8.935E-09 1.225E-11 1.800E-11 2.442E-10 1.229E-10 2.933E-16 5.802E-11 1.751E-13 1.985E-13 1.427E-10 2.203E-10 7.217E-16 5.199E-07 5.733E-07 1.086E-08
   2.850E+06 1.055E+04 4.240E+17 1.894E+03 1.003E+03 3.048E+08 2.693E-16 1.021E-10 4.286E-09 2.202E-04 1.344E-05 3.265E-06 5.516E-07 5.851E+15 7.722E+06 2.155E+01 1.700E-07 1.076E-08 1.821E-11 2.097E-11 2.298E-10 9.454E-11 7.217E-16 5.658E-11 1.307E-13 7.703E-14 1.037E-10 3.408E-10 1.818E-15 5.246E-07 5.521E-07 7.945E-09
   2.950E+06 8.746E+03 3.522E+17 2.221E+03 1.189E+03 3.328E+08 6.322E-16 1.300E-10 5.694E-09 3.101E-04 1.556E-05 3.046E-06 5.930E-07 5.053E+15 9.444E+06 2.827E+01 1.966E-07 1.273E-08 2.681E-11 2.408E-11 2.113E-10 6.777E-11 1.818E-15 5.344E-11 9.026E-14 2.556E-14 6.992E-11 5.310E-10 4.589E-15 5.306E-07 5.304E-07 5.767E-09
   3.050E+06 7.245E+03 2.921E+17 2.521E+03 1.376E+03 3.542E+08 1.360E-15 1.624E-10 7.447E-09 4.472E-04 1.815E-05 2.712E-06 6.327E-07 4.338E+15 1.122E+07 3.627E+01 2.232E-07 1.479E-08 3.842E-11 2.745E-11 1.905E-10 4.516E-11 4.589E-15 4.990E-11 5.752E-14 7.237E-15 4.297E-11 8.319E-10 1.121E-14 5.385E-07 5.085E-07 4.169E-09
   3.150E+06 6.002E+03 2.419E+17 2.716E+03 1.555E+03 3.607E+08 2.705E-15 1.983E-10 9.601E-09 6.434E-04 2.119E-05 2.318E-06 6.695E-07 3.706E+15 1.272E+07 4.460E+01 2.486E-07 1.688E-08 5.260E-11 3.131E-11 1.688E-10 2.806E-11 1.121E-14 4.717E-11 3.370E-14 1.757E-15 2.381E-11 1.296E-09 2.585E-14 5.485E-07 4.867E-07 3.017E-09
   3.250E+06 4.973E+03 2.002E+17 2.745E+03 1.721E+03 3.472E+08 5.014E-15 2.361E-10 1.224E-08 8.956E-04 2.454E-05 1.937E-06 7.028E-07 3.154E+15 1.368E+07 5.190E+01 2.719E-07 1.896E-08 6.832E-11 3.591E-11 1.470E-10 1.640E-11 2.585E-14 4.564E-11 1.823E-14 3.729E-16 1.195E-11 1.981E-09 5.602E-14 5.613E-07 4.650E-07 2.186E-09
   3.350E+06 4.122E+03 1.657E+17 2.613E+03 1.875E+03 3.172E+08 8.735E-15 2.750E-10 1.545E-08 1.186E-03 2.801E-05 1.615E-06 7.322E-07 2.678E+15 1.407E+07 5.731E+01 2.929E-07 2.102E-08 8.493E-11 4.132E-11 1.265E-10 9.225E-12 5.602E-14 4.520E-11 9.358E-15 7.302E-17 5.588E-12 2.954E-09 1.147E-13 5.775E-07 4.434E-07 1.587E-09
   3.450E+06 3.417E+03 1.373E+17 2.363E+03 2.014E+03 2.774E+08 1.442E-14 3.147E-10 1.937E-08 1.490E-03 3.142E-05 1.356E-06 7.571E-07 2.271E+15 1.405E+07 6.048E+01 3.117E-07 2.308E-08 1.023E-10 4.752E-11 1.090E-10 5.150E-12 1.147E-13 4.558E-11 4.731E-15 1.417E-17 2.544E-12 4.283E-09 2.231E-13 5.973E-07 4.220E-07 1.158E-09
   3.550E+06 2.832E+03 1.140E+17 2.038E+03 2.136E+03 2.332E+08 2.288E-14 3.554E-10 2.411E-08 1.789E-03 3.465E-05 1.144E-06 7.773E-07 1.924E+15 1.375E+07 6.120E+01 3.285E-07 2.517E-08 1.206E-10 5.446E-11 9.498E-11 2.942E-12 2.231E-13 4.656E-11 2.427E-15 2.899E-18 1.171E-12 6.010E-09 4.125E-13 6.210E-07 4.009E-07 8.521E-10
   3.650E+06 2.347E+03 9.476E+16 1.682E+03 2.239E+03 1.889E+08 3.643E-14 3.974E-10 2.980E-08 2.068E-03 3.762E-05 9.636E-07 7.927E-07 1.629E+15 1.327E+07 5.949E+01 3.434E-07 2.730E-08 1.400E-10 6.213E-11 8.446E-11 1.764E-12 4.125E-13 4.813E-11 1.292E-15 6.576E-19 5.640E-13 8.133E-09 7.316E-13 6.486E-07 3.800E-07 6.341E-10
   3.750E+06 1.944E+03 7.885E+16 1.331E+03 2.317E+03 1.475E+08 6.567E-14 4.413E-10 3.654E-08 2.319E-03 4.026E-05 8.064E-07 8.041E-07 1.377E+15 1.270E+07 5.565E+01 3.569E-07 2.949E-08 1.610E-10 7.069E-11 7.692E-11 1.125E-12 7.316E-13 5.032E-11 7.221E-16 1.691E-19 2.887E-13 1.063E-08 1.257E-12 6.803E-07 3.589E-07 4.775E-10
   3.850E+06 1.608E+03 6.562E+16 1.011E+03 2.372E+03 1.112E+08 1.546E-13 4.878E-10 4.453E-08 2.534E-03 4.254E-05 6.688E-07 8.118E-07 1.163E+15 1.211E+07 5.025E+01 3.690E-07 3.175E-08 1.846E-10 8.049E-11 7.185E-11 7.701E-13 1.257E-12 5.337E-11 4.261E-16 4.984E-20 1.587E-13 1.347E-08 2.115E-12 7.164E-07 3.373E-07 3.636E-10
   3.950E+06 1.329E+03 5.456E+16 7.409E+02 2.415E+03 8.113E+07 4.467E-13 5.378E-10 5.421E-08 2.707E-03 4.442E-05 5.492E-07 8.166E-07 9.790E+14 1.157E+07 4.391E+01 3.801E-07 3.407E-08 2.121E-10 9.216E-11 6.886E-11 5.683E-13 2.115E-12 5.776E-11 2.671E-16 1.699E-20 9.456E-14 1.662E-08 3.521E-12 7.568E-07 3.149E-07 2.802E-10
   4.050E+06 1.097E+03 4.530E+16 5.231E+02 2.473E+03 5.722E+07 1.309E-12 5.928E-10 6.669E-08 2.840E-03 4.591E-05 4.447E-07 8.187E-07 8.221E+14 1.117E+07 3.716E+01 3.902E-07 3.647E-08 2.465E-10 1.069E-10 6.764E-11 4.541E-13 3.521E-12 6.439E-11 1.782E-16 6.704E-21 6.147E-14 1.998E-08 5.852E-12 8.020E-07 2.913E-07 2.183E-10
   4.150E+06 9.044E+02 3.754E+16 3.552E+02 2.587E+03 3.891E+07 3.492E-12 6.548E-10 8.416E-08 2.936E-03 4.702E-05 3.530E-07 8.187E-07 6.881E+14 1.097E+07 3.040E+01 3.995E-07 3.893E-08 2.921E-10 1.268E-10 6.794E-11 3.960E-13 5.852E-12 7.496E-11 1.273E-16 3.095E-21 4.419E-14 2.339E-08 9.765E-12 8.522E-07 2.661E-07 1.714E-10
   4.250E+06 7.452E+02 3.105E+16 2.318E+02 2.797E+03 2.548E+07 8.244E-12 7.262E-10 1.103E-07 3.002E-03 4.783E-05 2.733E-07 8.164E-07 5.743E+14 1.105E+07 2.401E+01 4.082E-07 4.146E-08 3.558E-10 1.549E-10 6.954E-11 3.802E-13 9.765E-12 9.211E-11 9.818E-17 1.694E-21 3.563E-14 2.662E-08 1.643E-11 9.071E-07 2.395E-07 1.358E-10
   4.350E+06 6.137E+02 2.564E+16 1.460E+02 3.128E+03 1.614E+07 1.729E-11 8.099E-10 1.503E-07 3.046E-03 4.840E-05 2.067E-07 8.117E-07 4.780E+14 1.142E+07 1.840E+01 4.163E-07 4.404E-08 4.453E-10 1.949E-10 7.221E-11 3.999E-13 1.643E-11 1.191E-10 8.158E-17 1.090E-21 3.204E-14 2.958E-08 2.791E-11 9.659E-07 2.121E-07 1.084E-10
   4.450E+06 5.052E+02 2.114E+16 8.987E+01 3.568E+03 1.003E+07 3.258E-11 9.094E-10 2.099E-07 3.075E-03 4.879E-05 1.543E-07 8.041E-07 3.969E+14 1.200E+07 1.386E+01 4.240E-07 4.668E-08 5.679E-10 2.500E-10 7.570E-11 4.486E-13 2.791E-11 1.589E-10 7.171E-17 7.869E-22 3.105E-14 3.247E-08 4.784E-11 1.028E-06 1.842E-07 8.704E-11
   4.550E+06 4.159E+02 1.741E+16 5.501E+01 4.068E+03 6.217E+06 5.600E-11 1.028E-09 2.948E-07 3.095E-03 4.906E-05 1.154E-07 7.926E-07 3.290E+14 1.268E+07 1.045E+01 4.313E-07 4.937E-08 7.280E-10 3.223E-10 7.977E-11 5.175E-13 4.784E-11 2.136E-10 6.495E-17 5.986E-22 3.098E-14 3.572E-08 8.263E-11 1.094E-06 1.566E-07 6.997E-11
   4.650E+06 3.423E+02 1.434E+16 3.388E+01 4.552E+03 3.895E+06 8.894E-11 1.170E-09 4.089E-07 3.108E-03 4.925E-05 8.739E-08 7.764E-07 2.725E+14 1.330E+07 7.975E+00 4.382E-07 5.210E-08 9.275E-10 4.126E-10 8.414E-11 5.942E-13 8.263E-11 2.831E-10 5.903E-17 4.526E-22 3.056E-14 3.984E-08 1.433E-10 1.161E-06 1.303E-07 5.627E-11
   4.750E+06 2.817E+02 1.181E+16 2.112E+01 4.937E+03 2.482E+06 1.321E-10 1.337E-09 5.542E-07 3.117E-03 4.939E-05 6.746E-08 7.546E-07 2.255E+14 1.375E+07 6.212E+00 4.449E-07 5.488E-08 1.165E-09 5.200E-10 8.858E-11 6.657E-13 1.433E-10 3.652E-10 5.286E-17 3.273E-22 2.906E-14 4.527E-08 2.485E-10 1.229E-06 1.062E-07 4.514E-11
   4.850E+06 2.319E+02 9.720E+15 1.335E+01 5.156E+03 1.613E+06 1.854E-10 1.535E-09 7.302E-07 3.122E-03 4.950E-05 5.315E-08 7.264E-07 1.865E+14 1.397E+07 4.953E+00 4.514E-07 5.771E-08 1.437E-09 6.423E-10 9.288E-11 7.200E-13 2.485E-10 4.550E-10 4.606E-17 2.215E-22 2.627E-14 5.248E-08 4.297E-10 1.299E-06 8.481E-08 3.596E-11
   4.950E+06 1.909E+02 8.005E+15 8.544E+00 5.169E+03 1.068E+06 2.480E-10 1.763E-09 9.339E-07 3.124E-03 4.959E-05 4.270E-08 6.914E-07 1.542E+14 1.390E+07 4.044E+00 4.575E-07 6.059E-08 1.736E-09 7.754E-10 9.680E-11 7.473E-13 4.297E-10 5.453E-10 3.875E-17 1.384E-22 2.243E-14 6.203E-08 7.384E-10 1.369E-06 6.647E-08 2.836E-11
   5.050E+06 1.571E+02 6.593E+15 5.531E+00 4.971E+03 7.195E+05 3.183E-10 2.026E-09 1.160E-06 3.124E-03 4.966E-05 3.493E-08 6.498E-07 1.275E+14 1.353E+07 3.381E+00 4.635E-07 6.352E-08 2.052E-09 9.139E-10 1.001E-10 7.419E-13 7.384E-10 6.273E-10 3.133E-17 7.928E-23 1.800E-14 7.464E-08 1.259E-09 1.438E-06 5.126E-08 2.207E-11
   5.150E+06 1.293E+02 5.432E+15 3.616E+00 4.591E+03 4.927E+05 3.944E-10 2.322E-09 1.403E-06 3.121E-03 4.972E-05 2.906E-08 6.025E-07 1.054E+14 1.288E+07 2.892E+00 4.693E-07 6.648E-08 2.372E-09 1.051E-09 1.027E-10 7.026E-13 1.259E-09 6.912E-10 2.428E-17 4.147E-23 1.355E-14 9.132E-08 2.127E-09 1.508E-06 3.906E-08 1.693E-11
   5.250E+06 1.063E+02 4.476E+15 2.385E+00 4.084E+03 3.427E+05 4.746E-10 2.653E-09 1.656E-06 3.116E-03 4.977E-05 2.457E-08 5.510E-07 8.709E+13 1.199E+07 2.530E+00 4.748E-07 6.947E-08 2.679E-09 1.177E-09 1.043E-10 6.334E-13 2.127E-09 7.282E-10 1.804E-17 1.978E-23 9.559E-15 1.135E-07 3.564E-09 1.576E-06 2.960E-08 1.278E-11
   5.350E+06 8.746E+01 3.689E+15 1.587E+00 3.505E+03 2.422E+05 5.572E-10 3.019E-09 1.913E-06 3.110E-03 4.981E-05 2.111E-08 4.967E-07 7.195E+13 1.090E+07 2.264E+00 4.801E-07 7.247E-08 2.955E-09 1.284E-09 1.050E-10 5.416E-13 3.564E-09 7.313E-10 1.284E-17 8.602E-24 6.293E-15 1.437E-07 5.923E-09 1.642E-06 2.238E-08 9.482E-12
   5.450E+06 7.191E+01 3.040E+15 1.065E+00 2.910E+03 1.744E+05 6.411E-10 3.424E-09 2.170E-06 3.101E-03 4.985E-05 1.851E-08 4.410E-07 5.944E+13 9.648E+06 2.075E+00 4.852E-07 7.548E-08 3.174E-09 1.360E-09 1.047E-10 4.370E-13 5.923E-09 6.970E-10 8.751E-18 3.391E-24 3.844E-15 1.857E-07 9.778E-09 1.706E-06 1.689E-08 6.874E-12
   5.550E+06 5.910E+01 2.505E+15 7.213E-01 2.340E+03 1.285E+05 7.256E-10 3.872E-09 2.425E-06 3.090E-03 4.989E-05 1.660E-08 3.853E-07 4.908E+13 8.284E+06 1.950E+00 4.900E-07 7.847E-08 3.307E-09 1.393E-09 1.033E-10 3.303E-13 9.778E-09 6.281E-10 5.706E-18 1.202E-24 2.163E-15 2.461E-07 1.605E-08 1.767E-06 1.274E-08 4.837E-12
   5.650E+06 4.854E+01 2.064E+15 4.911E-01 1.831E+03 9.637E+04 8.108E-10 4.369E-09 2.673E-06 3.078E-03 4.992E-05 1.517E-08 3.319E-07 4.050E+13 6.918E+06 1.868E+00 4.947E-07 8.144E-08 3.352E-09 1.385E-09 1.009E-10 2.350E-13 1.605E-08 5.395E-10 3.576E-18 3.811E-25 1.132E-15 3.339E-07 2.687E-08 1.822E-06 9.631E-09 3.283E-12
   5.750E+06 3.985E+01 1.700E+15 3.291E-01 1.400E+03 7.126E+04 8.991E-10 4.926E-09 2.914E-06 3.065E-03 4.995E-05 1.368E-08 2.826E-07 3.341E+13 5.937E+06 1.783E+00 4.991E-07 8.437E-08 3.493E-09 1.412E-09 9.757E-11 1.675E-13 2.687E-08 4.569E-10 2.245E-18 1.061E-25 5.810E-16 4.492E-07 5.439E-08 1.870E-06 7.328E-09 2.127E-12
   5.850E+06 3.270E+01 1.399E+15 2.531E-01 1.033E+03 6.638E+04 1.002E-09 5.556E-09 3.145E-06 3.051E-03 4.998E-05 1.555E-08 2.349E-07 2.754E+13 4.832E+06 2.002E+00 5.033E-07 8.726E-08 3.454E-09 1.348E-09 9.340E-11 9.041E-14 5.439E-08 3.330E-10 1.273E-18 1.782E-26 2.443E-16 7.811E-07 1.218E-07 1.906E-06 5.610E-09 1.272E-12
   5.950E+06 2.681E+01 1.151E+15 3.935E-01 7.184E+02 1.626E+05 1.154E-09 6.276E-09 3.363E-06 3.038E-03 5.001E-05 4.651E-08 1.856E-07 2.268E+13 1.723E+06 4.783E+00 5.072E-07 9.009E-08 1.497E-09 5.253E-10 8.831E-11 1.046E-14 1.218E-07 1.289E-10 2.437E-19-4.785E-26 6.088E-17 3.821E-06 1.953E-07 1.925E-06 4.321E-09 6.882E-13
   6.050E+06 2.198E+01 9.461E+14 6.532E-01 4.879E+02 3.799E+05 1.434E-09 7.103E-09 3.568E-06 3.026E-03 5.003E-05 1.327E-07 1.445E-07 1.865E+13 6.006E+05 1.239E+01 5.110E-07 9.288E-08 6.348E-10 1.565E-10 8.241E-11 1.592E-15 1.953E-07 4.485E-11 4.051E-20-3.562E-25 1.537E-17 1.717E-05 2.585E-07 1.932E-06 3.359E-09 3.602E-13
   6.150E+06 1.800E+01 7.771E+14 7.927E-01 3.294E+02 6.045E+05 1.978E-09 8.053E-09 3.758E-06 3.016E-03 5.007E-05 2.579E-07 1.128E-07 1.532E+13 2.918E+05 2.343E+01 5.146E-07 9.561E-08 3.755E-10 5.843E-11 7.625E-11 7.988E-16 2.585E-07 1.604E-11 1.803E-20-6.225E-26 4.124E-18 5.026E-05 3.102E-07 1.934E-06 2.638E-09 1.923E-13
   6.250E+06 1.474E+01 6.377E+14 7.799E-01 2.223E+02 7.588E+05 2.986E-09 9.142E-09 3.936E-06 3.008E-03 5.010E-05 3.956E-07 8.859E-08 1.256E+13 1.626E+05 3.574E+01 5.181E-07 9.827E-08 2.550E-10 2.552E-11 7.018E-11 5.640E-16 3.102E-07 5.987E-12 1.075E-20-7.433E-27 1.176E-18 1.134E-04 3.522E-07 1.934E-06 2.094E-09 1.077E-13
   6.350E+06 1.207E+01 5.228E+14 6.667E-01 1.508E+02 8.103E+05 4.699E-09 1.038E-08 4.101E-06 3.003E-03 5.014E-05 5.161E-07 7.030E-08 1.028E+13 9.489E+04 4.692E+01 5.214E-07 1.009E-07 1.815E-10 1.250E-11 6.439E-11 4.198E-16 3.522E-07 2.345E-12 6.656E-21-7.836E-28 3.573E-19 2.151E-04 3.867E-07 1.934E-06 1.683E-09 6.423E-14
   6.450E+06 9.874E+00 4.285E+14 5.178E-01 1.028E+02 7.704E+05 7.376E-09 1.177E-08 4.258E-06 2.999E-03 5.017E-05 5.996E-07 5.635E-08 8.392E+12 5.601E+04 5.545E+01 5.245E-07 1.034E-07 1.307E-10 6.667E-12 5.894E-11 3.146E-16 3.867E-07 9.601E-13 4.120E-21-7.973E-29 1.149E-19 3.620E-04 4.160E-07 1.934E-06 1.368E-09 4.089E-14
   6.550E+06 8.080E+00 3.506E+14 3.753E-01 7.040E+01 6.691E+05 1.129E-08 1.333E-08 4.407E-06 3.000E-03 5.021E-05 6.360E-07 4.556E-08 6.835E+12 3.295E+04 6.074E+01 5.274E-07 1.058E-07 9.397E-11 3.784E-12 5.385E-11 2.353E-16 4.160E-07 4.085E-13 2.531E-21-8.135E-30 3.882E-20 5.592E-04 4.415E-07 1.933E-06 1.124E-09 2.766E-14
   6.650E+06 6.612E+00 2.867E+14 2.602E-01 4.850E+01 5.410E+05 1.674E-08 1.505E-08 4.551E-06 3.006E-03 5.024E-05 6.278E-07 3.717E-08 5.554E+12 1.926E+04 6.314E+01 5.301E-07 1.081E-07 6.718E-11 2.259E-12 4.915E-11 1.756E-16 4.415E-07 1.804E-13 1.546E-21-8.541E-31 1.373E-20 8.085E-04 4.645E-07 1.933E-06 9.331E-10 1.981E-14
   6.750E+06 5.413E+00 2.345E+14 1.767E-01 3.367E+01 4.144E+05 2.408E-08 1.692E-08 4.693E-06 3.011E-03 5.026E-05 5.870E-07 3.060E-08 4.508E+12 1.120E+04 6.372E+01 5.326E-07 1.104E-07 4.778E-11 1.405E-12 4.488E-11 1.311E-16 4.645E-07 8.265E-14 9.445E-22-9.106E-32 5.078E-21 1.110E-03 4.860E-07 1.933E-06 7.828E-10 1.494E-14
   6.850E+06 4.433E+00 1.915E+14 1.192E-01 2.354E+01 3.013E+05 3.368E-08 1.896E-08 4.835E-06 3.024E-03 5.028E-05 5.203E-07 2.542E-08 3.647E+12 6.458E+03 6.342E+01 5.350E-07 1.125E-07 3.372E-11 9.032E-13 4.105E-11 9.783E-17 4.860E-07 3.924E-14 5.738E-22 1.407E-32 1.960E-21 1.464E-03 5.066E-07 1.933E-06 6.636E-10 1.180E-14
   6.950E+06 3.633E+00 1.562E+14 8.141E-02 1.657E+01 2.098E+05 4.595E-08 2.116E-08 4.977E-06 3.046E-03 5.030E-05 4.408E-07 2.132E-08 2.943E+12 3.696E+03 6.345E+01 5.371E-07 1.145E-07 2.366E-11 5.966E-13 3.766E-11 7.309E-17 5.066E-07 1.929E-14 3.474E-22 2.147E-31 7.887E-22 1.867E-03 5.272E-07 1.932E-06 5.686E-10 9.708E-15
   7.050E+06 2.981E+00 1.275E+14 5.750E-02 1.179E+01 1.419E+05 6.128E-08 2.350E-08 5.121E-06 3.068E-03 5.031E-05 3.626E-07 1.805E-08 2.373E+12 2.112E+03 6.493E+01 5.391E-07 1.163E-07 1.656E-11 4.041E-13 3.472E-11 5.493E-17 5.272E-07 9.819E-15 2.117E-22 1.690E-30 3.304E-22 2.317E-03 5.482E-07 1.932E-06 4.925E-10 8.266E-15
   7.150E+06 2.449E+00 1.040E+14 4.221E-02 8.463E+00 9.292E+04 8.019E-08 2.600E-08 5.267E-06 3.098E-03 5.032E-05 2.883E-07 1.545E-08 1.910E+12 1.202E+03 6.849E+01 5.409E-07 1.181E-07 1.155E-11 2.793E-13 3.223E-11 4.148E-17 5.482E-07 5.195E-15 1.291E-22 1.178E-29 1.449E-22 2.809E-03 5.709E-07 1.932E-06 4.312E-10 7.250E-15
   7.250E+06 2.015E+00 8.476E+13 3.219E-02 6.098E+00 5.932E+04 1.033E-07 2.862E-08 5.416E-06 3.140E-03 5.033E-05 2.229E-07 1.328E-08 1.532E+12 6.816E+02 7.482E+01 5.425E-07 1.196E-07 8.041E-12 1.955E-13 3.008E-11 3.143E-17 5.709E-07 2.813E-15 7.853E-23 7.473E-29 6.529E-23 3.361E-03 5.968E-07 1.931E-06 3.800E-10 6.488E-15
   7.350E+06 1.662E+00 6.914E+13 2.535E-02 4.393E+00 3.749E+04 1.315E-07 3.136E-08 5.567E-06 3.184E-03 5.034E-05 1.703E-07 1.141E-08 1.227E+12 3.874E+02 8.441E+01 5.439E-07 1.211E-07 5.602E-12 1.379E-13 2.819E-11 2.393E-17 5.968E-07 1.527E-15 4.799E-23 4.377E-28 2.953E-23 3.999E-03 6.270E-07 1.931E-06 3.352E-10 5.880E-15
   7.450E+06 1.373E+00 5.643E+13 2.043E-02 3.161E+00 2.341E+04 1.660E-07 3.426E-08 5.720E-06 3.234E-03 5.035E-05 1.283E-07 9.794E-09 9.804E+11 2.207E+02 9.756E+01 5.452E-07 1.224E-07 3.911E-12 9.811E-14 2.659E-11 1.832E-17 6.270E-07 8.295E-16 2.944E-23 2.306E-27 1.338E-23 4.731E-03 6.623E-07 1.930E-06 2.960E-10 5.384E-15
   7.550E+06 1.138E+00 4.603E+13 1.671E-02 2.270E+00 1.433E+04 2.084E-07 3.746E-08 5.873E-06 3.294E-03 5.036E-05 9.453E-08 8.396E-09 7.801E+11 1.258E+02 1.148E+02 5.463E-07 1.235E-07 2.734E-12 7.036E-14 2.528E-11 1.411E-17 6.623E-07 4.505E-16 1.805E-23 1.055E-26 6.079E-24 5.562E-03 7.040E-07 1.928E-06 2.616E-10 4.970E-15
   7.650E+06 9.463E-01 3.759E+13 1.383E-02 1.629E+00 8.671E+03 2.608E-07 4.115E-08 6.026E-06 3.357E-03 5.036E-05 6.870E-08 7.192E-09 6.194E+11 7.216E+01 1.367E+02 5.473E-07 1.245E-07 1.920E-12 5.098E-14 2.424E-11 1.097E-17 7.040E-07 2.445E-16 1.116E-23 3.988E-26 2.770E-24 6.495E-03 7.531E-07 1.926E-06 2.315E-10 4.619E-15
   7.750E+06 7.895E-01 3.077E+13 1.154E-02 1.171E+00 5.191E+03 3.254E-07 4.555E-08 6.176E-06 3.422E-03 5.037E-05 4.932E-08 6.161E-09 4.909E+11 4.171E+01 1.638E+02 5.481E-07 1.254E-07 1.356E-12 3.737E-14 2.347E-11 8.612E-18 7.531E-07 1.326E-16 6.965E-24 1.148E-25 1.268E-24 7.532E-03 8.112E-07 1.922E-06 2.053E-10 4.315E-15
   7.850E+06 6.613E-01 2.517E+13 9.615E-03 8.400E-01 3.038E+03 4.038E-07 5.088E-08 6.322E-06 3.494E-03 5.037E-05 3.455E-08 5.280E-09 3.873E+11 2.417E+01 1.963E+02 5.488E-07 1.262E-07 9.605E-13 2.766E-14 2.292E-11 6.802E-18 8.112E-07 7.181E-17 4.342E-24 2.187E-25 5.835E-25 8.672E-03 8.796E-07 1.916E-06 1.824E-10 4.046E-15
   7.950E+06 5.563E-01 2.063E+13 7.969E-03 6.037E-01 1.752E+03 4.963E-07 5.719E-08 6.462E-06 3.566E-03 5.037E-05 2.382E-08 4.530E-09 3.049E+11 1.413E+01 2.334E+02 5.494E-07 1.268E-07 6.851E-13 2.070E-14 2.254E-11 5.410E-18 8.796E-07 3.877E-17 2.721E-24 1.939E-25 2.704E-25 9.911E-03 9.598E-07 1.908E-06 1.625E-10 3.803E-15
   8.050E+06 4.702E-01 1.697E+13 6.546E-03 4.358E-01 9.958E+02 6.013E-07 6.438E-08 6.594E-06 3.597E-03 5.037E-05 1.631E-08 3.894E-09 2.401E+11 8.387E+00 2.734E+02 5.499E-07 1.274E-07 4.942E-13 1.570E-14 2.229E-11 4.339E-18 9.598E-07 2.087E-17 1.724E-24-2.273E-25 1.263E-25 1.124E-02 1.053E-06 1.896E-06 1.452E-10 3.580E-15
   8.150E+06 3.993E-01 1.399E+13 5.304E-03 3.154E-01 5.548E+02 7.161E-07 7.215E-08 6.717E-06 3.607E-03 5.038E-05 1.100E-08 3.357E-09 1.888E+11 5.039E+00 3.147E+02 5.503E-07 1.278E-07 3.601E-13 1.204E-14 2.212E-11 3.490E-18 1.053E-06 1.119E-17 1.093E-24-3.448E-24 5.963E-26 1.265E-02 1.162E-06 1.880E-06 1.302E-10 3.372E-15
   8.250E+06 3.407E-01 1.158E+13 4.240E-03 2.296E-01 3.074E+02 8.369E-07 8.034E-08 6.829E-06 3.614E-03 5.038E-05 7.347E-09 2.904E-09 1.484E+11 3.088E+00 3.549E+02 5.506E-07 1.282E-07 2.667E-13 9.346E-15 2.200E-11 2.819E-18 1.162E-06 5.971E-18 6.968E-25 1.623E-25 2.848E-26 1.413E-02 1.287E-06 1.858E-06 1.173E-10 3.177E-15
   8.350E+06 2.922E-01 9.627E+12 3.353E-03 1.685E-01 1.713E+02 9.596E-07 8.863E-08 6.931E-06 3.622E-03 5.038E-05 4.912E-09 2.525E-09 1.171E+11 1.950E+00 3.916E+02 5.509E-07 1.285E-07 2.026E-13 7.351E-15 2.191E-11 2.291E-18 1.287E-06 3.173E-18 4.495E-25 2.844E-25 1.379E-26 1.567E-02 1.431E-06 1.831E-06 1.062E-10 2.992E-15
   8.450E+06 2.517E-01 8.042E+12 2.627E-03 1.247E-01 9.565E+01 1.081E-06 9.680E-08 7.022E-06 3.629E-03 5.038E-05 3.278E-09 2.209E-09 9.255E+10 1.279E+00 4.237E+02 5.511E-07 1.288E-07 1.591E-13 5.850E-15 2.183E-11 1.869E-18 1.431E-06 1.680E-18 2.921E-25 3.310E-25 6.789E-27 1.726E-02 1.595E-06 1.796E-06 9.670E-11 2.817E-15
   8.550E+06 2.178E-01 6.748E+12 2.046E-03 9.326E-02 5.367E+01 1.198E-06 1.047E-07 7.103E-06 3.636E-03 5.038E-05 2.187E-09 1.946E-09 7.341E+10 8.827E-01 4.504E+02 5.513E-07 1.290E-07 1.308E-13 4.709E-15 2.176E-11 1.530E-18 1.595E-06 8.868E-19 1.914E-25 3.370E-25 3.404E-27 1.889E-02 1.780E-06 1.752E-06 8.858E-11 2.652E-15
   8.650E+06 1.894E-01 5.671E+12 1.585E-03 7.027E-02 2.976E+01 1.308E-06 1.121E-07 7.174E-06 3.645E-03 5.038E-05 1.440E-09 1.727E-09 5.829E+10 6.529E-01 4.722E+02 5.515E-07 1.292E-07 1.151E-13 3.817E-15 2.170E-11 1.252E-18 1.780E-06 4.648E-19 1.249E-25 2.881E-25 1.744E-27 2.055E-02 1.989E-06 1.700E-06 8.167E-11 2.495E-15
   8.750E+06 1.656E-01 4.738E+12 1.218E-03 5.298E-02 1.562E+01 1.411E-06 1.192E-07 7.237E-06 3.656E-03 5.038E-05 9.018E-10 1.545E-09 4.601E+10 5.509E-01 4.911E+02 5.516E-07 1.293E-07 1.163E-13 3.083E-15 2.163E-11 1.008E-18 1.989E-06 2.394E-19 7.834E-26 2.107E-25 9.146E-28 2.225E-02 2.221E-06 1.635E-06 7.578E-11 2.348E-15
   8.850E+06 1.458E-01 3.959E+12 9.340E-04 4.024E-02 7.985E+00 1.505E-06 1.258E-07 7.290E-06 3.669E-03 5.038E-05 5.497E-10 1.394E-09 3.634E+10 5.741E-01 5.060E+02 5.517E-07 1.294E-07 1.450E-13 2.492E-15 2.156E-11 8.064E-19 2.221E-06 1.203E-19 4.825E-26 1.362E-25 4.927E-28 2.398E-02 2.473E-06 1.558E-06 7.075E-11 2.210E-15
   8.950E+06 1.291E-01 3.315E+12 7.179E-04 3.086E-02 4.004E+00 1.589E-06 1.319E-07 7.335E-06 3.677E-03 5.038E-05 3.285E-10 1.269E-09 2.878E+10 7.511E-01 5.172E+02 5.518E-07 1.295E-07 2.266E-13 2.018E-15 2.150E-11 6.426E-19 2.473E-06 5.845E-20-5.161E-25 7.981E-26 2.737E-28 2.572E-02 2.745E-06 1.467E-06 6.647E-11 2.083E-15
   9.050E+06 1.153E-01 2.739E+12 5.447E-04 2.350E-02 1.794E+00 1.660E-06 9.268E-08 7.373E-06 3.681E-03 5.038E-05 1.779E-10 1.164E-09 2.252E+10 1.400E+00 5.270E+02 5.518E-07 1.295E-07 5.113E-13 1.598E-15 2.142E-11 4.946E-19 2.745E-06 2.676E-20 1.649E-26 4.041E-26 1.568E-28 2.748E-02 3.028E-06 1.360E-06 6.277E-11 1.965E-15
   9.150E+06 1.039E-01 2.259E+12 4.145E-04 1.800E-02 7.580E-01 1.725E-06 9.682E-08 7.405E-06 3.685E-03 5.038E-05 9.105E-11 1.076E-09 1.762E+10 3.074E+00 5.355E+02 5.518E-07 1.295E-07 1.361E-12 1.253E-15 2.135E-11 3.750E-19 3.028E-06 1.144E-20 9.097E-27 6.933E-27 9.307E-29 2.923E-02 3.313E-06 1.238E-06 5.955E-11 1.859E-15
   9.250E+06 9.449E-02 1.887E+12 3.200E-04 1.405E-02 3.281E-01 1.780E-06 1.004E-07 7.430E-06 3.690E-03 5.038E-05 4.712E-11 1.002E-09 1.400E+10 6.225E+00 5.398E+02 5.518E-07 1.295E-07 3.298E-12 9.907E-16 2.128E-11 2.876E-19 3.313E-06 4.620E-21 5.090E-27-4.422E-26 5.742E-29 3.094E-02 3.595E-06 1.106E-06 5.675E-11 1.764E-15
   9.350E+06 8.660E-02 1.580E+12 2.483E-04 1.106E-02 1.382E-01 1.827E-06 1.034E-07 7.452E-06 3.698E-03 5.038E-05 2.366E-11 9.395E-10 1.117E+10 1.252E+01 5.421E+02 5.518E-07 1.295E-07 7.926E-12 7.777E-16 2.122E-11 2.189E-19 3.595E-06 1.756E-21 2.735E-27-1.644E-25 3.678E-29 3.261E-02 3.862E-06 9.661E-07 5.428E-11 1.680E-15
   9.450E+06 7.996E-02 1.332E+12 1.946E-04 8.814E-03 6.010E-02 1.867E-06 1.060E-07 7.469E-06 3.824E-03 5.038E-05 1.180E-11 8.861E-10 8.993E+09 2.353E+01 5.422E+02 5.518E-07 1.295E-07 1.767E-11 6.096E-16 2.115E-11 1.669E-19 3.862E-06 6.353E-22 1.268E-27-4.657E-25 2.451E-29 3.422E-02 4.104E-06 8.249E-07 5.208E-11 1.605E-15
   9.550E+06 7.434E-02 1.139E+12 1.553E-04 7.163E-03 2.747E-02 1.901E-06 1.081E-07 7.484E-06 3.916E-03 5.038E-05 6.160E-12 8.405E-10 7.366E+09 3.843E+01 5.396E+02 5.518E-07 1.295E-07 3.375E-11 4.830E-16 2.109E-11 1.298E-19 4.104E-06 2.242E-22 4.724E-29-1.179E-24 1.706E-29 3.575E-02 4.311E-06 6.907E-07 5.010E-11 1.540E-15
   9.650E+06 6.950E-02 9.854E+11 1.257E-04 5.917E-03 1.299E-02 1.930E-06 1.100E-07 7.496E-06 3.916E-03 5.038E-05 3.366E-12 8.011E-10 6.119E+09 5.650E+01 5.353E+02 5.518E-07 1.295E-07 5.734E-11 3.855E-16 2.103E-11 1.025E-19 4.311E-06 7.889E-23 2.411E-28-3.852E-25 1.245E-29 3.722E-02 4.475E-06 5.709E-07 4.832E-11 1.482E-15
   9.750E+06 6.529E-02 8.615E+11 1.032E-04 4.958E-03 6.487E-03 1.955E-06 1.116E-07 7.507E-06 3.916E-03 5.038E-05 1.923E-12 7.667E-10 5.147E+09 7.716E+01 5.296E+02 5.518E-07 1.295E-07 8.957E-11 3.092E-16 2.098E-11 8.217E-20 4.475E-06 2.898E-23 1.064E-28-2.701E-25 9.581E-30 3.863E-02 4.589E-06 4.721E-07 4.668E-11 1.430E-15
   9.850E+06 6.159E-02 7.607E+11 8.575E-05 4.211E-03 3.432E-03 1.977E-06 1.130E-07 7.516E-06 3.916E-03 5.038E-05 1.152E-12 7.366E-10 4.381E+09 1.010E+02 5.229E+02 5.518E-07 1.295E-07 1.328E-10 2.491E-16 2.093E-11 6.685E-20 4.589E-06 1.250E-23 1.144E-28-1.133E-25 7.843E-30 3.999E-02 4.647E-06 4.005E-07 4.518E-11 1.384E-15
   9.950E+06 5.831E-02 6.808E+11 7.243E-05 3.637E-03 2.020E-03 1.996E-06 1.142E-07 7.524E-06 3.916E-03 5.038E-05 7.575E-13 7.100E-10 3.786E+09 1.284E+02 5.151E+02 5.518E-07 1.295E-07 1.887E-10 2.030E-16 2.088E-11 5.577E-20 4.647E-06 7.844E-24 9.366E-29-5.736E-26 6.873E-30 4.128E-02 0.000E+00 3.615E-07 4.379E-11 1.343E-15
