
     Z         PRESS      DEN     ProOH1    ProOH25    ProO3D    PO2D       PO2      PH2O      PO3D      PH2O2     FO3      FH2O      NumO2      NumOH      NumO1D     PN2O     PCH3CL      FOH      FHO2      FNO     FNO2      FH    FH2O2     FNO3    FN2O5    FHNO3      FO       FN      FH2     FCH4    FN2O
   5.000E+04 9.547E+05 2.448E+19 2.205E+05 1.264E-09 2.212E+06 0.000E+00 1.145E-26 5.468E-27 4.656E-06 2.195E-06 1.941E-08 9.440E-03 2.604E+18 2.515E+06 2.893E-03 1.673E-23 1.927E-25 1.027E-13 8.068E-12 8.557E-12 2.450E-11 8.221E-21 5.043E-10 1.439E-14 3.123E-16 1.308E-10 9.946E-17 7.128E-21 5.000E-07 8.080E-07 2.730E-07
   1.500E+05 8.450E+05 2.209E+19 1.633E+05 3.181E-08 2.395E+06 0.000E+00 3.353E-25 2.301E-25 5.131E-06 2.423E-06 2.113E-08 6.258E-03 2.350E+18 2.045E+06 3.567E-03 5.703E-22 8.677E-24 9.257E-14 7.612E-12 4.723E-12 1.158E-11 7.128E-21 5.090E-10 8.861E-15 1.375E-16 1.428E-10 1.283E-16 7.459E-21 4.995E-07 8.055E-07 2.729E-07
   2.500E+05 7.462E+05 1.984E+19 1.229E+05 6.483E-07 2.593E+06 0.000E+00 7.807E-24 7.661E-24 5.555E-06 2.635E-06 2.353E-08 4.267E-03 2.110E+18 1.965E+06 4.368E-03 1.525E-20 2.868E-22 9.905E-14 7.453E-12 4.453E-12 9.464E-12 7.459E-21 4.919E-10 7.915E-15 1.473E-16 1.630E-10 1.728E-16 7.844E-21 4.992E-07 8.034E-07 2.729E-07
   3.500E+05 6.576E+05 1.784E+19 7.972E+04 8.659E-06 2.779E+06 0.000E+00 1.357E-22 1.912E-22 5.833E-06 2.832E-06 2.671E-08 2.539E-03 1.897E+18 1.908E+06 5.268E-03 3.006E-19 6.728E-21 1.070E-13 7.045E-12 5.592E-12 1.018E-11 7.844E-21 4.383E-10 8.002E-15 2.698E-16 1.861E-10 2.342E-16 8.313E-21 4.991E-07 8.017E-07 2.728E-07
   4.500E+05 5.779E+05 1.603E+19 4.701E+04 7.972E-05 2.937E+06 0.000E+00 1.792E-21 3.545E-21 6.011E-06 3.016E-06 3.049E-08 1.403E-03 1.705E+18 1.873E+06 6.221E-03 4.431E-18 1.139E-19 1.169E-13 6.425E-12 7.576E-12 1.172E-11 8.313E-21 3.615E-10 8.251E-15 5.805E-16 2.083E-10 3.173E-16 8.581E-21 4.990E-07 8.004E-07 2.727E-07
   5.500E+05 5.063E+05 1.440E+19 2.450E+04 6.504E-04 3.029E+06 0.000E+00 1.841E-20 6.399E-20 6.076E-06 3.187E-06 3.463E-08 7.059E-04 1.532E+18 1.801E+06 7.128E-03 5.059E-17 1.517E-18 1.251E-13 5.537E-12 1.009E-11 1.301E-11 8.581E-21 2.766E-10 8.165E-15 1.270E-15 2.253E-10 4.243E-16 8.302E-21 4.989E-07 7.993E-07 2.726E-07
   6.500E+05 4.420E+05 1.292E+19 1.117E+04 5.501E-03 3.040E+06 0.000E+00 1.524E-19 1.328E-18 6.042E-06 3.347E-06 3.895E-08 3.205E-04 1.374E+18 1.622E+06 7.919E-03 4.846E-16 1.874E-17 1.255E-13 4.475E-12 1.231E-11 1.294E-11 8.302E-21 1.979E-10 7.486E-15 2.548E-15 2.347E-10 5.584E-16 7.663E-21 4.989E-07 7.985E-07 2.725E-07
   7.500E+05 3.845E+05 1.157E+19 4.413E+03 2.198E-02 2.965E+06 0.000E+00 1.016E-18 1.459E-17 5.903E-06 3.495E-06 4.342E-08 1.302E-04 1.231E+18 1.386E+06 8.536E-03 3.668E-15 1.672E-16 1.198E-13 3.413E-12 1.450E-11 1.219E-11 7.663E-21 1.339E-10 6.529E-15 5.130E-15 2.385E-10 7.263E-16 7.284E-21 4.989E-07 7.979E-07 2.724E-07
   8.500E+05 3.330E+05 1.033E+19 1.489E+03 4.225E-02 2.825E+06 0.000E+00 5.469E-18 8.831E-17 5.686E-06 3.633E-06 4.808E-08 4.632E-05 1.099E+18 1.209E+06 8.994E-03 2.087E-14 9.894E-16 1.170E-13 2.504E-12 1.834E-11 1.216E-11 7.284E-21 8.750E-11 5.768E-15 1.185E-14 2.406E-10 9.395E-16 7.250E-21 4.989E-07 7.974E-07 2.722E-07
   9.500E+05 2.872E+05 9.179E+18 4.197E+02 4.713E-02 2.655E+06 0.000E+00 2.438E-17 3.681E-16 5.430E-06 3.760E-06 5.326E-08 1.395E-05 9.767E+17 1.084E+06 9.390E-03 9.394E-14 4.354E-15 1.181E-13 1.828E-12 2.398E-11 1.257E-11 7.250E-21 5.637E-11 5.229E-15 2.519E-14 2.430E-10 1.228E-15 7.032E-21 4.988E-07 7.969E-07 2.721E-07
   1.050E+06 2.466E+05 8.099E+18 7.841E+01 2.672E-02 2.559E+06 0.000E+00 9.233E-17 1.214E-15 5.168E-06 3.876E-06 6.114E-08 2.717E-06 8.617E+17 9.254E+05 1.013E-02 3.528E-13 1.568E-14 1.143E-13 1.330E-12 2.964E-11 1.284E-11 7.032E-21 3.327E-11 4.684E-15 3.971E-14 2.478E-10 1.699E-15 6.312E-21 4.988E-07 7.963E-07 2.718E-07
   1.150E+06 2.110E+05 7.079E+18 8.473E+01 6.607E-02 2.773E+06 0.000E+00 3.021E-16 3.432E-15 5.011E-06 3.982E-06 7.818E-08 2.720E-06 7.532E+17 7.142E+05 1.243E-02 1.142E-12 4.871E-14 1.009E-13 8.746E-13 3.838E-11 1.554E-11 6.312E-21 1.522E-11 4.099E-15 4.211E-14 2.640E-10 2.706E-15 4.757E-21 4.986E-07 7.950E-07 2.712E-07
   1.250E+06 1.800E+05 6.139E+18 1.089E+02 1.455E-01 3.567E+06 0.000E+00 8.673E-16 8.694E-15 4.960E-06 4.079E-06 1.171E-07 2.725E-06 6.532E+17 4.558E+05 1.829E-02 3.252E-12 1.345E-13 7.425E-14 5.048E-13 5.068E-11 2.303E-11 4.757E-21 4.897E-12 3.639E-15 4.932E-14 3.015E-10 5.192E-15 3.706E-21 4.980E-07 7.925E-07 2.699E-07
   1.350E+06 1.532E+05 5.298E+18 1.587E+02 2.943E-01 5.189E+06 0.000E+00 2.232E-15 2.030E-14 4.949E-06 4.168E-06 1.979E-07 2.737E-06 5.637E+17 3.015E+05 3.062E-02 8.325E-12 3.366E-13 5.692E-14 3.334E-13 6.686E-11 3.956E-11 3.706E-21 1.329E-12 4.499E-15 9.042E-14 3.823E-10 1.142E-14 3.619E-21 4.968E-07 7.873E-07 2.670E-07
   1.450E+06 1.301E+05 4.554E+18 2.360E+02 5.605E-01 7.680E+06 0.000E+00 5.271E-15 4.466E-14 4.993E-06 4.254E-06 3.378E-07 2.756E-06 4.845E+17 2.513E+05 5.241E-02 1.959E-11 7.802E-13 5.518E-14 3.103E-13 8.492E-11 6.729E-11 3.619E-21 6.014E-13 7.854E-15 2.287E-13 5.283E-10 2.572E-14 4.187E-21 4.945E-07 7.785E-07 2.619E-07
   1.550E+06 1.103E+05 3.893E+18 3.376E+02 1.021E+00 1.089E+07 0.000E+00 1.167E-14 9.416E-14 5.161E-06 4.337E-06 5.422E-07 2.784E-06 4.142E+17 2.447E+05 8.660E-02 4.317E-11 1.704E-12 6.286E-14 3.634E-13 1.039E-10 1.061E-10 4.187E-21 6.004E-13 1.492E-14 5.783E-13 7.449E-10 5.558E-14 5.538E-21 4.912E-07 7.659E-07 2.546E-07
   1.650E+06 9.344E+04 3.302E+18 4.707E+02 1.790E+00 1.499E+07 0.000E+00 2.457E-14 1.922E-13 5.573E-06 4.423E-06 8.148E-07 2.821E-06 3.513E+17 2.618E+05 1.405E-01 9.035E-11 3.546E-12 7.929E-14 4.994E-13 1.220E-10 1.565E-10 5.538E-21 9.072E-13 2.826E-14 1.343E-12 1.032E-09 1.166E-13 8.304E-21 4.867E-07 7.492E-07 2.447E-07
   1.750E+06 7.921E+04 2.779E+18 6.451E+02 3.039E+00 2.020E+07 0.000E+00 4.963E-14 3.815E-13 6.317E-06 4.513E-06 1.150E-06 2.867E-06 2.956E+17 2.996E+05 2.256E-01 1.809E-10 7.081E-12 1.078E-13 7.723E-13 1.375E-10 2.182E-10 8.304E-21 1.679E-12 5.152E-14 2.784E-12 1.376E-09 2.390E-13 1.341E-20 4.810E-07 7.288E-07 2.325E-07
   1.850E+06 6.725E+04 2.336E+18 8.644E+02 5.040E+00 2.652E+07 3.078-168 9.663E-14 7.389E-13 7.351E-06 4.611E-06 1.544E-06 2.920E-06 2.485E+17 3.549E+05 3.542E-01 3.483E-10 1.363E-11 1.519E-13 1.223E-12 1.544E-10 2.926E-10 1.341E-20 3.227E-12 8.715E-14 5.102E-12 1.756E-09 4.703E-13 2.266E-20 4.742E-07 7.051E-07 2.182E-07
   1.950E+06 5.718E+04 1.969E+18 1.130E+03 8.205E+00 3.392E+07 3.325-139 1.823E-13 1.399E-12 8.680E-06 4.720E-06 1.985E-06 2.979E-06 2.094E+17 4.284E+05 5.401E-01 6.480E-10 2.539E-11 2.176E-13 1.893E-12 1.771E-10 3.831E-10 2.266E-20 5.972E-12 1.351E-13 8.312E-12 2.142E-09 8.815E-13 3.980E-20 4.665E-07 6.789E-07 2.024E-07
   2.050E+06 4.869E+04 1.664E+18 1.447E+03 1.312E+01 4.249E+07 1.761-114 3.341E-13 2.593E-12 1.039E-05 4.845E-06 2.459E-06 3.041E-06 1.770E+17 5.259E+05 8.034E-01 1.168E-09 4.586E-11 3.161E-13 2.860E-12 2.088E-10 4.933E-10 3.980E-20 1.057E-11 1.936E-13 1.224E-11 2.502E-09 1.580E-12 7.265E-20 4.580E-07 6.513E-07 1.857E-07
   2.150E+06 4.151E+04 1.409E+18 1.827E+03 2.056E+01 5.247E+07 7.926-101 5.956E-13 4.700E-12 1.260E-05 4.990E-06 2.955E-06 3.106E-06 1.499E+17 6.560E+05 1.176E+00 2.040E-09 8.037E-11 4.657E-13 4.253E-12 2.519E-10 6.290E-10 7.265E-20 1.810E-11 2.619E-13 1.669E-11 2.811E-09 2.739E-12 1.380E-19 4.490E-07 6.227E-07 1.685E-07
   2.250E+06 3.543E+04 1.194E+18 2.285E+03 3.154E+01 6.415E+07 3.927E-89 1.033E-12 8.323E-12 1.550E-05 5.161E-06 3.464E-06 3.172E-06 1.271E+17 8.306E+05 1.701E+00 3.453E-09 1.366E-10 6.955E-13 6.271E-12 3.091E-10 7.950E-10 1.380E-19 3.023E-11 3.395E-13 2.132E-11 3.052E-09 4.629E-12 2.730E-19 4.395E-07 5.936E-07 1.513E-07
   2.350E+06 3.028E+04 1.014E+18 2.831E+03 4.721E+01 7.776E+07 4.213E-79 1.741E-12 1.438E-11 1.931E-05 5.367E-06 3.974E-06 3.240E-06 1.078E+17 1.065E+06 2.437E+00 5.659E-09 2.248E-10 1.050E-12 9.186E-12 3.827E-10 9.935E-10 2.730E-19 4.922E-11 4.256E-13 2.558E-11 3.214E-09 7.672E-12 5.610E-19 4.296E-07 5.643E-07 1.344E-07
   2.450E+06 2.590E+04 8.610E+17 3.479E+03 6.889E+01 9.347E+07 1.725E-70 2.851E-12 2.419E-11 2.429E-05 5.616E-06 4.469E-06 3.307E-06 9.159E+16 1.375E+06 3.461E+00 8.971E-09 3.581E-10 1.597E-12 1.333E-11 4.755E-10 1.223E-09 5.610E-19 7.754E-11 5.183E-13 2.877E-11 3.296E-09 1.250E-11 1.196E-18 4.193E-07 5.349E-07 1.179E-07
   2.550E+06 2.218E+04 7.321E+17 4.244E+03 9.783E+01 1.116E+08 4.356E-63 4.536E-12 3.958E-11 3.088E-05 5.923E-06 4.936E-06 3.376E-06 7.788E+16 1.781E+06 4.874E+00 1.375E-08 5.517E-10 2.433E-12 1.908E-11 5.901E-10 1.477E-09 1.196E-18 1.171E-10 6.140E-13 3.021E-11 3.300E-09 2.008E-11 2.631E-18 4.087E-07 5.053E-07 1.023E-07
   2.650E+06 1.902E+04 6.232E+17 5.128E+03 1.351E+02 1.319E+08 1.017E-56 7.012E-12 6.291E-11 3.951E-05 6.301E-06 5.358E-06 3.445E-06 6.630E+16 2.298E+06 6.793E+00 2.036E-08 8.217E-10 3.688E-12 2.672E-11 7.300E-10 1.747E-09 2.631E-18 1.674E-10 7.073E-13 2.951E-11 3.231E-09 3.182E-11 5.941E-18 3.976E-07 4.755E-07 8.749E-08
   2.750E+06 1.632E+04 5.311E+17 6.123E+03 1.811E+02 1.542E+08 3.093E-51 1.054E-11 9.701E-11 5.083E-05 6.769E-06 5.713E-06 3.514E-06 5.649E+16 2.940E+06 9.351E+00 2.915E-08 1.183E-09 5.536E-12 3.638E-11 8.979E-10 2.019E-09 5.941E-18 2.244E-10 7.917E-13 2.674E-11 3.094E-09 4.985E-11 1.369E-17 3.862E-07 4.458E-07 7.389E-08
   2.850E+06 1.403E+04 4.530E+17 7.215E+03 2.353E+02 1.780E+08 1.643E-46 1.540E-11 1.450E-10 6.568E-05 7.347E-06 5.982E-06 3.583E-06 4.818E+16 3.716E+06 1.270E+01 4.034E-08 1.647E-09 8.205E-12 4.799E-11 1.096E-09 2.275E-09 1.369E-17 2.804E-10 8.601E-13 2.245E-11 2.895E-09 7.733E-11 3.207E-17 3.746E-07 4.163E-07 6.163E-08
   2.950E+06 1.207E+04 3.864E+17 8.367E+03 2.962E+02 2.022E+08 1.963E-42 2.192E-11 2.099E-10 8.516E-05 8.054E-06 6.144E-06 3.653E-06 4.110E+16 4.630E+06 1.698E+01 5.398E-08 2.216E-09 1.198E-11 6.125E-11 1.326E-09 2.496E-09 3.207E-17 3.264E-10 9.091E-13 1.754E-11 2.642E-09 1.193E-10 7.591E-17 3.628E-07 3.867E-07 5.070E-08
   3.050E+06 1.040E+04 3.296E+17 9.515E+03 3.607E+02 2.253E+08 6.572E-39 3.039E-11 2.940E-10 1.105E-04 8.910E-06 6.186E-06 3.722E-06 3.506E+16 5.678E+06 2.228E+01 6.989E-08 2.887E-09 1.723E-11 7.555E-11 1.587E-09 2.664E-09 7.591E-17 3.534E-10 9.344E-13 1.276E-11 2.346E-09 1.832E-10 1.801E-16 3.508E-07 3.573E-07 4.119E-08
   3.150E+06 8.978E+03 2.813E+17 1.059E+04 4.253E+02 2.457E+08 7.490E-36 4.108E-11 3.989E-10 1.430E-04 9.931E-06 6.107E-06 3.789E-06 2.992E+16 6.861E+06 2.861E+01 8.766E-08 3.645E-09 2.439E-11 8.994E-11 1.876E-09 2.755E-09 1.801E-16 3.564E-10 9.310E-13 8.657E-12 2.025E-09 2.801E-10 4.273E-16 3.391E-07 3.285E-07 3.314E-08
   3.250E+06 7.763E+03 2.402E+17 1.151E+04 4.861E+02 2.621E+08 3.473E-33 5.420E-11 5.249E-10 1.843E-04 1.113E-05 5.919E-06 3.855E-06 2.555E+16 8.173E+06 3.595E+01 1.067E-07 4.469E-09 3.402E-11 1.036E-10 2.187E-09 2.757E-09 4.273E-16 3.369E-10 9.008E-13 5.500E-12 1.695E-09 4.269E-10 1.008E-15 3.279E-07 3.003E-07 2.642E-08
   3.350E+06 6.726E+03 2.054E+17 1.227E+04 5.406E+02 2.742E+08 7.647E-31 6.987E-11 6.718E-10 2.364E-04 1.252E-05 5.647E-06 3.918E-06 2.184E+16 9.626E+06 4.425E+01 1.264E-07 5.338E-09 4.687E-11 1.157E-10 2.512E-09 2.661E-09 1.008E-15 3.010E-10 8.438E-13 3.276E-12 1.377E-09 6.480E-10 2.359E-15 3.174E-07 2.730E-07 2.089E-08
   3.450E+06 5.838E+03 1.759E+17 1.288E+04 5.874E+02 2.829E+08 9.062E-29 8.810E-11 8.394E-10 3.026E-04 1.411E-05 5.314E-06 3.977E-06 1.871E+16 1.124E+07 5.359E+01 1.462E-07 6.231E-09 6.390E-11 1.261E-10 2.841E-09 2.469E-09 2.359E-15 2.573E-10 7.639E-13 1.829E-12 1.086E-09 9.794E-10 5.478E-15 3.081E-07 2.469E-07 1.643E-08
   3.550E+06 5.077E+03 1.511E+17 1.340E+04 6.264E+02 2.899E+08 6.310E-27 1.087E-10 1.028E-09 3.887E-04 1.592E-05 4.935E-06 4.031E-06 1.607E+16 1.306E+07 6.427E+01 1.654E-07 7.133E-09 8.642E-11 1.347E-10 3.165E-09 2.196E-09 5.478E-15 2.136E-10 6.661E-13 9.546E-13 8.327E-10 1.474E-09 1.261E-14 3.005E-07 2.225E-07 1.288E-08
   3.650E+06 4.422E+03 1.302E+17 1.387E+04 6.581E+02 2.959E+08 2.739E-25 1.313E-10 1.240E-09 5.039E-04 1.798E-05 4.512E-06 4.079E-06 1.384E+16 1.508E+07 7.655E+01 1.838E-07 8.033E-09 1.158E-10 1.422E-10 3.475E-09 1.864E-09 1.261E-14 1.750E-10 5.579E-13 4.624E-13 6.167E-10 2.213E-09 2.851E-14 2.952E-07 2.003E-07 1.013E-08
   3.750E+06 3.858E+03 1.124E+17 1.422E+04 6.833E+02 3.002E+08 7.736E-24 1.552E-10 1.476E-09 6.590E-04 2.030E-05 4.053E-06 4.118E-06 1.195E+16 1.718E+07 9.031E+01 2.010E-07 8.924E-09 1.528E-10 1.494E-10 3.756E-09 1.506E-09 2.851E-14 1.440E-10 4.465E-13 2.061E-13 4.364E-10 3.307E-09 6.185E-14 2.927E-07 1.803E-07 7.985E-09
   3.850E+06 3.370E+03 9.736E+16 1.436E+04 7.038E+02 3.003E+08 1.489E-22 1.795E-10 1.742E-09 8.596E-04 2.287E-05 3.588E-06 4.150E-06 1.035E+16 1.909E+07 1.047E+02 2.167E-07 9.806E-09 1.961E-10 1.571E-10 3.980E-09 1.156E-09 6.185E-14 1.215E-10 3.402E-13 8.439E-14 2.926E-10 4.873E-09 1.269E-13 2.933E-07 1.625E-07 6.322E-09
   3.950E+06 2.947E+03 8.450E+16 1.408E+04 7.199E+02 2.924E+08 2.048E-21 2.034E-10 2.041E-09 1.102E-03 2.561E-05 3.140E-06 4.174E-06 8.986E+15 2.046E+07 1.178E+02 2.311E-07 1.068E-08 2.422E-10 1.658E-10 4.122E-09 8.512E-10 1.269E-13 1.061E-10 2.481E-13 3.205E-14 1.846E-10 7.046E-09 2.416E-13 2.977E-07 1.472E-07 5.036E-09
   4.050E+06 2.580E+03 7.362E+16 1.342E+04 7.345E+02 2.776E+08 2.029E-20 2.261E-10 2.382E-09 1.373E-03 2.842E-05 2.746E-06 4.189E-06 7.829E+15 2.116E+07 1.286E+02 2.441E-07 1.155E-08 2.874E-10 1.757E-10 4.169E-09 6.073E-10 2.416E-13 9.618E-11 1.740E-13 1.159E-14 1.114E-10 9.867E-09 4.322E-13 3.060E-07 1.341E-07 4.036E-09
   4.150E+06 2.259E+03 6.421E+16 1.236E+04 7.466E+02 2.550E+08 1.523E-19 2.476E-10 2.772E-09 1.656E-03 3.116E-05 2.399E-06 4.195E-06 6.828E+15 2.114E+07 1.357E+02 2.560E-07 1.243E-08 3.293E-10 1.863E-10 4.134E-09 4.261E-10 4.322E-13 8.930E-11 1.187E-13 4.049E-15 6.463E-11 1.345E-08 7.265E-13 3.185E-07 1.229E-07 3.254E-09
   4.250E+06 1.979E+03 5.617E+16 1.109E+04 7.582E+02 2.289E+08 8.828E-19 2.674E-10 3.219E-09 1.932E-03 3.375E-05 2.109E-06 4.194E-06 5.973E+15 2.062E+07 1.393E+02 2.670E-07 1.332E-08 3.671E-10 1.973E-10 4.036E-09 2.969E-10 7.265E-13 8.452E-11 7.957E-14 1.407E-15 3.694E-11 1.777E-08 1.167E-12 3.353E-07 1.136E-07 2.643E-09
   4.350E+06 1.735E+03 4.918E+16 9.698E+03 7.683E+02 2.006E+08 4.116E-18 2.861E-10 3.733E-09 2.192E-03 3.610E-05 1.860E-06 4.185E-06 5.230E+15 1.972E+07 1.394E+02 2.771E-07 1.423E-08 4.009E-10 2.081E-10 3.899E-09 2.072E-10 1.167E-12 8.062E-11 5.278E-14 4.901E-16 2.094E-11 2.294E-08 1.798E-12 3.561E-07 1.059E-07 2.166E-09
   4.450E+06 1.520E+03 4.316E+16 8.336E+03 7.781E+02 1.731E+08 1.572E-17 3.034E-10 4.324E-09 2.428E-03 3.820E-05 1.652E-06 4.169E-06 4.589E+15 1.862E+07 1.370E+02 2.865E-07 1.516E-08 4.314E-10 2.186E-10 3.738E-09 1.453E-10 1.798E-12 7.748E-11 3.484E-14 1.736E-16 1.193E-11 2.890E-08 2.690E-12 3.807E-07 9.952E-08 1.790E-09
   4.550E+06 1.332E+03 3.790E+16 7.041E+03 7.868E+02 1.470E+08 5.079E-17 3.200E-10 5.005E-09 2.635E-03 4.002E-05 1.472E-06 4.148E-06 4.030E+15 1.740E+07 1.324E+02 2.954E-07 1.612E-08 4.592E-10 2.288E-10 3.564E-09 1.026E-10 2.690E-12 7.464E-11 2.294E-14 6.234E-17 6.825E-12 3.578E-08 3.914E-12 4.093E-07 9.413E-08 1.489E-09
   4.650E+06 1.167E+03 3.334E+16 5.883E+03 7.954E+02 1.237E+08 1.414E-16 3.358E-10 5.790E-09 2.815E-03 4.160E-05 1.318E-06 4.121E-06 3.544E+15 1.618E+07 1.265E+02 3.038E-07 1.711E-08 4.852E-10 2.388E-10 3.385E-09 7.308E-11 3.914E-12 7.224E-11 1.513E-14 2.293E-17 3.956E-12 4.351E-08 5.593E-12 4.414E-07 8.958E-08 1.249E-09
   4.750E+06 1.021E+03 2.933E+16 4.856E+03 8.040E+02 1.030E+08 3.499E-16 3.514E-10 6.702E-09 2.967E-03 4.293E-05 1.183E-06 4.090E-06 3.118E+15 1.497E+07 1.194E+02 3.119E-07 1.813E-08 5.102E-10 2.487E-10 3.206E-09 5.248E-11 5.593E-12 7.010E-11 9.995E-15 8.590E-18 2.319E-12 5.226E-08 7.852E-12 4.769E-07 8.568E-08 1.056E-09
   4.850E+06 8.932E+02 2.583E+16 3.978E+03 8.144E+02 8.518E+07 7.825E-16 3.667E-10 7.777E-09 3.095E-03 4.406E-05 1.065E-06 4.054E-06 2.746E+15 1.382E+07 1.118E+02 3.195E-07 1.918E-08 5.351E-10 2.587E-10 3.029E-09 3.800E-11 7.852E-12 6.839E-11 6.629E-15 3.292E-18 1.379E-12 6.195E-08 1.092E-11 5.158E-07 8.226E-08 8.970E-10
   4.950E+06 7.806E+02 2.275E+16 3.228E+03 8.276E+02 6.990E+07 1.649E-15 3.825E-10 9.064E-09 3.201E-03 4.501E-05 9.599E-07 4.014E-06 2.418E+15 1.275E+07 1.039E+02 3.269E-07 2.027E-08 5.606E-10 2.692E-10 2.856E-09 2.776E-11 1.092E-11 6.707E-11 4.416E-15 1.286E-18 8.311E-13 7.280E-08 1.503E-11 5.578E-07 7.921E-08 7.666E-10
   5.050E+06 6.813E+02 2.004E+16 2.603E+03 8.462E+02 5.707E+07 3.279E-15 3.990E-10 1.063E-08 3.288E-03 4.579E-05 8.659E-07 3.970E-06 2.131E+15 1.179E+07 9.589E+01 3.340E-07 2.142E-08 5.880E-10 2.807E-10 2.689E-09 2.049E-11 1.503E-11 6.635E-11 2.961E-15 5.148E-19 5.098E-13 8.466E-08 2.060E-11 6.028E-07 7.644E-08 6.586E-10
   5.150E+06 5.940E+02 1.765E+16 2.080E+03 8.707E+02 4.622E+07 6.172E-15 4.166E-10 1.257E-08 3.359E-03 4.645E-05 7.796E-07 3.924E-06 1.876E+15 1.091E+07 8.782E+01 3.409E-07 2.262E-08 6.184E-10 2.937E-10 2.530E-09 1.530E-11 2.060E-11 6.625E-11 2.001E-15 2.109E-19 3.184E-13 9.773E-08 2.815E-11 6.503E-07 7.390E-08 5.690E-10
   5.250E+06 5.171E+02 1.554E+16 1.649E+03 9.025E+02 3.718E+07 1.099E-14 4.356E-10 1.499E-08 3.416E-03 4.699E-05 7.004E-07 3.875E-06 1.651E+15 1.015E+07 7.986E+01 3.476E-07 2.390E-08 6.534E-10 3.090E-10 2.382E-09 1.161E-11 2.815E-11 6.703E-11 1.368E-15 8.922E-20 2.037E-13 1.118E-07 3.852E-11 6.997E-07 7.154E-08 4.950E-10
   5.350E+06 4.495E+02 1.366E+16 1.294E+03 9.407E+02 2.961E+07 1.856E-14 4.569E-10 1.801E-08 3.462E-03 4.743E-05 6.262E-07 3.824E-06 1.452E+15 9.492E+06 7.199E+01 3.541E-07 2.525E-08 6.949E-10 3.275E-10 2.244E-09 8.974E-12 3.852E-11 6.880E-11 9.475E-16 3.897E-20 1.337E-13 1.271E-07 5.274E-11 7.508E-07 6.931E-08 4.333E-10
   5.450E+06 3.900E+02 1.200E+16 1.006E+03 9.844E+02 2.338E+07 2.967E-14 4.806E-10 2.175E-08 3.497E-03 4.779E-05 5.571E-07 3.771E-06 1.276E+15 8.940E+06 6.436E+01 3.606E-07 2.669E-08 7.450E-10 3.501E-10 2.117E-09 7.093E-12 5.274E-11 7.190E-11 6.680E-16 1.774E-20 9.045E-14 1.433E-07 7.257E-11 8.040E-07 6.716E-08 3.811E-10
   5.550E+06 3.379E+02 1.053E+16 7.721E+02 1.030E+03 1.826E+07 4.521E-14 5.078E-10 2.634E-08 3.525E-03 4.809E-05 4.921E-07 3.715E-06 1.119E+15 8.484E+06 5.698E+01 3.670E-07 2.824E-08 8.059E-10 3.779E-10 1.998E-09 5.749E-12 7.257E-11 7.650E-11 4.800E-16 8.418E-21 6.311E-14 1.605E-07 1.005E-10 8.596E-07 6.503E-08 3.361E-10
   5.650E+06 2.922E+02 9.218E+15 5.858E+02 1.074E+03 1.410E+07 6.656E-14 5.390E-10 3.187E-08 3.545E-03 4.833E-05 4.315E-07 3.657E-06 9.797E+14 8.114E+06 4.997E+01 3.733E-07 2.989E-08 8.802E-10 4.121E-10 1.890E-09 4.794E-12 1.005E-10 8.289E-11 3.527E-16 4.188E-21 4.555E-14 1.787E-07 1.401E-10 9.174E-07 6.292E-08 2.973E-10
   5.750E+06 2.522E+02 8.058E+15 4.398E+02 1.115E+03 1.079E+07 9.855E-14 5.749E-10 3.845E-08 3.561E-03 4.852E-05 3.759E-07 3.597E-06 8.564E+14 7.817E+06 4.347E+01 3.795E-07 3.165E-08 9.700E-10 4.536E-10 1.792E-09 4.120E-12 1.401E-10 9.132E-11 2.656E-16 2.195E-21 3.409E-14 1.980E-07 1.966E-10 9.770E-07 6.081E-08 2.638E-10
   5.850E+06 2.173E+02 7.031E+15 3.268E+02 1.148E+03 8.173E+06 1.616E-13 6.163E-10 4.620E-08 3.572E-03 4.868E-05 3.254E-07 3.535E-06 7.472E+14 7.579E+06 3.753E+01 3.858E-07 3.354E-08 1.078E-09 5.036E-10 1.706E-09 3.644E-12 1.966E-10 1.022E-10 2.048E-16 1.207E-21 2.637E-14 2.188E-07 2.786E-10 1.039E-06 5.867E-08 2.345E-10
   5.950E+06 1.869E+02 6.121E+15 2.401E+02 1.176E+03 6.131E+06 3.282E-13 6.641E-10 5.537E-08 3.580E-03 4.881E-05 2.798E-07 3.470E-06 6.505E+14 7.388E+06 3.216E+01 3.920E-07 3.554E-08 1.207E-09 5.636E-10 1.629E-09 3.310E-12 2.786E-10 1.162E-10 1.612E-16 6.921E-22 2.103E-14 2.413E-07 3.975E-10 1.104E-06 5.647E-08 2.084E-10
   6.050E+06 1.605E+02 5.320E+15 1.747E+02 1.205E+03 4.558E+06 8.062E-13 7.187E-10 6.659E-08 3.585E-03 4.892E-05 2.390E-07 3.403E-06 5.653E+14 7.256E+06 2.736E+01 3.982E-07 3.767E-08 1.364E-09 6.365E-10 1.562E-09 3.093E-12 3.975E-10 1.349E-10 1.298E-16 4.162E-22 1.737E-14 2.651E-07 5.721E-10 1.171E-06 5.423E-08 1.852E-10
   6.150E+06 1.376E+02 4.615E+15 1.253E+02 1.250E+03 3.345E+06 2.084E-12 7.811E-10 8.131E-08 3.588E-03 4.901E-05 2.020E-07 3.333E-06 4.903E+14 7.206E+06 2.301E+01 4.043E-07 3.990E-08 1.562E-09 7.285E-10 1.505E-09 2.984E-12 5.721E-10 1.610E-10 1.071E-16 2.636E-22 1.497E-14 2.893E-07 8.328E-10 1.240E-06 5.193E-08 1.644E-10
   6.250E+06 1.177E+02 3.994E+15 8.813E+01 1.332E+03 2.409E+06 5.114E-12 8.524E-10 1.023E-07 3.590E-03 4.909E-05 1.680E-07 3.260E-06 4.244E+14 7.279E+06 1.905E+01 4.105E-07 4.222E-08 1.822E-09 8.504E-10 1.458E-09 2.993E-12 8.328E-10 1.991E-10 9.089E-17 1.774E-22 1.358E-14 3.122E-07 1.226E-09 1.312E-06 4.955E-08 1.458E-10
   6.350E+06 1.005E+02 3.452E+15 6.075E+01 1.475E+03 1.701E+06 1.144E-11 9.340E-10 1.342E-07 3.590E-03 4.916E-05 1.372E-07 3.185E-06 3.667E+14 7.516E+06 1.550E+01 4.165E-07 4.463E-08 2.177E-09 1.016E-09 1.419E-09 3.136E-12 1.226E-09 2.552E-10 7.951E-17 1.278E-22 1.303E-14 3.320E-07 1.831E-09 1.387E-06 4.712E-08 1.289E-10
   6.450E+06 8.565E+01 2.977E+15 4.113E+01 1.694E+03 1.179E+06 2.321E-11 1.028E-09 1.832E-07 3.590E-03 4.921E-05 1.103E-07 3.106E-06 3.163E+14 7.920E+06 1.243E+01 4.225E-07 4.709E-08 2.660E-09 1.242E-09 1.387E-09 3.406E-12 1.831E-09 3.357E-10 7.123E-17 9.715E-23 1.309E-14 3.493E-07 2.772E-09 1.465E-06 4.461E-08 1.135E-10
   6.550E+06 7.288E+01 2.562E+15 2.762E+01 1.987E+03 8.082E+05 4.287E-11 1.138E-09 2.566E-07 3.589E-03 4.926E-05 8.790E-08 3.023E-06 2.722E+14 8.453E+06 9.928E+00 4.283E-07 4.960E-08 3.299E-09 1.537E-09 1.361E-09 3.763E-12 2.772E-09 4.463E-10 6.447E-17 7.555E-23 1.344E-14 3.665E-07 4.245E-09 1.547E-06 4.203E-08 9.938E-11
   6.650E+06 6.189E+01 2.201E+15 1.867E+01 2.334E+03 5.547E+05 7.281E-11 1.265E-09 3.612E-07 3.586E-03 4.931E-05 7.027E-08 2.935E-06 2.338E+14 9.044E+06 8.015E+00 4.340E-07 5.213E-08 4.109E-09 1.905E-09 1.340E-09 4.135E-12 4.245E-09 5.883E-10 5.815E-17 5.819E-23 1.371E-14 3.875E-07 6.590E-09 1.633E-06 3.941E-08 8.633E-11
   6.750E+06 5.247E+01 1.886E+15 1.282E+01 2.694E+03 3.829E+05 1.148E-10 1.416E-09 5.024E-07 3.584E-03 4.935E-05 5.666E-08 2.843E-06 2.003E+14 9.590E+06 6.609E+00 4.396E-07 5.467E-08 5.085E-09 2.339E-09 1.322E-09 4.417E-12 6.590E-09 7.562E-10 5.134E-17 4.259E-23 1.352E-14 4.176E-07 1.034E-08 1.723E-06 3.677E-08 7.431E-11
   6.850E+06 4.441E+01 1.611E+15 9.020E+00 3.019E+03 2.669E+05 1.695E-10 1.591E-09 6.820E-07 3.580E-03 4.938E-05 4.626E-08 2.747E-06 1.711E+14 1.000E+07 5.617E+00 4.449E-07 5.723E-08 6.206E-09 2.820E-09 1.307E-09 4.522E-12 1.034E-08 9.379E-10 4.389E-17 2.895E-23 1.266E-14 4.611E-07 1.628E-08 1.816E-06 3.415E-08 6.328E-11
   6.950E+06 3.754E+01 1.375E+15 6.549E+00 3.268E+03 1.886E+05 2.365E-10 1.792E-09 8.984E-07 3.574E-03 4.942E-05 3.837E-08 2.646E-06 1.460E+14 1.024E+07 4.947E+00 4.502E-07 5.980E-08 7.446E-09 3.328E-09 1.292E-09 4.423E-12 1.628E-08 1.118E-09 3.633E-17 1.823E-23 1.120E-14 5.205E-07 2.585E-08 1.911E-06 3.162E-08 5.324E-11
   7.050E+06 3.168E+01 1.169E+15 4.877E+00 3.406E+03 1.339E+05 3.141E-10 2.026E-09 1.147E-06 3.565E-03 4.945E-05 3.214E-08 2.541E-06 1.241E+14 1.022E+07 4.500E+00 4.552E-07 6.238E-08 8.745E-09 3.830E-09 1.278E-09 4.083E-12 2.585E-08 1.275E-09 2.866E-17 1.040E-23 9.295E-15 6.043E-07 4.110E-08 2.008E-06 2.921E-08 4.418E-11
   7.150E+06 2.671E+01 9.906E+14 3.704E+00 3.421E+03 9.492E+04 4.000E-10 2.296E-09 1.419E-06 3.553E-03 4.948E-05 2.697E-08 2.434E-06 1.052E+14 9.978E+06 4.203E+00 4.601E-07 6.499E-08 1.007E-08 4.305E-09 1.263E-09 3.580E-12 4.110E-08 1.397E-09 2.159E-17 5.435E-24 7.314E-15 7.154E-07 6.587E-08 2.105E-06 2.694E-08 3.609E-11
   7.250E+06 2.250E+01 8.390E+14 2.826E+00 3.320E+03 6.579E+04 4.911E-10 2.599E-09 1.706E-06 3.539E-03 4.951E-05 2.216E-08 2.320E-06 8.907E+13 9.940E+06 3.966E+00 4.649E-07 6.762E-08 1.185E-08 4.906E-09 1.246E-09 3.128E-12 6.587E-08 1.487E-09 1.604E-17 2.710E-24 5.563E-15 8.371E-07 1.151E-07 2.202E-06 2.478E-08 2.869E-11
   7.350E+06 1.895E+01 7.076E+14 2.179E+00 3.098E+03 4.532E+04 5.850E-10 2.944E-09 1.998E-06 3.534E-03 4.953E-05 1.812E-08 2.191E-06 7.511E+13 1.037E+07 3.837E+00 4.695E-07 7.029E-08 1.465E-08 5.795E-09 1.225E-09 2.616E-12 1.151E-07 1.491E-09 1.155E-17 1.227E-24 3.941E-15 1.014E-06 2.395E-07 2.300E-06 2.266E-08 2.173E-11
   7.450E+06 1.595E+01 5.957E+14 2.006E+00 2.775E+03 4.549E+04 6.789E-10 3.329E-09 2.288E-06 3.535E-03 4.956E-05 2.160E-08 2.037E-06 6.322E+13 8.235E+06 4.514E+00 4.739E-07 7.298E-08 1.383E-08 5.297E-09 1.199E-09 1.272E-12 2.395E-07 1.203E-09 6.547E-18 3.908E-25 2.206E-15 1.938E-06 4.775E-07 2.388E-06 2.059E-08 1.537E-11
   7.550E+06 1.343E+01 5.015E+14 2.550E+00 2.389E+03 8.273E+04 7.708E-10 3.749E-09 2.566E-06 3.535E-03 4.958E-05 4.666E-08 1.856E-06 5.322E+13 3.360E+06 7.476E+00 4.782E-07 7.570E-08 6.700E-09 2.543E-09 1.165E-09 2.365E-13 4.775E-07 7.250E-10 1.833E-18 9.055E-26 1.031E-15 7.155E-06 7.660E-07 2.447E-06 1.860E-08 1.008E-11
   7.650E+06 1.131E+01 4.210E+14 3.319E+00 1.992E+03 1.408E+05 8.600E-10 4.216E-09 2.830E-06 3.544E-03 4.961E-05 9.439E-08 1.672E-06 4.466E+13 1.337E+06 1.289E+01 4.824E-07 7.843E-08 3.176E-09 1.059E-09 1.123E-09 4.067E-14 7.660E-07 4.028E-10 3.480E-19 2.008E-26 4.717E-16 2.389E-05 1.065E-06 2.479E-06 1.672E-08 6.266E-12
   7.750E+06 9.533E+00 3.534E+14 3.776E+00 1.624E+03 1.928E+05 9.455E-10 4.727E-09 3.074E-06 3.555E-03 4.963E-05 1.535E-07 1.495E-06 3.747E+13 6.514E+05 1.956E+01 4.864E-07 8.116E-08 1.843E-09 4.936E-10 1.075E-09 1.119E-14 1.065E-06 2.193E-10 8.802E-20 4.439E-27 2.152E-16 6.061E-05 1.354E-06 2.498E-06 1.496E-08 3.775E-12
   7.850E+06 8.040E+00 2.969E+14 3.819E+00 1.300E+03 2.275E+05 1.028E-09 5.283E-09 3.298E-06 3.565E-03 4.965E-05 2.150E-07 1.328E-06 3.146E+13 3.627E+05 2.655E+01 4.902E-07 8.388E-08 1.222E-09 2.537E-10 1.024E-09 5.139E-15 1.354E-06 1.181E-10 3.513E-20 9.811E-28 9.796E-17 1.268E-04 1.624E-06 2.508E-06 1.333E-08 2.247E-12
   7.950E+06 6.787E+00 2.495E+14 3.532E+00 1.025E+03 2.425E+05 1.107E-09 5.895E-09 3.501E-06 3.573E-03 4.967E-05 2.720E-07 1.174E-06 2.641E+13 2.174E+05 3.309E+01 4.939E-07 8.657E-08 8.715E-10 1.399E-10 9.712E-10 3.264E-15 1.624E-06 6.308E-11 1.900E-20 2.170E-28 4.453E-17 2.323E-04 1.870E-06 2.514E-06 1.183E-08 1.341E-12
   8.050E+06 5.733E+00 2.098E+14 3.055E+00 7.987E+02 2.404E+05 1.184E-09 6.572E-09 3.682E-06 3.578E-03 4.969E-05 3.203E-07 1.034E-06 2.219E+13 1.359E+05 3.871E+01 4.974E-07 8.924E-08 6.476E-10 8.142E-11 9.188E-10 2.383E-15 1.870E-06 3.337E-11 1.172E-20 4.804E-29 2.021E-17 3.872E-04 2.090E-06 2.518E-06 1.047E-08 8.102E-13
   8.150E+06 4.847E+00 1.767E+14 2.511E+00 6.161E+02 2.262E+05 1.262E-09 7.327E-09 3.845E-06 3.581E-03 4.971E-05 3.575E-07 9.069E-07 1.865E+13 8.696E+04 4.313E+01 5.008E-07 9.186E-08 4.922E-10 4.939E-11 8.673E-10 1.831E-15 2.090E-06 1.748E-11 7.583E-21 1.065E-29 9.158E-18 6.007E-04 2.284E-06 2.520E-06 9.244E-09 4.990E-13
   8.250E+06 4.099E+00 1.493E+14 2.015E+00 4.728E+02 2.077E+05 1.353E-09 8.158E-09 3.989E-06 3.582E-03 4.973E-05 3.883E-07 7.936E-07 1.574E+13 5.688E+04 4.681E+01 5.040E-07 9.444E-08 3.809E-10 3.108E-11 8.173E-10 1.439E-15 2.284E-06 9.070E-12 5.055E-21 2.363E-30 4.143E-18 8.810E-04 2.454E-06 2.521E-06 8.144E-09 3.147E-13
   8.350E+06 3.468E+00 1.262E+14 1.564E+00 3.602E+02 1.837E+05 1.493E-09 9.103E-09 4.118E-06 3.583E-03 4.975E-05 4.062E-07 6.930E-07 1.327E+13 3.734E+04 4.923E+01 5.071E-07 9.696E-08 2.958E-10 2.009E-11 7.692E-10 1.138E-15 2.454E-06 4.673E-12 3.385E-21 5.261E-31 1.873E-18 1.236E-03 2.601E-06 2.521E-06 7.163E-09 2.039E-13
   8.450E+06 2.934E+00 1.068E+14 1.191E+00 2.730E+02 1.579E+05 1.766E-09 1.018E-08 4.233E-06 3.583E-03 4.977E-05 4.128E-07 6.041E-07 1.119E+13 2.455E+04 5.083E+01 5.100E-07 9.943E-08 2.300E-10 1.327E-11 7.232E-10 9.023E-16 2.601E-06 2.393E-12 2.275E-21 1.177E-31 8.461E-19 1.674E-03 2.728E-06 2.522E-06 6.295E-09 1.360E-13
   8.550E+06 2.481E+00 9.057E+13 9.112E-01 2.066E+02 1.343E+05 2.319E-09 1.138E-08 4.337E-06 3.581E-03 4.978E-05 4.140E-07 5.260E-07 9.460E+12 1.624E+04 5.261E+01 5.128E-07 1.018E-07 1.793E-10 8.949E-12 6.795E-10 7.188E-16 2.728E-06 1.221E-12 1.546E-21 2.654E-32 3.821E-19 2.202E-03 2.837E-06 2.522E-06 5.529E-09 9.338E-14
   8.650E+06 2.098E+00 7.679E+13 7.010E-01 1.558E+02 1.112E+05 3.381E-09 1.275E-08 4.433E-06 3.580E-03 4.980E-05 4.046E-07 4.576E-07 7.988E+12 1.068E+04 5.483E+01 5.156E-07 1.042E-07 1.390E-10 6.123E-12 6.384E-10 5.726E-16 2.837E-06 6.227E-13 1.050E-21 6.064E-33 1.727E-19 2.826E-03 2.931E-06 2.522E-06 4.857E-09 6.608E-14
   8.750E+06 1.773E+00 6.509E+13 5.521E-01 1.172E+02 9.005E+04 5.222E-09 1.431E-08 4.526E-06 3.577E-03 4.981E-05 3.867E-07 3.979E-07 6.738E+12 6.975E+03 5.853E+01 5.182E-07 1.065E-07 1.072E-10 4.243E-12 6.000E-10 4.564E-16 2.931E-06 3.179E-13 7.131E-22 1.414E-33 7.813E-20 3.555E-03 3.011E-06 2.522E-06 4.269E-09 4.816E-14
   8.850E+06 1.498E+00 5.517E+13 4.502E-01 8.815E+01 7.145E+04 8.112E-09 1.607E-08 4.619E-06 3.573E-03 4.983E-05 3.624E-07 3.459E-07 5.679E+12 4.528E+03 6.470E+01 5.207E-07 1.087E-07 8.207E-11 2.972E-12 5.646E-10 3.642E-16 3.011E-06 1.627E-13 4.851E-22 3.404E-34 3.541E-20 4.395E-03 3.080E-06 2.522E-06 3.756E-09 3.613E-14
   8.950E+06 1.265E+00 4.674E+13 3.802E-01 6.628E+01 5.551E+04 1.227E-08 1.805E-08 4.713E-06 3.567E-03 4.984E-05 3.330E-07 3.009E-07 4.781E+12 2.917E+03 7.408E+01 5.231E-07 1.109E-07 6.240E-11 2.102E-12 5.324E-10 2.912E-16 3.080E-06 8.371E-14 3.304E-22 8.582E-35 1.608E-20 5.353E-03 3.140E-06 2.523E-06 3.311E-09 2.788E-14
   9.050E+06 1.068E+00 3.953E+13 3.296E-01 4.981E+01 4.202E+04 1.787E-08 2.024E-08 4.812E-06 3.562E-03 4.985E-05 2.985E-07 2.619E-07 4.014E+12 1.858E+03 8.718E+01 5.253E-07 1.130E-07 4.699E-11 1.497E-12 5.036E-10 2.330E-16 3.140E-06 4.331E-14 2.244E-22 2.301E-35 7.330E-21 6.434E-03 3.192E-06 2.524E-06 2.925E-09 2.210E-14
   9.150E+06 9.012E-01 3.336E+13 2.907E-01 3.743E+01 3.094E+04 2.505E-08 2.265E-08 4.916E-06 3.562E-03 4.986E-05 2.603E-07 2.282E-07 3.360E+12 1.168E+03 1.046E+02 5.275E-07 1.151E-07 3.501E-11 1.073E-12 4.785E-10 1.867E-16 3.192E-06 2.254E-14 1.517E-22 6.615E-36 3.354E-21 7.643E-03 3.238E-06 2.525E-06 2.591E-09 1.799E-14
   9.250E+06 7.607E-01 2.816E+13 2.600E-01 2.819E+01 2.242E+04 3.398E-08 2.523E-08 5.025E-06 3.562E-03 4.987E-05 2.235E-07 1.993E-07 2.810E+12 7.302E+02 1.269E+02 5.295E-07 1.171E-07 2.593E-11 7.745E-13 4.572E-10 1.504E-16 3.238E-06 1.181E-14 1.032E-22 2.049E-36 1.542E-21 8.982E-03 3.279E-06 2.527E-06 2.304E-09 1.500E-14
   9.350E+06 6.424E-01 2.366E+13 2.332E-01 2.122E+01 1.562E+04 4.489E-08 2.801E-08 5.139E-06 3.574E-03 4.988E-05 1.848E-07 1.746E-07 2.337E+12 4.482E+02 1.549E+02 5.314E-07 1.191E-07 1.895E-11 5.607E-13 4.397E-10 1.212E-16 3.279E-06 6.228E-15 6.932E-23 6.719E-37 7.139E-22 1.045E-02 3.316E-06 2.529E-06 2.057E-09 1.280E-14
   9.450E+06 5.432E-01 1.981E+13 2.091E-01 1.598E+01 1.047E+04 5.797E-08 3.093E-08 5.256E-06 3.583E-03 4.989E-05 1.476E-07 1.535E-07 1.934E+12 2.710E+02 1.893E+02 5.332E-07 1.209E-07 1.368E-11 4.070E-13 4.260E-10 9.774E-17 3.316E-06 3.299E-15 4.610E-23 2.281E-37 3.328E-22 1.206E-02 3.348E-06 2.531E-06 1.847E-09 1.117E-14
   9.550E+06 4.602E-01 1.661E+13 1.883E-01 1.213E+01 6.957E+03 7.331E-08 3.389E-08 5.377E-06 3.588E-03 4.990E-05 1.167E-07 1.359E-07 1.602E+12 1.638E+02 2.303E+02 5.347E-07 1.226E-07 9.860E-12 2.978E-13 4.158E-10 7.954E-17 3.348E-06 1.758E-15 3.100E-23 7.982E-38 1.566E-22 1.380E-02 3.375E-06 2.533E-06 1.669E-09 9.942E-15
   9.650E+06 3.908E-01 1.383E+13 1.683E-01 9.219E+00 4.352E+03 9.102E-08 3.690E-08 5.500E-06 3.595E-03 4.991E-05 8.751E-08 1.212E-07 1.316E+12 9.664E+01 2.790E+02 5.362E-07 1.241E-07 6.987E-12 2.174E-13 4.087E-10 6.437E-17 3.375E-06 9.407E-16 2.027E-23 2.783E-38 7.468E-23 1.566E-02 3.396E-06 2.534E-06 1.521E-09 9.020E-15
   9.750E+06 3.332E-01 1.149E+13 1.502E-01 7.058E+00 2.624E+03 1.109E-07 3.989E-08 5.622E-06 3.602E-03 4.991E-05 6.340E-08 1.093E-07 1.078E+12 5.636E+01 3.350E+02 5.374E-07 1.256E-07 4.906E-12 1.590E-13 4.040E-10 5.205E-17 3.396E-06 5.093E-16 1.309E-23 9.592E-39 3.642E-23 1.764E-02 3.410E-06 2.532E-06 1.398E-09 8.325E-15
   9.850E+06 2.852E-01 9.587E+12 1.348E-01 5.504E+00 1.587E+03 1.328E-07 4.278E-08 5.741E-06 3.608E-03 4.992E-05 4.588E-08 1.000E-07 8.856E+11 3.319E+01 3.969E+02 5.385E-07 1.268E-07 3.462E-12 1.173E-13 4.011E-10 4.245E-17 3.410E-06 2.905E-16 8.568E-24 3.353E-39 1.886E-23 1.972E-02 3.414E-06 2.527E-06 1.301E-09 7.809E-15
   9.950E+06 2.453E-01 7.961E+12 1.213E-01 4.345E+00 9.205E+02 1.567E-07 4.561E-08 5.857E-06 3.617E-03 4.992E-05 3.197E-08 9.319E-08 7.237E+11 1.941E+01 4.664E+02 5.395E-07 1.279E-07 2.438E-12 8.626E-14 3.992E-10 3.432E-17 3.414E-06 1.962E-16 5.453E-24 1.318E-39 1.171E-23 2.189E-02 0.000E+00 2.518E-06 1.226E-09 7.433E-15
