
     Z         PRESS      DEN     ProOH1    ProOH25    ProO3D    PO2D       PO2      PH2O      PO3D      PH2O2     FO3      FH2O      NumO2      NumOH      NumO1D     PN2O     PCH3CL
   5.000E+04 9.562E+05 2.410E+19 2.494E+05 5.486E+00 1.808E+06 0.000E+00 3.107E-17 1.748E-17 6.064E-06 1.815E-06 1.237E-08 1.302E-02 5.127E+17 2.327E+06 2.419E-03 5.041E-14 6.718E-16
   1.500E+05 8.485E+05 2.163E+19 2.126E+05 1.700E+01 1.922E+06 0.000E+00 1.034E-16 7.752E-17 6.773E-06 2.003E-06 1.312E-08 1.014E-02 4.602E+17 1.915E+06 2.944E-03 1.891E-13 3.098E-15
   2.500E+05 7.515E+05 1.954E+19 1.561E+05 4.134E+01 2.088E+06 0.000E+00 3.138E-16 3.204E-16 7.335E-06 2.176E-06 1.457E-08 6.602E-03 4.159E+17 1.720E+06 3.655E-03 6.469E-13 1.264E-14
   3.500E+05 6.641E+05 1.758E+19 1.190E+05 9.221E+01 2.330E+06 0.000E+00 8.538E-16 1.189E-15 7.844E-06 2.338E-06 1.690E-08 4.411E-03 3.742E+17 1.690E+06 4.618E-03 1.956E-12 4.434E-14
   4.500E+05 5.856E+05 1.581E+19 8.143E+04 1.687E+02 2.613E+06 0.000E+00 2.097E-15 4.034E-15 8.206E-06 2.489E-06 2.014E-08 2.645E-03 3.365E+17 1.632E+06 5.834E-03 5.291E-12 1.370E-13
   5.500E+05 5.149E+05 1.421E+19 5.013E+04 2.505E+02 2.907E+06 0.000E+00 4.664E-15 1.217E-14 8.445E-06 2.630E-06 2.422E-08 1.448E-03 3.027E+17 1.548E+06 7.255E-03 1.282E-11 3.711E-13
   6.500E+05 4.515E+05 1.277E+19 2.736E+04 2.965E+02 3.173E+06 0.000E+00 9.446E-15 3.220E-14 8.567E-06 2.762E-06 2.900E-08 7.209E-04 2.720E+17 1.420E+06 8.799E-03 2.783E-11 8.790E-13
   7.500E+05 3.945E+05 1.147E+19 1.291E+04 2.814E+02 3.383E+06 0.000E+00 1.760E-14 7.693E-14 8.576E-06 2.885E-06 3.440E-08 3.190E-04 2.443E+17 1.239E+06 1.038E-02 5.475E-11 1.855E-12
   8.500E+05 3.434E+05 1.028E+19 5.213E+03 2.083E+02 3.520E+06 0.000E+00 3.049E-14 1.633E-13 8.482E-06 3.000E-06 4.039E-08 1.241E-04 2.189E+17 1.048E+06 1.192E-02 9.890E-11 3.537E-12
   9.500E+05 2.977E+05 9.179E+18 1.741E+03 1.140E+02 3.613E+06 0.000E+00 4.974E-14 3.060E-13 8.311E-06 3.107E-06 4.735E-08 4.058E-05 1.956E+17 9.150E+05 1.353E-02 1.663E-10 6.169E-12
   1.050E+06 2.570E+05 8.162E+18 4.293E+02 4.014E+01 3.851E+06 1.103-163 7.723E-14 5.211E-13 8.106E-06 3.207E-06 5.821E-08 9.438E-06 1.739E+17 8.296E+05 1.600E-02 2.637E-10 1.003E-11
   1.150E+06 2.209E+05 7.207E+18 4.984E+02 5.482E+01 4.650E+06 4.739-132 1.153E-13 8.339E-13 7.908E-06 3.301E-06 8.158E-08 9.121E-06 1.535E+17 8.109E+05 2.159E-02 3.998E-10 1.550E-11
   1.250E+06 1.892E+05 6.313E+18 6.424E+02 6.810E+01 6.552E+06 2.165-105 1.673E-13 1.287E-12 7.789E-06 3.389E-06 1.332E-07 8.381E-06 1.345E+17 7.525E+05 3.434E-02 5.868E-10 2.313E-11
   1.350E+06 1.615E+05 5.488E+18 8.060E+02 7.317E+01 1.012E+07 6.941E-91 2.392E-13 1.950E-12 7.855E-06 3.476E-06 2.347E-07 6.836E-06 1.169E+17 7.047E+05 6.045E-02 8.450E-10 3.382E-11
   1.450E+06 1.375E+05 4.743E+18 9.287E+02 7.319E+01 1.530E+07 3.909E-79 3.423E-13 2.954E-12 8.072E-06 3.564E-06 3.996E-07 5.224E-06 1.010E+17 6.716E+05 1.050E-01 1.212E-09 4.922E-11
   1.550E+06 1.168E+05 4.080E+18 1.069E+03 7.877E+01 2.168E+07 1.395E-69 4.966E-13 4.539E-12 8.509E-06 3.660E-06 6.245E-07 4.253E-06 8.692E+16 6.586E+05 1.718E-01 1.755E-09 7.225E-11
   1.650E+06 9.909E+04 3.493E+18 1.281E+03 9.452E+01 2.922E+07 1.194E-61 7.361E-13 7.141E-12 9.287E-06 3.768E-06 9.006E-07 3.789E-06 7.442E+16 6.861E+05 2.691E-01 2.580E-09 1.077E-10
   1.750E+06 8.395E+04 2.974E+18 1.688E+03 1.315E+02 3.803E+07 6.357E-55 1.115E-12 1.151E-11 1.059E-05 3.896E-06 1.208E-06 3.841E-06 6.335E+16 7.938E+05 4.104E-01 3.852E-09 1.630E-10
   1.850E+06 7.110E+04 2.518E+18 2.189E+03 1.855E+02 4.858E+07 3.739E-49 1.713E-12 1.889E-11 1.262E-05 4.050E-06 1.528E-06 3.900E-06 5.363E+16 9.536E+05 6.193E-01 5.798E-09 2.490E-10
   1.950E+06 6.024E+04 2.127E+18 2.801E+03 2.638E+02 6.111E+07 3.298E-44 2.649E-12 3.129E-11 1.557E-05 4.241E-06 1.845E-06 3.964E-06 4.531E+16 1.179E+06 9.236E-01 8.722E-09 3.804E-10
   2.050E+06 5.106E+04 1.798E+18 3.533E+03 3.750E+02 7.576E+07 5.687E-40 4.082E-12 5.173E-11 1.967E-05 4.481E-06 2.142E-06 4.031E-06 3.830E+16 1.490E+06 1.356E+00 1.299E-08 5.758E-10
   2.150E+06 4.330E+04 1.522E+18 4.411E+03 5.283E+02 9.296E+07 2.424E-36 6.227E-12 8.469E-11 2.532E-05 4.782E-06 2.412E-06 4.099E-06 3.241E+16 1.913E+06 1.969E+00 1.904E-08 8.577E-10
   2.250E+06 3.674E+04 1.289E+18 5.460E+03 7.319E+02 1.131E+08 3.131E-33 9.361E-12 1.363E-10 3.317E-05 5.166E-06 2.647E-06 4.168E-06 2.745E+16 2.476E+06 2.832E+00 2.727E-08 1.250E-09
   2.350E+06 3.118E+04 1.091E+18 6.698E+03 9.907E+02 1.365E+08 1.467E-30 1.383E-11 2.143E-10 4.409E-05 5.653E-06 2.837E-06 4.236E-06 2.324E+16 3.202E+06 4.040E+00 3.805E-08 1.775E-09
   2.450E+06 2.647E+04 9.238E+17 8.122E+03 1.304E+03 1.629E+08 2.918E-28 2.006E-11 3.281E-10 5.932E-05 6.270E-06 2.972E-06 4.302E-06 1.968E+16 4.119E+06 5.702E+00 5.160E-08 2.448E-09
   2.550E+06 2.249E+04 7.815E+17 9.690E+03 1.664E+03 1.912E+08 2.827E-26 2.854E-11 4.875E-10 8.051E-05 7.049E-06 3.039E-06 4.367E-06 1.664E+16 5.253E+06 7.933E+00 6.785E-08 3.275E-09
   2.650E+06 1.913E+04 6.607E+17 1.132E+04 2.053E+03 2.199E+08 1.490E-24 3.979E-11 7.013E-10 1.099E-04 8.024E-06 3.028E-06 4.431E-06 1.407E+16 6.638E+06 1.082E+01 8.645E-08 4.245E-09
   2.750E+06 1.628E+04 5.584E+17 1.288E+04 2.449E+03 2.464E+08 4.655E-23 5.436E-11 9.761E-10 1.505E-04 9.233E-06 2.932E-06 4.493E-06 1.189E+16 8.317E+06 1.441E+01 1.068E-07 5.331E-09
   2.850E+06 1.388E+04 4.721E+17 1.426E+04 2.825E+03 2.688E+08 9.183E-22 7.265E-11 1.315E-09 2.073E-04 1.072E-05 2.747E-06 4.552E-06 1.005E+16 1.035E+07 1.867E+01 1.278E-07 6.494E-09
   2.950E+06 1.185E+04 3.992E+17 1.538E+04 3.158E+03 2.859E+08 1.206E-20 9.470E-11 1.717E-09 2.900E-04 1.252E-05 2.470E-06 4.607E-06 8.502E+15 1.279E+07 2.359E+01 1.486E-07 7.688E-09
   3.050E+06 1.013E+04 3.378E+17 1.615E+04 3.426E+03 2.963E+08 1.107E-19 1.197E-10 2.177E-09 4.156E-04 1.469E-05 2.111E-06 4.658E-06 7.193E+15 1.564E+07 2.904E+01 1.680E-07 8.865E-09
   3.150E+06 8.678E+03 2.860E+17 1.625E+04 3.620E+03 2.946E+08 7.428E-19 1.460E-10 2.692E-09 6.002E-04 1.721E-05 1.716E-06 4.702E-06 6.091E+15 1.852E+07 3.430E+01 1.852E-07 9.991E-09
   3.250E+06 7.446E+03 2.426E+17 1.537E+04 3.747E+03 2.758E+08 3.806E-18 1.714E-10 3.259E-09 8.375E-04 1.992E-05 1.358E-06 4.738E-06 5.166E+15 2.066E+07 3.808E+01 1.999E-07 1.106E-08
   3.350E+06 6.401E+03 2.063E+17 1.377E+04 3.823E+03 2.454E+08 1.553E-17 1.948E-10 3.889E-09 1.099E-03 2.258E-05 1.082E-06 4.765E-06 4.393E+15 2.169E+07 4.005E+01 2.124E-07 1.207E-08
   3.450E+06 5.511E+03 1.761E+17 1.195E+04 3.869E+03 2.118E+08 5.241E-17 2.162E-10 4.596E-09 1.357E-03 2.504E-05 8.867E-07 4.782E-06 3.749E+15 2.180E+07 4.068E+01 2.232E-07 1.305E-08
   3.550E+06 4.750E+03 1.509E+17 1.016E+04 3.903E+03 1.797E+08 1.515E-16 2.360E-10 5.404E-09 1.595E-03 2.722E-05 7.470E-07 4.787E-06 3.213E+15 2.135E+07 4.040E+01 2.328E-07 1.402E-08
   3.650E+06 4.097E+03 1.298E+17 8.520E+03 3.940E+03 1.507E+08 3.864E-16 2.545E-10 6.347E-09 1.806E-03 2.910E-05 6.430E-07 4.783E-06 2.764E+15 2.059E+07 3.942E+01 2.414E-07 1.500E-08
   3.750E+06 3.534E+03 1.120E+17 7.035E+03 3.992E+03 1.248E+08 8.943E-16 2.724E-10 7.471E-09 1.988E-03 3.071E-05 5.605E-07 4.769E-06 2.386E+15 1.969E+07 3.782E+01 2.493E-07 1.599E-08
   3.850E+06 3.048E+03 9.695E+16 5.727E+03 4.068E+03 1.022E+08 1.910E-15 2.901E-10 8.841E-09 2.142E-03 3.206E-05 4.921E-07 4.746E-06 2.064E+15 1.876E+07 3.571E+01 2.566E-07 1.701E-08
   3.950E+06 2.627E+03 8.407E+16 4.598E+03 4.177E+03 8.264E+07 3.797E-15 3.081E-10 1.053E-08 2.269E-03 3.319E-05 4.332E-07 4.716E-06 1.790E+15 1.788E+07 3.321E+01 2.635E-07 1.807E-08
   4.050E+06 2.262E+03 7.295E+16 3.630E+03 4.318E+03 6.587E+07 7.075E-15 3.270E-10 1.265E-08 2.373E-03 3.411E-05 3.805E-07 4.679E-06 1.553E+15 1.709E+07 3.039E+01 2.699E-07 1.917E-08
   4.150E+06 1.945E+03 6.331E+16 2.817E+03 4.489E+03 5.168E+07 1.238E-14 3.474E-10 1.530E-08 2.455E-03 3.485E-05 3.325E-07 4.636E-06 1.348E+15 1.643E+07 2.736E+01 2.761E-07 2.033E-08
   4.250E+06 1.671E+03 5.489E+16 2.146E+03 4.679E+03 3.985E+07 2.042E-14 3.701E-10 1.858E-08 2.520E-03 3.544E-05 2.881E-07 4.587E-06 1.169E+15 1.589E+07 2.422E+01 2.819E-07 2.156E-08
   4.350E+06 1.433E+03 4.753E+16 1.604E+03 4.876E+03 3.021E+07 3.199E-14 3.957E-10 2.263E-08 2.570E-03 3.591E-05 2.473E-07 4.534E-06 1.012E+15 1.549E+07 2.110E+01 2.876E-07 2.287E-08
   4.450E+06 1.227E+03 4.109E+16 1.179E+03 5.061E+03 2.253E+07 4.808E-14 4.251E-10 2.752E-08 2.608E-03 3.628E-05 2.103E-07 4.476E-06 8.747E+14 1.520E+07 1.812E+01 2.931E-07 2.427E-08
   4.550E+06 1.049E+03 3.546E+16 8.542E+02 5.218E+03 1.659E+07 7.101E-14 4.588E-10 3.334E-08 2.635E-03 3.657E-05 1.775E-07 4.414E-06 7.550E+14 1.498E+07 1.538E+01 2.985E-07 2.576E-08
   4.650E+06 8.962E+02 3.056E+16 6.120E+02 5.334E+03 1.209E+07 1.105E-13 4.976E-10 4.015E-08 2.656E-03 3.679E-05 1.489E-07 4.346E-06 6.506E+14 1.482E+07 1.295E+01 3.038E-07 2.735E-08
   4.750E+06 7.643E+02 2.630E+16 4.346E+02 5.408E+03 8.745E+06 2.079E-13 5.418E-10 4.810E-08 2.670E-03 3.696E-05 1.245E-07 4.275E-06 5.599E+14 1.468E+07 1.083E+01 3.089E-07 2.904E-08
   4.850E+06 6.509E+02 2.260E+16 3.059E+02 5.462E+03 6.280E+06 5.043E-13 5.921E-10 5.757E-08 2.681E-03 3.710E-05 1.037E-07 4.198E-06 4.811E+14 1.458E+07 9.013E+00 3.140E-07 3.081E-08
   4.950E+06 5.536E+02 1.939E+16 2.129E+02 5.557E+03 4.465E+06 1.379E-12 6.490E-10 6.962E-08 2.688E-03 3.721E-05 8.567E-08 4.116E-06 4.128E+14 1.458E+07 7.434E+00 3.191E-07 3.266E-08
   5.050E+06 4.701E+02 1.662E+16 1.456E+02 5.796E+03 3.124E+06 3.643E-12 7.136E-10 8.658E-08 2.692E-03 3.730E-05 6.984E-08 4.028E-06 3.537E+14 1.479E+07 6.044E+00 3.240E-07 3.457E-08
   5.150E+06 3.987E+02 1.422E+16 9.737E+01 6.295E+03 2.141E+06 8.693E-12 7.874E-10 1.125E-07 2.695E-03 3.737E-05 5.589E-08 3.936E-06 3.026E+14 1.533E+07 4.823E+00 3.288E-07 3.653E-08
   5.250E+06 3.376E+02 1.215E+16 6.385E+01 7.142E+03 1.439E+06 1.850E-11 8.730E-10 1.532E-07 2.695E-03 3.743E-05 4.396E-08 3.838E-06 2.585E+14 1.626E+07 3.785E+00 3.335E-07 3.852E-08
   5.350E+06 2.855E+02 1.036E+16 4.146E+01 8.336E+03 9.569E+05 3.536E-11 9.730E-10 2.153E-07 2.695E-03 3.748E-05 3.427E-08 3.736E-06 2.205E+14 1.751E+07 2.952E+00 3.380E-07 4.053E-08
   5.450E+06 2.411E+02 8.824E+15 2.701E+01 9.767E+03 6.361E+05 6.136E-11 1.090E-09 3.052E-07 2.692E-03 3.752E-05 2.677E-08 3.627E-06 1.878E+14 1.892E+07 2.319E+00 3.424E-07 4.256E-08
   5.550E+06 2.034E+02 7.502E+15 1.787E+01 1.124E+04 4.269E+05 9.790E-11 1.229E-09 4.268E-07 2.686E-03 3.756E-05 2.118E-08 3.511E-06 1.596E+14 2.028E+07 1.860E+00 3.467E-07 4.460E-08
   5.650E+06 1.713E+02 6.365E+15 1.208E+01 1.253E+04 2.898E+05 1.453E-10 1.394E-09 5.811E-07 2.674E-03 3.759E-05 1.703E-08 3.387E-06 1.354E+14 2.141E+07 1.532E+00 3.508E-07 4.665E-08
   5.750E+06 1.442E+02 5.390E+15 8.386E+00 1.344E+04 1.993E+05 2.028E-10 1.586E-09 7.653E-07 2.661E-03 3.762E-05 1.390E-08 3.257E-06 1.147E+14 2.218E+07 1.303E+00 3.547E-07 4.872E-08
   5.850E+06 1.212E+02 4.559E+15 5.985E+00 1.385E+04 1.390E+05 2.685E-10 1.808E-09 9.738E-07 2.649E-03 3.765E-05 1.151E-08 3.120E-06 9.698E+13 2.254E+07 1.146E+00 3.586E-07 5.082E-08
   5.950E+06 1.017E+02 3.850E+15 4.373E+00 1.373E+04 9.782E+04 3.402E-10 2.060E-09 1.199E-06 2.638E-03 3.767E-05 9.633E-09 2.975E-06 8.189E+13 2.248E+07 1.038E+00 3.623E-07 5.294E-08
   6.050E+06 8.536E+01 3.247E+15 3.260E+00 1.313E+04 6.932E+04 4.153E-10 2.342E-09 1.432E-06 2.627E-03 3.770E-05 8.128E-09 2.823E-06 6.906E+13 2.200E+07 9.649E-01 3.659E-07 5.510E-08
   6.150E+06 7.155E+01 2.736E+15 2.470E+00 1.216E+04 4.942E+04 4.914E-10 2.652E-09 1.665E-06 2.615E-03 3.772E-05 6.907E-09 2.668E-06 5.819E+13 2.117E+07 9.165E-01 3.694E-07 5.726E-08
   6.250E+06 5.992E+01 2.304E+15 1.894E+00 1.094E+04 3.541E+04 5.666E-10 2.988E-09 1.893E-06 2.603E-03 3.774E-05 5.905E-09 2.509E-06 4.900E+13 2.003E+07 8.856E-01 3.727E-07 5.944E-08
   6.350E+06 5.014E+01 1.939E+15 1.465E+00 9.605E+03 2.548E+04 6.395E-10 3.351E-09 2.108E-06 2.590E-03 3.776E-05 5.074E-09 2.350E-06 4.122E+13 1.864E+07 8.674E-01 3.759E-07 6.161E-08
   6.450E+06 4.191E+01 1.630E+15 1.138E+00 8.250E+03 1.839E+04 7.092E-10 3.743E-09 2.309E-06 2.577E-03 3.778E-05 4.378E-09 2.192E-06 3.465E+13 1.705E+07 8.578E-01 3.789E-07 6.376E-08
   6.550E+06 3.500E+01 1.369E+15 8.808E-01 6.949E+03 1.305E+04 7.754E-10 4.168E-09 2.493E-06 2.563E-03 3.779E-05 3.721E-09 2.037E-06 2.910E+13 1.564E+07 8.491E-01 3.818E-07 6.588E-08
   6.650E+06 2.920E+01 1.148E+15 6.678E-01 5.750E+03 8.584E+03 8.384E-10 4.635E-09 2.659E-06 2.549E-03 3.781E-05 2.932E-09 1.883E-06 2.441E+13 1.621E+07 8.281E-01 3.846E-07 6.795E-08
   6.750E+06 2.434E+01 9.626E+14 5.619E-01 4.628E+03 8.591E+03 9.001E-10 5.155E-09 2.806E-06 2.535E-03 3.782E-05 3.520E-09 1.713E-06 2.046E+13 1.502E+07 9.119E-01 3.872E-07 6.998E-08
   6.850E+06 2.027E+01 8.056E+14 7.962E-01 3.576E+03 2.835E+04 9.709E-10 5.745E-09 2.937E-06 2.523E-03 3.784E-05 1.395E-08 1.511E-06 1.712E+13 3.496E+06 1.747E+00 3.897E-07 7.196E-08
   6.950E+06 1.686E+01 6.731E+14 1.213E+00 2.732E+03 6.398E+04 1.085E-09 6.421E-09 3.052E-06 2.512E-03 3.785E-05 3.784E-08 1.330E-06 1.429E+13 1.031E+06 3.614E+00 3.920E-07 7.387E-08
   7.050E+06 1.402E+01 5.619E+14 1.470E+00 2.082E+03 9.411E+04 1.330E-09 7.195E-09 3.153E-06 2.501E-03 3.786E-05 6.695E-08 1.175E-06 1.192E+13 4.661E+05 5.930E+00 3.942E-07 7.573E-08
   7.150E+06 1.165E+01 4.684E+14 1.540E+00 1.589E+03 1.115E+05 1.870E-09 8.085E-09 3.243E-06 2.493E-03 3.787E-05 9.544E-08 1.046E-06 9.927E+12 2.525E+05 8.368E+00 3.963E-07 7.752E-08
   7.250E+06 9.680E+00 3.896E+14 1.489E+00 1.210E+03 1.168E+05 2.952E-09 9.103E-09 3.326E-06 2.490E-03 3.789E-05 1.204E-07 9.334E-07 8.241E+12 1.479E+05 1.089E+01 3.983E-07 7.925E-08
   7.350E+06 8.040E+00 3.238E+14 1.384E+00 9.177E+02 1.142E+05 4.859E-09 1.025E-08 3.406E-06 2.488E-03 3.790E-05 1.417E-07 8.320E-07 6.832E+12 9.011E+04 1.366E+01 4.002E-07 8.091E-08
   7.450E+06 6.678E+00 2.689E+14 1.249E+00 6.940E+02 1.052E+05 7.853E-09 1.152E-08 3.485E-06 2.489E-03 3.791E-05 1.571E-07 7.403E-07 5.653E+12 5.598E+04 1.668E+01 4.020E-07 8.251E-08
   7.550E+06 5.548E+00 2.229E+14 1.100E+00 5.230E+02 9.175E+04 1.214E-08 1.293E-08 3.568E-06 2.495E-03 3.792E-05 1.649E-07 6.576E-07 4.664E+12 3.495E+04 1.997E+01 4.037E-07 8.404E-08
   7.650E+06 4.612E+00 1.847E+14 9.562E-01 3.935E+02 7.673E+04 1.787E-08 1.445E-08 3.654E-06 2.504E-03 3.793E-05 1.659E-07 5.831E-07 3.842E+12 2.186E+04 2.365E+01 4.053E-07 8.550E-08
   7.750E+06 3.837E+00 1.531E+14 8.257E-01 2.958E+02 6.196E+04 2.525E-08 1.607E-08 3.744E-06 2.515E-03 3.793E-05 1.610E-07 5.161E-07 3.161E+12 1.366E+04 2.789E+01 4.068E-07 8.688E-08
   7.850E+06 3.195E+00 1.267E+14 7.104E-01 2.218E+02 4.825E+04 3.456E-08 1.779E-08 3.839E-06 2.530E-03 3.794E-05 1.505E-07 4.560E-07 2.594E+12 8.473E+03 3.287E+01 4.081E-07 8.818E-08
   7.950E+06 2.664E+00 1.049E+14 6.119E-01 1.661E+02 3.648E+04 4.612E-08 1.959E-08 3.938E-06 2.548E-03 3.795E-05 1.365E-07 4.021E-07 2.125E+12 5.224E+03 3.888E+01 4.093E-07 8.938E-08
   8.050E+06 2.224E+00 8.696E+13 5.286E-01 1.244E+02 2.702E+04 6.020E-08 2.148E-08 4.042E-06 2.566E-03 3.795E-05 1.211E-07 3.540E-07 1.740E+12 3.210E+03 4.615E+01 4.104E-07 9.049E-08
   8.150E+06 1.859E+00 7.216E+13 4.565E-01 9.314E+01 1.963E+04 7.705E-08 2.343E-08 4.149E-06 2.584E-03 3.796E-05 1.053E-07 3.111E-07 1.423E+12 1.963E+03 5.479E+01 4.113E-07 9.148E-08
   8.250E+06 1.557E+00 5.995E+13 3.933E-01 6.970E+01 1.400E+04 9.690E-08 2.543E-08 4.259E-06 2.602E-03 3.796E-05 8.978E-08 2.730E-07 1.163E+12 1.195E+03 6.492E+01 4.121E-07 9.237E-08
   8.350E+06 1.305E+00 4.990E+13 3.378E-01 5.217E+01 9.865E+03 1.201E-07 2.744E-08 4.370E-06 2.618E-03 3.797E-05 7.551E-08 2.393E-07 9.497E+11 7.256E+02 7.664E+01 4.129E-07 9.316E-08
   8.450E+06 1.095E+00 4.164E+13 2.896E-01 3.909E+01 6.901E+03 1.473E-07 2.943E-08 4.480E-06 2.631E-03 3.797E-05 6.300E-08 2.095E-07 7.758E+11 4.405E+02 9.009E+01 4.135E-07 9.384E-08
   8.550E+06 9.203E-01 3.482E+13 2.481E-01 2.931E+01 4.785E+03 1.795E-07 3.146E-08 4.590E-06 2.641E-03 3.797E-05 5.203E-08 1.834E-07 6.333E+11 2.670E+02 1.056E+02 4.140E-07 9.443E-08
   8.650E+06 7.738E-01 2.916E+13 2.127E-01 2.199E+01 3.282E+03 2.181E-07 3.365E-08 4.697E-06 2.649E-03 3.798E-05 4.247E-08 1.606E-07 5.162E+11 1.613E+02 1.236E+02 4.145E-07 9.493E-08
   8.750E+06 6.510E-01 2.448E+13 1.832E-01 1.654E+01 2.241E+03 2.653E-07 3.625E-08 4.802E-06 2.654E-03 3.798E-05 3.449E-08 1.407E-07 4.206E+11 9.757E+01 1.449E+02 4.148E-07 9.535E-08
   8.850E+06 5.479E-01 2.058E+13 1.585E-01 1.245E+01 1.519E+03 3.234E-07 3.956E-08 4.903E-06 2.656E-03 3.798E-05 2.778E-08 1.234E-07 3.421E+11 5.897E+01 1.700E+02 4.151E-07 9.571E-08
   8.950E+06 4.613E-01 1.731E+13 1.373E-01 9.390E+00 1.016E+03 3.945E-07 4.384E-08 4.999E-06 2.658E-03 3.798E-05 2.209E-08 1.085E-07 2.776E+11 3.556E+01 1.993E+02 4.154E-07 9.601E-08
   9.050E+06 3.884E-01 1.457E+13 1.187E-01 7.092E+00 6.721E+02 4.792E-07 4.920E-08 5.091E-06 2.660E-03 3.798E-05 1.735E-08 9.564E-08 2.246E+11 2.144E+01 2.323E+02 4.156E-07 9.625E-08
   9.150E+06 3.271E-01 1.226E+13 1.017E-01 5.367E+00 4.393E+02 5.761E-07 5.553E-08 5.176E-06 2.661E-03 3.798E-05 1.347E-08 8.459E-08 1.813E+11 1.297E+01 2.675E+02 4.158E-07 9.645E-08
   9.250E+06 2.755E-01 1.031E+13 8.604E-02 4.071E+00 2.835E+02 6.821E-07 6.259E-08 5.254E-06 2.664E-03 3.798E-05 1.032E-08 7.512E-08 1.460E+11 7.892E+00 3.029E+02 4.159E-07 9.662E-08
   9.350E+06 2.322E-01 8.664E+12 7.158E-02 3.092E+00 1.795E+02 7.927E-07 7.002E-08 5.324E-06 2.670E-03 3.798E-05 7.758E-09 6.702E-08 1.171E+11 4.852E+00 3.366E+02 4.160E-07 9.675E-08
   9.450E+06 1.959E-01 7.272E+12 5.856E-02 2.354E+00 1.120E+02 9.031E-07 7.745E-08 5.386E-06 2.680E-03 3.798E-05 5.749E-09 6.009E-08 9.375E+10 3.043E+00 3.665E+02 4.161E-07 9.686E-08
   9.550E+06 1.653E-01 6.105E+12 4.721E-02 1.799E+00 6.927E+01 1.009E-06 8.456E-08 5.441E-06 2.691E-03 3.798E-05 4.217E-09 5.417E-08 7.496E+10 1.967E+00 3.912E+02 4.162E-07 9.695E-08
   9.650E+06 1.398E-01 5.110E+12 3.750E-02 1.377E+00 4.169E+01 1.107E-06 9.116E-08 5.487E-06 2.700E-03 3.798E-05 3.021E-09 4.911E-08 5.971E+10 1.318E+00 4.109E+02 4.163E-07 9.702E-08
   9.750E+06 1.184E-01 4.270E+12 2.944E-02 1.056E+00 2.460E+01 1.195E-06 9.709E-08 5.527E-06 2.706E-03 3.799E-05 2.129E-09 4.475E-08 4.749E+10 9.264E-01 4.254E+02 4.163E-07 9.708E-08
   9.850E+06 1.006E-01 3.575E+12 2.296E-02 8.150E-01 1.447E+01 1.273E-06 1.022E-07 5.560E-06 2.710E-03 3.799E-05 1.494E-09 4.100E-08 3.784E+10 6.863E-01 4.345E+02 4.164E-07 9.712E-08
   9.950E+06 8.566E-02 2.980E+12 1.774E-02 6.283E-01 8.385E+00 1.340E-06 1.067E-07 5.587E-06 2.714E-03 3.799E-05 1.037E-09 3.774E-08 3.003E+10 5.370E-01 4.405E+02 4.164E-07 9.716E-08
