
     Z         PRESS      DEN     ProOH1    ProOH25    ProO3D    PO2D       PO2      PH2O      PO3D      PH2O2     FO3      FH2O      NumO2      NumOH      NumO1D     PN2O     PCH3CL      FOH      FHO2      FNO     FNO2      FH    FH2O2     FNO3    FN2O5    FHNO3      FO       FN      FH2     FCH4    FN2O
   5.000E+04 9.562E+05 2.414E+19 4.951E+05 1.313E+04 3.609E+06 0.000E+00 1.075E-13 4.297E-14 2.018E-05 2.943E-06 7.409E-09 1.266E-02 5.135E+16 3.788E+06 4.930E-03 1.454E-10 1.456E-12 1.569E-13 1.235E-11 7.909E-12 1.646E-11 6.646E-19 8.767E-10 6.710E-15 7.237E-17 9.603E-11 2.307E-15 6.170E-19 5.000E-07 8.080E-07 2.730E-07
   1.500E+05 8.484E+05 2.166E+19 4.086E+05 2.213E+04 3.720E+06 0.000E+00 2.007E-13 1.037E-13 2.273E-05 3.264E-06 7.555E-09 9.852E-03 4.621E+16 3.122E+06 5.812E-03 2.994E-10 3.782E-12 1.441E-13 1.201E-11 2.937E-12 5.463E-12 6.170E-19 8.910E-10 4.182E-15 1.922E-17 8.627E-11 2.871E-15 6.382E-19 4.987E-07 8.030E-07 2.718E-07
   2.500E+05 7.513E+05 1.957E+19 3.183E+05 2.958E+04 4.323E+06 0.000E+00 3.351E-13 2.366E-13 2.491E-05 3.564E-06 8.868E-09 6.389E-03 4.188E+16 2.962E+06 7.692E-03 5.592E-10 8.821E-12 1.513E-13 1.171E-11 1.934E-12 3.228E-12 6.382E-19 8.809E-10 3.505E-15 1.470E-17 8.017E-11 4.014E-15 7.609E-19 4.977E-07 7.986E-07 2.704E-07
   3.500E+05 6.638E+05 1.760E+19 2.746E+05 3.883E+04 5.514E+06 0.000E+00 5.251E-13 5.199E-13 2.693E-05 3.848E-06 1.163E-08 4.243E-03 3.779E+16 3.171E+06 1.106E-02 9.775E-10 1.872E-11 1.801E-13 1.219E-11 1.818E-12 2.899E-12 7.609E-19 8.501E-10 3.737E-15 2.122E-17 7.747E-11 6.361E-15 8.896E-19 4.970E-07 7.949E-07 2.689E-07
   4.500E+05 5.851E+05 1.583E+19 2.178E+05 4.486E+04 7.257E+06 0.000E+00 7.863E-13 1.124E-12 2.856E-05 4.118E-06 1.606E-08 2.522E-03 3.408E+16 3.327E+06 1.633E-02 1.624E-09 3.700E-11 2.102E-13 1.248E-11 2.060E-12 3.146E-12 8.896E-19 7.943E-10 4.315E-15 4.480E-17 7.667E-11 1.053E-14 9.962E-19 4.965E-07 7.918E-07 2.672E-07
   5.500E+05 5.144E+05 1.423E+19 1.553E+05 4.573E+04 9.440E+06 0.000E+00 1.130E-12 2.339E-12 2.992E-05 4.378E-06 2.217E-08 1.374E-03 3.074E+16 3.374E+06 2.366E-02 2.567E-09 6.797E-11 2.372E-13 1.237E-11 2.534E-12 3.659E-12 9.962E-19 7.120E-10 5.073E-15 1.126E-16 7.623E-11 1.727E-14 1.040E-18 4.962E-07 7.893E-07 2.654E-07
   6.500E+05 4.509E+05 1.279E+19 9.640E+04 3.961E+04 1.184E+07 0.000E+00 1.562E-12 4.565E-12 3.105E-05 4.628E-06 2.984E-08 6.785E-04 2.770E+16 3.244E+06 3.289E-02 3.842E-09 1.151E-10 2.537E-13 1.165E-11 3.141E-12 4.178E-12 1.040E-18 6.047E-10 5.752E-15 2.954E-16 7.462E-11 2.740E-14 1.000E-18 4.960E-07 7.873E-07 2.635E-07
   7.500E+05 3.938E+05 1.148E+19 5.071E+04 2.875E+04 1.423E+07 0.000E+00 2.078E-12 8.408E-12 3.197E-05 4.870E-06 3.877E-08 2.978E-04 2.494E+16 2.928E+06 4.358E-02 5.441E-09 1.804E-10 2.551E-13 1.032E-11 3.774E-12 4.472E-12 1.000E-18 4.827E-10 6.145E-15 7.683E-16 7.123E-11 4.169E-14 9.034E-19 4.960E-07 7.858E-07 2.615E-07
   8.500E+05 3.427E+05 1.028E+19 2.230E+04 1.716E+04 1.635E+07 7.716-167 2.674E-12 1.457E-11 3.271E-05 5.105E-06 4.859E-08 1.145E-04 2.241E+16 2.538E+06 5.520E-02 7.333E-09 2.643E-10 2.467E-13 8.648E-12 4.710E-12 4.812E-12 9.034E-19 3.633E-10 6.415E-15 2.213E-15 6.731E-11 6.104E-14 7.991E-19 4.960E-07 7.845E-07 2.593E-07
   9.500E+05 2.969E+05 9.188E+18 7.910E+03 7.920E+03 1.821E+07 5.058E-81 3.345E-12 2.350E-11 3.333E-05 5.334E-06 5.945E-08 3.669E-05 2.007E+16 2.201E+06 6.784E-02 9.476E-09 3.642E-10 2.396E-13 6.916E-12 6.589E-12 5.670E-12 7.991E-19 2.599E-10 6.932E-15 7.264E-15 6.459E-11 8.735E-14 7.043E-19 4.960E-07 7.834E-07 2.570E-07
   1.050E+06 2.561E+05 8.171E+18 2.007E+03 2.333E+03 2.074E+07 3.332E-54 4.094E-12 3.472E-11 3.393E-05 5.557E-06 7.483E-08 8.223E-06 1.790E+16 1.931E+06 8.565E-02 1.185E-08 4.773E-10 2.363E-13 5.197E-12 9.801E-12 7.252E-12 7.043E-19 1.677E-10 8.172E-15 2.133E-14 6.417E-11 1.297E-13 8.160E-19 4.961E-07 7.819E-07 2.537E-07
   1.150E+06 2.200E+05 7.219E+18 2.389E+03 2.748E+03 2.591E+07 1.053E-46 4.949E-12 4.831E-11 3.464E-05 5.777E-06 1.036E-07 7.880E-06 1.593E+16 2.111E+06 1.194E-01 1.452E-08 6.055E-10 2.924E-13 4.674E-12 1.316E-11 9.583E-12 8.160E-19 1.041E-10 1.244E-14 4.115E-14 7.119E-11 2.149E-13 9.427E-19 4.962E-07 7.792E-07 2.471E-07
   1.250E+06 1.882E+05 6.327E+18 2.931E+03 2.960E+03 3.552E+07 1.894E-40 5.972E-12 6.608E-11 3.574E-05 6.003E-06 1.571E-07 7.081E-06 1.419E+16 2.341E+06 1.847E-01 1.763E-08 7.577E-10 3.700E-13 4.571E-12 1.641E-11 1.330E-11 9.427E-19 7.391E-11 2.327E-14 9.667E-14 8.917E-11 3.972E-13 1.043E-18 4.963E-07 7.736E-07 2.341E-07
   1.350E+06 1.605E+05 5.501E+18 3.174E+03 2.691E+03 5.045E+07 1.329E-35 7.270E-12 9.040E-11 3.763E-05 6.246E-06 2.438E-07 5.411E-06 1.275E+16 2.509E+06 2.993E-01 2.143E-08 9.471E-10 4.561E-13 4.578E-12 2.134E-11 2.016E-11 1.043E-18 6.067E-11 4.591E-14 2.599E-13 1.206E-10 7.611E-13 1.167E-18 4.966E-07 7.635E-07 2.118E-07
   1.450E+06 1.365E+05 4.753E+18 3.187E+03 2.352E+03 6.937E+07 4.512E-32 9.014E-12 1.250E-10 4.061E-05 6.524E-06 3.594E-07 3.957E-06 1.163E+16 2.593E+06 4.731E-01 2.630E-08 1.194E-09 5.456E-13 4.588E-12 2.980E-11 3.169E-11 1.167E-18 5.172E-11 8.193E-14 6.289E-13 1.619E-10 1.391E-12 1.433E-18 4.971E-07 7.480E-07 1.810E-07
   1.550E+06 1.157E+05 4.090E+18 3.179E+03 2.182E+03 9.040E+07 1.949E-29 1.144E-11 1.759E-10 4.511E-05 6.857E-06 4.900E-07 3.033E-06 1.075E+16 2.703E+06 7.124E-01 3.275E-08 1.525E-09 6.608E-13 4.727E-12 4.211E-11 4.735E-11 1.433E-18 4.609E-11 1.273E-13 1.203E-12 2.038E-10 2.354E-12 1.948E-18 4.977E-07 7.277E-07 1.462E-07
   1.650E+06 9.795E+04 3.507E+18 3.185E+03 2.140E+03 1.135E+08 2.333E-27 1.488E-11 2.519E-10 5.173E-05 7.270E-06 6.258E-07 2.422E-06 1.003E+16 2.899E+06 1.038E+00 4.137E-08 1.975E-09 8.267E-13 5.079E-12 5.736E-11 6.507E-11 1.948E-18 4.378E-11 1.780E-13 1.836E-12 2.368E-10 3.749E-12 2.936E-18 4.984E-07 7.029E-07 1.116E-07
   1.750E+06 8.273E+04 2.994E+18 3.309E+03 2.251E+03 1.390E+08 1.214E-25 1.974E-11 3.655E-10 6.141E-05 7.790E-06 7.561E-07 2.057E-06 9.372E+15 3.259E+06 1.482E+00 5.277E-08 2.583E-09 1.089E-12 5.822E-12 7.270E-11 8.105E-11 2.936E-18 4.583E-11 2.309E-13 2.275E-12 2.547E-10 5.749E-12 4.846E-18 4.992E-07 6.746E-07 8.093E-08
   1.850E+06 6.977E+04 2.547E+18 3.635E+03 2.545E+03 1.677E+08 3.640E-24 2.655E-11 5.333E-10 7.539E-05 8.450E-06 8.732E-07 1.874E-06 8.717E+15 3.840E+06 2.095E+00 6.752E-08 3.387E-09 1.508E-12 7.107E-12 8.498E-11 9.226E-11 4.846E-18 5.245E-11 2.829E-13 2.357E-12 2.576E-10 8.653E-12 8.553E-18 5.000E-07 6.437E-07 5.595E-08
   1.950E+06 5.876E+04 2.159E+18 4.165E+03 3.026E+03 1.993E+08 7.245E-23 3.591E-11 7.761E-10 9.529E-05 9.287E-06 9.686E-07 1.805E-06 8.040E+15 4.665E+06 2.932E+00 8.597E-08 4.421E-09 2.161E-12 8.954E-12 9.301E-11 9.777E-11 8.553E-18 6.217E-11 3.261E-13 2.086E-12 2.479E-10 1.290E-11 1.591E-17 5.010E-07 6.112E-07 3.715E-08
   2.050E+06 4.944E+04 1.827E+18 4.877E+03 3.703E+03 2.322E+08 1.040E-21 4.852E-11 1.118E-09 1.229E-04 1.034E-05 1.034E-06 1.813E-06 7.336E+15 5.759E+06 4.034E+00 1.082E-07 5.704E-09 3.153E-12 1.130E-11 9.735E-11 9.811E-11 1.591E-17 7.249E-11 3.498E-13 1.593E-12 2.298E-10 1.913E-11 3.110E-17 5.022E-07 5.785E-07 2.397E-08
   2.150E+06 4.157E+04 1.541E+18 5.795E+03 4.612E+03 2.643E+08 1.131E-20 6.510E-11 1.583E-09 1.611E-04 1.166E-05 1.064E-06 1.890E-06 6.620E+15 7.172E+06 5.444E+00 1.339E-07 7.232E-09 4.653E-12 1.412E-11 9.893E-11 9.412E-11 3.110E-17 8.129E-11 3.450E-13 1.054E-12 2.066E-10 2.841E-11 6.296E-17 5.038E-07 5.460E-07 1.515E-08
   2.250E+06 3.494E+04 1.297E+18 6.701E+03 5.587E+03 2.936E+08 9.574E-20 8.634E-11 2.195E-09 2.139E-04 1.328E-05 1.058E-06 1.962E-06 5.910E+15 8.844E+06 7.200E+00 1.621E-07 8.979E-09 6.817E-12 1.712E-11 9.899E-11 8.676E-11 6.296E-17 8.510E-11 3.109E-13 6.054E-13 1.788E-10 4.243E-11 1.319E-16 5.062E-07 5.143E-07 9.441E-09
   2.350E+06 2.936E+04 1.090E+18 7.549E+03 6.566E+03 3.183E+08 6.369E-19 1.127E-10 2.968E-09 2.882E-04 1.527E-05 1.013E-06 2.030E-06 5.226E+15 1.080E+07 9.337E+00 1.918E-07 1.089E-08 9.912E-12 2.013E-11 9.754E-11 7.629E-11 1.319E-16 8.328E-11 2.562E-13 3.015E-13 1.481E-10 6.370E-11 2.852E-16 5.096E-07 4.837E-07 5.849E-09
   2.450E+06 2.468E+04 9.143E+17 8.316E+03 7.486E+03 3.378E+08 3.378E-18 1.442E-10 3.913E-09 3.971E-04 1.766E-05 9.305E-07 2.092E-06 4.588E+15 1.309E+07 1.190E+01 2.216E-07 1.290E-08 1.432E-11 2.295E-11 9.435E-11 6.345E-11 2.852E-16 7.668E-11 1.940E-13 1.305E-13 1.168E-10 9.590E-11 6.307E-16 5.143E-07 4.544E-07 3.622E-09
   2.550E+06 2.076E+04 7.672E+17 8.948E+03 8.293E+03 3.508E+08 1.455E-17 1.797E-10 5.030E-09 5.618E-04 2.052E-05 8.139E-07 2.149E-06 4.007E+15 1.569E+07 1.487E+01 2.499E-07 1.494E-08 2.046E-11 2.544E-11 8.955E-11 4.971E-11 6.307E-16 6.746E-11 1.363E-13 4.948E-14 8.706E-11 1.441E-10 1.389E-15 5.208E-07 4.265E-07 2.252E-09
   2.650E+06 1.747E+04 6.443E+17 9.256E+03 8.960E+03 3.519E+08 5.217E-17 2.174E-10 6.324E-09 8.009E-04 2.383E-05 6.820E-07 2.199E-06 3.487E+15 1.835E+07 1.791E+01 2.758E-07 1.696E-08 2.849E-11 2.768E-11 8.354E-11 3.675E-11 1.389E-15 5.854E-11 8.950E-14 1.669E-14 6.075E-11 2.142E-10 2.951E-15 5.296E-07 4.002E-07 1.410E-09
   2.750E+06 1.470E+04 5.420E+17 9.065E+03 9.495E+03 3.372E+08 1.601E-16 2.550E-10 7.815E-09 1.108E-03 2.743E-05 5.616E-07 2.242E-06 3.028E+15 2.061E+07 2.046E+01 2.988E-07 1.892E-08 3.803E-11 3.000E-11 7.667E-11 2.585E-11 2.951E-15 5.203E-11 5.533E-14 5.117E-15 3.946E-11 3.116E-10 5.980E-15 5.412E-07 3.757E-07 8.925E-10
   2.850E+06 1.237E+04 4.565E+17 8.439E+03 9.934E+03 3.096E+08 4.333E-16 2.912E-10 9.558E-09 1.452E-03 3.105E-05 4.672E-07 2.277E-06 2.624E+15 2.219E+07 2.226E+01 3.190E-07 2.083E-08 4.861E-11 3.279E-11 6.906E-11 1.743E-11 5.980E-15 4.828E-11 3.257E-14 1.458E-15 2.397E-11 4.435E-10 1.159E-14 5.558E-07 3.534E-07 5.732E-10
   2.950E+06 1.041E+04 3.850E+17 7.557E+03 1.033E+04 2.750E+08 1.060E-15 3.259E-10 1.165E-08 1.798E-03 3.448E-05 3.972E-07 2.304E-06 2.270E+15 2.312E+07 2.333E+01 3.369E-07 2.272E-08 6.005E-11 3.626E-11 6.089E-11 1.135E-11 1.159E-14 4.681E-11 1.854E-14 3.948E-16 1.381E-11 6.176E-10 2.160E-14 5.741E-07 3.328E-07 3.723E-10
   3.050E+06 8.756E+03 3.253E+17 6.560E+03 1.073E+04 2.377E+08 2.381E-15 3.599E-10 1.421E-08 2.122E-03 3.760E-05 3.445E-07 2.323E-06 1.963E+15 2.358E+07 2.375E+01 3.528E-07 2.461E-08 7.249E-11 4.052E-11 5.287E-11 7.263E-12 2.160E-14 4.717E-11 1.043E-14 1.057E-16 7.737E-12 8.407E-10 3.899E-14 5.963E-07 3.139E-07 2.450E-10
   3.150E+06 7.357E+03 2.750E+17 5.530E+03 1.118E+04 2.001E+08 4.954E-15 3.940E-10 1.742E-08 2.407E-03 4.033E-05 3.023E-07 2.334E-06 1.695E+15 2.373E+07 2.351E+01 3.672E-07 2.654E-08 8.630E-11 4.572E-11 4.573E-11 4.653E-12 3.899E-14 4.913E-11 5.903E-15 2.891E-17 4.324E-12 1.117E-09 6.850E-14 6.225E-07 2.968E-07 1.640E-10
   3.250E+06 6.175E+03 2.326E+17 4.523E+03 1.168E+04 1.640E+08 9.584E-15 4.292E-10 2.148E-08 2.648E-03 4.267E-05 2.662E-07 2.337E-06 1.461E+15 2.373E+07 2.265E+01 3.803E-07 2.853E-08 1.020E-10 5.205E-11 3.970E-11 3.027E-12 6.850E-14 5.269E-11 3.398E-15 8.265E-18 2.452E-12 1.449E-09 1.174E-13 6.529E-07 2.808E-07 1.113E-10
   3.350E+06 5.175E+03 1.968E+17 3.591E+03 1.223E+04 1.307E+08 1.730E-14 4.666E-10 2.663E-08 2.840E-03 4.462E-05 2.339E-07 2.334E-06 1.257E+15 2.369E+07 2.121E+01 3.925E-07 3.061E-08 1.204E-10 5.973E-11 3.481E-11 2.028E-12 1.174E-13 5.810E-11 2.014E-15 2.532E-18 1.437E-12 1.831E-09 1.973E-13 6.879E-07 2.657E-07 7.648E-11
   3.450E+06 4.329E+03 1.664E+17 2.768E+03 1.280E+04 1.015E+08 2.930E-14 5.073E-10 3.308E-08 2.985E-03 4.621E-05 2.043E-07 2.325E-06 1.079E+15 2.365E+07 1.934E+01 4.037E-07 3.280E-08 1.421E-10 6.905E-11 3.100E-11 1.412E-12 1.973E-13 6.566E-11 1.238E-15 8.428E-19 8.784E-13 2.259E-09 3.267E-13 7.274E-07 2.513E-07 5.330E-11
   3.550E+06 3.615E+03 1.406E+17 2.072E+03 1.333E+04 7.669E+07 4.703E-14 5.525E-10 4.104E-08 3.088E-03 4.747E-05 1.767E-07 2.310E-06 9.240E+14 2.362E+07 1.718E+01 4.143E-07 3.513E-08 1.680E-10 8.034E-11 2.811E-11 1.027E-12 3.267E-13 7.569E-11 7.907E-16 3.060E-19 5.621E-13 2.729E-09 5.351E-13 7.714E-07 2.373E-07 3.769E-11
   3.650E+06 3.012E+03 1.185E+17 1.509E+03 1.374E+04 5.652E+07 7.247E-14 6.035E-10 5.064E-08 3.155E-03 4.846E-05 1.512E-07 2.290E-06 7.884E+14 2.358E+07 1.491E+01 4.242E-07 3.759E-08 1.990E-10 9.389E-11 2.598E-11 7.829E-13 5.351E-13 8.844E-11 5.253E-16 1.214E-19 3.764E-13 3.242E-09 8.697E-13 8.194E-07 2.234E-07 2.711E-11
   3.750E+06 2.505E+03 9.966E+16 1.071E+03 1.399E+04 4.069E+07 1.108E-13 6.613E-10 6.193E-08 3.195E-03 4.922E-05 1.278E-07 2.266E-06 6.702E+14 2.348E+07 1.267E+01 4.337E-07 4.019E-08 2.356E-10 1.100E-10 2.443E-11 6.250E-13 8.697E-13 1.041E-10 3.622E-16 5.222E-20 2.627E-13 3.803E-09 1.409E-12 8.719E-07 2.094E-07 1.981E-11
   3.850E+06 2.079E+03 8.354E+16 7.430E+02 1.401E+04 2.867E+07 1.879E-13 7.274E-10 7.492E-08 3.217E-03 4.979E-05 1.067E-07 2.238E-06 5.671E+14 2.328E+07 1.058E+01 4.427E-07 4.293E-08 2.787E-10 1.290E-10 2.331E-11 5.213E-13 1.409E-12 1.225E-10 2.577E-16 2.407E-20 1.896E-13 4.427E-09 2.283E-12 9.291E-07 1.950E-07 1.468E-11
   3.950E+06 1.723E+03 6.980E+16 5.048E+02 1.383E+04 1.981E+07 4.302E-13 8.029E-10 8.985E-08 3.227E-03 5.023E-05 8.795E-08 2.205E-06 4.778E+14 2.298E+07 8.702E+00 4.513E-07 4.576E-08 3.293E-10 1.515E-10 2.254E-11 4.535E-13 2.283E-12 1.439E-10 1.887E-16 1.194E-20 1.412E-13 5.130E-09 3.706E-12 9.914E-07 1.799E-07 1.103E-11
   4.050E+06 1.425E+03 5.816E+16 3.365E+02 1.360E+04 1.346E+07 1.307E-12 8.893E-10 1.079E-07 3.230E-03 5.055E-05 7.163E-08 2.168E-06 4.011E+14 2.269E+07 7.062E+00 4.594E-07 4.868E-08 3.901E-10 1.788E-10 2.203E-11 4.116E-13 3.706E-12 1.701E-10 1.428E-16 6.237E-21 1.090E-13 5.908E-09 6.061E-12 1.059E-06 1.639E-07 8.380E-12
   4.150E+06 1.178E+03 4.834E+16 2.192E+02 1.363E+04 8.933E+06 4.103E-12 9.890E-10 1.326E-07 3.228E-03 5.080E-05 5.724E-08 2.127E-06 3.356E+14 2.263E+07 5.631E+00 4.672E-07 5.166E-08 4.682E-10 2.141E-10 2.172E-11 3.918E-13 6.061E-12 2.054E-10 1.126E-16 3.567E-21 8.831E-14 6.729E-09 1.005E-11 1.134E-06 1.467E-07 6.423E-12
   4.250E+06 9.728E+02 4.009E+16 1.386E+02 1.431E+04 5.762E+06 1.143E-11 1.106E-09 1.716E-07 3.225E-03 5.098E-05 4.456E-08 2.081E-06 2.800E+14 2.312E+07 4.382E+00 4.746E-07 5.466E-08 5.767E-10 2.638E-10 2.155E-11 3.956E-13 1.005E-11 2.591E-10 9.461E-17 2.286E-21 7.686E-14 7.514E-09 1.700E-11 1.215E-06 1.285E-07 4.963E-12
   4.350E+06 8.029E+02 3.317E+16 8.497E+01 1.595E+04 3.610E+06 2.731E-11 1.246E-09 2.368E-07 3.224E-03 5.112E-05 3.375E-08 2.030E-06 2.329E+14 2.432E+07 3.324E+00 4.816E-07 5.769E-08 7.332E-10 3.364E-10 2.148E-11 4.229E-13 1.700E-11 3.434E-10 8.524E-17 1.651E-21 7.196E-14 8.232E-09 2.941E-11 1.301E-06 1.098E-07 3.866E-12
   4.450E+06 6.624E+02 2.740E+16 5.116E+01 1.849E+04 2.228E+06 5.644E-11 1.416E-09 3.422E-07 3.227E-03 5.123E-05 2.521E-08 1.973E-06 1.933E+14 2.610E+07 2.493E+00 4.883E-07 6.071E-08 9.527E-10 4.391E-10 2.146E-11 4.677E-13 2.941E-11 4.694E-10 8.085E-17 1.282E-21 7.030E-14 8.962E-09 5.180E-11 1.394E-06 9.106E-08 3.025E-12
   4.550E+06 5.465E+02 2.260E+16 3.091E+01 2.152E+04 1.383E+06 1.027E-10 1.625E-09 4.993E-07 3.231E-03 5.132E-05 1.894E-08 1.907E-06 1.601E+14 2.806E+07 1.889E+00 4.947E-07 6.375E-08 1.241E-09 5.750E-10 2.149E-11 5.181E-13 5.180E-11 6.414E-10 7.767E-17 1.004E-21 6.851E-14 9.867E-09 9.203E-11 1.493E-06 7.305E-08 2.367E-12
   4.650E+06 4.510E+02 1.864E+16 1.907E+01 2.436E+04 8.748E+05 1.680E-10 1.877E-09 7.135E-07 3.237E-03 5.139E-05 1.450E-08 1.832E-06 1.325E+14 2.977E+07 1.471E+00 5.007E-07 6.679E-08 1.597E-09 7.422E-10 2.154E-11 5.603E-13 9.203E-11 8.531E-10 7.263E-17 7.419E-22 6.433E-14 1.111E-08 1.632E-10 1.597E-06 5.677E-08 1.848E-12
   4.750E+06 3.722E+02 1.537E+16 1.211E+01 2.636E+04 5.666E+05 2.514E-10 2.176E-09 9.814E-07 3.242E-03 5.145E-05 1.137E-08 1.748E-06 1.097E+14 3.090E+07 1.188E+00 5.065E-07 6.985E-08 2.011E-09 9.346E-10 2.159E-11 5.840E-13 1.632E-10 1.089E-09 6.450E-17 4.998E-22 5.720E-14 1.282E-08 2.868E-10 1.706E-06 4.282E-08 1.436E-12
   4.850E+06 3.073E+02 1.268E+16 7.906E+00 2.707E+04 3.752E+05 3.496E-10 2.524E-09 1.292E-06 3.247E-03 5.150E-05 9.116E-09 1.652E-06 9.075E+13 3.129E+07 9.950E-01 5.120E-07 7.292E-08 2.468E-09 1.143E-09 2.164E-11 5.838E-13 2.868E-10 1.328E-09 5.371E-17 3.016E-22 4.784E-14 1.513E-08 4.968E-10 1.821E-06 3.141E-08 1.105E-12
   4.950E+06 2.537E+02 1.046E+16 5.291E+00 2.637E+04 2.531E+05 4.579E-10 2.918E-09 1.632E-06 3.250E-03 5.155E-05 7.443E-09 1.545E-06 7.510E+13 3.089E+07 8.629E-01 5.173E-07 7.602E-08 2.953E-09 1.356E-09 2.167E-11 5.589E-13 4.968E-10 1.543E-09 4.178E-17 1.624E-22 3.761E-14 1.818E-08 8.465E-10 1.942E-06 2.253E-08 8.388E-13
   5.050E+06 2.095E+02 8.638E+15 3.610E+00 2.446E+04 1.733E+05 5.712E-10 3.356E-09 1.982E-06 3.252E-03 5.159E-05 6.171E-09 1.428E-06 6.216E+13 2.977E+07 7.713E-01 5.224E-07 7.912E-08 3.447E-09 1.563E-09 2.165E-11 5.126E-13 8.465E-10 1.712E-09 3.042E-17 7.823E-23 2.783E-14 2.216E-08 1.420E-09 2.068E-06 1.588E-08 6.264E-13
   5.150E+06 1.730E+02 7.134E+15 2.496E+00 2.166E+04 1.202E+05 6.849E-10 3.834E-09 2.329E-06 3.252E-03 5.163E-05 5.179E-09 1.304E-06 5.145E+13 2.804E+07 7.074E-01 5.272E-07 8.220E-08 3.930E-09 1.751E-09 2.159E-11 4.504E-13 1.420E-09 1.814E-09 2.078E-17 3.381E-23 1.939E-14 2.737E-08 2.349E-09 2.198E-06 1.109E-08 4.596E-13
   5.250E+06 1.429E+02 5.893E+15 1.742E+00 1.843E+04 8.426E+04 7.955E-10 4.352E-09 2.660E-06 3.252E-03 5.166E-05 4.398E-09 1.176E-06 4.259E+13 2.584E+07 6.628E-01 5.317E-07 8.526E-08 4.385E-09 1.911E-09 2.146E-11 3.790E-13 2.349E-09 1.838E-09 1.339E-17 1.320E-23 1.274E-14 3.424E-08 3.843E-09 2.329E-06 7.729E-09 3.314E-13
   5.350E+06 1.180E+02 4.869E+15 1.221E+00 1.510E+04 5.983E+04 9.009E-10 4.913E-09 2.967E-06 3.250E-03 5.169E-05 3.781E-09 1.045E-06 3.525E+13 2.330E+07 6.324E-01 5.360E-07 8.826E-08 4.785E-09 2.031E-09 2.127E-11 3.050E-13 3.843E-09 1.779E-09 8.182E-18 4.680E-24 7.883E-15 4.343E-08 6.235E-09 2.459E-06 5.410E-09 2.344E-13
   5.450E+06 9.743E+01 4.023E+15 8.575E-01 1.196E+04 4.313E+04 1.000E-09 5.526E-09 3.245E-06 3.248E-03 5.171E-05 3.300E-09 9.158E-07 2.917E+13 2.052E+07 6.133E-01 5.400E-07 9.119E-08 5.102E-09 2.099E-09 2.100E-11 2.337E-13 6.235E-09 1.641E-09 4.764E-18 1.521E-24 4.574E-15 5.611E-08 1.005E-08 2.587E-06 3.808E-09 1.618E-13
   5.550E+06 8.045E+01 3.324E+15 6.009E-01 9.162E+03 3.171E+04 1.093E-09 6.202E-09 3.493E-06 3.246E-03 5.174E-05 2.939E-09 7.890E-07 2.414E+13 1.760E+07 6.035E-01 5.438E-07 9.405E-08 5.294E-09 2.105E-09 2.065E-11 1.698E-13 1.005E-08 1.436E-09 2.663E-18 6.790E-25 2.472E-15 7.419E-08 1.617E-08 2.711E-06 2.696E-09 1.082E-13
   5.650E+06 6.642E+01 2.747E+15 4.208E-01 6.823E+03 2.389E+04 1.185E-09 6.959E-09 3.711E-06 3.243E-03 5.176E-05 2.682E-09 6.693E-07 1.997E+13 1.463E+07 6.027E-01 5.474E-07 9.683E-08 5.327E-09 2.044E-09 2.022E-11 1.164E-13 1.617E-08 1.190E-09 1.447E-18 4.607E-24 1.240E-15 1.010E-07 2.609E-08 2.826E-06 1.927E-09 6.978E-14
   5.750E+06 5.484E+01 2.270E+15 2.961E-01 4.967E+03 1.832E+04 1.298E-09 7.819E-09 3.901E-06 3.239E-03 5.178E-05 2.492E-09 5.609E-07 1.652E+13 1.190E+07 6.122E-01 5.507E-07 9.952E-08 5.243E-09 1.939E-09 1.972E-11 7.586E-14 2.609E-08 9.466E-10 7.830E-19 1.061E-22 5.865E-16 1.409E-07 4.622E-08 2.927E-06 1.398E-09 4.295E-14
   5.850E+06 4.526E+01 1.876E+15 2.120E-01 3.536E+03 1.408E+04 1.503E-09 8.807E-09 4.066E-06 3.234E-03 5.180E-05 2.321E-09 4.636E-07 1.367E+13 1.045E+07 6.415E-01 5.539E-07 1.021E-07 5.569E-09 1.950E-09 1.914E-11 4.871E-14 4.622E-08 7.376E-10 4.430E-19 7.851E-24 2.710E-16 2.003E-07 1.236E-07 3.012E-06 1.027E-09 2.428E-14
   5.950E+06 3.736E+01 1.550E+15 2.089E-01 2.386E+03 2.521E+04 1.968E-09 9.942E-09 4.210E-06 3.229E-03 5.182E-05 5.035E-09 3.656E-07 1.130E+13 5.338E+06 9.693E-01 5.569E-07 1.046E-07 3.443E-09 1.222E-09 1.849E-11 1.130E-14 1.236E-07 3.675E-10 1.814E-19 4.741E-25 7.338E-17 7.468E-07 2.571E-07 3.071E-06 7.634E-10 1.158E-14
   6.050E+06 3.082E+01 1.281E+15 3.947E-01 1.544E+03 9.977E+04 2.987E-09 1.125E-08 4.339E-06 3.223E-03 5.183E-05 2.416E-08 2.778E-07 9.345E+12 1.058E+06 2.914E+00 5.598E-07 1.071E-07 8.256E-10 2.700E-10 1.775E-11 7.475E-16 2.571E-07 1.256E-10 2.204E-20 1.644E-26 1.747E-17 6.419E-06 3.719E-07 3.091E-06 5.760E-10 4.861E-15
   6.150E+06 2.542E+01 1.059E+15 5.548E-01 9.977E+02 1.979E+05 4.967E-09 1.273E-08 4.458E-06 3.216E-03 5.185E-05 5.813E-08 2.114E-07 7.716E+12 4.001E+05 6.512E+00 5.625E-07 1.094E-07 3.779E-10 8.681E-11 1.695E-11 2.461E-16 3.719E-07 4.382E-11 6.976E-21-3.208E-25 4.427E-18 2.441E-05 4.620E-07 3.099E-06 4.412E-10 2.050E-15
   6.250E+06 2.097E+01 8.745E+14 5.961E-01 6.490E+02 2.764E+05 8.339E-09 1.439E-08 4.573E-06 3.210E-03 5.187E-05 9.847E-08 1.623E-07 6.361E+12 2.038E+05 1.103E+01 5.651E-07 1.117E-07 2.330E-10 3.579E-11 1.612E-11 1.706E-16 4.620E-07 1.597E-11 4.176E-21-1.803E-24 1.194E-18 6.110E-05 5.305E-07 3.102E-06 3.431E-10 9.530E-16
   6.350E+06 1.729E+01 7.223E+14 5.473E-01 4.271E+02 3.174E+05 1.348E-08 1.624E-08 4.691E-06 3.203E-03 5.188E-05 1.372E-07 1.261E-07 5.234E+12 1.161E+05 1.577E+01 5.675E-07 1.138E-07 1.608E-10 1.707E-11 1.529E-11 1.324E-16 5.305E-07 6.108E-12 2.729E-21-4.888E-25 3.436E-19 1.215E-04 5.828E-07 3.103E-06 2.710E-10 5.277E-16
   6.450E+06 1.425E+01 5.963E+14 4.552E-01 2.842E+02 3.205E+05 2.067E-08 1.826E-08 4.812E-06 3.196E-03 5.190E-05 1.682E-07 9.904E-08 4.296E+12 6.885E+04 2.021E+01 5.697E-07 1.159E-07 1.155E-10 8.951E-12 1.446E-11 1.039E-16 5.828E-07 2.443E-12 1.787E-21-9.264E-26 1.049E-19 2.091E-04 6.232E-07 3.104E-06 2.172E-10 3.586E-16
   6.550E+06 1.174E+01 4.920E+14 3.548E-01 1.910E+02 2.947E+05 3.025E-08 2.044E-08 4.941E-06 3.192E-03 5.191E-05 1.876E-07 7.855E-08 3.517E+12 4.127E+04 2.406E+01 5.718E-07 1.179E-07 8.388E-11 5.020E-12 1.363E-11 8.125E-17 6.232E-07 1.015E-12 1.160E-21-2.785E-26 3.373E-20 3.267E-04 6.547E-07 3.105E-06 1.762E-10 2.900E-16
   6.650E+06 9.673E+00 4.058E+14 2.657E-01 1.296E+02 2.516E+05 4.264E-08 2.275E-08 5.076E-06 3.188E-03 5.193E-05 1.945E-07 6.290E-08 2.871E+12 2.472E+04 2.727E+01 5.738E-07 1.197E-07 6.092E-11 2.965E-12 1.282E-11 6.325E-17 6.547E-07 4.379E-13 7.480E-22-8.931E-26 1.139E-20 4.747E-04 6.795E-07 3.106E-06 1.447E-10 2.631E-16
   6.750E+06 7.969E+00 3.346E+14 1.952E-01 8.882E+01 2.024E+05 5.845E-08 2.520E-08 5.220E-06 3.184E-03 5.194E-05 1.899E-07 5.086E-08 2.338E+12 1.473E+04 3.004E+01 5.755E-07 1.214E-07 4.402E-11 1.824E-12 1.202E-11 4.906E-17 6.795E-07 1.960E-13 4.800E-22-6.397E-25 4.031E-21 6.523E-04 6.993E-07 3.107E-06 1.202E-10 2.549E-16
   6.850E+06 6.564E+00 2.756E+14 1.427E-01 6.145E+01 1.543E+05 7.825E-08 2.778E-08 5.370E-06 3.185E-03 5.195E-05 1.758E-07 4.151E-08 1.897E+12 8.688E+03 3.265E+01 5.770E-07 1.230E-07 3.152E-11 1.159E-12 1.126E-11 3.792E-17 6.993E-07 9.104E-14 3.060E-22-4.422E-24 1.494E-21 8.582E-04 7.154E-07 3.109E-06 1.010E-10 2.563E-16
   6.950E+06 5.408E+00 2.269E+14 1.051E-01 4.291E+01 1.125E+05 1.026E-07 3.050E-08 5.527E-06 3.189E-03 5.196E-05 1.554E-07 3.422E-08 1.535E+12 5.073E+03 3.547E+01 5.784E-07 1.244E-07 2.236E-11 7.557E-13 1.053E-11 2.922E-17 7.154E-07 4.382E-14 1.940E-22-2.857E-23 5.783E-22 1.090E-03 7.286E-07 3.110E-06 8.585E-11 2.635E-16
   7.050E+06 4.457E+00 1.868E+14 7.892E-02 3.029E+01 7.914E+04 1.320E-07 3.331E-08 5.690E-06 3.194E-03 5.196E-05 1.327E-07 2.850E-08 1.240E+12 2.940E+03 3.885E+01 5.796E-07 1.257E-07 1.574E-11 5.040E-13 9.850E-12 2.251E-17 7.286E-07 2.187E-14 1.229E-22-1.725E-22 2.337E-22 1.346E-03 7.396E-07 3.112E-06 7.380E-11 2.748E-16
   7.150E+06 3.674E+00 1.537E+14 6.064E-02 2.160E+01 5.386E+04 1.673E-07 3.618E-08 5.855E-06 3.202E-03 5.197E-05 1.095E-07 2.400E-08 9.992E+11 1.689E+03 4.312E+01 5.806E-07 1.268E-07 1.099E-11 3.424E-13 9.222E-12 1.734E-17 7.396E-07 1.136E-14 7.771E-23-3.537E-23 9.895E-23 1.621E-03 7.493E-07 3.115E-06 6.418E-11 2.892E-16
   7.250E+06 3.031E+00 1.264E+14 4.757E-02 1.546E+01 3.572E+04 2.101E-07 3.909E-08 6.022E-06 3.215E-03 5.198E-05 8.793E-08 2.032E-08 8.023E+11 9.616E+02 4.863E+01 5.815E-07 1.277E-07 7.611E-12 2.348E-13 8.631E-12 1.334E-17 7.493E-07 6.055E-15 4.891E-23-1.376E-23 4.313E-23 1.925E-03 7.584E-07 3.117E-06 5.618E-11 3.063E-16
   7.350E+06 2.502E+00 1.039E+14 3.788E-02 1.105E+01 2.333E+04 2.627E-07 4.217E-08 6.187E-06 3.230E-03 5.198E-05 6.951E-08 1.719E-08 6.418E+11 5.431E+02 5.575E+01 5.822E-07 1.286E-07 5.227E-12 1.613E-13 8.061E-12 1.024E-17 7.584E-07 3.240E-15 3.071E-23-2.011E-24 1.886E-23 2.272E-03 7.669E-07 3.121E-06 4.922E-11 3.263E-16
   7.450E+06 2.067E+00 8.549E+13 3.059E-02 7.881E+00 1.501E+04 3.289E-07 4.579E-08 6.350E-06 3.247E-03 5.198E-05 5.409E-08 1.452E-08 5.113E+11 3.046E+02 6.491E+01 5.828E-07 1.292E-07 3.563E-12 1.109E-13 7.520E-12 7.845E-18 7.669E-07 1.737E-15 1.924E-23-4.224E-25 8.259E-24 2.663E-03 7.751E-07 3.125E-06 4.315E-11 3.487E-16
   7.550E+06 1.709E+00 7.031E+13 2.502E-02 5.603E+00 9.490E+03 4.138E-07 5.055E-08 6.508E-06 3.268E-03 5.199E-05 4.130E-08 1.224E-08 4.053E+11 1.695E+02 7.667E+01 5.833E-07 1.298E-07 2.411E-12 7.646E-14 7.015E-12 6.008E-18 7.751E-07 9.338E-16 1.202E-23-1.168E-25 3.622E-24 3.100E-03 7.831E-07 3.130E-06 3.784E-11 3.725E-16
   7.650E+06 1.415E+00 5.786E+13 2.062E-02 3.975E+00 5.908E+03 5.222E-07 5.705E-08 6.660E-06 3.292E-03 5.199E-05 3.102E-08 1.032E-08 3.198E+11 9.387E+01 9.136E+01 5.837E-07 1.302E-07 1.623E-12 5.284E-14 6.551E-12 4.607E-18 7.831E-07 5.033E-16 7.514E-24-2.539E-26 1.591E-24 3.581E-03 7.910E-07 3.136E-06 3.323E-11 3.966E-16
   7.750E+06 1.173E+00 4.766E+13 1.698E-02 2.817E+00 3.629E+03 6.567E-07 6.559E-08 6.804E-06 3.315E-03 5.199E-05 2.297E-08 8.689E-09 2.513E+11 5.183E+01 1.087E+02 5.840E-07 1.306E-07 1.088E-12 3.664E-14 6.132E-12 3.543E-18 7.910E-07 2.722E-16 4.715E-24-4.300E-27 7.010E-25 4.103E-03 7.989E-07 3.143E-06 2.921E-11 4.195E-16
   7.850E+06 9.734E-01 3.928E+13 1.381E-02 1.995E+00 2.195E+03 8.150E-07 7.603E-08 6.937E-06 3.341E-03 5.199E-05 1.673E-08 7.320E-09 1.965E+11 2.856E+01 1.276E+02 5.843E-07 1.309E-07 7.270E-13 2.551E-14 5.758E-12 2.735E-18 7.989E-07 1.479E-16 2.967E-24-3.401E-28 3.099E-25 4.661E-03 8.069E-07 3.152E-06 2.571E-11 4.398E-16
   7.950E+06 8.090E-01 3.241E+13 1.100E-02 1.412E+00 1.310E+03 9.902E-07 8.777E-08 7.058E-06 3.368E-03 5.199E-05 1.201E-08 6.171E-09 1.531E+11 1.575E+01 1.465E+02 5.845E-07 1.311E-07 4.861E-13 1.785E-14 5.428E-12 2.121E-18 8.069E-07 8.074E-17 1.876E-24-1.554E-28 1.376E-25 5.249E-03 8.150E-07 3.162E-06 2.268E-11 4.561E-16
   8.050E+06 6.733E-01 2.678E+13 8.538E-03 9.998E-01 7.736E+02 1.172E-06 1.000E-07 7.164E-06 3.394E-03 5.199E-05 8.513E-09 5.212E-09 1.189E+11 8.740E+00 1.634E+02 5.846E-07 1.313E-07 3.264E-13 1.256E-14 5.139E-12 1.653E-18 8.150E-07 4.437E-17 1.194E-24-4.217E-29 6.139E-26 5.860E-03 8.233E-07 3.174E-06 2.006E-11 4.676E-16
   8.150E+06 5.612E-01 2.215E+13 6.460E-03 7.092E-01 4.520E+02 1.351E-06 1.120E-07 7.257E-06 3.420E-03 5.199E-05 5.967E-09 4.412E-09 9.213E+10 4.900E+00 1.771E+02 5.848E-07 1.315E-07 2.212E-13 8.892E-15 4.889E-12 1.297E-18 8.233E-07 2.457E-17 7.652E-25-1.510E-29 2.757E-26 6.486E-03 8.319E-07 3.188E-06 1.780E-11 4.738E-16
   8.250E+06 4.684E-01 1.834E+13 4.777E-03 5.044E-01 2.619E+02 1.518E-06 1.232E-07 7.335E-06 3.446E-03 5.199E-05 4.143E-09 3.748E-09 7.128E+10 2.796E+00 1.866E+02 5.849E-07 1.316E-07 1.524E-13 6.336E-15 4.674E-12 1.023E-18 8.319E-07 1.373E-17 4.937E-25-4.570E-30 1.248E-26 7.125E-03 8.409E-07 3.205E-06 1.584E-11 4.748E-16
   8.350E+06 3.916E-01 1.521E+13 3.469E-03 3.600E-01 1.508E+02 1.668E-06 1.332E-07 7.401E-06 3.472E-03 5.199E-05 2.854E-09 3.198E-09 5.510E+10 1.639E+00 1.920E+02 5.849E-07 1.317E-07 1.077E-13 4.544E-15 4.492E-12 8.124E-19 8.409E-07 7.752E-18 3.208E-25-7.098E-31 5.698E-27 7.772E-03 8.505E-07 3.224E-06 1.416E-11 4.709E-16
   8.450E+06 3.278E-01 1.263E+13 2.484E-03 2.581E-01 8.626E+01 1.799E-06 1.418E-07 7.454E-06 3.498E-03 5.200E-05 1.952E-09 2.742E-09 4.259E+10 9.973E-01 1.938E+02 5.850E-07 1.317E-07 7.897E-14 3.278E-15 4.340E-12 6.489E-19 8.505E-07 4.430E-18 2.097E-25-1.442E-31 2.630E-27 8.429E-03 8.608E-07 3.246E-06 1.271E-11 4.627E-16
   8.550E+06 2.749E-01 1.050E+13 1.763E-03 1.862E-01 4.919E+01 1.909E-06 1.491E-07 7.498E-06 3.525E-03 5.200E-05 1.329E-09 2.365E-09 3.294E+10 6.374E-01 1.924E+02 5.850E-07 1.318E-07 6.072E-14 2.380E-15 4.216E-12 5.215E-19 8.608E-07 2.566E-18 1.379E-25-4.417E-32 1.229E-27 9.098E-03 8.720E-07 3.272E-06 1.147E-11 4.509E-16
   8.650E+06 2.309E-01 8.731E+12 1.246E-03 1.351E-01 2.793E+01 2.001E-06 1.552E-07 7.533E-06 3.554E-03 5.200E-05 9.002E-10 2.054E-09 2.550E+10 4.316E-01 1.889E+02 5.851E-07 1.318E-07 4.943E-14 1.737E-15 4.116E-12 4.214E-19 8.720E-07 1.509E-18 9.111E-26-8.753E-33 5.830E-28 9.784E-03 8.841E-07 3.301E-06 1.041E-11 4.362E-16
   8.750E+06 1.943E-01 7.251E+12 8.778E-04 9.850E-02 1.565E+01 2.077E-06 1.602E-07 7.561E-06 3.591E-03 5.200E-05 6.010E-10 1.797E-09 1.973E+10 3.110E-01 1.840E+02 5.851E-07 1.319E-07 4.289E-14 1.272E-15 4.039E-12 3.409E-19 8.841E-07 9.021E-19 5.984E-26-2.162E-33 2.810E-28 1.049E-02 8.973E-07 3.333E-06 9.501E-12 4.192E-16
   8.850E+06 1.640E-01 6.024E+12 6.196E-04 7.235E-02 8.712E+00 2.138E-06 1.643E-07 7.583E-06 3.628E-03 5.200E-05 3.987E-10 1.584E-09 1.529E+10 2.388E-01 1.783E+02 5.851E-07 1.319E-07 3.964E-14 9.355E-16 3.980E-12 2.767E-19 8.973E-07 5.487E-19 3.930E-26-7.705E-34 1.380E-28 1.123E-02 9.114E-07 3.370E-06 8.720E-12 4.005E-16
   8.950E+06 1.388E-01 5.010E+12 4.395E-04 5.359E-02 4.804E+00 2.187E-06 1.676E-07 7.601E-06 3.639E-03 5.200E-05 2.635E-10 1.407E-09 1.188E+10 1.941E-01 1.721E+02 5.851E-07 1.319E-07 3.874E-14 6.911E-16 3.936E-12 2.253E-19 9.114E-07 3.401E-19 4.387E-26-1.690E-34 6.923E-29 1.201E-02 9.264E-07 3.409E-06 8.051E-12 3.807E-16
   9.050E+06 1.178E-01 4.151E+12 3.127E-04 3.985E-02 2.575E+00 2.227E-06 1.703E-07 7.614E-06 3.648E-03 5.200E-05 1.701E-10 1.261E-09 9.217E+09 1.666E-01 1.662E+02 5.852E-07 1.319E-07 4.013E-14 5.103E-16 3.903E-12 1.824E-19 9.264E-07 2.148E-19 1.664E-26-5.562E-35 3.553E-29 1.283E-02 9.418E-07 3.451E-06 7.473E-12 3.603E-16
   9.150E+06 1.005E-01 3.439E+12 2.239E-04 2.984E-02 1.364E+00 2.258E-06 1.725E-07 7.625E-06 3.656E-03 5.200E-05 1.085E-10 1.138E-09 7.166E+09 1.503E-01 1.607E+02 5.852E-07 1.319E-07 4.370E-14 3.776E-16 3.876E-12 1.474E-19 9.418E-07 1.383E-19 1.060E-26-8.889E-36 1.871E-29 1.370E-02 9.574E-07 3.494E-06 6.971E-12 3.398E-16
   9.250E+06 8.613E-02 2.858E+12 1.621E-04 2.258E-02 7.263E-01 2.283E-06 1.743E-07 7.634E-06 3.664E-03 5.200E-05 6.936E-11 1.035E-09 5.603E+09 1.415E-01 1.553E+02 5.852E-07 1.320E-07 4.952E-14 2.810E-16 3.854E-12 1.194E-19 9.574E-07 9.095E-20 6.774E-27-2.108E-37 1.013E-29 1.462E-02 9.729E-07 3.537E-06 6.533E-12 3.196E-16
   9.350E+06 7.422E-02 2.368E+12 1.179E-04 1.714E-02 3.766E-01 2.303E-06 1.758E-07 7.641E-06 3.673E-03 5.200E-05 4.329E-11 9.473E-10 4.380E+09 1.435E-01 1.506E+02 5.852E-07 1.320E-07 6.058E-14 2.086E-16 3.834E-12 9.580E-20 9.729E-07 6.098E-20 4.220E-27-9.880E-38 5.652E-30 1.558E-02 9.873E-07 3.578E-06 6.143E-12 3.000E-16
   9.450E+06 6.434E-02 1.964E+12 8.650E-05 1.310E-02 1.935E-01 2.318E-06 1.771E-07 7.646E-06 3.684E-03 5.200E-05 2.674E-11 8.721E-10 3.437E+09 1.596E-01 1.465E+02 5.852E-07 1.320E-07 8.126E-14 1.551E-16 3.815E-12 7.658E-20 9.873E-07 4.177E-20 2.600E-27-1.732E-37 3.259E-30 1.660E-02 1.000E-06 3.615E-06 5.792E-12 2.813E-16
   9.550E+06 5.613E-02 1.639E+12 6.425E-05 1.012E-02 1.010E-01 2.331E-06 1.783E-07 7.650E-06 3.695E-03 5.200E-05 1.667E-11 8.070E-10 2.722E+09 1.937E-01 1.426E+02 5.852E-07 1.320E-07 1.181E-13 1.161E-16 3.796E-12 6.149E-20 1.000E-06 2.936E-20 1.617E-27-4.981E-38 1.952E-30 1.766E-02 1.011E-06 3.645E-06 5.472E-12 2.637E-16
   9.650E+06 4.929E-02 1.366E+12 4.798E-05 7.838E-03 5.172E-02 2.341E-06 1.794E-07 7.654E-06 3.709E-03 5.200E-05 1.021E-11 7.495E-10 2.159E+09 2.747E-01 1.394E+02 5.852E-07 1.320E-07 2.010E-13 8.676E-17 3.778E-12 4.892E-20 1.011E-06 2.130E-20 9.830E-28-4.119E-38 1.221E-30 1.875E-02 1.020E-06 3.668E-06 5.174E-12 2.474E-16
   9.750E+06 4.358E-02 1.142E+12 3.608E-05 6.101E-03 2.636E-02 2.350E-06 1.804E-07 7.656E-06 3.721E-03 5.200E-05 6.205E-12 6.979E-10 1.721E+09 4.446E-01 1.366E+02 5.852E-07 1.320E-07 3.895E-13 6.486E-17 3.759E-12 3.878E-20 1.020E-06 1.617E-20 5.920E-28-2.821E-40 8.085E-31 1.987E-02 1.025E-06 3.680E-06 4.891E-12 2.324E-16
   9.850E+06 3.879E-02 9.623E+11 2.747E-05 4.799E-03 1.382E-02 2.356E-06 1.814E-07 7.659E-06 3.724E-03 5.200E-05 3.856E-12 6.511E-10 1.388E+09 7.386E-01 1.339E+02 5.852E-07 1.320E-07 7.676E-13 4.894E-17 3.742E-12 3.098E-20 1.025E-06 1.313E-20 3.634E-28-1.767E-39 5.784E-31 2.100E-02 1.026E-06 3.681E-06 4.620E-12 2.188E-16
   9.950E+06 3.476E-02 8.123E+11 2.096E-05 3.782E-03 7.511E-03 2.358E-06 1.373E-07 7.660E-06 3.728E-03 5.200E-05 2.481E-12 6.078E-10 1.124E+09 1.317E+00 1.314E+02 5.852E-07 1.320E-07 1.622E-12 3.688E-17 3.725E-12 2.464E-20 1.026E-06 1.163E-20 2.207E-28-1.214E-39 4.564E-31 2.215E-02 0.000E+00 3.669E-06 4.356E-12 2.065E-16
