
     Z         PRESS      DEN     ProOH1    ProOH25    ProO3D    PO2D       PO2      PH2O      PO3D      PH2O2     FO3      FH2O      NumO2      NumOH      NumO1D     PN2O     PCH3CL      FOH      FHO2      FNO     FNO2      FH    FH2O2     FNO3    FN2O5    FHNO3      FO       FN      FH2     FCH4    FN2O
   5.000E+04 9.562E+05 2.414E+19 5.922E+05 2.419E+04 4.359E+06 0.000E+00 2.290E-13 7.915E-14 3.033E-05 3.308E-06 5.954E-09 1.266E-02 5.135E+16 4.179E+06 5.897E-03 2.859E-10 2.537E-12 1.731E-13 1.342E-11 7.238E-12 1.540E-11 7.307E-19 9.609E-10 7.111E-15 7.177E-17 9.692E-11 1.717E-15 7.002E-19 5.000E-07 8.080E-07 2.730E-07
   1.500E+05 8.484E+05 2.166E+19 4.903E+05 3.965E+04 4.505E+06 0.000E+00 4.163E-13 1.858E-13 3.364E-05 3.612E-06 6.183E-09 9.852E-03 4.619E+16 3.518E+06 6.974E-03 5.724E-10 6.516E-12 1.624E-13 1.304E-11 2.570E-12 5.067E-12 7.002E-19 9.737E-10 4.996E-15 2.129E-17 8.661E-11 2.167E-15 7.620E-19 4.982E-07 8.018E-07 2.711E-07
   2.500E+05 7.513E+05 1.957E+19 4.087E+05 5.163E+04 5.586E+06 0.000E+00 6.754E-13 4.129E-13 3.634E-05 3.884E-06 7.854E-09 6.389E-03 4.184E+16 3.494E+06 9.875E-03 1.038E-09 1.502E-11 1.785E-13 1.298E-11 1.663E-12 3.108E-12 7.620E-19 9.700E-10 4.674E-15 1.888E-17 8.063E-11 3.276E-15 9.533E-19 4.968E-07 7.965E-07 2.690E-07
   3.500E+05 6.638E+05 1.760E+19 3.840E+05 6.642E+04 7.730E+06 0.000E+00 1.031E-12 8.892E-13 3.872E-05 4.132E-06 1.134E-08 4.243E-03 3.772E+16 3.920E+06 1.547E-02 1.769E-09 3.155E-11 2.227E-13 1.380E-11 1.513E-12 2.869E-12 9.533E-19 9.481E-10 5.508E-15 3.095E-17 7.839E-11 5.706E-15 1.151E-18 4.956E-07 7.918E-07 2.667E-07
   4.500E+05 5.851E+05 1.583E+19 3.288E+05 7.576E+04 1.094E+07 0.000E+00 1.508E-12 1.898E-12 4.050E-05 4.361E-06 1.707E-08 2.522E-03 3.400E+16 4.251E+06 2.466E-02 2.880E-09 6.194E-11 2.686E-13 1.435E-11 1.645E-12 3.159E-12 1.151E-18 8.990E-10 6.926E-15 7.217E-17 7.817E-11 1.027E-14 1.311E-18 4.947E-07 7.878E-07 2.642E-07
   5.500E+05 5.144E+05 1.423E+19 2.492E+05 7.698E+04 1.507E+07 0.000E+00 2.129E-12 3.938E-12 4.193E-05 4.576E-06 2.527E-08 1.374E-03 3.063E+16 4.375E+06 3.795E-02 4.485E-09 1.135E-10 3.075E-13 1.438E-11 1.959E-12 3.735E-12 1.311E-18 8.195E-10 8.762E-15 1.986E-16 7.823E-11 1.801E-14 1.375E-18 4.941E-07 7.846E-07 2.616E-07
   6.500E+05 4.509E+05 1.279E+19 1.619E+05 6.718E+04 1.976E+07 0.000E+00 2.907E-12 7.743E-12 4.306E-05 4.780E-06 3.589E-08 6.785E-04 2.758E+16 4.201E+06 5.523E-02 6.654E-09 1.925E-10 3.286E-13 1.363E-11 2.392E-12 4.388E-12 1.375E-18 7.086E-10 1.063E-14 5.738E-16 7.676E-11 3.006E-14 1.315E-18 4.938E-07 7.820E-07 2.587E-07
   7.500E+05 3.938E+05 1.148E+19 8.820E+04 4.967E+04 2.452E+07 0.000E+00 3.844E-12 1.453E-11 4.397E-05 4.978E-06 4.859E-08 2.978E-04 2.481E+16 3.746E+06 7.581E-02 9.387E-09 3.038E-10 3.263E-13 1.211E-11 2.886E-12 4.903E-12 1.315E-18 5.754E-10 1.217E-14 1.672E-15 7.299E-11 4.752E-14 1.165E-18 4.936E-07 7.801E-07 2.557E-07
   8.500E+05 3.427E+05 1.028E+19 3.983E+04 3.053E+04 2.889E+07 1.520-126 4.942E-12 2.592E-11 4.474E-05 5.171E-06 6.279E-08 1.145E-04 2.227E+16 3.165E+06 9.861E-02 1.264E-08 4.494E-10 3.077E-13 1.013E-11 3.679E-12 5.575E-12 1.165E-18 4.394E-10 1.368E-14 5.504E-15 6.838E-11 7.154E-14 9.819E-19 4.935E-07 7.785E-07 2.525E-07
   9.500E+05 2.969E+05 9.188E+18 1.442E+04 1.466E+04 3.282E+07 6.015E-65 6.194E-12 4.351E-11 4.547E-05 5.362E-06 7.854E-08 3.669E-05 1.992E+16 2.620E+06 1.237E-01 1.634E-08 6.264E-10 2.852E-13 8.025E-12 5.280E-12 6.935E-12 9.819E-19 3.177E-10 1.592E-14 2.029E-14 6.495E-11 1.045E-13 7.979E-19 4.935E-07 7.771E-07 2.492E-07
   1.050E+06 2.561E+05 8.171E+18 3.730E+03 4.487E+03 3.808E+07 4.584E-47 7.608E-12 6.679E-11 4.630E-05 5.553E-06 1.007E-07 8.223E-06 1.773E+16 2.154E+06 1.592E-01 2.045E-08 8.289E-10 2.637E-13 5.912E-12 8.055E-12 9.356E-12 7.979E-19 2.076E-10 2.021E-14 6.473E-14 6.394E-11 1.579E-13 9.688E-19 4.935E-07 7.752E-07 2.444E-07
   1.150E+06 2.200E+05 7.219E+18 4.508E+03 5.465E+03 4.829E+07 2.025E-40 9.242E-12 9.607E-11 4.745E-05 5.750E-06 1.410E-07 7.881E-06 1.571E+16 2.421E+06 2.253E-01 2.503E-08 1.060E-09 3.354E-13 5.654E-12 1.049E-11 1.238E-11 9.688E-19 1.394E-10 3.134E-14 1.260E-13 7.208E-11 2.654E-13 1.201E-18 4.933E-07 7.717E-07 2.354E-07
   1.250E+06 1.882E+05 6.327E+18 5.548E+03 6.115E+03 6.646E+07 7.318E-35 1.125E-11 1.365E-10 4.931E-05 5.965E-06 2.130E-07 7.082E-06 1.385E+16 2.785E+06 3.496E-01 3.039E-08 1.339E-09 4.402E-13 5.896E-12 1.275E-11 1.695E-11 1.201E-18 1.130E-10 5.690E-14 2.807E-13 9.198E-11 4.940E-13 1.442E-18 4.931E-07 7.645E-07 2.181E-07
   1.350E+06 1.605E+05 5.501E+18 5.948E+03 5.809E+03 9.362E+07 1.530E-30 1.388E-11 1.951E-10 5.265E-05 6.222E-06 3.233E-07 5.411E-06 1.220E+16 3.053E+06 5.607E-01 3.697E-08 1.693E-09 5.549E-13 6.169E-12 1.666E-11 2.542E-11 1.442E-18 1.022E-10 1.044E-13 6.837E-13 1.245E-10 9.479E-13 1.805E-18 4.926E-07 7.513E-07 1.897E-07
   1.450E+06 1.365E+05 4.753E+18 5.882E+03 5.324E+03 1.271E+08 2.139E-27 1.754E-11 2.831E-10 5.821E-05 6.551E-06 4.592E-07 3.957E-06 1.077E+16 3.230E+06 8.732E-01 4.544E-08 2.160E-09 6.796E-13 6.412E-12 2.348E-11 3.899E-11 1.805E-18 9.302E-11 1.726E-13 1.464E-12 1.645E-10 1.738E-12 2.518E-18 4.918E-07 7.311E-07 1.529E-07
   1.550E+06 1.157E+05 4.090E+18 5.782E+03 5.170E+03 1.635E+08 4.513E-25 2.274E-11 4.168E-10 6.700E-05 6.988E-06 5.966E-07 3.033E-06 9.538E+15 3.481E+06 1.296E+00 5.655E-08 2.789E-09 8.512E-13 6.833E-12 3.302E-11 5.568E-11 2.518E-18 8.697E-11 2.514E-13 2.441E-12 2.014E-10 2.966E-12 3.867E-18 4.909E-07 7.046E-07 1.145E-07
   1.650E+06 9.795E+04 3.507E+18 5.705E+03 5.259E+03 2.025E+08 2.807E-23 3.015E-11 6.191E-10 8.039E-05 7.574E-06 7.185E-07 2.422E-06 8.479E+15 3.883E+06 1.859E+00 7.093E-08 3.626E-09 1.107E-12 7.517E-12 4.416E-11 7.186E-11 3.867E-18 8.424E-11 3.328E-13 3.202E-12 2.262E-10 4.782E-12 6.451E-18 4.898E-07 6.724E-07 7.979E-08
   1.750E+06 8.273E+04 2.994E+18 5.804E+03 5.650E+03 2.433E+08 7.636E-22 4.048E-11 9.174E-10 1.003E-04 8.353E-06 8.102E-07 2.057E-06 7.539E+15 4.529E+06 2.600E+00 8.891E-08 4.705E-09 1.513E-12 8.630E-12 5.470E-11 8.343E-11 6.451E-18 8.554E-11 4.079E-13 3.373E-12 2.355E-10 7.427E-12 1.149E-17 4.887E-07 6.362E-07 5.229E-08
   1.850E+06 6.977E+04 2.547E+18 6.169E+03 6.401E+03 2.843E+08 1.174E-20 5.455E-11 1.341E-09 1.294E-04 9.373E-06 8.627E-07 1.874E-06 6.688E+15 5.493E+06 3.556E+00 1.104E-07 6.036E-09 2.157E-12 1.024E-11 6.269E-11 8.850E-11 1.149E-17 8.938E-11 4.663E-13 2.941E-12 2.316E-10 1.128E-11 2.140E-17 4.878E-07 5.973E-07 3.251E-08
   1.950E+06 5.876E+04 2.159E+18 6.737E+03 7.469E+03 3.228E+08 1.170E-19 7.306E-11 1.916E-09 1.717E-04 1.068E-05 8.708E-07 1.806E-06 5.912E+15 6.816E+06 4.743E+00 1.345E-07 7.596E-09 3.157E-12 1.221E-11 6.772E-11 8.762E-11 2.140E-17 9.198E-11 4.934E-13 2.174E-12 2.184E-10 1.686E-11 4.130E-17 4.874E-07 5.573E-07 1.944E-08
   2.050E+06 4.944E+04 1.827E+18 7.453E+03 8.806E+03 3.559E+08 8.274E-19 9.653E-11 2.658E-09 2.337E-04 1.234E-05 8.336E-07 1.814E-06 5.200E+15 8.557E+06 6.163E+00 1.603E-07 9.327E-09 4.685E-12 1.435E-11 7.026E-11 8.208E-11 4.130E-17 9.057E-11 4.784E-13 1.379E-12 1.992E-10 2.493E-11 8.334E-17 4.876E-07 5.179E-07 1.140E-08
   2.150E+06 4.157E+04 1.541E+18 8.388E+03 1.045E+04 3.829E+08 4.440E-18 1.249E-10 3.570E-09 3.300E-04 1.440E-05 7.527E-07 1.899E-06 4.547E+15 1.086E+07 7.840E+00 1.860E-07 1.115E-08 7.048E-12 1.661E-11 7.066E-11 7.289E-11 8.334E-17 8.508E-11 4.215E-13 7.507E-13 1.762E-10 3.674E-11 1.732E-16 4.890E-07 4.800E-07 6.632E-09
   2.250E+06 3.494E+04 1.297E+18 9.119E+03 1.192E+04 3.998E+08 1.896E-17 1.569E-10 4.644E-09 4.834E-04 1.692E-05 6.375E-07 1.978E-06 3.952E+15 1.361E+07 9.718E+00 2.102E-07 1.298E-08 1.049E-11 1.855E-11 6.974E-11 6.164E-11 1.732E-16 7.467E-11 3.389E-13 3.552E-13 1.486E-10 5.421E-11 3.635E-16 4.918E-07 4.441E-07 3.872E-09
   2.350E+06 2.936E+04 1.090E+18 9.293E+03 1.312E+04 3.932E+08 6.682E-17 1.904E-10 5.875E-09 7.068E-04 1.982E-05 5.106E-07 2.049E-06 3.417E+15 1.652E+07 1.138E+01 2.317E-07 1.474E-08 1.516E-11 2.019E-11 6.786E-11 4.984E-11 3.635E-16 6.329E-11 2.498E-13 1.484E-13 1.182E-10 7.903E-11 7.454E-16 4.966E-07 4.106E-07 2.290E-09
   2.450E+06 2.468E+04 9.143E+17 8.745E+03 1.405E+04 3.590E+08 2.018E-16 2.231E-10 7.278E-09 9.797E-04 2.285E-05 4.008E-07 2.112E-06 2.943E+15 1.910E+07 1.240E+01 2.503E-07 1.642E-08 2.089E-11 2.179E-11 6.524E-11 3.882E-11 7.454E-16 5.452E-11 1.702E-13 5.596E-14 8.789E-11 1.123E-10 1.476E-15 5.036E-07 3.798E-07 1.379E-09
   2.550E+06 2.076E+04 7.672E+17 7.757E+03 1.479E+04 3.105E+08 5.398E-16 2.542E-10 8.907E-09 1.263E-03 2.571E-05 3.203E-07 2.165E-06 2.527E+15 2.108E+07 1.280E+01 2.661E-07 1.802E-08 2.748E-11 2.371E-11 6.171E-11 2.917E-11 1.476E-15 4.918E-11 1.088E-13 1.947E-14 6.129E-11 1.558E-10 2.842E-15 5.133E-07 3.517E-07 8.462E-10
   2.650E+06 1.747E+04 6.443E+17 6.648E+03 1.544E+04 2.606E+08 1.308E-15 2.844E-10 1.085E-08 1.529E-03 2.826E-05 2.646E-07 2.209E-06 2.168E+15 2.252E+07 1.280E+01 2.799E-07 1.958E-08 3.496E-11 2.613E-11 5.711E-11 2.116E-11 2.842E-15 4.657E-11 6.646E-14 6.368E-15 4.048E-11 2.129E-10 5.346E-15 5.259E-07 3.261E-07 5.292E-10
   2.750E+06 1.470E+04 5.420E+17 5.576E+03 1.608E+04 2.152E+08 2.904E-15 3.146E-10 1.322E-08 1.763E-03 3.045E-05 2.252E-07 2.244E-06 1.858E+15 2.358E+07 1.257E+01 2.920E-07 2.114E-08 4.352E-11 2.917E-11 5.177E-11 1.490E-11 5.346E-15 4.604E-11 3.963E-14 2.007E-15 2.571E-11 2.868E-10 9.872E-15 5.418E-07 3.029E-07 3.378E-10
   2.850E+06 1.237E+04 4.565E+17 4.595E+03 1.678E+04 1.752E+08 5.947E-15 3.458E-10 1.618E-08 1.962E-03 3.229E-05 1.956E-07 2.271E-06 1.593E+15 2.440E+07 1.215E+01 3.029E-07 2.271E-08 5.346E-11 3.298E-11 4.623E-11 1.030E-11 9.872E-15 4.723E-11 2.341E-14 6.226E-16 1.594E-11 3.809E-10 1.790E-14 5.611E-07 2.820E-07 2.201E-10
   2.950E+06 1.041E+04 3.850E+17 3.722E+03 1.755E+04 1.408E+08 1.130E-14 3.790E-10 1.990E-08 2.126E-03 3.382E-05 1.721E-07 2.290E-06 1.365E+15 2.508E+07 1.156E+01 3.127E-07 2.432E-08 6.512E-11 3.771E-11 4.083E-11 7.060E-12 1.790E-14 5.009E-11 1.386E-14 1.939E-16 9.779E-12 4.977E-10 3.182E-14 5.842E-07 2.628E-07 1.457E-10
   3.050E+06 8.756E+03 3.253E+17 2.964E+03 1.839E+04 1.117E+08 2.006E-14 4.151E-10 2.456E-08 2.255E-03 3.507E-05 1.523E-07 2.302E-06 1.169E+15 2.567E+07 1.083E+01 3.218E-07 2.601E-08 7.893E-11 4.354E-11 3.598E-11 4.863E-12 3.182E-14 5.475E-11 8.344E-15 6.233E-17 6.035E-12 6.380E-10 5.557E-14 6.114E-07 2.450E-07 9.800E-11
   3.150E+06 7.357E+03 2.750E+17 2.318E+03 1.924E+04 8.735E+07 3.359E-14 4.550E-10 3.034E-08 2.354E-03 3.609E-05 1.349E-07 2.306E-06 1.002E+15 2.621E+07 9.976E+00 3.302E-07 2.779E-08 9.532E-11 5.063E-11 3.191E-11 3.405E-12 5.557E-14 6.134E-11 5.154E-15 2.106E-17 3.792E-12 8.034E-10 9.544E-14 6.425E-07 2.287E-07 6.711E-11
   3.250E+06 6.175E+03 2.326E+17 1.781E+03 2.002E+04 6.728E+07 5.374E-14 4.994E-10 3.735E-08 2.427E-03 3.691E-05 1.192E-07 2.304E-06 8.574E+14 2.668E+07 9.045E+00 3.381E-07 2.968E-08 1.147E-10 5.916E-11 2.859E-11 2.438E-12 9.544E-14 7.001E-11 3.270E-15 7.507E-18 2.434E-12 9.949E-10 1.610E-13 6.780E-07 2.132E-07 4.664E-11
   3.350E+06 5.175E+03 1.968E+17 1.344E+03 2.064E+04 5.109E+07 8.371E-14 5.489E-10 4.568E-08 2.476E-03 3.756E-05 1.049E-07 2.296E-06 7.332E+14 2.705E+07 8.075E+00 3.456E-07 3.167E-08 1.375E-10 6.923E-11 2.595E-11 1.794E-12 1.610E-13 8.105E-11 2.141E-15 2.854E-18 1.604E-12 1.212E-09 2.672E-13 7.181E-07 1.982E-07 3.284E-11
   3.450E+06 4.329E+03 1.664E+17 9.975E+02 2.101E+04 3.824E+07 1.323E-13 6.039E-10 5.534E-08 2.505E-03 3.808E-05 9.173E-08 2.282E-06 6.261E+14 2.728E+07 7.102E+00 3.528E-07 3.376E-08 1.639E-10 8.096E-11 2.390E-11 1.362E-12 2.672E-13 9.465E-11 1.447E-15 1.160E-18 1.088E-12 1.456E-09 4.376E-13 7.629E-07 1.835E-07 2.343E-11
   3.550E+06 3.615E+03 1.406E+17 7.272E+02 2.109E+04 2.819E+07 2.327E-13 6.655E-10 6.633E-08 2.518E-03 3.849E-05 7.964E-08 2.262E-06 5.334E+14 2.733E+07 6.157E+00 3.595E-07 3.594E-08 1.945E-10 9.450E-11 2.235E-11 1.069E-12 4.376E-13 1.110E-10 1.008E-15 5.025E-19 7.584E-13 1.729E-09 7.102E-13 8.121E-07 1.689E-07 1.696E-11
   3.650E+06 3.012E+03 1.185E+17 5.205E+02 2.092E+04 2.045E+07 5.129E-13 7.345E-10 7.886E-08 2.520E-03 3.880E-05 6.847E-08 2.239E-06 4.532E+14 2.723E+07 5.260E+00 3.660E-07 3.820E-08 2.298E-10 1.102E-10 2.122E-11 8.700E-13 7.102E-13 1.305E-10 7.239E-16 2.324E-19 5.445E-13 2.035E-09 1.149E-12 8.655E-07 1.542E-07 1.247E-11
   3.750E+06 2.505E+03 9.966E+16 3.647E+02 2.071E+04 1.454E+07 1.390E-12 8.127E-10 9.396E-08 2.513E-03 3.905E-05 5.807E-08 2.211E-06 3.838E+14 2.708E+07 4.419E+00 3.721E-07 4.050E-08 2.717E-10 1.289E-10 2.042E-11 7.374E-13 1.149E-12 1.546E-10 5.382E-16 1.154E-19 4.049E-13 2.371E-09 1.868E-12 9.233E-07 1.392E-07 9.310E-12
   3.850E+06 2.079E+03 8.354E+16 2.485E+02 2.088E+04 1.008E+07 3.930E-12 9.031E-10 1.146E-07 2.503E-03 3.925E-05 4.819E-08 2.180E-06 3.237E+14 2.713E+07 3.631E+00 3.779E-07 4.285E-08 3.248E-10 1.530E-10 1.986E-11 6.568E-13 1.868E-12 1.869E-10 4.192E-16 6.258E-20 3.160E-13 2.727E-09 3.082E-12 9.859E-07 1.236E-07 7.036E-12
   3.950E+06 1.723E+03 6.980E+16 1.634E+02 2.200E+04 6.749E+06 1.023E-11 1.010E-09 1.470E-07 2.491E-03 3.940E-05 3.881E-08 2.144E-06 2.719E+14 2.774E+07 2.897E+00 3.834E-07 4.521E-08 3.974E-10 1.868E-10 1.948E-11 6.238E-13 3.082E-12 2.351E-10 3.510E-16 3.856E-20 2.650E-13 3.073E-09 5.179E-12 1.053E-06 1.075E-07 5.380E-12
   4.050E+06 1.425E+03 5.816E+16 1.039E+02 2.453E+04 4.373E+06 2.345E-11 1.138E-09 2.004E-07 2.480E-03 3.951E-05 3.032E-08 2.104E-06 2.277E+14 2.914E+07 2.246E+00 3.887E-07 4.759E-08 5.010E-10 2.357E-10 1.923E-11 6.354E-13 5.179E-12 3.103E-10 3.222E-16 2.771E-20 2.413E-13 3.388E-09 8.903E-12 1.126E-06 9.102E-08 4.151E-12
   4.150E+06 1.178E+03 4.834E+16 6.454E+01 2.843E+04 2.773E+06 4.726E-11 1.295E-09 2.858E-07 2.469E-03 3.961E-05 2.323E-08 2.058E-06 1.900E+14 3.122E+07 1.714E+00 3.937E-07 4.999E-08 6.459E-10 3.053E-10 1.906E-11 6.813E-13 8.903E-12 4.236E-10 3.178E-16 2.243E-20 2.328E-13 3.696E-09 1.559E-11 1.203E-06 7.467E-08 3.221E-12
   4.250E+06 9.728E+02 4.009E+16 4.001E+01 3.312E+04 1.753E+06 8.473E-11 1.486E-09 4.121E-07 2.461E-03 3.968E-05 1.778E-08 2.005E-06 1.582E+14 3.357E+07 1.313E+00 3.984E-07 5.239E-08 8.375E-10 3.985E-10 1.895E-11 7.446E-13 1.559E-11 5.818E-10 3.219E-16 1.871E-20 2.279E-13 4.056E-09 2.762E-11 1.286E-06 5.925E-08 2.510E-12
   4.350E+06 8.029E+02 3.317E+16 2.510E+01 3.762E+04 1.119E+06 1.373E-10 1.716E-09 5.832E-07 2.456E-03 3.974E-05 1.374E-08 1.945E-06 1.314E+14 3.570E+07 1.025E+00 4.029E-07 5.480E-08 1.076E-09 5.151E-10 1.891E-11 8.051E-13 2.762E-11 7.819E-10 3.175E-16 1.498E-20 2.173E-13 4.538E-09 4.905E-11 1.371E-06 4.558E-08 1.964E-12
   4.450E+06 6.624E+02 2.740E+16 1.604E+01 4.092E+04 7.245E+05 2.043E-10 1.988E-09 7.960E-07 2.455E-03 3.979E-05 1.077E-08 1.876E-06 1.088E+14 3.721E+07 8.215E-01 4.071E-07 5.722E-08 1.358E-09 6.526E-10 1.890E-11 8.468E-13 4.905E-11 1.012E-09 2.949E-16 1.089E-20 1.973E-13 5.195E-09 8.643E-11 1.461E-06 3.402E-08 1.536E-12
   4.550E+06 5.465E+02 2.260E+16 1.046E+01 4.233E+04 4.759E+05 2.828E-10 2.301E-09 1.042E-06 2.456E-03 3.983E-05 8.573E-09 1.798E-06 9.005E+13 3.790E+07 6.776E-01 4.112E-07 5.964E-08 1.677E-09 8.057E-10 1.894E-11 8.602E-13 8.643E-11 1.254E-09 2.550E-16 7.067E-21 1.694E-13 6.069E-09 1.501E-10 1.555E-06 2.470E-08 1.196E-12
   4.650E+06 4.510E+02 1.864E+16 6.951E+00 4.168E+04 3.165E+05 3.691E-10 2.651E-09 1.307E-06 2.460E-03 3.986E-05 6.905E-09 1.711E-06 7.444E+13 3.772E+07 5.742E-01 4.150E-07 6.204E-08 2.024E-09 9.684E-10 1.898E-11 8.426E-13 1.501E-10 1.487E-09 2.050E-16 4.027E-21 1.376E-13 7.205E-09 2.563E-10 1.654E-06 1.757E-08 9.250E-13
   4.750E+06 3.722E+02 1.537E+16 4.702E+00 3.920E+04 2.129E+05 4.591E-10 3.035E-09 1.579E-06 2.463E-03 3.990E-05 5.624E-09 1.615E-06 6.152E+13 3.673E+07 4.992E-01 4.186E-07 6.442E-08 2.390E-09 1.133E-09 1.903E-11 7.961E-13 2.563E-10 1.691E-09 1.543E-16 2.123E-21 1.060E-13 8.657E-09 4.301E-10 1.757E-06 1.232E-08 7.093E-13
   4.850E+06 3.073E+02 1.268E+16 3.227E+00 3.534E+04 1.447E+05 5.492E-10 3.454E-09 1.846E-06 2.466E-03 3.992E-05 4.627E-09 1.510E-06 5.085E+13 3.507E+07 4.445E-01 4.220E-07 6.675E-08 2.766E-09 1.293E-09 1.905E-11 7.256E-13 4.301E-10 1.850E-09 1.090E-16 9.967E-22 7.761E-14 1.051E-08 7.109E-10 1.867E-06 8.542E-09 5.366E-13
   4.950E+06 2.537E+02 1.046E+16 2.241E+00 3.066E+04 9.930E+04 6.368E-10 3.909E-09 2.098E-06 2.468E-03 3.995E-05 3.846E-09 1.397E-06 4.204E+13 3.286E+07 4.044E-01 4.252E-07 6.903E-08 3.141E-09 1.441E-09 1.904E-11 6.379E-13 7.109E-10 1.949E-09 7.266E-17 4.243E-22 5.410E-14 1.290E-08 1.160E-09 1.982E-06 5.889E-09 3.996E-13
   5.050E+06 2.095E+02 8.638E+15 1.570E+00 2.570E+04 6.894E+04 7.203E-10 4.408E-09 2.330E-06 2.469E-03 3.997E-05 3.233E-09 1.277E-06 3.477E+13 3.025E+07 3.754E-01 4.282E-07 7.124E-08 3.502E-09 1.569E-09 1.898E-11 5.406E-13 1.160E-09 1.981E-09 4.585E-17 1.646E-22 3.589E-14 1.600E-08 1.879E-09 2.102E-06 4.055E-09 2.919E-13
   5.150E+06 1.730E+02 7.134E+15 1.106E+00 2.087E+04 4.844E+04 8.004E-10 4.960E-09 2.537E-06 2.469E-03 3.999E-05 2.750E-09 1.153E-06 2.876E+13 2.738E+07 3.547E-01 4.310E-07 7.338E-08 3.838E-09 1.671E-09 1.887E-11 4.406E-13 1.879E-09 1.941E-09 2.743E-17 5.824E-23 2.263E-14 2.011E-08 3.029E-09 2.225E-06 2.804E-09 2.089E-13
   5.250E+06 1.429E+02 5.893E+15 7.851E-01 1.648E+04 3.453E+04 8.859E-10 5.580E-09 2.720E-06 2.468E-03 4.001E-05 2.374E-09 1.028E-06 2.379E+13 2.435E+07 3.417E-01 4.336E-07 7.544E-08 4.133E-09 1.742E-09 1.870E-11 3.445E-13 3.029E-09 1.831E-09 1.562E-17 1.886E-23 1.355E-14 2.570E-08 4.889E-09 2.348E-06 1.960E-09 1.464E-13
   5.350E+06 1.180E+02 4.869E+15 5.671E-01 1.268E+04 2.510E+04 1.010E-09 6.284E-09 2.879E-06 2.467E-03 4.002E-05 2.090E-09 9.045E-07 1.968E+13 2.127E+07 3.394E-01 4.361E-07 7.744E-08 4.368E-09 1.774E-09 1.846E-11 2.569E-13 4.889E-09 1.658E-09 8.494E-18 5.600E-24 7.651E-15 3.360E-08 7.967E-09 2.468E-06 1.390E-09 1.002E-13
   5.450E+06 9.743E+01 4.023E+15 4.288E-01 9.515E+03 1.880E+04 1.260E-09 7.086E-09 3.016E-06 2.466E-03 4.004E-05 1.896E-09 7.842E-07 1.627E+13 1.815E+07 3.581E-01 4.384E-07 7.935E-08 4.511E-09 1.758E-09 1.817E-11 1.806E-13 7.967E-09 1.432E-09 4.416E-18 1.676E-24 4.031E-15 4.553E-08 1.325E-08 2.585E-06 9.986E-10 6.624E-14
   5.550E+06 8.045E+01 3.324E+15 3.537E-01 6.974E+03 1.474E+04 1.806E-09 8.000E-09 3.136E-06 2.464E-03 4.005E-05 1.800E-09 6.690E-07 1.346E+13 1.501E+07 4.189E-01 4.406E-07 8.119E-08 4.517E-09 1.685E-09 1.780E-11 1.177E-13 1.325E-08 1.170E-09 2.213E-18 1.809E-24 1.949E-15 6.513E-08 2.280E-08 2.696E-06 7.261E-10 4.177E-14
   5.650E+06 6.642E+01 2.747E+15 3.236E-01 5.010E+03 1.213E+04 2.899E-09 9.035E-09 3.243E-06 2.461E-03 4.006E-05 1.794E-09 5.625E-07 1.113E+13 1.206E+07 5.516E-01 4.427E-07 8.296E-08 4.389E-09 1.567E-09 1.737E-11 7.040E-14 2.280E-08 9.052E-10 1.096E-18 2.136E-25 8.628E-16 9.929E-08 4.363E-08 2.795E-06 5.355E-10 2.469E-14
   5.750E+06 5.484E+01 2.270E+15 3.177E-01 3.540E+03 1.032E+04 4.836E-09 1.020E-08 3.341E-06 2.458E-03 4.008E-05 1.849E-09 4.667E-07 9.206E+12 1.009E+07 7.895E-01 4.446E-07 8.465E-08 4.444E-09 1.498E-09 1.687E-11 3.908E-14 4.363E-08 6.672E-10 5.621E-19 3.745E-26 3.569E-16 1.617E-07 1.146E-07 2.878E-06 4.016E-10 1.321E-14
   5.850E+06 4.526E+01 1.876E+15 3.458E-01 2.403E+03 1.762E+04 7.894E-09 1.148E-08 3.436E-06 2.455E-03 4.009E-05 3.826E-09 3.728E-07 7.612E+12 5.040E+06 1.301E+00 4.465E-07 8.628E-08 2.686E-09 9.247E-10 1.632E-11 8.889E-15 1.146E-07 3.368E-10 2.052E-19 7.383E-27 9.985E-17 6.109E-07 2.373E-07 2.936E-06 3.058E-10 5.879E-15
   5.950E+06 3.736E+01 1.550E+15 4.586E-01 1.580E+03 6.015E+04 1.229E-08 1.289E-08 3.531E-06 2.451E-03 4.010E-05 1.583E-08 2.886E-07 6.291E+12 1.082E+06 2.696E+00 4.482E-07 8.783E-08 6.978E-10 2.270E-10 1.568E-11 7.252E-16 2.373E-07 1.243E-10 2.667E-20 2.452E-26 2.568E-17 4.736E-06 3.476E-07 2.958E-06 2.360E-10 2.263E-15
   6.050E+06 3.082E+01 1.281E+15 5.338E-01 1.038E+03 1.149E+05 1.823E-08 1.441E-08 3.627E-06 2.446E-03 4.011E-05 3.665E-08 2.234E-07 5.193E+12 4.084E+05 4.901E+00 4.498E-07 8.931E-08 3.187E-10 7.508E-11 1.500E-11 2.538E-16 3.476E-07 4.665E-11 8.784E-21 1.999E-25 7.012E-18 1.774E-05 4.362E-07 2.966E-06 1.848E-10 8.812E-16
   6.150E+06 2.542E+01 1.059E+15 5.312E-01 6.876E+02 1.579E+05 2.595E-08 1.603E-08 3.727E-06 2.441E-03 4.011E-05 6.109E-08 1.743E-07 4.278E+12 2.070E+05 7.564E+00 4.513E-07 9.072E-08 1.956E-10 3.150E-11 1.429E-11 1.793E-16 4.362E-07 1.826E-11 5.325E-21 1.305E-24 2.037E-18 4.408E-05 5.052E-07 2.970E-06 1.470E-10 3.959E-16
   6.250E+06 2.097E+01 8.745E+14 4.756E-01 4.598E+02 1.808E+05 3.582E-08 1.774E-08 3.832E-06 2.436E-03 4.012E-05 8.485E-08 1.372E-07 3.516E+12 1.181E+05 1.040E+01 4.526E-07 9.204E-08 1.350E-10 1.518E-11 1.359E-11 1.405E-16 5.052E-07 7.449E-12 3.505E-21 5.832E-24 6.275E-19 8.734E-05 5.582E-07 2.972E-06 1.185E-10 2.289E-16
   6.350E+06 1.729E+01 7.223E+14 3.969E-01 3.111E+02 1.829E+05 4.826E-08 1.955E-08 3.941E-06 2.431E-03 4.013E-05 1.042E-07 1.093E-07 2.883E+12 7.053E+04 1.319E+01 4.539E-07 9.326E-08 9.764E-11 8.045E-12 1.288E-11 1.110E-16 5.582E-07 3.178E-12 2.310E-21 1.622E-24 2.053E-19 1.496E-04 5.993E-07 2.973E-06 9.698E-11 1.733E-16
   6.450E+06 1.425E+01 5.963E+14 3.161E-01 2.127E+02 1.689E+05 6.366E-08 2.145E-08 4.054E-06 2.426E-03 4.014E-05 1.168E-07 8.799E-08 2.356E+12 4.277E+04 1.579E+01 4.550E-07 9.439E-08 7.172E-11 4.556E-12 1.219E-11 8.737E-17 5.993E-07 1.412E-12 1.511E-21 3.719E-25 7.096E-20 2.320E-04 6.317E-07 2.974E-06 8.041E-11 1.576E-16
   6.550E+06 1.174E+01 4.920E+14 2.441E-01 1.467E+02 1.453E+05 8.239E-08 2.343E-08 4.172E-06 2.422E-03 4.015E-05 1.220E-07 7.147E-08 1.918E+12 2.595E+04 1.819E+01 4.559E-07 9.540E-08 5.274E-11 2.707E-12 1.150E-11 6.841E-17 6.317E-07 6.502E-13 9.804E-22 8.095E-26 2.570E-20 3.353E-04 6.573E-07 2.975E-06 6.741E-11 1.569E-16
   6.650E+06 9.673E+00 4.058E+14 1.853E-01 1.020E+02 1.179E+05 1.049E-07 2.548E-08 4.293E-06 2.419E-03 4.015E-05 1.201E-07 5.857E-08 1.557E+12 1.566E+04 2.043E+01 4.568E-07 9.629E-08 3.860E-11 1.672E-12 1.083E-11 5.333E-17 6.573E-07 3.098E-13 6.323E-22 1.766E-26 9.735E-21 4.588E-04 6.779E-07 2.976E-06 5.711E-11 1.624E-16
   6.750E+06 7.969E+00 3.346E+14 1.401E-01 7.156E+01 9.101E+04 1.318E-07 2.755E-08 4.415E-06 2.416E-03 4.016E-05 1.126E-07 4.844E-08 1.260E+12 9.379E+03 2.264E+01 4.575E-07 9.707E-08 2.803E-11 1.065E-12 1.018E-11 4.145E-17 6.779E-07 1.528E-13 4.063E-22 3.955E-27 3.851E-21 6.011E-04 6.945E-07 2.978E-06 4.889E-11 1.713E-16
   6.850E+06 6.564E+00 2.756E+14 1.064E-01 5.056E+01 6.709E+04 1.641E-07 2.965E-08 4.537E-06 2.416E-03 4.016E-05 1.007E-07 4.043E-08 1.016E+12 5.553E+03 2.500E+01 4.581E-07 9.774E-08 2.015E-11 6.959E-13 9.551E-12 3.211E-17 6.945E-07 7.793E-14 2.595E-22 8.824E-28 1.588E-21 7.606E-04 7.081E-07 2.979E-06 4.228E-11 1.825E-16
   6.950E+06 5.408E+00 2.269E+14 8.204E-02 3.600E+01 4.749E+04 2.037E-07 3.191E-08 4.658E-06 2.419E-03 4.016E-05 8.652E-08 3.407E-08 8.167E+11 3.251E+03 2.780E+01 4.586E-07 9.831E-08 1.433E-11 4.641E-13 8.958E-12 2.482E-17 7.081E-07 4.108E-14 1.649E-22-4.272E-29 6.816E-22 9.350E-04 7.195E-07 2.981E-06 3.693E-11 1.958E-16
   7.050E+06 4.457E+00 1.868E+14 6.480E-02 2.586E+01 3.257E+04 2.533E-07 3.459E-08 4.776E-06 2.423E-03 4.017E-05 7.199E-08 2.900E-08 6.549E+11 1.887E+03 3.136E+01 4.590E-07 9.879E-08 1.010E-11 3.153E-13 8.404E-12 1.918E-17 7.195E-07 2.239E-14 1.048E-22-1.312E-27 3.044E-22 1.122E-03 7.290E-07 2.984E-06 3.257E-11 2.109E-16
   7.150E+06 3.674E+00 1.537E+14 5.264E-02 1.874E+01 2.166E+04 3.163E-07 3.811E-08 4.891E-06 2.429E-03 4.017E-05 5.803E-08 2.494E-08 5.238E+11 1.086E+03 3.602E+01 4.594E-07 9.918E-08 7.064E-12 2.176E-13 7.894E-12 1.483E-17 7.290E-07 1.267E-14 6.648E-23-6.564E-27 1.421E-22 1.318E-03 7.374E-07 2.986E-06 2.901E-11 2.272E-16
   7.250E+06 3.031E+00 1.264E+14 4.365E-02 1.363E+01 1.404E+04 3.962E-07 4.290E-08 5.001E-06 2.439E-03 4.017E-05 4.555E-08 2.157E-08 4.174E+11 6.181E+02 4.205E+01 4.597E-07 9.951E-08 4.892E-12 1.513E-13 7.414E-12 1.144E-17 7.374E-07 7.332E-15 4.198E-23-3.068E-26 6.810E-23 1.530E-03 7.451E-07 2.989E-06 2.599E-11 2.446E-16
   7.350E+06 2.502E+00 1.039E+14 3.639E-02 9.894E+00 8.945E+03 4.947E-07 4.914E-08 5.106E-06 2.450E-03 4.017E-05 3.513E-08 1.865E-08 3.313E+11 3.489E+02 4.937E+01 4.599E-07 9.977E-08 3.357E-12 1.054E-13 6.950E-12 8.813E-18 7.451E-07 4.263E-15 2.645E-23-1.429E-25 3.277E-23 1.763E-03 7.524E-07 2.993E-06 2.331E-11 2.628E-16
   7.450E+06 2.067E+00 8.549E+13 3.012E-02 7.167E+00 5.607E+03 6.103E-07 5.673E-08 5.203E-06 2.463E-03 4.017E-05 2.663E-08 1.611E-08 2.618E+11 1.954E+02 5.759E+01 4.601E-07 9.999E-08 2.286E-12 7.364E-14 6.506E-12 6.779E-18 7.524E-07 2.484E-15 1.663E-23-6.619E-25 1.579E-23 2.016E-03 7.594E-07 2.997E-06 2.091E-11 2.807E-16
   7.550E+06 1.709E+00 7.031E+13 2.451E-02 5.178E+00 3.448E+03 7.383E-07 6.530E-08 5.292E-06 2.479E-03 4.017E-05 1.978E-08 1.392E-08 2.060E+11 1.087E+02 6.608E+01 4.602E-07 1.002E-07 1.546E-12 5.160E-14 6.088E-12 5.208E-18 7.594E-07 1.451E-15 1.042E-23-3.043E-24 7.618E-24 2.288E-03 7.661E-07 3.003E-06 1.878E-11 2.970E-16
   7.650E+06 1.415E+00 5.786E+13 1.948E-02 3.736E+00 2.087E+03 8.720E-07 7.428E-08 5.371E-06 2.497E-03 4.017E-05 1.445E-08 1.202E-08 1.615E+11 6.024E+01 7.407E+01 4.604E-07 1.003E-07 1.041E-12 3.632E-14 5.701E-12 4.004E-18 7.661E-07 8.498E-16 6.526E-24-1.385E-23 3.683E-24 2.574E-03 7.726E-07 3.009E-06 1.688E-11 3.109E-16
   7.750E+06 1.173E+00 4.766E+13 1.511E-02 2.693E+00 1.247E+03 1.004E-06 8.315E-08 5.440E-06 2.515E-03 4.017E-05 1.040E-08 1.039E-08 1.263E+11 3.336E+01 8.090E+01 4.604E-07 1.004E-07 7.001E-13 2.572E-14 5.347E-12 3.086E-18 7.726E-07 4.995E-16 4.092E-24-6.235E-23 1.785E-24 2.870E-03 7.791E-07 3.017E-06 1.519E-11 3.216E-16
   7.850E+06 9.734E-01 3.928E+13 1.145E-02 1.941E+00 7.347E+02 1.129E-06 9.148E-08 5.499E-06 2.535E-03 4.017E-05 7.379E-09 8.988E-09 9.848E+10 1.850E+01 8.616E+01 4.605E-07 1.005E-07 4.709E-13 1.832E-14 5.027E-12 2.385E-18 7.791E-07 2.949E-16 2.529E-24-2.769E-22 8.681E-25 3.174E-03 7.855E-07 3.026E-06 1.369E-11 3.289E-16
   7.950E+06 8.090E-01 3.241E+13 8.498E-03 1.400E+00 4.283E+02 1.241E-06 9.898E-08 5.548E-06 2.555E-03 4.017E-05 5.173E-09 7.788E-09 7.669E+10 1.031E+01 8.969E+01 4.606E-07 1.006E-07 3.182E-13 1.313E-14 4.742E-12 1.850E-18 7.855E-07 1.749E-16 1.619E-24-7.090E-23 4.236E-25 3.482E-03 7.921E-07 3.037E-06 1.237E-11 3.327E-16
   8.050E+06 6.733E-01 2.678E+13 6.205E-03 1.012E+00 2.478E+02 1.340E-06 1.055E-07 5.589E-06 2.575E-03 4.018E-05 3.595E-09 6.763E-09 5.968E+10 5.812E+00 9.153E+01 4.606E-07 1.006E-07 2.171E-13 9.467E-15 4.489E-12 1.442E-18 7.921E-07 1.044E-16 1.038E-24-9.918E-24 2.077E-25 3.792E-03 7.989E-07 3.049E-06 1.119E-11 3.332E-16
   8.150E+06 5.612E-01 2.215E+13 4.475E-03 7.334E-01 1.425E+02 1.425E-06 1.111E-07 5.623E-06 2.594E-03 4.018E-05 2.480E-09 5.889E-09 4.643E+10 3.329E+00 9.189E+01 4.607E-07 1.006E-07 1.503E-13 6.871E-15 4.267E-12 1.130E-18 7.989E-07 6.270E-17 6.798E-25 3.141E-23 1.024E-25 4.105E-03 8.060E-07 3.063E-06 1.016E-11 3.308E-16
   8.250E+06 4.684E-01 1.834E+13 3.200E-03 5.333E-01 8.159E+01 1.496E-06 1.158E-07 5.650E-06 2.614E-03 4.018E-05 1.701E-09 5.146E-09 3.614E+10 1.953E+00 9.105E+01 4.607E-07 1.007E-07 1.065E-13 5.016E-15 4.075E-12 8.908E-19 8.060E-07 3.797E-17 4.722E-25 1.430E-22 5.080E-26 4.421E-03 8.137E-07 3.080E-06 9.246E-12 3.259E-16
   8.350E+06 3.916E-01 1.521E+13 2.277E-03 3.896E-01 4.661E+01 1.554E-06 1.196E-07 5.671E-06 2.634E-03 4.018E-05 1.163E-09 4.515E-09 2.816E+10 1.185E+00 8.929E+01 4.607E-07 1.007E-07 7.788E-14 3.683E-15 3.911E-12 7.063E-19 8.137E-07 2.321E-17 4.756E-25 5.723E-22 2.540E-26 4.741E-03 8.219E-07 3.099E-06 8.446E-12 3.188E-16
   8.450E+06 3.278E-01 1.263E+13 1.617E-03 2.859E-01 2.656E+01 1.602E-06 1.228E-07 5.689E-06 2.654E-03 4.018E-05 7.923E-10 3.980E-09 2.196E+10 7.499E-01 8.689E+01 4.607E-07 1.007E-07 5.937E-14 2.718E-15 3.773E-12 5.632E-19 8.219E-07 1.433E-17 1.037E-24 2.204E-21 1.282E-26 5.067E-03 8.310E-07 3.121E-06 7.745E-12 3.100E-16
   8.550E+06 2.749E-01 1.050E+13 1.149E-03 2.111E-01 1.513E+01 1.641E-06 1.253E-07 5.703E-06 2.674E-03 4.018E-05 5.389E-10 3.527E-09 1.716E+10 4.998E-01 8.408E+01 4.607E-07 1.007E-07 4.761E-14 2.015E-15 3.660E-12 4.519E-19 8.310E-07 8.957E-18 3.710E-25 5.534E-22 6.540E-27 5.403E-03 8.409E-07 3.146E-06 7.132E-12 2.997E-16
   8.650E+06 2.309E-01 8.731E+12 8.184E-04 1.568E-01 8.602E+00 1.672E-06 1.274E-07 5.714E-06 2.696E-03 4.018E-05 3.655E-10 3.143E-09 1.343E+10 3.525E-01 8.107E+01 4.608E-07 1.008E-07 4.038E-14 1.500E-15 3.568E-12 3.645E-19 8.409E-07 5.671E-18-5.361E-25-1.257E-21 3.377E-27 5.752E-03 8.519E-07 3.175E-06 6.597E-12 2.883E-16
   8.750E+06 1.943E-01 7.251E+12 5.845E-04 1.170E-01 4.838E+00 1.697E-06 1.291E-07 5.722E-06 2.724E-03 4.018E-05 2.449E-10 2.819E-09 1.050E+10 2.635E-01 7.809E+01 4.608E-07 1.008E-07 3.634E-14 1.119E-15 3.496E-12 2.944E-19 8.519E-07 3.642E-18 2.000E-26-5.614E-23 1.769E-27 6.119E-03 8.639E-07 3.207E-06 6.129E-12 2.760E-16
   8.850E+06 1.640E-01 6.024E+12 4.197E-04 8.779E-02 2.707E+00 1.716E-06 1.305E-07 5.729E-06 2.752E-03 4.018E-05 1.633E-10 2.543E-09 8.230E+09 2.083E-01 7.518E+01 4.608E-07 1.008E-07 3.457E-14 8.368E-16 3.441E-12 2.386E-19 8.639E-07 2.375E-18-1.099E-24 5.096E-23 9.415E-28 6.507E-03 8.768E-07 3.242E-06 5.721E-12 2.631E-16
   8.950E+06 1.388E-01 5.010E+12 3.035E-04 6.637E-02 1.502E+00 1.732E-06 1.316E-07 5.735E-06 2.761E-03 4.018E-05 1.086E-10 2.310E-09 6.466E+09 1.728E-01 7.239E+01 4.608E-07 1.008E-07 3.449E-14 6.280E-16 3.399E-12 1.940E-19 8.768E-07 1.575E-18 3.090E-26 1.150E-23 5.103E-28 6.919E-03 8.906E-07 3.281E-06 5.363E-12 2.497E-16
   9.050E+06 1.178E-01 4.151E+12 2.203E-04 5.029E-02 8.114E-01 1.745E-06 1.325E-07 5.739E-06 2.768E-03 4.018E-05 7.063E-11 2.111E-09 5.071E+09 1.505E-01 6.994E+01 4.608E-07 1.008E-07 3.625E-14 4.705E-16 3.368E-12 1.569E-19 8.906E-07 1.062E-18 2.094E-26 3.013E-24 2.821E-28 7.360E-03 9.049E-07 3.322E-06 5.047E-12 2.362E-16
   9.150E+06 1.005E-01 3.439E+12 1.610E-04 3.832E-02 4.332E-01 1.755E-06 1.333E-07 5.742E-06 2.774E-03 4.018E-05 4.542E-11 1.940E-09 3.984E+09 1.370E-01 6.775E+01 4.608E-07 1.008E-07 3.985E-14 3.528E-16 3.344E-12 1.267E-19 9.049E-07 7.291E-19 1.553E-26 1.957E-24 1.594E-28 7.831E-03 9.194E-07 3.363E-06 4.765E-12 2.227E-16
   9.250E+06 8.613E-02 2.858E+12 1.188E-04 2.944E-02 2.325E-01 1.763E-06 1.339E-07 5.745E-06 2.780E-03 4.018E-05 2.927E-11 1.793E-09 3.147E+09 1.299E-01 6.571E+01 4.608E-07 1.008E-07 4.546E-14 2.657E-16 3.324E-12 1.025E-19 9.194E-07 5.103E-19 7.873E-27 6.373E-25 9.231E-29 8.333E-03 9.336E-07 3.405E-06 4.513E-12 2.095E-16
   9.350E+06 7.422E-02 2.368E+12 8.805E-05 2.265E-02 1.217E-01 1.769E-06 1.346E-07 5.747E-06 2.787E-03 4.018E-05 1.843E-11 1.664E-09 2.484E+09 1.325E-01 6.404E+01 4.608E-07 1.008E-07 5.596E-14 1.995E-16 3.306E-12 8.221E-20 9.336E-07 3.642E-19 4.205E-27 2.819E-25 5.487E-29 8.866E-03 9.470E-07 3.445E-06 4.282E-12 1.967E-16
   9.450E+06 6.434E-02 1.964E+12 6.570E-05 1.751E-02 6.308E-02 1.775E-06 1.351E-07 5.749E-06 2.795E-03 4.018E-05 1.149E-11 1.550E-09 1.967E+09 1.486E-01 6.261E+01 4.608E-07 1.008E-07 7.563E-14 1.499E-16 3.289E-12 6.566E-20 9.470E-07 2.658E-19 2.645E-27 7.922E-26 3.360E-29 9.427E-03 9.589E-07 3.481E-06 4.068E-12 1.845E-16
   9.550E+06 5.613E-02 1.639E+12 4.954E-05 1.365E-02 3.321E-02 1.779E-06 1.357E-07 5.750E-06 2.804E-03 4.018E-05 7.224E-12 1.448E-09 1.571E+09 1.817E-01 6.128E+01 4.608E-07 1.008E-07 1.109E-13 1.133E-16 3.273E-12 5.267E-20 9.589E-07 1.993E-19 1.639E-27 4.671E-26 2.130E-29 1.001E-02 9.690E-07 3.510E-06 3.867E-12 1.731E-16
   9.650E+06 4.929E-02 1.366E+12 3.748E-05 1.065E-02 1.717E-02 1.782E-06 1.362E-07 5.751E-06 2.815E-03 4.018E-05 4.465E-12 1.355E-09 1.257E+09 2.600E-01 6.024E+01 4.608E-07 1.008E-07 1.903E-13 8.540E-17 3.257E-12 4.186E-20 9.690E-07 1.545E-19 1.010E-27 2.208E-26 1.406E-29 1.062E-02 9.766E-07 3.532E-06 3.673E-12 1.624E-16
   9.750E+06 4.358E-02 1.142E+12 2.851E-05 8.334E-03 8.844E-03 1.785E-06 1.368E-07 5.752E-06 2.824E-03 4.018E-05 2.743E-12 1.269E-09 1.010E+09 4.240E-01 5.937E+01 4.608E-07 1.008E-07 3.714E-13 6.438E-17 3.241E-12 3.314E-20 9.766E-07 1.250E-19 5.977E-28 9.935E-27 9.776E-30 1.124E-02 9.811E-07 3.544E-06 3.484E-12 1.526E-16
   9.850E+06 3.879E-02 9.623E+11 2.190E-05 6.578E-03 4.687E-03 1.787E-06 1.374E-07 5.753E-06 2.826E-03 4.018E-05 1.723E-12 1.188E-09 8.204E+08 7.077E-01 5.853E+01 4.608E-07 1.008E-07 7.354E-13 4.895E-17 3.226E-12 2.644E-20 9.811E-07 1.070E-19 3.605E-28 6.324E-27 7.272E-30 1.188E-02 9.823E-07 3.545E-06 3.298E-12 1.437E-16
   9.950E+06 3.476E-02 8.123E+11 1.684E-05 5.193E-03 2.600E-03 1.786E-06 1.041E-07 5.753E-06 2.829E-03 4.018E-05 1.131E-12 1.111E-09 6.691E+08 1.264E+00 5.774E+01 4.608E-07 1.008E-07 1.556E-12 3.717E-17 3.211E-12 2.101E-20 9.823E-07 9.776E-20 2.182E-28 3.910E-27 5.868E-30 1.252E-02 0.000E+00 3.534E-06 3.113E-12 1.356E-16
