
     Z         PRESS      DEN     ProOH1    ProOH25    ProO3D    PO2D       PO2      PH2O      PO3D      PH2O2     FO3      FH2O      NumO2      NumOH      NumO1D     PN2O     PCH3CL      FOH      FHO2      FNO     FNO2      FH    FH2O2     FNO3    FN2O5    FHNO3      FO       FN      FH2     FCH4    FN2O
   5.000E+04 9.555E+05 2.447E+19 4.250E+05 7.935E+02 3.997E+06 0.000E+00 6.147E-15 3.360E-15 1.257E-05 2.567E-06 1.299E-08 9.650E-03 2.603E+17 3.403E+06 5.459E-03 9.457E-12 1.253E-13 1.391E-13 1.061E-11 6.475E-12 1.741E-11 1.047E-19 7.209E-10 1.041E-14 1.570E-16 9.872E-11 6.582E-16 8.915E-20 5.000E-07 8.080E-07 2.730E-07
   1.500E+05 8.458E+05 2.208E+19 3.217E+05 1.468E+03 4.405E+06 0.000E+00 1.414E-14 1.037E-14 1.362E-05 2.783E-06 1.465E-08 6.408E-03 2.350E+17 2.735E+06 6.864E-03 2.434E-11 3.941E-13 1.238E-13 9.589E-12 2.443E-12 5.911E-12 8.915E-20 7.020E-10 6.275E-15 4.852E-17 9.159E-11 8.818E-16 9.377E-20 4.992E-07 8.046E-07 2.725E-07
   2.500E+05 7.471E+05 1.983E+19 2.638E+05 2.612E+03 5.151E+06 0.000E+00 2.937E-14 2.991E-14 1.450E-05 2.976E-06 1.791E-08 4.403E-03 2.111E+17 2.648E+06 9.089E-03 5.664E-11 1.102E-12 1.335E-13 9.297E-12 1.612E-12 3.659E-12 9.377E-20 6.679E-10 5.432E-15 3.784E-17 8.895E-11 1.311E-15 9.756E-20 4.986E-07 8.018E-07 2.720E-07
   3.500E+05 6.585E+05 1.783E+19 1.934E+05 3.825E+03 6.224E+06 0.000E+00 5.642E-14 8.174E-14 1.505E-05 3.150E-06 2.319E-08 2.624E-03 1.899E+17 2.537E+06 1.237E-02 1.213E-10 2.779E-12 1.422E-13 8.956E-12 1.644E-12 3.503E-12 9.756E-20 6.092E-10 5.554E-15 6.229E-17 8.940E-11 2.034E-15 1.010E-19 4.983E-07 7.996E-07 2.714E-07
   4.500E+05 5.788E+05 1.603E+19 1.314E+05 4.834E+03 7.537E+06 0.000E+00 1.009E-13 2.069E-13 1.541E-05 3.309E-06 3.053E-08 1.458E-03 1.707E+17 2.412E+06 1.675E-02 2.390E-10 6.297E-12 1.505E-13 8.530E-12 1.987E-12 3.977E-12 1.010E-19 5.342E-10 6.088E-15 1.398E-16 9.120E-11 3.190E-15 1.008E-19 4.981E-07 7.978E-07 2.707E-07
   5.500E+05 5.072E+05 1.440E+19 7.939E+04 5.046E+03 8.937E+06 0.000E+00 1.684E-13 4.742E-13 1.556E-05 3.457E-06 3.989E-08 7.392E-04 1.534E+17 2.210E+06 2.207E-02 4.333E-10 1.278E-11 1.535E-13 7.830E-12 2.475E-12 4.583E-12 1.008E-19 4.478E-10 6.588E-15 3.445E-16 9.241E-11 4.926E-15 9.536E-20 4.980E-07 7.965E-07 2.700E-07
   6.500E+05 4.430E+05 1.292E+19 4.180E+04 4.334E+03 1.028E+07 0.000E+00 2.639E-13 9.915E-13 1.557E-05 3.595E-06 5.112E-08 3.384E-04 1.377E+17 1.925E+06 2.810E-02 7.252E-10 2.340E-11 1.490E-13 6.831E-12 2.856E-12 4.791E-12 9.536E-20 3.570E-10 6.704E-15 8.012E-16 9.170E-11 7.417E-15 8.654E-20 4.980E-07 7.954E-07 2.692E-07
   7.500E+05 3.854E+05 1.157E+19 1.896E+04 3.040E+03 1.143E+07 8.202-148 3.908E-13 1.898E-12 1.543E-05 3.727E-06 6.404E-08 1.385E-04 1.234E+17 1.610E+06 3.451E-02 1.130E-09 3.921E-11 1.391E-13 5.709E-12 3.183E-12 4.726E-12 8.654E-20 2.723E-10 6.555E-15 1.898E-15 8.969E-11 1.088E-14 7.889E-20 4.980E-07 7.945E-07 2.683E-07
   8.500E+05 3.339E+05 1.033E+19 7.269E+03 1.692E+03 1.230E+07 1.683E-85 5.516E-13 3.306E-12 1.519E-05 3.854E-06 7.837E-08 4.953E-05 1.102E+17 1.353E+06 4.106E-02 1.656E-09 6.076E-11 1.309E-13 4.683E-12 3.941E-12 5.058E-12 7.889E-20 2.023E-10 6.560E-15 5.484E-15 8.805E-11 1.560E-14 7.578E-20 4.980E-07 7.937E-07 2.673E-07
   9.500E+05 2.881E+05 9.187E+18 2.302E+03 7.244E+02 1.298E+07 1.150E-62 7.474E-13 5.276E-12 1.493E-05 3.978E-06 9.468E-08 1.495E-05 9.800E+16 1.190E+06 4.807E-02 2.307E-09 8.826E-11 1.295E-13 3.859E-12 5.425E-12 5.965E-12 7.578E-20 1.484E-10 6.892E-15 1.577E-14 8.784E-11 2.230E-14 7.474E-20 4.980E-07 7.929E-07 2.663E-07
   1.050E+06 2.474E+05 8.110E+18 4.928E+02 1.874E+02 1.418E+07 1.771E-53 9.794E-13 7.847E-12 1.469E-05 4.100E-06 1.191E-07 2.944E-06 8.651E+16 1.060E+06 5.870E-02 3.083E-09 1.219E-10 1.307E-13 3.120E-12 7.562E-12 7.451E-12 7.474E-20 1.018E-10 7.770E-15 3.653E-14 9.010E-11 3.385E-14 7.986E-20 4.979E-07 7.918E-07 2.646E-07
   1.150E+06 2.118E+05 7.097E+18 6.032E+02 2.327E+02 1.746E+07 4.694E-48 1.252E-12 1.115E-11 1.460E-05 4.222E-06 1.685E-07 2.940E-06 7.571E+16 1.003E+06 8.168E-02 3.994E-09 1.622E-10 1.413E-13 2.632E-12 1.043E-11 1.055E-11 7.986E-20 6.185E-11 1.066E-14 6.771E-14 1.003E-10 5.961E-14 8.437E-20 4.978E-07 7.896E-07 2.612E-07
   1.250E+06 1.806E+05 6.163E+18 8.419E+02 2.808E+02 2.455E+07 2.229E-43 1.582E-12 1.555E-11 1.477E-05 4.347E-06 2.697E-07 2.930E-06 6.574E+16 9.378E+05 1.310E-01 5.086E-09 2.118E-10 1.522E-13 2.333E-12 1.375E-11 1.656E-11 8.437E-20 3.677E-11 1.843E-14 1.590E-13 1.250E-10 1.220E-13 9.622E-20 4.973E-07 7.847E-07 2.538E-07
   1.350E+06 1.537E+05 5.325E+18 1.234E+03 3.367E+02 3.639E+07 2.395E-39 2.011E-12 2.175E-11 1.522E-05 4.484E-06 4.490E-07 2.907E-06 5.680E+16 9.579E+05 2.230E-01 6.474E-09 2.760E-10 1.799E-13 2.409E-12 1.787E-11 2.728E-11 9.622E-20 2.893E-11 3.671E-14 4.393E-13 1.741E-10 2.645E-13 1.181E-19 4.964E-07 7.750E-07 2.399E-07
   1.450E+06 1.305E+05 4.582E+18 1.741E+03 4.095E+02 5.220E+07 7.170E-36 2.618E-12 3.119E-11 1.615E-05 4.645E-06 7.053E-07 2.866E-06 4.887E+16 1.040E+06 3.692E-01 8.378E-09 3.655E-10 2.270E-13 2.728E-12 2.423E-11 4.481E-11 1.181E-19 2.975E-11 6.941E-14 1.133E-12 2.492E-10 5.494E-13 1.592E-19 4.945E-07 7.590E-07 2.184E-07
   1.550E+06 1.106E+05 3.923E+18 2.297E+03 5.100E+02 7.057E+07 7.136E-33 3.531E-12 4.636E-11 1.789E-05 4.843E-06 1.005E-06 2.804E-06 4.184E+16 1.160E+06 5.797E-01 1.113E-08 4.969E-10 2.956E-13 3.223E-12 3.412E-11 7.058E-11 1.592E-19 3.379E-11 1.150E-13 2.409E-12 3.390E-10 1.059E-12 2.504E-19 4.918E-07 7.365E-07 1.911E-07
   1.650E+06 9.357E+04 3.337E+18 3.017E+03 6.749E+02 9.176E+07 2.790E-30 4.938E-12 7.134E-11 2.093E-05 5.096E-06 1.314E-06 2.835E-06 3.559E+16 1.365E+06 8.837E-01 1.515E-08 6.926E-10 4.092E-13 4.101E-12 4.730E-11 1.034E-10 2.504E-19 4.266E-11 1.717E-13 4.158E-12 4.311E-10 1.931E-12 4.552E-19 4.879E-07 7.076E-07 1.601E-07
   1.750E+06 7.915E+04 2.822E+18 3.913E+03 9.207E+02 1.161E+08 4.952E-28 7.085E-12 1.122E-10 2.582E-05 5.421E-06 1.593E-06 2.908E-06 3.010E+16 1.688E+06 1.322E+00 2.092E-08 9.797E-10 5.981E-13 5.568E-12 6.318E-11 1.402E-10 4.552E-19 5.841E-11 2.359E-13 5.906E-12 5.110E-10 3.379E-12 8.991E-19 4.831E-07 6.733E-07 1.286E-07
   1.850E+06 6.697E+04 2.386E+18 4.981E+03 1.266E+03 1.437E+08 4.380E-26 1.028E-11 1.775E-10 3.300E-05 5.838E-06 1.824E-06 2.990E-06 2.544E+16 2.161E+06 1.936E+00 2.894E-08 1.388E-09 9.058E-13 7.709E-12 8.196E-11 1.760E-10 8.991E-19 8.133E-11 3.021E-13 7.055E-12 5.700E-10 5.642E-12 1.862E-18 4.774E-07 6.348E-07 9.900E-08
   1.950E+06 5.667E+04 2.018E+18 6.243E+03 1.731E+03 1.749E+08 2.105E-24 1.491E-11 2.787E-10 4.332E-05 6.372E-06 2.000E-06 3.077E-06 2.152E+16 2.827E+06 2.786E+00 3.965E-08 1.947E-09 1.401E-12 1.067E-11 1.029E-10 2.059E-10 1.862E-18 1.111E-10 3.638E-13 7.208E-12 6.034E-10 9.084E-12 3.969E-18 4.710E-07 5.937E-07 7.337E-08
   2.050E+06 4.796E+04 1.708E+18 7.711E+03 2.325E+03 2.100E+08 5.944E-23 2.146E-11 4.298E-10 5.805E-05 7.052E-06 2.117E-06 3.166E-06 1.822E+16 3.722E+06 3.952E+00 5.340E-08 2.682E-09 2.179E-12 1.452E-11 1.251E-10 2.272E-10 3.969E-18 1.450E-10 4.137E-13 6.410E-12 6.104E-10 1.429E-11 8.668E-18 4.644E-07 5.520E-07 5.279E-08
   2.150E+06 4.059E+04 1.445E+18 9.379E+03 3.042E+03 2.484E+08 1.058E-21 3.051E-11 6.469E-10 7.907E-05 7.914E-06 2.175E-06 3.255E-06 1.540E+16 4.873E+06 5.532E+00 7.036E-08 3.612E-09 3.373E-12 1.926E-11 1.477E-10 2.391E-10 8.668E-18 1.770E-10 4.452E-13 5.041E-12 5.934E-10 2.225E-11 1.940E-17 4.579E-07 5.107E-07 3.707E-08
   2.250E+06 3.436E+04 1.220E+18 1.118E+04 3.855E+03 2.885E+08 1.263E-20 4.272E-11 9.457E-10 1.091E-04 9.003E-06 2.166E-06 3.341E-06 1.301E+16 6.303E+06 7.614E+00 9.039E-08 4.738E-09 5.166E-12 2.468E-11 1.698E-10 2.417E-10 1.940E-17 1.996E-10 4.521E-13 3.528E-12 5.557E-10 3.452E-11 4.452E-17 4.517E-07 4.704E-07 2.555E-08
   2.350E+06 2.911E+04 1.029E+18 1.301E+04 4.718E+03 3.271E+08 1.066E-19 5.880E-11 1.340E-09 1.523E-04 1.037E-05 2.087E-06 3.423E-06 1.097E+16 8.047E+06 1.026E+01 1.130E-07 6.041E-09 7.820E-12 3.039E-11 1.908E-10 2.346E-10 4.452E-17 2.061E-10 4.314E-13 2.197E-12 5.007E-10 5.348E-11 1.050E-16 4.463E-07 4.316E-07 1.738E-08
   2.450E+06 2.468E+04 8.670E+17 1.471E+04 5.571E+03 3.613E+08 6.675E-19 7.931E-11 1.836E-09 2.154E-04 1.207E-05 1.935E-06 3.500E-06 9.244E+15 1.016E+07 1.350E+01 1.375E-07 7.484E-09 1.172E-11 3.584E-11 2.096E-10 2.175E-10 1.050E-16 1.940E-10 3.862E-13 1.215E-12 4.327E-10 8.280E-11 2.535E-16 4.419E-07 3.945E-07 1.172E-08
   2.550E+06 2.096E+04 7.301E+17 1.613E+04 6.351E+03 3.876E+08 3.239E-18 1.044E-10 2.435E-09 3.101E-04 1.417E-05 1.712E-06 3.572E-06 7.785E+15 1.273E+07 1.727E+01 1.627E-07 9.013E-09 1.743E-11 4.039E-11 2.252E-10 1.914E-10 2.535E-16 1.666E-10 3.243E-13 5.949E-13 3.565E-10 1.277E-10 6.173E-16 4.390E-07 3.594E-07 7.874E-09
   2.650E+06 1.782E+04 6.149E+17 1.699E+04 7.008E+03 4.000E+08 1.269E-17 1.333E-10 3.133E-09 4.526E-04 1.669E-05 1.437E-06 3.638E-06 6.557E+15 1.569E+07 2.127E+01 1.874E-07 1.057E-08 2.552E-11 4.359E-11 2.365E-10 1.592E-10 6.173E-16 1.325E-10 2.549E-13 2.582E-13 2.773E-10 1.950E-10 1.461E-15 4.382E-07 3.263E-07 5.277E-09
   2.750E+06 1.518E+04 5.184E+17 1.687E+04 7.522E+03 3.901E+08 4.179E-17 1.645E-10 3.926E-09 6.522E-04 1.959E-05 1.154E-06 3.696E-06 5.528E+15 1.867E+07 2.474E+01 2.106E-07 1.211E-08 3.601E-11 4.555E-11 2.427E-10 1.259E-10 1.461E-15 1.016E-10 1.867E-13 9.999E-14 2.009E-10 2.912E-10 3.244E-15 4.402E-07 2.956E-07 3.546E-09
   2.850E+06 1.295E+04 4.379E+17 1.574E+04 7.911E+03 3.585E+08 1.197E-16 1.961E-10 4.824E-09 8.992E-04 2.268E-05 9.105E-07 3.745E-06 4.669E+15 2.109E+07 2.705E+01 2.318E-07 1.362E-08 4.816E-11 4.709E-11 2.423E-10 9.493E-11 3.244E-15 7.965E-11 1.269E-13 3.486E-14 1.345E-10 4.217E-10 6.723E-15 4.457E-07 2.677E-07 2.397E-09
   2.950E+06 1.106E+04 3.708E+17 1.404E+04 8.219E+03 3.159E+08 3.072E-16 2.272E-10 5.857E-09 1.171E-03 2.578E-05 7.272E-07 3.784E-06 3.954E+15 2.267E+07 2.827E+01 2.511E-07 1.510E-08 6.113E-11 4.907E-11 2.331E-10 6.822E-11 6.723E-15 6.599E-11 8.067E-14 1.105E-14 8.320E-11 5.945E-10 1.316E-14 4.554E-07 2.424E-07 1.625E-09
   3.050E+06 9.462E+03 3.152E+17 1.223E+04 8.497E+03 2.726E+08 7.208E-16 2.576E-10 7.071E-09 1.448E-03 2.875E-05 5.972E-07 3.813E-06 3.361E+15 2.351E+07 2.880E+01 2.687E-07 1.658E-08 7.460E-11 5.192E-11 2.159E-10 4.685E-11 1.316E-14 5.815E-11 4.886E-14 3.262E-15 4.832E-11 8.213E-10 2.442E-14 4.700E-07 2.200E-07 1.108E-09
   3.150E+06 8.100E+03 2.693E+17 1.053E+04 8.798E+03 2.336E+08 1.556E-15 2.874E-10 8.530E-09 1.718E-03 3.154E-05 5.049E-07 3.830E-06 2.871E+15 2.388E+07 2.891E+01 2.849E-07 1.806E-08 8.868E-11 5.572E-11 1.933E-10 3.109E-11 2.442E-14 5.422E-11 2.896E-14 9.366E-16 2.711E-11 1.108E-09 4.358E-14 4.898E-07 2.005E-07 7.629E-10
   3.250E+06 6.935E+03 2.308E+17 8.951E+03 9.135E+03 1.983E+08 3.126E-15 3.172E-10 1.032E-08 1.976E-03 3.414E-05 4.349E-07 3.837E-06 2.461E+15 2.391E+07 2.862E+01 3.000E-07 1.959E-08 1.036E-10 6.054E-11 1.689E-10 2.017E-11 4.358E-14 5.275E-11 1.691E-14 2.642E-16 1.488E-11 1.466E-09 7.516E-14 5.152E-07 1.835E-07 5.292E-10
   3.350E+06 5.935E+03 1.983E+17 7.507E+03 9.525E+03 1.666E+08 5.862E-15 3.476E-10 1.253E-08 2.218E-03 3.654E-05 3.787E-07 3.833E-06 2.115E+15 2.376E+07 2.792E+01 3.142E-07 2.116E-08 1.198E-10 6.645E-11 1.453E-10 1.296E-11 7.516E-14 5.319E-11 9.826E-15 7.485E-17 8.136E-12 1.896E-09 1.240E-13 5.464E-07 1.687E-07 3.699E-10
   3.450E+06 5.074E+03 1.713E+17 6.241E+03 9.998E+03 1.393E+08 1.019E-14 3.782E-10 1.528E-08 2.445E-03 3.874E-05 3.326E-07 3.820E-06 1.826E+15 2.358E+07 2.689E+01 3.276E-07 2.280E-08 1.377E-10 7.345E-11 1.240E-10 8.418E-12 1.240E-13 5.569E-11 5.828E-15 2.245E-17 4.588E-12 2.375E-09 2.004E-13 5.831E-07 1.558E-07 2.609E-10
   3.550E+06 4.331E+03 1.480E+17 5.094E+03 1.051E+04 1.146E+08 1.674E-14 4.103E-10 1.870E-08 2.653E-03 4.075E-05 2.919E-07 3.798E-06 1.578E+15 2.337E+07 2.546E+01 3.402E-07 2.452E-08 1.579E-10 8.186E-11 1.062E-10 5.560E-12 2.004E-13 5.986E-11 3.504E-15 7.026E-18 2.653E-12 2.916E-09 3.179E-13 6.250E-07 1.446E-07 1.863E-10
   3.650E+06 3.689E+03 1.278E+17 4.076E+03 1.104E+04 9.269E+07 2.617E-14 4.443E-10 2.291E-08 2.842E-03 4.254E-05 2.552E-07 3.769E-06 1.363E+15 2.318E+07 2.367E+01 3.521E-07 2.633E-08 1.814E-10 9.193E-11 9.190E-11 3.781E-12 3.179E-13 6.588E-11 2.157E-15 2.341E-18 1.592E-12 3.511E-09 4.975E-13 6.714E-07 1.347E-07 1.350E-10
   3.750E+06 3.135E+03 1.102E+17 3.191E+03 1.155E+04 7.347E+07 3.967E-14 4.811E-10 2.806E-08 3.006E-03 4.411E-05 2.217E-07 3.734E-06 1.175E+15 2.301E+07 2.158E+01 3.634E-07 2.823E-08 2.087E-10 1.040E-10 8.077E-11 2.667E-12 4.975E-13 7.397E-11 1.367E-15 8.378E-19 9.957E-13 4.152E-09 7.723E-13 7.221E-07 1.258E-07 9.932E-11
   3.850E+06 2.657E+03 9.488E+16 2.436E+03 1.200E+04 5.691E+07 6.134E-14 5.215E-10 3.425E-08 3.145E-03 4.544E-05 1.907E-07 3.693E-06 1.012E+15 2.286E+07 1.927E+01 3.742E-07 3.024E-08 2.409E-10 1.184E-10 7.223E-11 1.962E-12 7.723E-13 8.433E-11 8.939E-16 3.231E-19 6.499E-13 4.839E-09 1.191E-12 7.772E-07 1.175E-07 7.406E-11
   3.950E+06 2.247E+03 8.144E+16 1.816E+03 1.236E+04 4.309E+07 1.080E-13 5.665E-10 4.163E-08 3.257E-03 4.654E-05 1.625E-07 3.647E-06 8.682E+14 2.271E+07 1.686E+01 3.844E-07 3.236E-08 2.789E-10 1.355E-10 6.580E-11 1.514E-12 1.191E-12 9.733E-11 6.069E-16 1.357E-19 4.446E-13 5.564E-09 1.833E-12 8.365E-07 1.096E-07 5.602E-11
   4.050E+06 1.896E+03 6.964E+16 1.316E+03 1.262E+04 3.177E+07 2.434E-13 6.164E-10 5.041E-08 3.341E-03 4.742E-05 1.366E-07 3.596E-06 7.424E+14 2.257E+07 1.443E+01 3.941E-07 3.459E-08 3.241E-10 1.561E-10 6.103E-11 1.227E-12 1.833E-12 1.133E-10 4.271E-16 6.179E-20 3.177E-13 6.334E-09 2.821E-12 9.002E-07 1.019E-07 4.292E-11
   4.150E+06 1.597E+03 5.935E+16 9.262E+02 1.284E+04 2.277E+07 6.433E-13 6.728E-10 6.111E-08 3.387E-03 4.812E-05 1.133E-07 3.540E-06 6.327E+14 2.246E+07 1.205E+01 4.034E-07 3.692E-08 3.784E-10 1.810E-10 5.752E-11 1.047E-12 2.821E-12 1.333E-10 3.130E-16 3.069E-20 2.381E-13 7.140E-09 4.352E-12 9.689E-07 9.414E-08 3.322E-11
   4.250E+06 1.342E+03 5.044E+16 6.352E+02 1.315E+04 1.593E+07 1.723E-12 7.366E-10 7.493E-08 3.411E-03 4.866E-05 9.261E-08 3.479E-06 5.377E+14 2.250E+07 9.858E+00 4.122E-07 3.934E-08 4.461E-10 2.122E-10 5.502E-11 9.443E-13 4.352E-12 1.596E-10 2.404E-16 1.680E-20 1.888E-13 7.956E-09 6.760E-12 1.042E-06 8.631E-08 2.598E-11
   4.350E+06 1.125E+03 4.275E+16 4.245E+02 1.375E+04 1.087E+07 4.281E-12 8.097E-10 9.421E-08 3.421E-03 4.908E-05 7.437E-08 3.414E-06 4.557E+14 2.283E+07 7.894E+00 4.206E-07 4.185E-08 5.341E-10 2.530E-10 5.330E-11 9.015E-13 6.760E-12 1.962E-10 1.946E-16 1.020E-20 1.595E-13 8.744E-09 1.059E-11 1.121E-06 7.837E-08 2.056E-11
   4.450E+06 9.421E+02 3.615E+16 2.765E+02 1.483E+04 7.248E+06 9.603E-12 8.940E-10 1.227E-07 3.419E-03 4.940E-05 5.864E-08 3.344E-06 3.854E+14 2.358E+07 6.188E+00 4.287E-07 4.444E-08 6.523E-10 3.080E-10 5.216E-11 9.103E-13 1.059E-11 2.494E-10 1.671E-16 6.920E-21 1.442E-13 9.459E-09 1.681E-11 1.204E-06 7.027E-08 1.641E-11
   4.550E+06 7.875E+02 3.051E+16 1.764E+02 1.651E+04 4.736E+06 1.943E-11 9.926E-10 1.656E-07 3.409E-03 4.964E-05 4.554E-08 3.267E-06 3.252E+14 2.478E+07 4.771E+00 4.364E-07 4.710E-08 8.122E-10 3.825E-10 5.145E-11 9.627E-13 1.681E-11 3.271E-10 1.519E-16 5.177E-21 1.379E-13 1.011E-08 2.710E-11 1.293E-06 6.204E-08 1.318E-11
   4.650E+06 6.572E+02 2.568E+16 1.111E+02 1.872E+04 3.059E+06 3.579E-11 1.110E-09 2.289E-07 3.395E-03 4.983E-05 3.508E-08 3.185E-06 2.737E+14 2.631E+07 3.650E+00 4.438E-07 4.982E-08 1.025E-09 4.817E-10 5.104E-11 1.046E-12 2.710E-11 4.364E-10 1.440E-16 4.116E-21 1.360E-13 1.079E-08 4.450E-11 1.389E-06 5.387E-08 1.064E-11
   4.750E+06 5.477E+02 2.155E+16 6.970E+01 2.123E+04 1.969E+06 6.064E-11 1.250E-09 3.183E-07 3.382E-03 4.997E-05 2.702E-08 3.095E-06 2.296E+14 2.796E+07 2.803E+00 4.509E-07 5.259E-08 1.298E-09 6.091E-10 5.084E-11 1.144E-12 4.450E-11 5.817E-10 1.384E-16 3.300E-21 1.338E-13 1.163E-08 7.402E-11 1.490E-06 4.594E-08 8.622E-12
   4.850E+06 4.560E+02 1.804E+16 4.411E+01 2.370E+04 1.277E+06 9.551E-11 1.417E-09 4.383E-07 3.370E-03 5.009E-05 2.101E-08 2.997E-06 1.923E+14 2.949E+07 2.183E+00 4.578E-07 5.541E-08 1.635E-09 7.660E-10 5.079E-11 1.238E-12 7.402E-11 7.647E-10 1.321E-16 2.579E-21 1.288E-13 1.273E-08 1.245E-10 1.600E-06 3.840E-08 6.981E-12
   4.950E+06 3.793E+02 1.507E+16 2.826E+01 2.573E+04 8.364E+05 1.412E-10 1.616E-09 5.910E-07 3.361E-03 5.019E-05 1.652E-08 2.889E-06 1.606E+14 3.070E+07 1.734E+00 4.643E-07 5.829E-08 2.038E-09 9.522E-10 5.084E-11 1.309E-12 1.245E-10 9.799E-10 1.221E-16 1.885E-21 1.192E-13 1.423E-08 2.093E-10 1.717E-06 3.148E-08 5.635E-12
   5.050E+06 3.153E+02 1.258E+16 1.845E+01 2.704E+04 5.562E+05 1.977E-10 1.848E-09 7.757E-07 3.350E-03 5.027E-05 1.320E-08 2.772E-06 1.340E+14 3.147E+07 1.412E+00 4.706E-07 6.120E-08 2.502E-09 1.163E-09 5.093E-11 1.349E-12 2.093E-10 1.221E-09 1.090E-16 1.292E-21 1.061E-13 1.619E-08 3.505E-10 1.842E-06 2.532E-08 4.523E-12
   5.150E+06 2.619E+02 1.049E+16 1.229E+01 2.745E+04 3.750E+05 2.640E-10 2.113E-09 9.891E-07 3.337E-03 5.034E-05 1.071E-08 2.645E-06 1.118E+14 3.173E+07 1.180E+00 4.767E-07 6.416E-08 3.024E-09 1.395E-09 5.104E-11 1.350E-12 3.505E-10 1.477E-09 9.330E-17 8.216E-22 9.045E-14 1.871E-08 5.833E-10 1.975E-06 2.006E-08 3.605E-12
   5.250E+06 2.174E+02 8.748E+15 8.342E+00 2.692E+04 2.556E+05 3.385E-10 2.414E-09 1.226E-06 3.323E-03 5.040E-05 8.791E-09 2.510E-06 9.320E+13 3.147E+07 1.011E+00 4.825E-07 6.715E-08 3.597E-09 1.640E-09 5.111E-11 1.311E-12 5.833E-10 1.730E-09 7.630E-17 4.828E-22 7.385E-14 2.192E-08 9.614E-10 2.114E-06 1.573E-08 2.853E-12
   5.350E+06 1.803E+02 7.291E+15 5.769E+00 2.553E+04 1.760E+05 4.193E-10 2.749E-09 1.479E-06 3.307E-03 5.045E-05 7.298E-09 2.367E-06 7.768E+13 3.071E+07 8.875E-01 4.881E-07 7.015E-08 4.212E-09 1.889E-09 5.114E-11 1.233E-12 9.614E-10 1.964E-09 5.967E-17 2.628E-22 5.781E-14 2.597E-08 1.573E-09 2.258E-06 1.224E-08 2.239E-12
   5.450E+06 1.494E+02 6.072E+15 4.051E+00 2.345E+04 1.220E+05 5.044E-10 3.120E-09 1.743E-06 3.289E-03 5.050E-05 6.109E-09 2.216E-06 6.469E+13 2.950E+07 7.977E-01 4.934E-07 7.316E-08 4.859E-09 2.135E-09 5.108E-11 1.121E-12 1.573E-09 2.155E-09 4.439E-17 1.312E-22 4.323E-14 3.111E-08 2.562E-09 2.409E-06 9.480E-09 1.735E-12
   5.550E+06 1.237E+02 5.049E+15 2.879E+00 2.088E+04 8.505E+04 5.922E-10 3.531E-09 2.010E-06 3.274E-03 5.054E-05 5.145E-09 2.058E-06 5.378E+13 2.789E+07 7.332E-01 4.985E-07 7.614E-08 5.524E-09 2.366E-09 5.091E-11 9.822E-13 2.562E-09 2.283E-09 3.120E-17 5.943E-23 3.070E-14 3.774E-08 4.152E-09 2.566E-06 7.305E-09 1.321E-12
   5.650E+06 1.023E+02 4.195E+15 2.070E+00 1.808E+04 5.970E+04 6.815E-10 3.985E-09 2.276E-06 3.259E-03 5.058E-05 4.368E-09 1.894E-06 4.468E+13 2.597E+07 6.883E-01 5.033E-07 7.910E-08 6.191E-09 2.572E-09 5.062E-11 8.276E-13 4.152E-09 2.331E-09 2.082E-17 2.454E-23 2.073E-14 4.636E-08 6.725E-09 2.728E-06 5.623E-09 9.877E-13
   5.750E+06 8.461E+01 3.479E+15 1.501E+00 1.525E+04 4.214E+04 7.724E-10 4.491E-09 2.537E-06 3.248E-03 5.061E-05 3.730E-09 1.727E-06 3.705E+13 2.380E+07 6.592E-01 5.079E-07 8.202E-08 6.841E-09 2.739E-09 5.019E-11 6.674E-13 6.725E-09 2.286E-09 1.312E-17 9.148E-24 1.323E-14 5.785E-08 1.092E-08 2.891E-06 4.343E-09 7.238E-13
   5.850E+06 6.993E+01 2.879E+15 1.097E+00 1.253E+04 2.998E+04 8.685E-10 5.062E-09 2.791E-06 3.243E-03 5.064E-05 3.211E-09 1.560E-06 3.066E+13 2.141E+07 6.445E-01 5.123E-07 8.489E-08 7.437E-09 2.855E-09 4.960E-11 5.118E-13 1.092E-08 2.144E-09 7.777E-18 3.051E-24 7.925E-15 7.367E-08 1.775E-08 3.053E-06 3.365E-09 5.164E-13
   5.950E+06 5.779E+01 2.382E+15 8.149E-01 1.008E+04 2.167E+04 9.836E-10 5.703E-09 3.034E-06 3.238E-03 5.067E-05 2.809E-09 1.394E-06 2.537E+13 1.889E+07 6.468E-01 5.164E-07 8.770E-08 7.927E-09 2.903E-09 4.884E-11 3.728E-13 1.775E-08 1.927E-09 4.404E-18 9.255E-25 4.460E-15 9.591E-08 2.931E-08 3.213E-06 2.618E-09 3.555E-13
   6.050E+06 4.776E+01 1.965E+15 6.204E-01 7.916E+03 1.572E+04 1.156E-09 6.441E-09 3.264E-06 3.247E-03 5.070E-05 2.465E-09 1.234E-06 2.092E+13 1.636E+07 6.749E-01 5.203E-07 9.045E-08 8.328E-09 2.896E-09 4.791E-11 2.556E-13 2.931E-08 1.666E-09 2.370E-18 2.525E-25 2.353E-15 1.285E-07 5.168E-08 3.364E-06 2.050E-09 2.332E-13
   6.150E+06 3.949E+01 1.620E+15 4.924E-01 6.103E+03 1.099E+04 1.462E-09 7.278E-09 3.479E-06 3.257E-03 5.072E-05 2.082E-09 1.083E-06 1.725E+13 1.545E+07 7.412E-01 5.239E-07 9.313E-08 9.532E-09 3.064E-09 4.679E-11 1.758E-13 5.168E-08 1.431E-09 1.320E-18 6.802E-26 1.224E-15 1.684E-07 1.425E-07 3.501E-06 1.618E-09 1.414E-13
   6.250E+06 3.267E+01 1.336E+15 4.736E-01 4.538E+03 1.306E+04 2.028E-09 8.229E-09 3.678E-06 3.271E-03 5.074E-05 2.989E-09 9.236E-07 1.422E+13 1.210E+07 1.015E+00 5.274E-07 9.574E-08 9.056E-09 2.763E-09 4.554E-11 6.577E-14 1.425E-07 9.967E-10 6.168E-19 1.236E-26 4.680E-16 4.252E-07 3.888E-07 3.612E-06 1.289E-09 7.302E-14
   6.350E+06 2.706E+01 1.099E+15 7.964E-01 3.190E+03 5.559E+04 3.024E-09 9.313E-09 3.861E-06 3.296E-03 5.076E-05 1.534E-08 7.515E-07 1.169E+13 2.149E+06 2.556E+00 5.307E-07 9.829E-08 1.955E-09 6.861E-10 4.408E-11 3.971E-15 3.888E-07 4.076E-10 8.759E-20 1.505E-27 1.385E-16 4.663E-06 6.312E-07 3.662E-06 1.037E-09 3.102E-14
   6.450E+06 2.244E+01 9.057E+14 1.170E+00 2.223E+03 1.230E+05 4.643E-09 1.052E-08 4.030E-06 3.320E-03 5.078E-05 4.092E-08 6.091E-07 9.625E+12 6.547E+05 5.637E+00 5.339E-07 1.008E-07 7.228E-10 2.024E-10 4.240E-11 6.750E-16 6.312E-07 1.669E-10 1.534E-20 1.956E-28 4.326E-17 2.210E-05 8.391E-07 3.681E-06 8.433E-10 1.238E-14
   6.550E+06 1.864E+01 7.461E+14 1.295E+00 1.547E+03 1.732E+05 7.086E-09 1.188E-08 4.187E-06 3.350E-03 5.080E-05 6.930E-08 4.951E-07 7.913E+12 3.038E+05 9.342E+00 5.368E-07 1.032E-07 4.071E-10 8.215E-11 4.065E-11 3.725E-16 8.391E-07 7.045E-11 7.267E-21 2.734E-29 1.418E-17 6.035E-05 1.010E-06 3.689E-06 6.912E-10 5.006E-15
   6.650E+06 1.551E+01 6.152E+14 1.221E+00 1.079E+03 1.961E+05 1.055E-08 1.336E-08 4.335E-06 3.381E-03 5.082E-05 9.429E-08 4.046E-07 6.504E+12 1.661E+05 1.312E+01 5.396E-07 1.055E-07 2.700E-10 3.945E-11 3.886E-11 2.783E-16 1.010E-06 3.067E-11 4.508E-21 4.113E-30 4.871E-18 1.252E-04 1.150E-06 3.693E-06 5.716E-10 2.149E-15
   6.750E+06 1.292E+01 5.082E+14 1.051E+00 7.571E+02 1.952E+05 1.526E-08 1.498E-08 4.476E-06 3.411E-03 5.084E-05 1.126E-07 3.328E-07 5.346E+12 9.762E+04 1.666E+01 5.422E-07 1.077E-07 1.921E-10 2.108E-11 3.710E-11 2.184E-16 1.150E-06 1.374E-11 2.911E-21 6.674E-31 1.749E-18 2.200E-04 1.263E-06 3.695E-06 4.768E-10 1.011E-15
   6.850E+06 1.078E+01 4.207E+14 8.592E-01 5.354E+02 1.784E+05 2.144E-08 1.673E-08 4.613E-06 3.438E-03 5.086E-05 1.233E-07 2.758E-07 4.399E+12 5.943E+04 1.991E+01 5.447E-07 1.098E-07 1.413E-10 1.215E-11 3.539E-11 1.729E-16 1.263E-06 6.327E-12 1.895E-21 1.173E-31 6.556E-19 3.458E-04 1.356E-06 3.696E-06 4.015E-10 5.343E-16
   6.950E+06 9.011E+00 3.489E+14 6.826E-01 3.817E+02 1.526E+05 2.938E-08 1.860E-08 4.747E-06 3.463E-03 5.087E-05 1.263E-07 2.305E-07 3.620E+12 3.675E+04 2.289E+01 5.470E-07 1.119E-07 1.053E-10 7.415E-12 3.376E-11 1.370E-16 1.356E-06 2.993E-12 1.235E-21 2.250E-32 2.563E-19 5.016E-04 1.432E-06 3.697E-06 3.413E-10 3.230E-16
   7.050E+06 7.541E+00 2.900E+14 5.379E-01 2.749E+02 1.245E+05 3.934E-08 2.059E-08 4.880E-06 3.485E-03 5.089E-05 1.232E-07 1.943E-07 2.981E+12 2.293E+04 2.581E+01 5.491E-07 1.138E-07 7.906E-11 4.730E-12 3.223E-11 1.088E-16 1.432E-06 1.456E-12 8.082E-22 4.752E-33 1.044E-19 6.850E-04 1.496E-06 3.697E-06 2.930E-10 2.247E-16
   7.150E+06 6.318E+00 2.418E+14 4.274E-01 2.005E+02 9.843E+04 5.165E-08 2.268E-08 5.014E-06 3.500E-03 5.090E-05 1.163E-07 1.654E-07 2.459E+12 1.442E+04 2.894E+01 5.511E-07 1.156E-07 5.964E-11 3.131E-12 3.082E-11 8.680E-17 1.496E-06 7.328E-13 5.345E-22 1.121E-33 4.450E-20 8.928E-04 1.551E-06 3.697E-06 2.543E-10 1.780E-16
   7.250E+06 5.298E+00 2.018E+14 3.421E-01 1.470E+02 7.564E+04 6.667E-08 2.490E-08 5.149E-06 3.515E-03 5.091E-05 1.066E-07 1.414E-07 2.028E+12 9.056E+03 3.251E+01 5.529E-07 1.173E-07 4.487E-11 2.116E-12 2.949E-11 6.932E-17 1.551E-06 3.764E-13 3.541E-22 2.902E-34 1.951E-20 1.131E-03 1.603E-06 3.698E-06 2.219E-10 1.558E-16
   7.350E+06 4.446E+00 1.687E+14 2.761E-01 1.077E+02 5.731E+04 8.485E-08 2.722E-08 5.285E-06 3.526E-03 5.092E-05 9.634E-08 1.208E-07 1.671E+12 5.680E+03 3.679E+01 5.546E-07 1.189E-07 3.367E-11 1.446E-12 2.819E-11 5.542E-17 1.603E-06 1.932E-13 2.355E-22 8.056E-35 8.574E-21 1.409E-03 1.651E-06 3.698E-06 1.938E-10 1.466E-16
   7.450E+06 3.734E+00 1.413E+14 2.243E-01 7.885E+01 4.282E+04 1.068E-07 2.963E-08 5.424E-06 3.535E-03 5.093E-05 8.576E-08 1.029E-07 1.376E+12 3.555E+03 4.194E+01 5.561E-07 1.204E-07 2.516E-11 9.986E-13 2.696E-11 4.437E-17 1.651E-06 9.896E-14 1.573E-22 2.401E-35 3.769E-21 1.732E-03 1.697E-06 3.699E-06 1.692E-10 1.455E-16
   7.550E+06 3.138E+00 1.184E+14 1.832E-01 5.765E+01 3.142E+04 1.333E-07 3.215E-08 5.566E-06 3.543E-03 5.094E-05 7.493E-08 8.752E-08 1.130E+12 2.214E+03 4.812E+01 5.574E-07 1.218E-07 1.870E-11 6.958E-13 2.580E-11 3.557E-17 1.697E-06 5.063E-14 1.052E-22 7.643E-36 1.658E-21 2.101E-03 1.743E-06 3.700E-06 1.478E-10 1.499E-16
   7.650E+06 2.638E+00 9.906E+13 1.501E-01 4.203E+01 2.246E+04 1.656E-07 3.484E-08 5.710E-06 3.556E-03 5.094E-05 6.376E-08 7.431E-08 9.248E+11 1.365E+03 5.558E+01 5.587E-07 1.230E-07 1.378E-11 4.882E-13 2.474E-11 2.851E-17 1.743E-06 2.589E-14 7.014E-23 2.556E-36 7.302E-22 2.518E-03 1.790E-06 3.701E-06 1.291E-10 1.581E-16
   7.750E+06 2.221E+00 8.294E+13 1.237E-01 3.060E+01 1.574E+04 2.051E-07 3.778E-08 5.856E-06 3.571E-03 5.095E-05 5.317E-08 6.300E-08 7.545E+11 8.366E+02 6.465E+01 5.597E-07 1.241E-07 1.009E-11 3.451E-13 2.380E-11 2.292E-17 1.790E-06 1.323E-14 4.684E-23 8.865E-37 3.221E-22 2.985E-03 1.838E-06 3.703E-06 1.128E-10 1.691E-16
   7.850E+06 1.871E+00 6.950E+13 1.026E-01 2.226E+01 1.087E+04 2.539E-07 4.116E-08 6.003E-06 3.585E-03 5.095E-05 4.361E-08 5.336E-08 6.139E+11 5.107E+02 7.568E+01 5.607E-07 1.252E-07 7.349E-12 2.459E-13 2.299E-11 1.851E-17 1.838E-06 6.759E-15 3.146E-23 3.162E-37 1.424E-22 3.503E-03 1.889E-06 3.705E-06 9.873E-11 1.820E-16
   7.950E+06 1.578E+00 5.799E+13 8.513E-02 1.610E+01 7.173E+03 3.145E-07 4.525E-08 6.149E-06 3.609E-03 5.096E-05 3.427E-08 4.516E-08 4.955E+11 3.061E+02 8.922E+01 5.615E-07 1.260E-07 5.279E-12 1.756E-13 2.231E-11 1.491E-17 1.889E-06 3.448E-15 2.080E-23 1.128E-37 6.316E-23 4.073E-03 1.944E-06 3.707E-06 8.649E-11 1.961E-16
   8.050E+06 1.334E+00 4.843E+13 7.069E-02 1.164E+01 4.636E+03 3.885E-07 5.020E-08 6.292E-06 3.618E-03 5.096E-05 2.646E-08 3.820E-08 3.988E+11 1.829E+02 1.053E+02 5.623E-07 1.268E-07 3.777E-12 1.262E-13 2.177E-11 1.208E-17 1.944E-06 1.755E-15 1.382E-23 4.039E-38 2.810E-23 4.695E-03 2.004E-06 3.709E-06 7.586E-11 2.106E-16
   8.150E+06 1.130E+00 4.054E+13 5.857E-02 8.429E+00 2.965E+03 4.773E-07 5.608E-08 6.432E-06 3.624E-03 5.097E-05 2.018E-08 3.233E-08 3.203E+11 1.095E+02 1.236E+02 5.629E-07 1.275E-07 2.701E-12 9.152E-14 2.135E-11 9.856E-18 2.004E-06 8.915E-16 9.268E-24 1.458E-38 1.256E-23 5.365E-03 2.072E-06 3.711E-06 6.666E-11 2.244E-16
   8.250E+06 9.602E-01 3.369E+13 4.777E-02 6.053E+00 1.775E+03 5.805E-07 6.300E-08 6.567E-06 3.631E-03 5.097E-05 1.452E-08 2.736E-08 2.543E+11 6.398E+01 1.444E+02 5.634E-07 1.281E-07 1.899E-12 6.626E-14 2.105E-11 7.974E-18 2.072E-06 4.497E-16 6.025E-24 5.123E-39 5.645E-24 6.083E-03 2.147E-06 3.712E-06 5.869E-11 2.369E-16
   8.350E+06 8.187E-01 2.809E+13 3.848E-02 4.359E+00 1.056E+03 6.955E-07 7.074E-08 6.694E-06 3.636E-03 5.097E-05 1.034E-08 2.318E-08 2.017E+11 3.764E+01 1.658E+02 5.638E-07 1.286E-07 1.340E-12 4.840E-14 2.083E-11 6.496E-18 2.147E-06 2.249E-16 3.956E-24 1.786E-39 2.550E-24 6.844E-03 2.231E-06 3.712E-06 5.177E-11 2.471E-16
   8.450E+06 7.005E-01 2.352E+13 3.057E-02 3.152E+00 6.274E+02 8.190E-07 7.905E-08 6.812E-06 3.642E-03 5.097E-05 7.326E-09 1.967E-08 1.600E+11 2.241E+01 1.866E+02 5.642E-07 1.290E-07 9.528E-13 3.572E-14 2.068E-11 5.328E-18 2.231E-06 1.116E-16 2.628E-24 6.242E-40 1.161E-24 7.639E-03 2.325E-06 3.710E-06 4.580E-11 2.545E-16
   8.550E+06 6.020E-01 1.954E+13 2.372E-02 2.263E+00 3.478E+02 9.473E-07 8.774E-08 6.920E-06 3.650E-03 5.097E-05 4.878E-09 1.674E-08 1.255E+11 1.314E+01 2.069E+02 5.645E-07 1.293E-07 6.725E-13 2.628E-14 2.057E-11 4.311E-18 2.325E-06 5.438E-17 1.678E-24 2.114E-40 5.334E-25 8.466E-03 2.429E-06 3.705E-06 4.064E-11 2.589E-16
   8.650E+06 5.200E-01 1.631E+13 1.813E-02 1.634E+00 1.926E+02 1.075E-06 9.637E-08 7.017E-06 3.658E-03 5.098E-05 3.229E-09 1.427E-08 9.857E+10 7.936E+00 2.243E+02 5.647E-07 1.296E-07 4.865E-13 1.952E-14 2.049E-11 3.505E-18 2.429E-06 2.598E-17 1.081E-24 7.075E-41 2.474E-25 9.319E-03 2.544E-06 3.696E-06 3.617E-11 2.603E-16
   8.750E+06 4.514E-01 1.370E+13 1.372E-02 1.189E+00 1.076E+02 1.199E-06 1.047E-07 7.103E-06 3.666E-03 5.098E-05 2.143E-09 1.222E-08 7.764E+10 5.056E+00 2.382E+02 5.649E-07 1.298E-07 3.691E-13 1.466E-14 2.043E-11 2.868E-18 2.544E-06 1.217E-17 7.066E-25 2.375E-41 1.161E-25 1.019E-02 2.671E-06 3.681E-06 3.231E-11 2.588E-16
   8.850E+06 3.938E-01 1.149E+13 1.024E-02 8.667E-01 5.815E+01 1.316E-06 1.127E-07 7.178E-06 3.676E-03 5.098E-05 1.377E-09 1.051E-08 6.092E+10 3.513E+00 2.490E+02 5.651E-07 1.300E-07 3.058E-13 1.103E-14 2.038E-11 2.331E-18 2.671E-06 5.546E-18 4.533E-25 7.904E-42 5.522E-26 1.108E-02 2.807E-06 3.659E-06 2.899E-11 2.549E-16
   8.950E+06 3.455E-01 9.648E+12 7.570E-03 6.349E-01 3.083E+01 1.425E-06 1.202E-07 7.244E-06 3.687E-03 5.098E-05 8.667E-10 9.084E-09 4.777E+10 2.911E+00 2.566E+02 5.652E-07 1.301E-07 3.017E-13 8.332E-15 2.032E-11 1.889E-18 2.807E-06 2.445E-18 2.885E-25 2.609E-42 2.668E-26 1.198E-02 2.952E-06 3.629E-06 2.612E-11 2.490E-16
   9.050E+06 3.048E-01 8.162E+12 5.594E-03 4.706E-01 1.662E+01 1.525E-06 1.270E-07 7.300E-06 3.697E-03 5.098E-05 5.507E-10 7.899E-09 3.768E+10 2.966E+00 2.604E+02 5.653E-07 1.302E-07 3.634E-13 6.357E-15 2.027E-11 1.542E-18 2.952E-06 1.045E-18 1.868E-25 8.689E-43 1.311E-26 1.289E-02 3.104E-06 3.590E-06 2.366E-11 2.417E-16
   9.150E+06 2.703E-01 6.952E+12 4.142E-03 3.533E-01 9.109E+00 1.614E-06 1.333E-07 7.347E-06 3.701E-03 5.098E-05 3.540E-10 6.916E-09 2.990E+10 3.534E+00 2.611E+02 5.654E-07 1.303E-07 5.084E-13 4.895E-15 2.022E-11 1.267E-18 3.104E-06 4.349E-19 1.229E-25 2.947E-43 6.571E-27 1.381E-02 3.261E-06 3.542E-06 2.154E-11 2.335E-16
   9.250E+06 2.409E-01 5.929E+12 3.067E-03 2.672E-01 4.921E+00 1.694E-06 1.390E-07 7.388E-06 3.703E-03 5.098E-05 2.241E-10 6.101E-09 2.374E+10 4.840E+00 2.595E+02 5.654E-07 1.304E-07 8.164E-13 3.774E-15 2.017E-11 1.038E-18 3.261E-06 1.753E-19 8.020E-26 1.013E-43 3.362E-27 1.474E-02 3.419E-06 3.485E-06 1.972E-11 2.247E-16
   9.350E+06 2.157E-01 5.081E+12 2.277E-03 2.046E-01 2.677E+00 1.761E-06 9.906E-08 7.422E-06 3.706E-03 5.098E-05 1.422E-10 5.425E-09 1.894E+10 6.957E+00 2.552E+02 5.655E-07 1.304E-07 1.369E-12 2.925E-15 2.011E-11 8.537E-19 3.419E-06 6.869E-20 5.278E-26 3.544E-44 1.759E-27 1.567E-02 3.573E-06 3.422E-06 1.816E-11 2.158E-16
   9.450E+06 1.941E-01 4.384E+12 1.709E-03 1.589E-01 1.484E+00 1.822E-06 1.030E-07 7.450E-06 3.708E-03 5.098E-05 9.132E-11 4.867E-09 1.522E+10 9.923E+00 2.496E+02 5.655E-07 1.304E-07 2.264E-12 2.280E-15 2.006E-11 7.067E-19 3.573E-06 2.632E-20 3.530E-26 1.273E-44 9.430E-28 1.661E-02 3.719E-06 3.352E-06 1.682E-11 2.069E-16
   9.550E+06 1.755E-01 3.805E+12 1.295E-03 1.253E-01 8.383E-01 1.875E-06 1.065E-07 7.473E-06 3.710E-03 5.098E-05 5.940E-11 4.407E-09 1.230E+10 1.387E+01 2.426E+02 5.655E-07 1.304E-07 3.646E-12 1.785E-15 2.000E-11 5.888E-19 3.719E-06 9.920E-21 2.396E-26 4.708E-45 5.192E-28 1.755E-02 3.850E-06 3.281E-06 1.568E-11 1.984E-16
   9.650E+06 1.592E-01 3.321E+12 9.916E-04 1.003E-01 4.823E-01 1.921E-06 1.094E-07 7.493E-06 3.712E-03 5.098E-05 3.913E-11 4.031E-09 9.999E+09 1.893E+01 2.345E+02 5.655E-07 1.304E-07 5.700E-12 1.401E-15 1.994E-11 4.937E-19 3.850E-06 3.702E-21 1.650E-26 1.800E-45 2.954E-28 1.850E-02 3.958E-06 3.211E-06 1.470E-11 1.902E-16
   9.750E+06 1.450E-01 2.915E+12 7.687E-04 8.154E-02 2.834E-01 1.961E-06 1.120E-07 7.510E-06 3.714E-03 5.098E-05 2.617E-11 3.724E-09 8.180E+09 2.511E+01 2.256E+02 5.655E-07 1.304E-07 8.612E-12 1.102E-15 1.988E-11 4.168E-19 3.958E-06 1.383E-21 1.154E-26 7.153E-46 1.763E-28 1.946E-02 4.038E-06 3.147E-06 1.386E-11 1.825E-16
   9.850E+06 1.325E-01 2.571E+12 6.030E-04 6.728E-02 1.692E-01 1.995E-06 1.142E-07 7.524E-06 3.716E-03 5.098E-05 1.770E-11 3.478E-09 6.723E+09 3.273E+01 2.162E+02 5.655E-07 1.304E-07 1.273E-11 8.652E-16 1.982E-11 3.537E-19 4.038E-06 5.362E-22 8.169E-27 3.030E-46 1.143E-28 2.042E-02 4.079E-06 3.095E-06 1.315E-11 1.753E-16
   9.950E+06 1.214E-01 2.278E+12 4.789E-04 5.635E-02 1.039E-01 2.024E-06 1.160E-07 7.536E-06 3.718E-03 5.098E-05 1.227E-11 3.283E-09 5.551E+09 4.207E+01 2.066E+02 5.655E-07 1.304E-07 1.847E-11 6.771E-16 1.976E-11 3.016E-19 4.079E-06 2.599E-22 5.845E-27 1.541E-46 8.564E-29 2.139E-02 0.000E+00 3.058E-06 1.255E-11 1.686E-16
