
     Z         PRESS      DEN     ProOH1    ProOH25    ProO3D    PO2D       PO2      PH2O      PO3D      PH2O2     FO3      FH2O      NumO2      NumOH      NumO1D     PN2O     PCH3CL      FOH      FHO2      FNO     FNO2      FH    FH2O2     FNO3    FN2O5    FHNO3      FO       FN      FH2     FCH4    FN2O
   5.000E+04 9.562E+05 2.414E+19 5.498E+05 2.218E+04 4.035E+06 0.000E+00 2.128E-13 7.256E-14 2.526E-05 3.021E-06 6.616E-09 1.266E-02 5.135E+16 3.958E+06 5.474E-03 2.626E-10 2.326E-12 1.640E-13 1.295E-11 7.202E-12 1.600E-11 6.943E-19 9.366E-10 7.223E-15 7.574E-17 9.644E-11 1.963E-15 6.617E-19 5.000E-07 8.080E-07 2.730E-07
   1.500E+05 8.484E+05 2.166E+19 4.547E+05 3.612E+04 4.167E+06 0.000E+00 3.827E-13 1.693E-13 2.771E-05 3.288E-06 6.942E-09 9.852E-03 4.622E+16 3.318E+06 6.468E-03 5.210E-10 5.931E-12 1.532E-13 1.255E-11 2.562E-12 5.246E-12 6.617E-19 9.501E-10 4.814E-15 2.125E-17 8.632E-11 2.514E-15 7.073E-19 4.984E-07 8.025E-07 2.714E-07
   2.500E+05 7.513E+05 1.957E+19 3.685E+05 4.675E+04 5.029E+06 0.000E+00 6.139E-13 3.739E-13 2.964E-05 3.529E-06 8.669E-09 6.389E-03 4.190E+16 3.232E+06 8.905E-03 9.364E-10 1.357E-11 1.651E-13 1.237E-11 1.652E-12 3.159E-12 7.073E-19 9.451E-10 4.277E-15 1.756E-17 8.019E-11 3.743E-15 8.668E-19 4.972E-07 7.978E-07 2.697E-07
   3.500E+05 6.638E+05 1.760E+19 3.316E+05 5.975E+04 6.673E+06 0.000E+00 9.252E-13 8.000E-13 3.130E-05 3.751E-06 1.211E-08 4.243E-03 3.781E+16 3.537E+06 1.336E-02 1.580E-09 2.828E-11 2.009E-13 1.300E-11 1.526E-12 2.895E-12 8.668E-19 9.211E-10 4.779E-15 2.710E-17 7.762E-11 6.321E-15 1.028E-18 4.963E-07 7.937E-07 2.678E-07
   4.500E+05 5.851E+05 1.583E+19 2.710E+05 6.757E+04 9.027E+06 0.000E+00 1.335E-12 1.693E-12 3.245E-05 3.959E-06 1.758E-08 2.522E-03 3.410E+16 3.747E+06 2.033E-02 2.543E-09 5.497E-11 2.367E-13 1.340E-11 1.702E-12 3.192E-12 1.028E-18 8.703E-10 5.712E-15 6.017E-17 7.698E-11 1.100E-14 1.157E-18 4.956E-07 7.903E-07 2.658E-07
   5.500E+05 5.144E+05 1.423E+19 1.966E+05 6.785E+04 1.191E+07 0.000E+00 1.855E-12 3.471E-12 3.328E-05 4.158E-06 2.516E-08 1.374E-03 3.076E+16 3.794E+06 2.995E-02 3.907E-09 9.940E-11 2.667E-13 1.333E-11 2.078E-12 3.776E-12 1.157E-18 7.899E-10 6.888E-15 1.579E-16 7.660E-11 1.869E-14 1.204E-18 4.952E-07 7.876E-07 2.636E-07
   6.500E+05 4.509E+05 1.279E+19 1.229E+05 5.834E+04 1.502E+07 0.000E+00 2.485E-12 6.724E-12 3.385E-05 4.349E-06 3.470E-08 6.785E-04 2.773E+16 3.613E+06 4.191E-02 5.703E-09 1.660E-10 2.826E-13 1.256E-11 2.580E-12 4.398E-12 1.204E-18 6.798E-10 7.969E-15 4.312E-16 7.479E-11 3.037E-14 1.147E-18 4.950E-07 7.855E-07 2.612E-07
   7.500E+05 3.938E+05 1.148E+19 6.461E+04 4.234E+04 1.801E+07 0.000E+00 3.215E-12 1.239E-11 3.421E-05 4.536E-06 4.587E-08 2.978E-04 2.497E+16 3.219E+06 5.553E-02 7.894E-09 2.571E-10 2.804E-13 1.112E-11 3.118E-12 4.804E-12 1.147E-18 5.496E-10 8.674E-15 1.168E-15 7.088E-11 4.695E-14 1.017E-18 4.949E-07 7.839E-07 2.587E-07
   8.500E+05 3.427E+05 1.028E+19 2.826E+04 2.544E+04 2.057E+07 4.295E-93 4.029E-12 2.161E-11 3.441E-05 4.721E-06 5.812E-08 1.145E-04 2.244E+16 2.737E+06 6.997E-02 1.040E-08 3.720E-10 2.661E-13 9.288E-12 3.930E-12 5.271E-12 1.017E-18 4.188E-10 9.240E-15 3.520E-15 6.631E-11 6.944E-14 8.653E-19 4.949E-07 7.826E-07 2.562E-07
   9.500E+05 2.969E+05 9.188E+18 9.940E+03 1.187E+04 2.269E+07 1.354E-51 4.904E-12 3.521E-11 3.450E-05 4.903E-06 7.157E-08 3.669E-05 2.010E+16 2.303E+06 8.526E-02 1.311E-08 5.051E-10 2.507E-13 7.371E-12 5.572E-12 6.330E-12 8.653E-19 3.031E-10 1.020E-14 1.212E-14 6.303E-11 9.994E-14 7.198E-19 4.949E-07 7.815E-07 2.535E-07
   1.050E+06 2.561E+05 8.171E+18 2.495E+03 3.497E+03 2.556E+07 1.627E-39 5.826E-12 5.205E-11 3.461E-05 5.084E-06 9.040E-08 8.223E-06 1.794E+16 1.943E+06 1.065E-01 1.595E-08 6.489E-10 2.378E-13 5.467E-12 8.427E-12 8.257E-12 7.198E-19 1.984E-10 1.227E-14 3.705E-14 6.220E-11 1.488E-13 8.495E-19 4.950E-07 7.800E-07 2.497E-07
   1.150E+06 2.200E+05 7.219E+18 2.924E+03 4.070E+03 3.143E+07 5.265E-35 6.813E-12 7.154E-11 3.484E-05 5.266E-06 1.250E-07 7.880E-06 1.598E+16 2.144E+06 1.461E-01 1.893E-08 8.024E-10 2.970E-13 5.057E-12 1.121E-11 1.082E-11 8.495E-19 1.275E-10 1.836E-14 7.010E-14 6.955E-11 2.458E-13 9.991E-19 4.951E-07 7.773E-07 2.423E-07
   1.250E+06 1.882E+05 6.327E+18 3.506E+03 4.305E+03 4.214E+07 3.223E-31 7.931E-12 9.609E-11 3.542E-05 5.458E-06 1.881E-07 7.081E-06 1.427E+16 2.393E+06 2.209E-01 2.218E-08 9.745E-10 3.782E-13 5.045E-12 1.389E-11 1.477E-11 9.991E-19 9.428E-11 3.280E-14 1.557E-13 8.812E-11 4.496E-13 1.114E-18 4.952E-07 7.719E-07 2.282E-07
   1.350E+06 1.605E+05 5.501E+18 3.691E+03 3.823E+03 5.826E+07 2.979E-28 9.291E-12 1.284E-10 3.673E-05 5.670E-06 2.883E-07 5.411E-06 1.288E+16 2.550E+06 3.480E-01 2.594E-08 1.177E-09 4.635E-13 5.078E-12 1.824E-11 2.215E-11 1.114E-18 7.877E-11 6.068E-14 3.912E-13 1.201E-10 8.473E-13 1.249E-18 4.955E-07 7.622E-07 2.047E-07
   1.450E+06 1.365E+05 4.753E+18 3.603E+03 3.248E+03 7.798E+07 4.630E-26 1.106E-11 1.727E-10 3.905E-05 5.917E-06 4.201E-07 3.957E-06 1.182E+16 2.607E+06 5.349E-01 3.053E-08 1.430E-09 5.484E-13 5.080E-12 2.588E-11 3.455E-11 1.249E-18 6.733E-11 1.020E-13 8.917E-13 1.625E-10 1.520E-12 1.523E-18 4.960E-07 7.473E-07 1.732E-07
   1.550E+06 1.157E+05 4.090E+18 3.504E+03 2.915E+03 9.917E+07 2.115E-24 1.346E-11 2.350E-10 4.273E-05 6.217E-06 5.674E-07 3.033E-06 1.102E+16 2.684E+06 7.852E-01 3.639E-08 1.755E-09 6.562E-13 5.206E-12 3.710E-11 5.125E-11 1.523E-18 5.966E-11 1.512E-13 1.627E-12 2.066E-10 2.524E-12 2.033E-18 4.967E-07 7.279E-07 1.388E-07
   1.650E+06 9.795E+04 3.507E+18 3.434E+03 2.753E+03 1.219E+08 4.474E-23 1.676E-11 3.241E-10 4.832E-05 6.592E-06 7.193E-07 2.422E-06 1.038E+16 2.842E+06 1.119E+00 4.395E-08 2.180E-09 8.106E-13 5.543E-12 5.125E-11 7.003E-11 2.033E-18 5.590E-11 2.037E-13 2.396E-12 2.432E-10 3.951E-12 2.984E-18 4.975E-07 7.043E-07 1.055E-07
   1.750E+06 8.273E+04 2.994E+18 3.497E+03 2.782E+03 1.464E+08 5.712E-22 2.130E-11 4.517E-10 5.657E-05 7.062E-06 8.644E-07 2.057E-06 9.783E+15 3.159E+06 1.567E+00 5.364E-08 2.734E-09 1.055E-12 6.277E-12 6.599E-11 8.689E-11 2.984E-18 5.729E-11 2.559E-13 2.889E-12 2.663E-10 5.965E-12 4.775E-18 4.984E-07 6.773E-07 7.668E-08
   1.850E+06 6.977E+04 2.547E+18 3.774E+03 3.018E+03 1.735E+08 5.214E-21 2.748E-11 6.324E-10 6.855E-05 7.654E-06 9.939E-07 1.874E-06 9.172E+15 3.687E+06 2.175E+00 6.580E-08 3.443E-09 1.448E-12 7.560E-12 7.868E-11 9.877E-11 4.775E-18 6.398E-11 3.048E-13 2.938E-12 2.752E-10 8.847E-12 8.165E-18 4.994E-07 6.478E-07 5.351E-08
   1.950E+06 5.876E+04 2.159E+18 4.254E+03 3.445E+03 2.031E+08 3.678E-20 3.577E-11 8.836E-10 8.562E-05 8.396E-06 1.099E-06 1.805E-06 8.518E+15 4.448E+06 2.995E+00 8.066E-08 4.327E-09 2.060E-12 9.406E-12 8.825E-11 1.048E-10 8.165E-18 7.414E-11 3.435E-13 2.576E-12 2.715E-10 1.301E-11 1.473E-17 5.007E-07 6.167E-07 3.614E-08
   2.050E+06 4.944E+04 1.827E+18 4.916E+03 4.056E+03 2.336E+08 2.102E-19 4.668E-11 1.224E-09 1.094E-04 9.323E-06 1.169E-06 1.813E-06 7.816E+15 5.465E+06 4.066E+00 9.824E-08 5.398E-09 2.992E-12 1.176E-11 9.496E-11 1.056E-10 1.473E-17 8.496E-11 3.630E-13 1.973E-12 2.582E-10 1.904E-11 2.797E-17 5.021E-07 5.853E-07 2.390E-08
   2.150E+06 4.157E+04 1.541E+18 5.775E+03 4.868E+03 2.636E+08 1.005E-18 6.075E-11 1.674E-09 1.427E-04 1.047E-05 1.199E-06 1.887E-06 7.085E+15 6.783E+06 5.433E+00 1.183E-07 6.652E-09 4.401E-12 1.458E-11 9.932E-11 1.021E-10 2.797E-17 9.403E-11 3.564E-13 1.326E-12 2.381E-10 2.791E-11 5.519E-17 5.041E-07 5.540E-07 1.558E-08
   2.250E+06 3.494E+04 1.297E+18 6.635E+03 5.706E+03 2.916E+08 4.089E-18 7.850E-11 2.247E-09 1.897E-04 1.188E-05 1.185E-06 1.957E-06 6.349E+15 8.353E+06 7.147E+00 1.404E-07 8.068E-09 6.438E-12 1.758E-11 1.022E-10 9.516E-11 5.519E-17 9.743E-11 3.236E-13 7.857E-13 2.114E-10 4.114E-11 1.132E-16 5.068E-07 5.233E-07 1.007E-08
   2.350E+06 2.936E+04 1.090E+18 7.455E+03 6.518E+03 3.163E+08 1.436E-17 1.002E-10 2.957E-09 2.579E-04 1.360E-05 1.125E-06 2.023E-06 5.633E+15 1.021E+07 9.252E+00 1.638E-07 9.614E-09 9.372E-12 2.058E-11 1.036E-10 8.503E-11 1.132E-16 9.443E-11 2.717E-13 4.092E-13 1.800E-10 6.104E-11 2.407E-16 5.104E-07 4.936E-07 6.493E-09
   2.450E+06 2.468E+04 9.143E+17 8.174E+03 7.259E+03 3.358E+08 4.425E-17 1.258E-10 3.810E-09 3.584E-04 1.566E-05 1.025E-06 2.084E-06 4.957E+15 1.239E+07 1.174E+01 1.876E-07 1.125E-08 1.355E-11 2.335E-11 1.030E-10 7.229E-11 2.407E-16 8.606E-11 2.118E-13 1.876E-13 1.460E-10 9.089E-11 5.212E-16 5.154E-07 4.649E-07 4.192E-09
   2.550E+06 2.076E+04 7.672E+17 8.656E+03 7.907E+03 3.454E+08 1.215E-16 1.546E-10 4.819E-09 5.032E-04 1.810E-05 8.947E-07 2.139E-06 4.339E+15 1.482E+07 1.445E+01 2.110E-07 1.292E-08 1.932E-11 2.575E-11 1.004E-10 5.833E-11 5.212E-16 7.508E-11 1.543E-13 7.639E-14 1.120E-10 1.347E-10 1.119E-15 5.221E-07 4.376E-07 2.717E-09
   2.650E+06 1.747E+04 6.443E+17 8.745E+03 8.463E+03 3.404E+08 3.027E-16 1.855E-10 6.003E-09 6.968E-04 2.084E-05 7.582E-07 2.188E-06 3.783E+15 1.723E+07 1.700E+01 2.335E-07 1.462E-08 2.675E-11 2.791E-11 9.581E-11 4.475E-11 1.119E-15 6.484E-11 1.056E-13 2.800E-14 8.057E-11 1.967E-10 2.330E-15 5.310E-07 4.116E-07 1.770E-09
   2.750E+06 1.470E+04 5.420E+17 8.425E+03 8.950E+03 3.214E+08 6.926E-16 2.173E-10 7.403E-09 9.314E-04 2.378E-05 6.368E-07 2.231E-06 3.290E+15 1.932E+07 1.911E+01 2.546E-07 1.632E-08 3.565E-11 3.015E-11 8.958E-11 3.281E-11 2.330E-15 5.733E-11 6.831E-14 9.387E-15 5.425E-11 2.821E-10 4.689E-15 5.425E-07 3.873E-07 1.163E-09
   2.850E+06 1.237E+04 4.565E+17 7.812E+03 9.398E+03 2.936E+08 1.471E-15 2.495E-10 9.086E-09 1.192E-03 2.679E-05 5.396E-07 2.266E-06 2.855E+15 2.092E+07 2.070E+01 2.743E-07 1.803E-08 4.582E-11 3.282E-11 8.201E-11 2.307E-11 4.689E-15 5.283E-11 4.211E-14 2.917E-15 3.432E-11 3.981E-10 9.135E-15 5.570E-07 3.648E-07 7.724E-10
   2.950E+06 1.041E+04 3.850E+17 7.038E+03 9.841E+03 2.616E+08 2.918E-15 2.823E-10 1.114E-08 1.462E-03 2.975E-05 4.646E-07 2.294E-06 2.474E+15 2.202E+07 2.183E+01 2.928E-07 1.977E-08 5.718E-11 3.617E-11 7.339E-11 1.561E-11 9.135E-15 5.084E-11 2.499E-14 8.512E-16 2.055E-11 5.537E-10 1.727E-14 5.751E-07 3.438E-07 5.168E-10
   3.050E+06 8.756E+03 3.253E+17 6.193E+03 1.030E+04 2.286E+08 5.433E-15 3.158E-10 1.369E-08 1.730E-03 3.261E-05 4.062E-07 2.314E-06 2.141E+15 2.272E+07 2.250E+01 3.101E-07 2.156E-08 6.984E-11 4.034E-11 6.453E-11 1.027E-11 1.727E-14 5.089E-11 1.451E-14 2.399E-16 1.187E-11 7.582E-10 3.180E-14 5.969E-07 3.243E-07 3.491E-10
   3.150E+06 7.357E+03 2.750E+17 5.325E+03 1.078E+04 1.958E+08 9.547E-15 3.505E-10 1.685E-08 1.987E-03 3.532E-05 3.583E-07 2.328E-06 1.850E+15 2.311E+07 2.270E+01 3.264E-07 2.341E-08 8.405E-11 4.547E-11 5.633E-11 6.681E-12 3.180E-14 5.265E-11 8.377E-15 6.715E-17 6.734E-12 1.020E-09 5.719E-14 6.225E-07 3.062E-07 2.389E-10
   3.250E+06 6.175E+03 2.326E+17 4.465E+03 1.128E+04 1.640E+08 1.594E-14 3.870E-10 2.077E-08 2.228E-03 3.786E-05 3.165E-07 2.334E-06 1.596E+15 2.330E+07 2.239E+01 3.418E-07 2.534E-08 1.002E-10 5.172E-11 4.914E-11 4.347E-12 5.719E-14 5.599E-11 4.851E-15 1.905E-17 3.810E-12 1.348E-09 1.004E-13 6.523E-07 2.891E-07 1.652E-10
   3.350E+06 5.175E+03 1.968E+17 3.646E+03 1.176E+04 1.342E+08 2.548E-14 4.256E-10 2.559E-08 2.447E-03 4.019E-05 2.787E-07 2.335E-06 1.374E+15 2.334E+07 2.154E+01 3.561E-07 2.736E-08 1.186E-10 5.921E-11 4.316E-11 2.872E-12 1.004E-13 6.100E-11 2.855E-15 5.627E-18 2.189E-12 1.741E-09 1.722E-13 6.867E-07 2.727E-07 1.154E-10
   3.450E+06 4.329E+03 1.664E+17 2.893E+03 1.219E+04 1.070E+08 3.974E-14 4.669E-10 3.145E-08 2.639E-03 4.230E-05 2.437E-07 2.329E-06 1.181E+15 2.329E+07 2.018E+01 3.696E-07 2.948E-08 1.399E-10 6.813E-11 3.839E-11 1.951E-12 1.722E-13 6.780E-11 1.723E-15 1.767E-18 1.293E-12 2.198E-09 2.898E-13 7.255E-07 2.568E-07 8.156E-11
   3.550E+06 3.615E+03 1.406E+17 2.227E+03 1.253E+04 8.299E+07 6.393E-14 5.115E-10 3.846E-08 2.800E-03 4.413E-05 2.108E-07 2.318E-06 1.012E+15 2.316E+07 1.840E+01 3.823E-07 3.170E-08 1.648E-10 7.872E-11 3.472E-11 1.376E-12 2.898E-13 7.658E-11 1.072E-15 5.968E-19 7.928E-13 2.716E-09 4.802E-13 7.688E-07 2.411E-07 5.837E-11
   3.650E+06 3.012E+03 1.185E+17 1.662E+03 1.275E+04 6.253E+07 1.200E-13 5.602E-10 4.674E-08 2.927E-03 4.569E-05 1.803E-07 2.302E-06 8.637E+14 2.297E+07 1.634E+01 3.941E-07 3.402E-08 1.938E-10 9.128E-11 3.201E-11 1.014E-12 4.802E-13 8.762E-11 6.909E-16 2.191E-19 5.071E-13 3.290E-09 7.868E-13 8.162E-07 2.254E-07 4.243E-11
   3.750E+06 2.505E+03 9.966E+16 1.203E+03 1.287E+04 4.577E+07 2.889E-13 6.140E-10 5.656E-08 3.022E-03 4.696E-05 1.520E-07 2.282E-06 7.345E+14 2.274E+07 1.412E+01 4.053E-07 3.645E-08 2.282E-10 1.063E-10 3.004E-11 7.858E-13 7.868E-13 1.013E-10 4.627E-16 8.787E-20 3.397E-13 3.916E-09 1.283E-12 8.680E-07 2.095E-07 3.130E-11
   3.850E+06 2.079E+03 8.354E+16 8.434E+02 1.294E+04 3.251E+07 8.099E-13 6.744E-10 6.860E-08 3.089E-03 4.797E-05 1.260E-07 2.258E-06 6.218E+14 2.255E+07 1.190E+01 4.157E-07 3.896E-08 2.699E-10 1.247E-10 2.866E-11 6.422E-13 1.283E-12 1.187E-10 3.226E-16 3.856E-20 2.389E-13 4.590E-09 2.095E-12 9.246E-07 1.930E-07 2.339E-11
   3.950E+06 1.723E+03 6.980E+16 5.724E+02 1.315E+04 2.237E+07 2.245E-12 7.432E-10 8.447E-08 3.134E-03 4.874E-05 1.023E-07 2.231E-06 5.240E+14 2.252E+07 9.753E+00 4.255E-07 4.156E-08 3.227E-10 1.483E-10 2.774E-11 5.576E-13 2.095E-12 1.419E-10 2.363E-16 1.880E-20 1.785E-13 5.289E-09 3.435E-12 9.860E-07 1.758E-07 1.770E-11
   4.050E+06 1.425E+03 5.816E+16 3.758E+02 1.372E+04 1.491E+07 5.655E-12 8.225E-10 1.073E-07 3.161E-03 4.932E-05 8.110E-08 2.199E-06 4.401E+14 2.284E+07 7.774E+00 4.347E-07 4.423E-08 3.926E-10 1.800E-10 2.716E-11 5.184E-13 3.435E-12 1.751E-10 1.846E-16 1.041E-20 1.437E-13 5.973E-09 5.690E-12 1.053E-06 1.577E-07 1.355E-11
   4.150E+06 1.178E+03 4.834E+16 2.387E+02 1.484E+04 9.638E+06 1.269E-11 9.155E-10 1.419E-07 3.178E-03 4.975E-05 6.274E-08 2.163E-06 3.683E+14 2.361E+07 6.031E+00 4.433E-07 4.697E-08 4.884E-10 2.239E-10 2.685E-11 5.159E-13 5.690E-12 2.243E-10 1.546E-16 6.587E-21 1.249E-13 6.618E-09 9.543E-12 1.126E-06 1.388E-07 1.045E-11
   4.250E+06 9.728E+02 4.009E+16 1.481E+02 1.655E+04 6.092E+06 2.547E-11 1.026E-09 1.946E-07 3.187E-03 5.006E-05 4.769E-08 2.122E-06 3.073E+14 2.482E+07 4.590E+00 4.515E-07 4.975E-08 6.192E-10 2.843E-10 2.673E-11 5.423E-13 9.543E-12 2.962E-10 1.380E-16 5.518E-21 1.155E-13 7.238E-09 1.626E-11 1.204E-06 1.196E-07 8.128E-12
   4.350E+06 8.029E+02 3.317E+16 9.074E+01 1.872E+04 3.813E+06 4.624E-11 1.158E-09 2.720E-07 3.193E-03 5.030E-05 3.599E-08 2.075E-06 2.557E+14 2.630E+07 3.473E+00 4.593E-07 5.258E-08 7.929E-10 3.651E-10 2.674E-11 5.869E-13 1.626E-11 3.960E-10 1.278E-16 3.501E-21 1.099E-13 7.917E-09 2.809E-11 1.286E-06 1.007E-07 6.372E-12
   4.450E+06 6.624E+02 2.740E+16 5.567E+01 2.104E+04 2.392E+06 7.694E-11 1.318E-09 3.798E-07 3.201E-03 5.047E-05 2.728E-08 2.021E-06 2.122E+14 2.779E+07 2.647E+00 4.666E-07 5.546E-08 1.014E-09 4.687E-10 2.683E-11 6.375E-13 2.809E-11 5.256E-10 1.190E-16 2.613E-21 1.040E-13 8.760E-09 4.894E-11 1.373E-06 8.280E-08 5.019E-12
   4.550E+06 5.465E+02 2.260E+16 3.454E+01 2.309E+04 1.519E+06 1.188E-10 1.508E-09 5.214E-07 3.209E-03 5.061E-05 2.094E-08 1.959E-06 1.759E+14 2.904E+07 2.054E+00 4.736E-07 5.838E-08 1.285E-09 5.956E-10 2.698E-11 6.827E-13 4.894E-11 6.833E-10 1.085E-16 1.877E-21 9.571E-14 9.863E-09 8.543E-11 1.466E-06 6.633E-08 3.954E-12
   4.650E+06 4.510E+02 1.864E+16 2.178E+01 2.454E+04 9.791E+05 1.721E-10 1.732E-09 6.973E-07 3.218E-03 5.072E-05 1.633E-08 1.888E-06 1.456E+14 2.988E+07 1.630E+00 4.803E-07 6.134E-08 1.603E-09 7.443E-10 2.716E-11 7.138E-13 8.543E-11 8.626E-10 9.531E-17 1.260E-21 8.472E-14 1.132E-08 1.485E-10 1.563E-06 5.193E-08 3.113E-12
   4.750E+06 3.722E+02 1.537E+16 1.398E+01 2.513E+04 6.416E+05 2.361E-10 1.992E-09 9.046E-07 3.225E-03 5.082E-05 1.294E-08 1.808E-06 1.205E+14 3.021E+07 1.326E+00 4.867E-07 6.433E-08 1.966E-09 9.116E-10 2.734E-11 7.250E-13 1.485E-10 1.054E-09 8.006E-17 7.821E-22 7.179E-14 1.321E-08 2.559E-10 1.664E-06 3.982E-08 2.442E-12
   4.850E+06 3.073E+02 1.268E+16 9.135E+00 2.477E+04 4.267E+05 3.092E-10 2.289E-09 1.138E-06 3.231E-03 5.089E-05 1.042E-08 1.717E-06 9.971E+13 2.998E+07 1.106E+00 4.928E-07 6.735E-08 2.365E-09 1.092E-09 2.749E-11 7.137E-13 2.559E-10 1.244E-09 6.403E-17 4.461E-22 5.811E-14 1.564E-08 4.364E-10 1.771E-06 2.993E-08 1.899E-12
   4.950E+06 2.537E+02 1.046E+16 6.067E+00 2.350E+04 2.876E+05 3.894E-10 2.623E-09 1.391E-06 3.235E-03 5.096E-05 8.497E-09 1.615E-06 8.252E+13 2.921E+07 9.464E-01 4.986E-07 7.039E-08 2.792E-09 1.281E-09 2.760E-11 6.797E-13 4.364E-10 1.418E-09 4.870E-17 2.333E-22 4.489E-14 1.877E-08 7.356E-10 1.884E-06 2.214E-08 1.460E-12
   5.050E+06 2.095E+02 8.638E+15 4.091E+00 2.151E+04 1.962E+05 4.744E-10 2.994E-09 1.655E-06 3.237E-03 5.101E-05 7.018E-09 1.505E-06 6.831E+13 2.796E+07 8.297E-01 5.041E-07 7.343E-08 3.237E-09 1.468E-09 2.765E-11 6.256E-13 7.356E-10 1.561E-09 3.526E-17 1.120E-22 3.308E-14 2.278E-08 1.227E-09 2.003E-06 1.617E-08 1.107E-12
   5.150E+06 1.730E+02 7.134E+15 2.794E+00 1.902E+04 1.354E+05 5.623E-10 3.404E-09 1.923E-06 3.239E-03 5.106E-05 5.859E-09 1.386E-06 5.655E+13 2.629E+07 7.448E-01 5.094E-07 7.645E-08 3.686E-09 1.647E-09 2.762E-11 5.554E-13 1.227E-09 1.657E-09 2.429E-17 4.924E-23 2.321E-14 2.797E-08 2.029E-09 2.126E-06 1.171E-08 8.259E-13
   5.250E+06 1.429E+02 5.893E+15 1.930E+00 1.630E+04 9.438E+04 6.518E-10 3.857E-09 2.191E-06 3.239E-03 5.111E-05 4.945E-09 1.263E-06 4.681E+13 2.432E+07 6.838E-01 5.144E-07 7.946E-08 4.127E-09 1.809E-09 2.751E-11 4.749E-13 2.029E-09 1.696E-09 1.598E-17 1.990E-23 1.550E-14 3.474E-08 3.330E-09 2.252E-06 8.478E-09 6.064E-13
   5.350E+06 1.180E+02 4.869E+15 1.347E+00 1.358E+04 6.659E+04 7.425E-10 4.358E-09 2.454E-06 3.238E-03 5.115E-05 4.224E-09 1.136E-06 3.875E+13 2.211E+07 6.415E-01 5.192E-07 8.243E-08 4.542E-09 1.943E-09 2.730E-11 3.899E-13 3.330E-09 1.671E-09 1.006E-17 7.392E-24 9.827E-15 4.374E-08 5.439E-09 2.378E-06 6.152E-09 4.372E-13
   5.450E+06 9.743E+01 4.023E+15 9.470E-01 1.100E+04 4.768E+04 8.363E-10 4.915E-09 2.710E-06 3.236E-03 5.118E-05 3.662E-09 1.009E-06 3.207E+13 1.972E+07 6.151E-01 5.237E-07 8.535E-08 4.903E-09 2.039E-09 2.699E-11 3.058E-13 5.439E-09 1.578E-09 6.061E-18 2.516E-24 5.878E-15 5.604E-08 8.864E-09 2.504E-06 4.476E-09 3.078E-13
   5.550E+06 8.045E+01 3.324E+15 6.727E-01 8.660E+03 3.482E+04 9.430E-10 5.541E-09 2.956E-06 3.234E-03 5.121E-05 3.240E-09 8.814E-07 2.654E+13 1.719E+07 6.048E-01 5.279E-07 8.822E-08 5.172E-09 2.082E-09 2.657E-11 2.277E-13 8.864E-09 1.421E-09 3.510E-18 7.828E-25 3.289E-15 7.350E-08 1.448E-08 2.628E-06 3.266E-09 2.100E-13
   5.650E+06 6.642E+01 2.747E+15 4.877E-01 6.647E+03 2.612E+04 1.091E-09 6.246E-09 3.189E-06 3.231E-03 5.124E-05 2.943E-09 7.587E-07 2.196E+13 1.458E+07 6.163E-01 5.319E-07 9.103E-08 5.309E-09 2.062E-09 2.605E-11 1.595E-13 1.448E-08 1.214E-09 1.968E-18 2.173E-25 1.710E-15 9.953E-08 2.385E-08 2.746E-06 2.397E-09 1.381E-13
   5.750E+06 5.484E+01 2.270E+15 3.684E-01 4.990E+03 2.015E+04 1.345E-09 7.045E-09 3.408E-06 3.227E-03 5.127E-05 2.751E-09 6.449E-07 1.817E+13 1.205E+07 6.624E-01 5.357E-07 9.378E-08 5.309E-09 1.986E-09 2.542E-11 1.051E-13 2.385E-08 9.917E-10 1.086E-18-6.090E-27 8.301E-16 1.396E-07 4.190E-08 2.853E-06 1.778E-09 8.669E-14
   5.850E+06 4.526E+01 1.876E+15 2.933E-01 3.666E+03 1.551E+04 1.817E-09 7.951E-09 3.612E-06 3.223E-03 5.129E-05 2.566E-09 5.409E-07 1.503E+13 1.049E+07 7.606E-01 5.394E-07 9.647E-08 5.590E-09 1.988E-09 2.467E-11 6.791E-14 4.190E-08 7.929E-10 6.164E-19-4.920E-25 3.901E-16 1.984E-07 1.047E-07 2.945E-06 1.331E-09 5.032E-14
   5.950E+06 3.736E+01 1.550E+15 2.856E-01 2.583E+03 2.059E+04 2.670E-09 8.977E-09 3.802E-06 3.217E-03 5.131E-05 4.128E-09 4.383E-07 1.243E+13 7.004E+06 1.105E+00 5.428E-07 9.910E-08 4.518E-09 1.571E-09 2.384E-11 2.317E-14 1.047E-07 4.781E-10 2.957E-19-8.129E-26 1.252E-16 5.308E-07 2.452E-07 3.015E-06 1.005E-09 2.506E-14
   6.050E+06 3.082E+01 1.281E+15 4.704E-01 1.727E+03 7.941E+04 4.107E-09 1.013E-08 3.978E-06 3.211E-03 5.133E-05 1.930E-08 3.389E-07 1.028E+13 1.473E+06 2.847E+00 5.461E-07 1.017E-07 1.149E-09 3.961E-10 2.289E-11 1.575E-15 2.452E-07 1.688E-10 4.272E-20-1.105E-26 3.035E-17 4.562E-06 3.763E-07 3.043E-06 7.679E-10 1.063E-14
   6.150E+06 2.542E+01 1.059E+15 6.731E-01 1.145E+03 1.744E+05 6.353E-09 1.143E-08 4.142E-06 3.205E-03 5.135E-05 5.139E-08 2.611E-07 8.488E+12 5.007E+05 6.397E+00 5.491E-07 1.041E-07 4.730E-10 1.197E-10 2.184E-11 3.558E-16 3.763E-07 5.946E-11 9.898E-21-1.469E-27 7.785E-18 1.970E-05 4.823E-07 3.054E-06 5.942E-10 4.372E-15
   6.250E+06 2.097E+01 8.745E+14 7.377E-01 7.603E+02 2.559E+05 9.645E-09 1.286E-08 4.297E-06 3.199E-03 5.137E-05 9.148E-08 2.023E-07 7.001E+12 2.445E+05 1.095E+01 5.521E-07 1.065E-07 2.796E-10 4.781E-11 2.075E-11 2.230E-16 4.823E-07 2.181E-11 5.424E-21-2.616E-28 2.123E-18 5.255E-05 5.643E-07 3.058E-06 4.657E-10 1.900E-15
   6.350E+06 1.729E+01 7.223E+14 6.879E-01 5.086E+02 3.031E+05 1.425E-08 1.445E-08 4.447E-06 3.192E-03 5.140E-05 1.315E-07 1.584E-07 5.765E+12 1.372E+05 1.578E+01 5.548E-07 1.089E-07 1.899E-10 2.238E-11 1.965E-11 1.703E-16 5.643E-07 8.390E-12 3.500E-21-2.502E-28 6.173E-19 1.085E-04 6.275E-07 3.060E-06 3.702E-10 9.345E-16
   6.450E+06 1.425E+01 5.963E+14 5.793E-01 3.429E+02 3.131E+05 2.046E-08 1.617E-08 4.592E-06 3.186E-03 5.142E-05 1.648E-07 1.252E-07 4.736E+12 8.099E+04 2.034E+01 5.574E-07 1.111E-07 1.358E-10 1.160E-11 1.856E-11 1.332E-16 6.275E-07 3.374E-12 2.286E-21-7.825E-29 1.903E-19 1.917E-04 6.766E-07 3.061E-06 2.981E-10 5.432E-16
   6.550E+06 1.174E+01 4.920E+14 4.562E-01 2.328E+02 2.932E+05 2.865E-08 1.804E-08 4.735E-06 3.182E-03 5.144E-05 1.872E-07 9.993E-08 3.880E+12 4.859E+04 2.431E+01 5.598E-07 1.132E-07 9.876E-11 6.446E-12 1.748E-11 1.040E-16 6.766E-07 1.409E-12 1.483E-21-1.950E-29 6.168E-20 3.049E-04 7.150E-07 3.062E-06 2.428E-10 3.767E-16
   6.650E+06 9.673E+00 4.058E+14 3.440E-01 1.592E+02 2.541E+05 3.917E-08 2.006E-08 4.878E-06 3.179E-03 5.146E-05 1.970E-07 8.046E-08 3.172E+12 2.921E+04 2.760E+01 5.620E-07 1.152E-07 7.198E-11 3.784E-12 1.641E-11 8.088E-17 7.150E-07 6.107E-13 9.559E-22-4.499E-30 2.099E-20 4.489E-04 7.452E-07 3.063E-06 1.999E-10 3.033E-16
   6.750E+06 7.969E+00 3.346E+14 2.534E-01 1.099E+02 2.071E+05 5.243E-08 2.222E-08 5.021E-06 3.176E-03 5.147E-05 1.949E-07 6.539E-08 2.586E+12 1.749E+04 3.033E+01 5.641E-07 1.171E-07 5.226E-11 2.319E-12 1.537E-11 6.268E-17 7.452E-07 2.746E-13 6.130E-22-1.018E-30 7.486E-21 6.229E-04 7.693E-07 3.064E-06 1.664E-10 2.709E-16
   6.850E+06 6.564E+00 2.756E+14 1.849E-01 7.640E+01 1.597E+05 6.887E-08 2.453E-08 5.167E-06 3.176E-03 5.149E-05 1.825E-07 5.365E-08 2.103E+12 1.037E+04 3.275E+01 5.659E-07 1.189E-07 3.763E-11 1.469E-12 1.438E-11 4.839E-17 7.693E-07 1.280E-13 3.904E-22-2.335E-31 2.796E-21 8.255E-04 7.888E-07 3.066E-06 1.401E-10 2.583E-16
   6.950E+06 5.408E+00 2.269E+14 1.357E-01 5.359E+01 1.176E+05 8.907E-08 2.695E-08 5.314E-06 3.181E-03 5.150E-05 1.630E-07 4.445E-08 1.705E+12 6.091E+03 3.525E+01 5.676E-07 1.205E-07 2.685E-11 9.567E-13 1.343E-11 3.726E-17 7.888E-07 6.187E-14 2.472E-22-6.261E-32 1.097E-21 1.055E-03 8.047E-07 3.067E-06 1.193E-10 2.566E-16
   7.050E+06 4.457E+00 1.868E+14 1.014E-01 3.796E+01 8.354E+04 1.138E-07 2.949E-08 5.465E-06 3.185E-03 5.151E-05 1.404E-07 3.720E-08 1.380E+12 3.550E+03 3.827E+01 5.691E-07 1.220E-07 1.901E-11 6.375E-13 1.255E-11 2.867E-17 8.047E-07 3.099E-14 1.565E-22-6.082E-32 4.691E-22 1.307E-03 8.179E-07 3.069E-06 1.027E-10 2.618E-16
   7.150E+06 3.674E+00 1.537E+14 7.782E-02 2.717E+01 5.736E+04 1.441E-07 3.216E-08 5.617E-06 3.193E-03 5.152E-05 1.169E-07 3.147E-08 1.114E+12 2.052E+03 4.219E+01 5.705E-07 1.234E-07 1.335E-11 4.330E-13 1.174E-11 2.207E-17 8.179E-07 1.616E-14 9.887E-23-2.537E-31 2.623E-22 1.581E-03 8.294E-07 3.072E-06 8.936E-11 2.717E-16
   7.250E+06 3.031E+00 1.264E+14 6.117E-02 1.953E+01 3.836E+04 1.814E-07 3.504E-08 5.773E-06 3.207E-03 5.152E-05 9.467E-08 2.677E-08 8.968E+11 1.174E+03 4.748E+01 5.717E-07 1.246E-07 9.294E-12 2.969E-13 1.098E-11 1.695E-17 8.294E-07 8.636E-15 6.217E-23-1.263E-30 9.050E-23 1.884E-03 8.399E-07 3.074E-06 7.829E-11 2.855E-16
   7.350E+06 2.502E+00 1.039E+14 4.901E-02 1.402E+01 2.526E+04 2.281E-07 3.829E-08 5.929E-06 3.222E-03 5.153E-05 7.546E-08 2.275E-08 7.196E+11 6.670E+02 5.451E+01 5.728E-07 1.257E-07 6.419E-12 2.041E-13 1.024E-11 1.300E-17 8.399E-07 4.636E-15 3.898E-23-6.299E-30 2.136E-23 2.229E-03 8.498E-07 3.078E-06 6.866E-11 3.026E-16
   7.450E+06 2.067E+00 8.549E+13 3.985E-02 1.004E+01 1.639E+04 2.867E-07 4.216E-08 6.086E-06 3.239E-03 5.154E-05 5.919E-08 1.930E-08 5.752E+11 3.762E+02 6.361E+01 5.737E-07 1.267E-07 4.401E-12 1.406E-13 9.539E-12 9.949E-18 8.498E-07 2.493E-15 2.439E-23-3.101E-29 6.621E-24 2.620E-03 8.591E-07 3.082E-06 6.024E-11 3.225E-16
   7.550E+06 1.709E+00 7.031E+13 3.269E-02 7.174E+00 1.044E+04 3.600E-07 4.693E-08 6.240E-06 3.260E-03 5.154E-05 4.557E-08 1.635E-08 4.578E+11 2.107E+02 7.504E+01 5.745E-07 1.275E-07 2.996E-12 9.711E-14 8.887E-12 7.609E-18 8.591E-07 1.344E-15 1.522E-23-1.499E-28 2.810E-24 3.056E-03 8.682E-07 3.087E-06 5.288E-11 3.440E-16
   7.650E+06 1.415E+00 5.786E+13 2.687E-02 5.116E+00 6.556E+03 4.501E-07 5.280E-08 6.392E-06 3.283E-03 5.154E-05 3.451E-08 1.384E-08 3.629E+11 1.174E+02 8.876E+01 5.751E-07 1.282E-07 2.028E-12 6.730E-14 8.288E-12 5.827E-18 8.682E-07 7.264E-16 9.503E-24-7.087E-28 2.725E-24 3.537E-03 8.770E-07 3.093E-06 4.646E-11 3.658E-16
   7.750E+06 1.173E+00 4.766E+13 2.195E-02 3.646E+00 4.062E+03 5.573E-07 5.985E-08 6.538E-06 3.307E-03 5.155E-05 2.578E-08 1.170E-08 2.867E+11 6.521E+01 1.043E+02 5.757E-07 1.288E-07 1.368E-12 4.685E-14 7.747E-12 4.476E-18 8.770E-07 3.940E-16 5.955E-24-3.259E-27 1.193E-24 4.060E-03 8.857E-07 3.100E-06 4.087E-11 3.866E-16
   7.850E+06 9.734E-01 3.928E+13 1.771E-02 2.595E+00 2.480E+03 6.802E-07 6.799E-08 6.677E-06 3.333E-03 5.155E-05 1.895E-08 9.895E-09 2.256E+11 3.616E+01 1.210E+02 5.761E-07 1.293E-07 9.204E-13 3.276E-14 7.264E-12 3.450E-18 8.857E-07 2.146E-16 3.743E-24-1.447E-26 3.578E-25 4.621E-03 8.945E-07 3.109E-06 3.601E-11 4.052E-16
   7.950E+06 8.090E-01 3.241E+13 1.404E-02 1.847E+00 1.495E+03 8.154E-07 7.696E-08 6.808E-06 3.359E-03 5.155E-05 1.373E-08 8.373E-09 1.769E+11 2.006E+01 1.378E+02 5.765E-07 1.298E-07 6.189E-13 2.302E-14 6.838E-12 2.671E-18 8.945E-07 1.175E-16 2.364E-24-6.151E-26 2.620E-25 5.215E-03 9.033E-07 3.119E-06 3.179E-11 4.205E-16
   8.050E+06 6.733E-01 2.678E+13 1.091E-02 1.316E+00 8.920E+02 9.581E-07 8.642E-08 6.928E-06 3.385E-03 5.155E-05 9.840E-09 7.095E-09 1.384E+11 1.118E+01 1.535E+02 5.768E-07 1.301E-07 4.174E-13 1.627E-14 6.466E-12 2.080E-18 9.033E-07 6.474E-17 1.503E-24-2.463E-25 5.865E-26 5.837E-03 9.124E-07 3.131E-06 2.813E-11 4.317E-16
   8.150E+06 5.612E-01 2.215E+13 8.328E-03 9.388E-01 5.269E+02 1.103E-06 9.600E-08 7.036E-06 3.411E-03 5.155E-05 6.973E-09 6.024E-09 1.080E+11 6.279E+00 1.672E+02 5.770E-07 1.304E-07 2.835E-13 1.156E-14 6.145E-12 1.630E-18 9.124E-07 3.594E-17 9.684E-25-9.064E-25 2.919E-26 6.482E-03 9.219E-07 3.144E-06 2.496E-11 4.384E-16
   8.250E+06 4.684E-01 1.834E+13 6.247E-03 6.713E-01 3.086E+02 1.247E-06 1.054E-07 7.133E-06 3.437E-03 5.156E-05 4.895E-09 5.130E-09 8.410E+10 3.578E+00 1.783E+02 5.772E-07 1.306E-07 1.951E-13 8.262E-15 5.869E-12 1.285E-18 9.219E-07 2.013E-17 6.177E-25-2.911E-24 1.330E-26 7.145E-03 9.318E-07 3.161E-06 2.223E-11 4.407E-16
   8.350E+06 3.916E-01 1.521E+13 4.622E-03 4.817E-01 1.797E+02 1.385E-06 1.145E-07 7.219E-06 3.463E-03 5.156E-05 3.410E-09 4.386E-09 6.544E+10 2.085E+00 1.865E+02 5.774E-07 1.308E-07 1.370E-13 5.939E-15 5.636E-12 1.019E-18 9.318E-07 1.139E-17 3.932E-25-7.024E-24 6.110E-27 7.824E-03 9.424E-07 3.180E-06 1.987E-11 4.386E-16
   8.450E+06 3.278E-01 1.263E+13 3.382E-03 3.470E-01 1.039E+02 1.515E-06 1.230E-07 7.293E-06 3.490E-03 5.156E-05 2.357E-09 3.768E-09 5.087E+10 1.254E+00 1.920E+02 5.775E-07 1.309E-07 9.928E-14 4.293E-15 5.442E-12 8.137E-19 9.424E-07 6.523E-18 2.598E-25-3.024E-24 2.838E-27 8.520E-03 9.538E-07 3.201E-06 1.785E-11 4.325E-16
   8.550E+06 2.749E-01 1.050E+13 2.457E-03 2.514E-01 5.981E+01 1.635E-06 1.310E-07 7.357E-06 3.516E-03 5.156E-05 1.620E-09 3.255E-09 3.955E+10 7.881E-01 1.949E+02 5.776E-07 1.310E-07 7.508E-14 3.120E-15 5.284E-12 6.537E-19 9.538E-07 3.786E-18 1.720E-25-6.817E-25 1.334E-27 9.234E-03 9.662E-07 3.226E-06 1.611E-11 4.230E-16
   8.650E+06 2.309E-01 8.731E+12 1.777E-03 1.831E-01 3.426E+01 1.745E-06 1.383E-07 7.411E-06 3.545E-03 5.156E-05 1.107E-09 2.830E-09 3.076E+10 5.231E-01 1.956E+02 5.777E-07 1.311E-07 5.992E-14 2.279E-15 5.157E-12 5.280E-19 9.662E-07 2.231E-18 1.146E-25 1.475E-24 6.360E-28 9.969E-03 9.797E-07 3.255E-06 1.462E-11 4.105E-16
   8.750E+06 1.943E-01 7.251E+12 1.281E-03 1.340E-01 1.934E+01 1.843E-06 1.449E-07 7.457E-06 3.582E-03 5.156E-05 7.447E-10 2.478E-09 2.389E+10 3.693E-01 1.946E+02 5.778E-07 1.312E-07 5.093E-14 1.669E-15 5.059E-12 4.271E-19 9.797E-07 1.335E-18 7.799E-26 7.092E-24 3.081E-28 1.073E-02 9.942E-07 3.287E-06 1.334E-11 3.957E-16
   8.850E+06 1.640E-01 6.024E+12 9.226E-04 9.868E-02 1.084E+01 1.930E-06 1.507E-07 7.495E-06 3.618E-03 5.156E-05 4.972E-10 2.185E-09 1.857E+10 2.785E-01 1.923E+02 5.778E-07 1.312E-07 4.623E-14 1.227E-15 4.984E-12 3.466E-19 9.942E-07 8.135E-19 9.994E-27-8.759E-23 1.520E-28 1.153E-02 1.010E-06 3.323E-06 1.225E-11 3.790E-16
   8.950E+06 1.388E-01 5.010E+12 6.664E-04 7.327E-02 6.011E+00 2.004E-06 1.557E-07 7.526E-06 3.630E-03 5.156E-05 3.305E-10 1.943E-09 1.447E+10 2.233E-01 1.890E+02 5.778E-07 1.313E-07 4.457E-14 9.061E-16 4.928E-12 2.821E-19 1.010E-06 5.049E-19 2.409E-26-2.111E-23 7.648E-29 1.236E-02 1.026E-06 3.362E-06 1.131E-11 3.611E-16
   9.050E+06 1.178E-01 4.151E+12 4.815E-04 5.458E-02 3.238E+00 2.067E-06 1.600E-07 7.552E-06 3.639E-03 5.156E-05 2.143E-10 1.741E-09 1.125E+10 1.897E-01 1.854E+02 5.779E-07 1.313E-07 4.569E-14 6.688E-16 4.886E-12 2.284E-19 1.026E-06 3.193E-19 3.472E-26 7.671E-24 3.936E-29 1.324E-02 1.044E-06 3.403E-06 1.049E-11 3.423E-16
   9.150E+06 1.005E-01 3.439E+12 3.495E-04 4.094E-02 1.721E+00 2.120E-06 1.636E-07 7.573E-06 3.647E-03 5.156E-05 1.373E-10 1.572E-09 8.757E+09 1.697E-01 1.815E+02 5.779E-07 1.313E-07 4.935E-14 4.946E-16 4.853E-12 1.846E-19 1.044E-06 2.058E-19 2.468E-26 1.113E-23 2.075E-29 1.416E-02 1.061E-06 3.445E-06 9.790E-12 3.233E-16
   9.250E+06 8.613E-02 2.858E+12 2.557E-04 3.102E-02 9.196E-01 2.164E-06 1.666E-07 7.589E-06 3.654E-03 5.156E-05 8.805E-11 1.430E-09 6.857E+09 1.587E-01 1.773E+02 5.779E-07 1.314E-07 5.551E-14 3.679E-16 4.825E-12 1.495E-19 1.061E-06 1.354E-19 1.037E-26 9.568E-25 1.125E-29 1.514E-02 1.078E-06 3.488E-06 9.174E-12 3.044E-16
   9.350E+06 7.422E-02 2.368E+12 1.878E-04 2.357E-02 4.781E-01 2.200E-06 1.692E-07 7.603E-06 3.664E-03 5.156E-05 5.511E-11 1.309E-09 5.366E+09 1.589E-01 1.736E+02 5.779E-07 1.314E-07 6.710E-14 2.730E-16 4.800E-12 1.200E-19 1.078E-06 9.076E-20 5.754E-27-7.058E-26 6.277E-30 1.616E-02 1.094E-06 3.528E-06 8.626E-12 2.859E-16
   9.450E+06 6.434E-02 1.964E+12 1.388E-04 1.803E-02 2.462E-01 2.230E-06 1.715E-07 7.614E-06 3.675E-03 5.156E-05 3.411E-11 1.205E-09 4.215E+09 1.737E-01 1.702E+02 5.779E-07 1.314E-07 8.842E-14 2.029E-16 4.776E-12 9.594E-20 1.094E-06 6.215E-20 3.308E-27-1.840E-26 3.618E-30 1.724E-02 1.108E-06 3.564E-06 8.134E-12 2.683E-16
   9.550E+06 5.613E-02 1.639E+12 1.038E-04 1.394E-02 1.287E-01 2.254E-06 1.734E-07 7.622E-06 3.686E-03 5.156E-05 2.131E-11 1.115E-09 3.340E+09 2.063E-01 1.667E+02 5.779E-07 1.314E-07 1.258E-13 1.519E-16 4.752E-12 7.704E-20 1.108E-06 4.365E-20 1.997E-27-9.432E-27 2.165E-30 1.835E-02 1.120E-06 3.594E-06 7.684E-12 2.516E-16
   9.650E+06 4.929E-02 1.366E+12 7.787E-05 1.080E-02 6.602E-02 2.274E-06 1.751E-07 7.629E-06 3.699E-03 5.156E-05 1.306E-11 1.036E-09 2.651E+09 2.854E-01 1.637E+02 5.779E-07 1.314E-07 2.088E-13 1.135E-16 4.729E-12 6.131E-20 1.120E-06 3.162E-20 1.208E-27-5.339E-27 1.353E-30 1.950E-02 1.130E-06 3.616E-06 7.265E-12 2.362E-16
   9.750E+06 4.358E-02 1.142E+12 5.882E-05 8.409E-03 3.369E-02 2.290E-06 1.766E-07 7.635E-06 3.711E-03 5.156E-05 7.951E-12 9.647E-10 2.115E+09 4.523E-01 1.611E+02 5.780E-07 1.314E-07 3.962E-13 8.484E-17 4.706E-12 4.860E-20 1.130E-06 2.396E-20 7.337E-28-2.729E-27 8.946E-31 2.068E-02 1.135E-06 3.628E-06 6.868E-12 2.219E-16
   9.850E+06 3.879E-02 9.623E+11 4.493E-05 6.616E-03 1.768E-02 2.303E-06 1.781E-07 7.639E-06 3.714E-03 5.156E-05 4.946E-12 9.000E-10 1.707E+09 7.414E-01 1.585E+02 5.780E-07 1.314E-07 7.705E-13 6.401E-17 4.684E-12 3.884E-20 1.135E-06 1.942E-20 4.501E-28-1.539E-27 6.392E-31 2.188E-02 1.137E-06 3.629E-06 6.487E-12 2.089E-16
   9.950E+06 3.476E-02 8.123E+11 3.439E-05 5.216E-03 9.613E-03 2.310E-06 1.343E-07 7.643E-06 3.717E-03 5.156E-05 3.184E-12 8.401E-10 1.383E+09 1.311E+00 1.559E+02 5.780E-07 1.314E-07 1.615E-12 4.825E-17 4.663E-12 3.090E-20 1.137E-06 1.718E-20 2.733E-28-9.595E-28 5.040E-31 2.308E-02 0.000E+00 3.617E-06 6.116E-12 1.972E-16
