  #        0         1         2         3         4         5         6         7         8         9        10        11        12        13        14        15        16        17        18        19        20        21        22        23        24        25        26        27        28        29        30        31        32        33        34        35        36        37        38        39        40        41        42        43        44        45        46        47        48        49        50        51        52
      53        54        55
 #Z(km)    DENTOT   H2CO      O         H2O       OH        HO2       H2O2      O3        H         H2        CH4       CO        CH3OOH    CH3O2     N2O       NO        NO2       HNO2      HNO3      HO2NO2    NO3       N2O5      CL2O2     CH3CL     HOCL      CL        CLO       HCL       CLONO2    O2        H2S       HS        SO        SO2       H2SO4     HSO       CO2       SO4AER    CH21      CH23      O1D       CH3       H3CO      HCO       N         NOCL      CLONO     CLO2      CL2       S         SO21      SO23      HSO3    
SO3       S2        N2      
    0.5  2.428E+19 3.902E+09 8.694E+03 2.736E+17 1.220E+06 2.646E+08 2.730E+10 3.671E+11 1.565E+00 1.336E+13 3.885E+13 2.185E+12 2.224E+10 1.590E+08 7.285E+12 6.320E+07 1.843E+08 3.559E+05 1.572E+09 4.083E+06 1.271E+05 7.129E+02 2.220E-03 1.214E+10 5.148E+06 1.367E+02 3.161E+05 1.319E+08 1.049E+07 5.099E+17 6.293E+07 2.306E+02 1.031E+01 7.819E+08 4.881E+07 3.848E+06 9.713E+15 1.880E+09 0.000E+00 0.000E+00 3.813E-03 3.772E-01 1.693E+02 2.718E-02 1.029-117 2.599E+01 3.137E+02 1.775E-01 1.326E+00 5.993E-13 1.618E-04 1.180E-03 4.384E-03
    5.6  0.000E+00 2.376E+19
    1.5  2.201E+19 3.675E+09 1.394E+03 1.536E+17 1.243E+06 2.354E+08 2.552E+10 3.957E+11 1.917E-01 1.211E+13 3.513E+13 1.811E+12 1.977E+10 1.307E+08 6.603E+12 7.684E+07 2.000E+08 4.324E+05 2.178E+09 9.594E+06 1.303E+05 1.419E+03 4.654E-03 1.083E+10 4.896E+06 1.690E+02 3.239E+05 1.715E+08 1.194E+07 3.640E+18 5.968E+07 1.189E+02 2.056E+00 1.260E+09 8.660E+07 2.597E+06 8.906E+15 2.076E+09 0.000E+00 0.000E+00 4.759E-03 4.101E-02 2.486E+01 3.730E-03 2.961E-79 3.493E+01 3.803E+02 1.944E+00 1.453E+00 2.222E-14 3.170E-04 2.302E-03 1.047E-03
   16.5  0.000E+00 1.837E+19
    2.5  1.991E+19 3.293E+09 1.462E+03 8.247E+16 1.294E+06 2.083E+08 2.278E+10 4.369E+11 1.540E-01 1.097E+13 3.171E+13 1.505E+12 1.636E+10 1.057E+08 5.972E+12 9.185E+07 2.173E+08 5.272E+05 2.846E+09 2.343E+07 1.377E+05 3.046E+03 1.069E-02 9.657E+09 4.594E+06 2.007E+02 3.417E+05 2.075E+08 1.279E+07 4.057E+18 5.751E+07 1.080E+02 2.247E+00 1.601E+09 1.216E+08 2.471E+06 8.145E+15 2.588E+09 0.000E+00 0.000E+00 6.166E-03 2.896E-02 2.249E+01 3.136E-03 1.514E-54 4.469E+01 4.500E+02 3.228E+00 1.524E+00 1.646E-14 4.825E-04 3.491E-03 1.292E-03
   41.0  0.000E+00 1.585E+19
    3.5  1.797E+19 2.787E+09 1.829E+03 4.041E+16 1.309E+06 1.773E+08 1.866E+10 4.805E+11 1.451E-01 9.901E+12 2.856E+13 1.255E+12 1.223E+10 7.998E+07 5.387E+12 1.109E+08 2.356E+08 6.303E+05 3.369E+09 5.719E+07 1.417E+05 6.965E+03 2.471E-02 8.608E+09 4.153E+06 2.303E+02 3.556E+05 2.296E+08 1.334E+07 3.762E+18 5.671E+07 1.074E+02 2.951E+00 1.846E+09 1.482E+08 2.614E+06 7.427E+15 3.145E+09 0.000E+00 0.000E+00 7.811E-03 2.371E-02 2.293E+01 2.929E-03 1.422E-39 5.606E+01 5.176E+02 4.351E+00 1.498E+00 1.753E-14 6.594E-04 4.759E-03 1.695E-03
   98.7  0.000E+00 1.420E+19
    4.5  1.606E+19 2.279E+09 2.365E+03 2.254E+16 1.389E+06 1.530E+08 1.416E+10 5.140E+11 1.506E-01 8.854E+12 2.549E+13 1.043E+12 8.434E+09 6.239E+07 4.813E+12 1.325E+08 2.574E+08 7.695E+05 3.653E+09 1.088E+08 1.468E+05 1.413E+04 4.668E-02 7.615E+09 3.722E+06 2.621E+02 3.719E+05 2.369E+08 1.342E+07 3.371E+18 5.650E+07 1.157E+02 4.024E+00 2.007E+09 1.667E+08 2.802E+06 6.703E+15 3.613E+09 0.000E+00 0.000E+00 9.662E-03 2.228E-02 2.361E+01 2.804E-03 3.006E-30 6.812E+01 5.887E+02 5.262E+00 1.463E+00 2.273E-14 8.485E-04 6.111E-03 2.228E-03
  204.1  0.000E+00 1.268E+19
    5.5  1.437E+19 1.763E+09 2.948E+03 1.110E+16 1.389E+06 1.246E+08 1.012E+10 5.376E+11 1.475E-01 7.930E+12 2.279E+13 8.745E+11 5.448E+09 4.478E+07 4.308E+12 1.545E+08 2.635E+08 8.691E+05 3.699E+09 2.176E+08 1.371E+05 2.746E+04 9.435E-02 6.761E+09 3.122E+06 2.872E+02 3.736E+05 2.353E+08 1.262E+07 3.018E+18 5.819E+07 1.226E+02 5.553E+00 2.122E+09 1.739E+08 3.039E+06 6.056E+15 3.970E+09 0.000E+00 0.000E+00 1.140E-02 1.902E-02 2.275E+01 2.447E-03 6.796E-24 7.876E+01 6.119E+02 6.407E+00 1.292E+00 2.860E-14 1.051E-03 7.557E-03 2.718E-03
  440.7  0.000E+00 1.135E+19
    6.5  1.288E+19 1.252E+09 3.526E+03 4.713E+15 1.262E+06 9.525E+07 6.885E+09 5.490E+11 1.313E-01 7.112E+12 2.041E+13 7.403E+11 3.380E+09 3.020E+07 3.861E+12 1.610E+08 2.310E+08 8.032E+05 3.529E+09 3.971E+08 1.121E+05 4.630E+04 2.271E-01 6.022E+09 2.523E+06 2.963E+02 3.772E+05 2.280E+08 1.078E+07 2.706E+18 6.174E+07 1.231E+02 7.458E+00 2.194E+09 1.664E+08 3.317E+06 5.472E+15 4.191E+09 0.000E+00 0.000E+00 1.281E-02 1.416E-02 1.948E+01 1.855E-03 1.475E-19 7.754E+01 5.201E+02 7.743E+00 1.037E+00 3.695E-14 1.262E-03 9.063E-03 2.980E-03
  986.2  0.000E+00 1.017E+19
    7.5  1.152E+19 8.356E+08 4.134E+03 1.847E+15 1.081E+06 7.042E+07 4.515E+09 5.482E+11 1.114E-01 6.360E+12 1.823E+13 6.297E+11 2.040E+09 1.987E+07 3.450E+12 1.558E+08 1.840E+08 6.504E+05 3.241E+09 5.580E+08 8.590E+04 7.208E+04 5.698E-01 5.356E+09 1.979E+06 2.930E+02 3.802E+05 2.171E+08 8.529E+06 2.419E+18 6.498E+07 1.173E+02 9.469E+00 2.191E+09 1.475E+08 3.527E+06 4.924E+15 4.262E+09 0.000E+00 0.000E+00 1.393E-02 9.864E-03 1.550E+01 1.292E-03 1.829E-16 6.809E+01 3.866E+02 9.066E+00 7.765E-01 1.859E-13 1.461E-03 1.047E-02 2.991E-03
 2178.9  0.000E+00 9.092E+18
    8.5  1.026E+19 5.534E+08 4.789E+03 6.465E+14 9.436E+05 5.107E+07 2.893E+09 5.391E+11 9.723E-02 5.669E+12 1.624E+13 5.376E+11 1.198E+09 1.256E+07 3.074E+12 1.598E+08 1.530E+08 5.682E+05 2.943E+09 6.169E+08 6.702E+04 1.350E+05 1.350E+00 4.754E+09 1.465E+06 2.956E+02 3.643E+05 2.046E+08 6.642E+06 2.155E+18 6.427E+07 1.080E+02 1.165E+01 2.077E+09 1.255E+08 3.482E+06 4.410E+15 4.200E+09 0.000E+00 0.000E+00 1.480E-02 6.950E-03 1.258E+01 9.064E-04 4.808E-14 6.469E+01 3.057E+02 1.096E+01 5.615E-01 2.833E-12 1.600E-03 1.146E-02 2.918E-03
 5214.6  0.000E+00 8.103E+18
    9.5  9.294E+18 3.651E+08 5.130E+03 1.082E+14 9.014E+05 3.473E+07 1.855E+09 5.365E+11 8.858E-02 5.135E+12 1.470E+13 4.684E+11 6.848E+08 6.461E+06 2.783E+12 1.949E+08 1.369E+08 6.719E+05 2.736E+09 5.790E+08 5.823E+04 3.547E+05 6.111E+00 4.291E+09 1.038E+06 3.436E+02 3.273E+05 1.958E+08 5.481E+06 1.952E+18 5.651E+07 9.626E+01 1.710E+01 1.851E+09 1.073E+08 3.022E+06 4.006E+15 4.125E+09 0.000E+00 0.000E+00 1.455E-02 4.311E-03 1.086E+01 6.400E-04 6.970E-12 8.854E+01 3.147E+02 2.000E+01 4.448E-01 3.027E-11 1.617E-03 1.157E-02 3.083E-03
 ******  0.000E+00 7.338E+18
   10.5  8.515E+18 2.268E+08 5.272E+03 5.694E+12 9.528E+05 2.175E+07 1.108E+09 5.541E+11 8.545E-02 4.706E+12 1.345E+13 4.101E+11 3.513E+08 2.647E+06 2.548E+12 2.717E+08 1.281E+08 1.041E+06 2.635E+09 4.602E+08 6.155E+04 6.264E+05 3.848E+01 3.915E+09 7.303E+05 4.680E+02 2.925E+05 1.928E+08 4.862E+06 1.788E+18 2.937E+07 5.513E+01 2.215E+01 1.365E+09 8.543E+07 1.726E+06 3.670E+15 4.088E+09 0.000E+00 0.000E+00 1.354E-02 2.372E-03 9.553E+00 4.317E-04 7.352E-10 1.696E+02 4.156E+02 5.694E+01 4.118E-01 1.976E-10 1.332E-03 9.526E-03 3.149E-03
 ******  0.000E+00 6.723E+18
   14.5  4.453E+18 3.974E+07 4.315E+04 1.941E+13 3.719E+05 2.460E+06 1.105E+07 1.219E+12 3.814E-02 2.455E+12 6.877E+12 1.339E+11 3.350E+06 2.736E+05 1.303E+12 5.111E+08 4.291E+08 5.100E+05 4.444E+09 1.971E+08 5.049E+04 2.395E+06 3.253E+01 1.902E+09 8.539E+04 4.247E+02 3.193E+05 2.385E+08 1.000E+07 9.353E+17 1.984E+05 8.882E-02 1.470E-01 1.089E+08 2.483E+06 1.351E+04 1.920E+15 2.561E+09 0.000E+00 0.000E+00 6.382E-02 1.255E-03 3.065E+00 1.135E-04 1.278E-05 1.506E+02 7.280E+02 2.702E+01 4.815E-02 1.486E-08 2.176E-04 1.551E-03 1.586E-04
 3442.3  0.000E+00 3.516E+18
   18.5  2.279E+18 2.484E+07 3.991E+05 1.058E+13 3.868E+05 2.531E+06 4.905E+06 2.663E+12 4.506E-02 1.228E+12 3.203E+12 3.410E+10 9.858E+05 1.776E+05 6.003E+11 5.853E+08 1.273E+09 3.490E+05 8.826E+09 3.000E+08 2.443E+05 2.922E+07 2.157E+02 7.690E+08 3.136E+05 8.730E+02 1.327E+06 2.720E+08 5.811E+07 4.786E+17 2.044E+02 4.727E-05 5.496E-02 3.406E+06 5.747E+04 6.905E+00 9.825E+14 9.042E+08 0.000E+00 0.000E+00 3.597E-01 2.607E-03 3.725E+00 1.478E-04 2.694E-03 1.732E+02 2.342E+03 1.945E+01 3.235E-01 3.484E-08 1.430E-05 1.014E-04 7.059E-06
  151.1  0.000E+00 1.799E+18
   22.5  1.209E+18 2.331E+07 1.935E+06 6.107E+12 7.592E+05 5.763E+06 1.766E+07 3.431E+12 1.307E-01 6.202E+11 1.461E+12 1.235E+10 1.776E+06 2.075E+05 2.643E+11 5.316E+08 1.560E+09 3.602E+05 9.391E+09 3.494E+08 4.787E+05 5.904E+07 1.347E+03 2.869E+08 2.207E+06 1.936E+03 4.328E+06 1.735E+08 1.167E+08 2.538E+17 1.064E-01 4.243E-08 3.099E-02 1.070E+05 2.988E+03 2.161E-03 5.212E+14 2.959E+08 0.000E+00 0.000E+00 1.289E+00 7.446E-03 7.151E+00 3.277E-04 1.315E-01 1.819E+02 3.689E+03 2.059E+01 4.807E+00 2.255E-08 9.568E-07 6.723E-06 5.919E-07
   11.8  3.013-314 9.543E+17
   26.5  6.419E+17 2.438E+07 7.818E+06 3.525E+12 1.957E+06 1.538E+07 8.011E+07 3.473E+12 7.076E-01 3.065E+11 6.434E+11 5.882E+09 3.763E+06 2.895E+05 1.085E+11 5.111E+08 1.673E+09 4.875E+05 6.881E+09 2.894E+08 6.664E+05 5.812E+07 2.839E+03 9.860E+07 1.118E+07 3.677E+03 9.014E+06 7.437E+07 1.167E+08 1.348E+17 1.906E-05 2.228E-11 9.030E-03 3.727E+03 7.861E+03 3.174E-07 2.769E+14 1.052E+08 0.000E+00 0.000E+00 4.531E+00 2.885E-02 1.667E+01 1.023E-03 2.603E+00 1.679E+02 4.469E+03 1.680E+01 4.582E+01 8.339E-09 7.620E-08 5.278E-07 6.752E-08
    1.3  2.798E-01 5.068E+17
   30.5  3.450E+17 2.065E+07 2.765E+07 2.054E+12 4.719E+06 2.715E+07 1.692E+08 2.891E+12 6.180E+00 1.487E+11 2.721E+11 2.984E+09 3.562E+06 2.823E+05 4.040E+10 6.542E+08 1.891E+09 8.113E+05 3.778E+09 1.481E+08 6.773E+05 3.330E+07 2.557E+03 3.002E+07 2.363E+07 7.687E+03 1.239E+07 3.103E+07 6.934E+07 7.244E+16 4.522E-10 1.287E-13 2.165E-03 1.624E+02 6.058E+03 4.640E-10 1.488E+14 3.569E+07 0.000E+00 0.000E+00 1.575E+01 1.084E-01 3.587E+01 2.954E-03 3.542E+01 2.195E+02 5.411E+03 1.537E+01 2.011E+02 2.538E-09 8.287E-09 5.628E-08 8.587E-09
    0.2  9.527E-12 2.724E+17
   34.5  1.853E+17 1.358E+07 8.101E+07 1.191E+12 1.024E+07 2.867E+07 1.072E+08 1.622E+12 8.824E+01 6.971E+10 1.065E+11 1.509E+09 1.406E+06 2.245E+05 1.301E+10 9.088E+08 1.579E+09 1.257E+06 1.466E+09 3.220E+07 4.101E+05 6.626E+06 1.479E+03 7.366E+06 2.466E+07 2.358E+04 1.551E+07 2.041E+07 2.134E+07 3.891E+16 5.573E-12 4.585E-13 3.201E-03 6.910E+01 3.267E+03 3.499E-10 7.997E+13 1.078E+07 1.316-188 6.557-186 4.257E+01 3.934E-01 6.381E+01 6.969E-03 2.213E+02 4.190E+02 5.856E+03 1.774E+01 6.440E+02 5.099E-09 9.773E-09 6.465E-08 8.409E-09
    0.1  1.849E-04 1.463E+17
   38.5  1.042E+17 6.188E+06 1.768E+08 7.115E+11 1.860E+07 1.883E+07 2.788E+07 6.763E+11 9.855E+02 3.451E+10 4.056E+10 7.980E+08 2.922E+05 1.285E+05 3.970E+09 1.139E+09 7.378E+08 1.622E+06 3.908E+08 3.094E+06 1.196E+05 4.021E+05 7.884E+02 1.485E+06 1.317E+07 7.514E+04 1.518E+07 1.712E+07 3.151E+06 2.187E+16 1.063E-11 2.384E-12 1.064E-02 7.966E+01 1.793E+03 3.612E-10 4.496E+13 3.024E+06 3.431-107 1.710-104 7.587E+01 8.588E-01 8.105E+01 9.752E-03 9.036E+02 8.054E+02 4.036E+03 2.992E+01 1.087E+03 1.720E-08 2.868E-08 1.839E-07 1.943E-08
    0.3  7.399E-01 8.227E+16
   42.5  6.077E+16 2.169E+06 3.825E+08 4.298E+11 2.748E+07 1.384E+07 1.110E+07 2.924E+11 8.685E+03 1.981E+10 1.587E+10 4.540E+08 8.042E+04 6.488E+04 1.252E+09 9.968E+08 1.726E+08 1.386E+06 6.045E+07 2.294E+05 2.632E+04 1.111E+04 2.485E+02 2.793E+05 5.803E+06 1.458E+05 9.942E+06 1.287E+07 2.093E+05 1.276E+16 2.628E-11 1.148E-11 4.801E-02 1.018E+02 9.881E+02 3.605E-10 2.622E+13 7.931E+05 1.682E-60 8.385E-58 1.328E+02 1.030E+00 8.232E+01 8.276E-03 2.798E+03 7.639E+02 1.067E+03 5.840E+01 9.026E+02 4.826E-08 8.016E-08 4.936E-07 5.029E-08
    0.7  1.444E-07 4.799E+16
   46.5  3.415E+16 8.742E+05 7.884E+08 2.437E+11 2.634E+07 1.158E+07 7.209E+06 1.206E+11 5.191E+04 1.319E+10 6.461E+09 3.041E+08 4.420E+04 3.944E+04 4.000E+08 5.903E+08 2.583E+07 4.868E+05 4.669E+06 1.610E+04 4.264E+03 1.590E+02 2.227E+01 5.880E+04 1.701E+06 1.853E+05 4.121E+06 1.036E+07 5.924E+03 7.168E+15 8.427E-11 4.624E-11 1.678E-01 1.231E+02 4.881E+02 5.137E-10 1.473E+13 1.744E+05 1.089E-33 5.430E-31 1.822E+02 1.141E+00 6.850E+01 5.810E-03 4.866E+03 3.159E+02 1.156E+02 6.412E+01 3.306E+02 1.179E-07 1.973E-07 1.138E-06 7.482E-08
    1.0  1.667E-05 2.697E+16
   50.5  1.871E+16 3.590E+05 1.154E+09 1.319E+11 1.912E+07 8.274E+06 4.180E+06 4.389E+10 1.779E+05 9.764E+09 2.847E+09 2.493E+08 2.590E+04 2.316E+04 1.315E+08 2.953E+08 3.804E+06 1.058E+05 3.083E+05 1.113E+03 5.270E+02 1.893E+00 9.472E-01 1.620E+04 3.176E+05 1.761E+05 1.152E+06 7.337E+06 1.294E+02 3.927E+15 1.302E-10 8.942E-11 4.102E-01 1.132E+02 2.206E+02 9.888E-10 8.065E+12 2.975E+04 8.629E-19 4.303E-16 1.615E+02 1.105E+00 4.733E+01 3.355E-03 6.889E+03 8.319E+01 9.185E+00 4.991E+01 5.884E+01 2.114E-07 3.420E-07 1.775E-06 6.234E-08
    0.8  1.214E+00 1.478E+16
   54.5  9.966E+15 1.370E+05 1.322E+09 6.840E+10 1.253E+07 5.425E+06 2.128E+06 1.356E+10 4.637E+05 7.163E+09 1.320E+09 2.565E+08 1.368E+04 1.266E+04 4.449E+07 1.371E+08 6.829E+05 1.811E+04 2.231E+04 8.472E+01 6.152E+01 2.517E-02 2.020E-02 5.847E+03 4.136E+04 1.224E+05 2.272E+05 4.394E+06 2.537E+00 2.091E+15 1.092E-10 1.001E-10 6.778E-01 8.151E+01 9.540E+01 1.811E-09 4.292E+12 3.632E+03 9.338E-11 4.658E-08 1.035E+02 1.025E+00 2.755E+01 1.724E-03 8.693E+03 1.453E+01 6.293E-01 2.353E+01 5.651E+00 2.961E-07 4.373E-07 1.930E-06 3.385E-08
    0.5  2.552E-01 7.871E+15
   58.5  5.246E+15 4.599E+04 1.292E+09 3.474E+10 9.047E+06 3.938E+06 1.246E+06 3.740E+09 1.177E+06 5.021E+09 6.281E+08 2.878E+08 6.427E+03 6.079E+03 1.567E+07 6.188E+07 1.752E+05 3.277E+03 2.280E+03 9.572E+00 8.904E+00 5.706E-04 2.989E-04 2.536E+03 5.301E+03 7.028E+04 3.680E+04 2.406E+06 6.098E-02 1.101E+15 8.826E-11 1.029E-10 9.131E-01 5.092E+01 4.144E+01 3.298E-09 2.258E+12 2.953E+02 1.608E-06 8.020E-04 5.548E+01 8.968E-01 1.495E+01 8.413E-04 1.050E+04 2.037E+00 5.080E-02 9.140E+00 4.863E-01 3.592E-07 4.522E-07 1.608E-06 1.746E-08
    0.2  1.328E+11 4.143E+15
   62.5  2.698E+15 4.744E+04 1.109E+09 1.711E+10 7.909E+06 3.502E+06 9.991E+05 8.467E+08 3.393E+06 3.314E+09 2.938E+08 2.970E+08 2.668E+03 2.517E+03 5.527E+06 2.732E+07 6.792E+04 6.618E+02 3.657E+02 1.771E+00 1.687E+00 2.320E-05 3.074E-06 1.182E+03 7.247E+02 3.694E+04 5.132E+03 1.252E+06 1.806E-03 5.659E+14 1.059E-10 1.319E-10 8.828E-01 2.888E+01 1.809E+01 5.488E-09 1.160E+12 1.366E+01 2.487E-04 1.241E-01 2.460E+01 8.452E-01 7.651E+00 1.489E-03 1.132E+04 2.449E-01 5.393E-03 2.634E+00 4.358E-02 4.025E-07 3.927E-07 1.086E-06 9.077E-09
    0.1 -1.638E+00 2.131E+15
   66.5  1.381E+15 1.823E+05 7.766E+08 8.313E+09 9.697E+06 4.359E+06 1.364E+06 1.504E+08 1.143E+07 2.123E+09 1.348E+08 2.832E+08 1.037E+03 9.037E+02 1.929E+06 1.240E+07 4.465E+04 1.891E+02 1.239E+02 6.826E-01 4.651E-01 2.176E-06 2.537E-08 5.727E+02 1.320E+02 1.811E+04 6.472E+02 6.436E+05 8.118E-05 2.897E+14 2.812E-10 3.041E-10 5.978E-01 1.570E+01 8.135E+00 9.030E-09 5.932E+11 2.997E-01 3.078E-03 1.537E+00 8.974E+00 1.019E+00 4.781E+00 1.233E-02 9.473E+03 2.792E-02 8.915E-04 6.611E-01 4.438E-03 4.359E-07 2.937E-07 6.403E-07 6.141E-09
    0.1 -5.007E-02 1.091E+15
   70.5  7.076E+14 2.865E+05 6.688E+08 3.961E+09 1.070E+07 4.541E+06 1.271E+06 3.042E+07 4.078E+07 1.358E+09 5.974E+07 2.577E+08 3.475E+02 3.068E+02 6.220E+05 5.917E+06 1.895E+04 5.132E+01 3.112E+01 1.551E-01 9.353E-02 1.151E-07 2.258E-10 2.833E+02 1.948E+01 9.552E+03 8.472E+01 3.296E+05 2.626E-06 1.484E+14 5.197E-10 6.288E-10 3.687E-01 8.356E+00 3.756E+00 1.133E-08 3.035E+11 2.139E-03 1.017E-02 5.078E+00 5.032E+00 1.257E+00 3.046E+00 4.011E-02 6.807E+03 3.600E-03 1.024E-04 1.786E-01 4.782E-04 4.670E-07 1.933E-07 3.496E-07 3.646E-09
    0.1  1.476E-04 5.590E+14
   74.5  3.629E+14 3.257E+05 2.622E+09 1.801E+09 3.037E+06 1.172E+06 2.698E+05 2.241E+07 1.545E+08 8.564E+08 2.537E+07 2.257E+08 8.354E+01 5.147E+01 1.728E+05 2.872E+06 7.384E+02 3.758E+00 3.048E+00 3.165E-03 3.932E-03 8.276E-10 1.079E-12 1.418E+02 3.288E-01 4.924E+03 7.972E+00 1.689E+05 1.135E-08 7.605E+13 7.075E-11 2.657E-10 5.927E-01 4.018E+00 1.762E+00 9.152E-09 1.553E+11 1.378E-06 1.669E-02 8.338E+00 8.181E+00 1.750E-01 3.660E-01 5.597E-02 1.077E+04 4.622E-04 1.062E-06 4.718E-02 4.177E-05 4.538E-07 1.058E-07 1.686E-07 5.012E-10
    0.0  2.120E-04 2.866E+14
   78.5  1.862E+14 1.623E+05 8.272E+09 7.720E+08 3.527E+05 1.111E+05 1.091E+05 1.783E+07 1.690E+08 5.396E+08 9.982E+06 1.954E+08 2.063E+01 2.104E+01 4.037E+04 1.331E+06 1.661E+01 1.034E-01 6.133E-01 8.207E-05 6.172E-05 1.157E-11 1.254E-14 7.108E+01 1.462E-03 3.068E+03 1.228E+00 8.602E+04 6.779E-12 3.900E+13 4.324E-12 2.429E-11 8.943E-01 1.532E+00 8.200E-01 2.550E-09 7.940E+10 1.504E-12 1.813E-02 9.064E+00 1.242E+01 1.946E-02 7.791E-02 7.630E-02 2.000E+04 6.853E-05 7.670E-09 1.508E-02 7.990E-06 3.470E-07 4.340E-08 6.406E-08 2.218E-11
    0.0  7.710E+05 1.471E+14
   82.5  9.839E+13 5.728E+04 1.759E+10 3.087E+08 7.012E+04 1.612E+04 3.005E+04 1.177E+07 1.854E+08 3.260E+08 3.781E+06 1.648E+08 3.303E+00 5.300E+00 5.779E+03 5.942E+05 1.131E+00 5.359E-03 7.744E-02 7.667E-06 2.575E-06 4.766E-13 5.149E-16 3.668E+01 3.091E-05 2.789E+03 3.206E-01 4.416E+04-1.588E-13 2.058E+13 8.790E-13 3.117E-12 8.205E-01 4.832E-01 3.879E-01 6.430E-10 4.167E+10 6.112E-24 1.554E-02 7.783E+00 1.522E+01 3.970E-03 2.086E-02 6.675E-02 2.597E+04 1.570E-05 2.726E-10 1.237E-02 5.950E-06 2.114E-07 1.423E-08 2.014E-08 1.708E-12
    0.0  8.322E-01 7.777E+13
   86.5  4.999E+13 1.278E+04 4.277E+10 1.081E+08 1.186E+04 1.505E+03 3.222E+03 8.534E+06 1.628E+08 1.722E+08 1.325E+06 1.214E+08 3.316E-01 1.032E+00 4.897E+02 2.358E+05 1.462E-01 1.977E-04 4.486E-03 2.312E-07 1.851E-07 2.413E-14 2.392E-17 1.810E+01 3.805E-07 2.802E+03 9.127E-02 2.093E+04-1.671E-12 1.041E+13 3.966E-14 1.365E-13 5.393E-01 1.267E-01 1.731E-01 7.795E-11 2.091E+10 1.662E-46 1.174E-02 5.911E+00 2.935E+01 1.085E-03 3.717E-03 4.865E-02 3.012E+04 3.323E-06 1.902E-11 9.062E-03 4.376E-06 1.108E-07 3.814E-09 5.268E-09 7.777E-14
    0.0  0.000E+00 3.956E+13
   90.5  2.442E+13 2.686E+03 7.069E+10 3.499E+07 1.833E+03 1.405E+02 2.163E+02 3.751E+06 1.058E+08 8.476E+07 4.407E+05 7.904E+07 2.784E-02 3.038E-01 3.823E+01 8.779E+04 2.558E-02 5.524E-06 1.709E-04 2.595E-09 1.593E-08 3.847E-14 5.163E-19 8.474E+00 4.442E-09 2.196E+03 1.924E-02 9.282E+03-1.972E-17 5.039E+12 5.479E-16 5.536E-15 2.856E-01 3.550E-02 7.145E-02 7.963E-12 9.986E+09 2.442E-87 8.346E-03 4.253E+00 1.019E+02 7.526E-04 5.180E-04 3.128E-02 3.196E+04 4.696E-07 1.260E-12 3.164E-03 1.197E-06 6.462E-08 1.081E-09 1.474E-09 2.408E-15
    0.0  0.000E+00 1.937E+13
   94.5  1.182E+13 6.278E+02 8.311E+10 1.124E+07 2.626E+02 1.532E+01 1.332E+01 1.049E+06 5.870E+07 4.100E+07 1.478E+05 4.812E+07 2.372E-03 1.166E-01 4.352E+00 3.348E+04 4.636E-03 1.365E-07 6.180E-06 9.897E-12 1.339E-09 5.932E-15 5.778E-21 3.823E+00 5.897E-11 1.396E+03 3.086E-03 4.049E+03 3.202E-20 2.392E+12 3.899E-18 2.955E-16 1.374E-01 1.076E-02 2.694E-02 8.799E-13 4.621E+09 1.182E-87 5.892E-03 3.077E+00 2.903E+02 6.107E-04 6.994E-05 1.894E-02 3.020E+04 5.243E-08 6.608E-14 6.229E-04 1.498E-07 4.146E-08 3.297E-10 4.466E-10 5.911E-17
    0.0  1.221E-06 9.425E+12
   98.5  5.848E+12 1.894E+02 8.191E+10 3.900E+06 3.919E+01 1.921E+00 1.031E+00 2.447E+05 3.061E+07 2.009E+07 5.385E+04 2.858E+07 2.605E-04 4.852E-02 9.269E-01 1.441E+04 9.699E-04 4.062E-09 2.786E-07 1.511E-13 1.325E-10 1.469E-16 4.789E-23 1.639E+00 9.146E-13 7.565E+02 4.185E-04 1.814E+03 3.617E-22 1.140E+12 2.606E-20 1.924E-17 6.132E-02 3.215E-03 8.432E-03 1.034E-13 2.065E+09 5.848E-88 4.382E-03 2.398E+00 6.353E+02 4.937E-04 1.231E-05 1.126E-02 2.620E+04 5.765E-09 3.491E-15 1.074E-04 1.400E-08 2.608E-08 9.877E-11 1.334E-10 1.471E-18
    0.0  0.000E+00 4.706E+12
