
     Z         PRESS      DEN     ProOH1    ProOH25    ProO3D    PO2D       PO2      PH2O      PO3D      PH2O2     FO3      FH2O      NumO2      NumOH      NumO1D     PN2O     PCH3CL
   5.000E+04 9.529E+05 2.445E+19 2.374E+05 8.285E-26 2.642E+06 0.000E+00 1.676E-41 3.629E-43 5.193E-06 2.272E-06 2.081E-08 9.337E-03 7.803E+18 2.613E+06 3.152E-03 5.746E-39 1.304E-42
   1.500E+05 8.434E+05 2.206E+19 1.731E+05 6.086E-23 2.824E+06 0.000E+00 7.897E-39 4.456E-40 5.590E-06 2.451E-06 2.290E-08 6.190E-03 7.040E+18 2.176E+06 3.826E-03 3.972E-36 4.895E-39
   2.500E+05 7.448E+05 1.981E+19 1.282E+05 3.786E-20 3.017E+06 0.000E+00 3.394E-36 4.535E-37 5.912E-06 2.607E-06 2.576E-08 4.214E-03 6.321E+18 2.114E+06 4.616E-03 2.478E-33 9.103E-36
   3.500E+05 6.562E+05 1.781E+19 8.172E+04 1.359E-17 3.179E+06 0.000E+00 1.088E-33 3.040E-34 6.070E-06 2.743E-06 2.941E-08 2.511E-03 5.683E+18 2.057E+06 5.468E-03 1.078E-30 8.126E-33
   4.500E+05 5.766E+05 1.600E+19 4.713E+04 5.111E-15 3.289E+06 0.000E+00 2.396E-31 2.303E-31 6.115E-06 2.860E-06 3.361E-08 1.387E-03 5.107E+18 2.008E+06 6.319E-03 3.114E-28 4.407E-30
   5.500E+05 5.052E+05 1.437E+19 2.392E+04 1.309E-11 3.310E+06 0.000E+00 4.181E-29 1.308E-27 6.044E-06 2.963E-06 3.810E-08 6.964E-04 4.587E+18 1.902E+06 7.067E-03 1.387E-25 9.362E-27
   6.500E+05 4.410E+05 1.290E+19 1.062E+04 3.958E-09 3.236E+06 0.000E+00 8.245E-27 9.715E-25 5.878E-06 3.051E-06 4.268E-08 3.159E-04 4.116E+18 1.663E+06 7.651E-03 7.006E-23 6.525E-24
   7.500E+05 3.836E+05 1.155E+19 4.082E+03 1.888E-07 3.071E+06 0.000E+00 7.936E-25 1.275E-22 5.619E-06 3.128E-06 4.732E-08 1.282E-04 3.686E+18 1.349E+06 8.035E-03 8.847E-21 8.518E-22
   8.500E+05 3.322E+05 1.031E+19 1.347E+03 2.524E-06 2.849E+06 0.000E+00 3.076E-23 5.355E-21 5.303E-06 3.194E-06 5.209E-08 4.572E-05 3.290E+18 1.079E+06 8.257E-03 3.731E-19 3.583E-20
   9.500E+05 2.865E+05 9.157E+18 3.743E+02 1.298E-05 2.611E+06 0.000E+00 6.231E-22 1.019E-19 4.970E-06 3.250E-06 5.737E-08 1.391E-05 2.922E+18 8.621E+05 8.422E-03 7.321E-18 6.876E-19
   1.050E+06 2.460E+05 8.072E+18 6.996E+01 2.438E-05 2.458E+06 0.000E+00 8.446E-21 1.090E-18 4.654E-06 3.299E-06 6.542E-08 2.770E-06 2.576E+18 6.531E+05 8.897E-03 8.424E-17 7.510E-18
   1.150E+06 2.105E+05 7.050E+18 7.375E+01 1.490E-04 2.596E+06 0.000E+00 8.907E-20 7.625E-18 4.437E-06 3.341E-06 8.300E-08 2.772E-06 2.250E+18 4.363E+05 1.067E-02 6.798E-16 5.491E-17
   1.250E+06 1.796E+05 6.113E+18 9.248E+01 6.613E-04 3.257E+06 0.000E+00 7.597E-19 3.897E-17 4.313E-06 3.377E-06 1.235E-07 2.776E-06 1.951E+18 2.488E+05 1.533E-02 4.391E-15 3.054E-16
   1.350E+06 1.529E+05 5.276E+18 1.317E+02 2.333E-03 4.631E+06 0.000E+00 5.224E-18 1.588E-16 4.218E-06 3.409E-06 2.081E-07 2.785E-06 1.684E+18 1.633E+05 2.510E-02 2.439E-14 1.423E-15
   1.450E+06 1.299E+05 4.534E+18 1.915E+02 7.053E-03 6.707E+06 0.000E+00 2.913E-17 5.553E-16 4.165E-06 3.438E-06 3.552E-07 2.801E-06 1.447E+18 1.375E+05 4.208E-02 1.190E-13 5.919E-15
   1.550E+06 1.102E+05 3.875E+18 2.676E+02 1.927E-02 9.307E+06 0.000E+00 1.340E-16 1.761E-15 4.200E-06 3.466E-06 5.718E-07 2.824E-06 1.237E+18 1.339E+05 6.810E-02 5.075E-13 2.245E-14
   1.650E+06 9.348E+04 3.284E+18 3.636E+02 4.887E-02 1.251E+07 0.000E+00 5.181E-16 5.213E-15 4.405E-06 3.495E-06 8.647E-07 2.854E-06 1.048E+18 1.417E+05 1.080E-01 1.883E-12 7.733E-14
   1.750E+06 7.934E+04 2.763E+18 4.839E+02 1.157E-01 1.641E+07 0.000E+00 1.716E-15 1.449E-14 4.816E-06 3.526E-06 1.233E-06 2.892E-06 8.817E+17 1.589E+05 1.691E-01 6.091E-12 2.395E-13
   1.850E+06 6.745E+04 2.323E+18 6.285E+02 2.566E-01 2.096E+07 0.000E+00 4.975E-15 3.764E-14 5.376E-06 3.561E-06 1.679E-06 2.936E-06 7.412E+17 1.830E+05 2.583E-01 1.737E-11 6.664E-13
   1.950E+06 5.744E+04 1.957E+18 7.977E+02 5.333E-01 2.614E+07 0.000E+00 1.290E-14 9.130E-14 6.073E-06 3.602E-06 2.199E-06 2.985E-06 6.245E+17 2.139E+05 3.839E-01 4.444E-11 1.681E-12
   2.050E+06 4.900E+04 1.654E+18 9.931E+02 1.041E+00 3.194E+07 0.000E+00 3.047E-14 2.073E-13 6.930E-06 3.649E-06 2.786E-06 3.037E-06 5.279E+17 2.530E+05 5.574E-01 1.036E-10 3.888E-12
   2.150E+06 4.186E+04 1.401E+18 1.224E+03 1.918E+00 3.862E+07 0.000E+00 6.663E-14 4.428E-13 8.010E-06 3.704E-06 3.442E-06 3.091E-06 4.471E+17 3.035E+05 7.987E-01 2.232E-10 8.335E-12
   2.250E+06 3.581E+04 1.189E+18 1.500E+03 3.346E+00 4.645E+07 0.000E+00 1.363E-13 8.946E-13 9.383E-06 3.771E-06 4.165E-06 3.147E-06 3.793E+17 3.695E+05 1.136E+00 4.489E-10 1.672E-11
   2.350E+06 3.067E+04 1.010E+18 1.838E+03 5.562E+00 5.584E+07 1.001-168 2.636E-13 1.719E-12 1.118E-05 3.851E-06 4.950E-06 3.204E-06 3.221E+17 4.570E+05 1.614E+00 8.504E-10 3.162E-11
   2.450E+06 2.631E+04 8.583E+17 2.242E+03 8.847E+00 6.682E+07 3.240-149 4.847E-13 3.160E-12 1.345E-05 3.948E-06 5.788E-06 3.262E-06 2.739E+17 5.713E+05 2.281E+00 1.527E-09 5.675E-11
   2.550E+06 2.260E+04 7.306E+17 2.721E+03 1.353E+01 7.954E+07 1.602-131 8.527E-13 5.575E-12 1.634E-05 4.067E-06 6.662E-06 3.322E-06 2.331E+17 7.200E+05 3.201E+00 2.615E-09 9.711E-11
   2.650E+06 1.944E+04 6.230E+17 3.284E+03 1.997E+01 9.417E+07 2.907-116 1.442E-12 9.477E-12 2.002E-05 4.213E-06 7.550E-06 3.383E-06 1.988E+17 9.125E+05 4.461E+00 4.284E-09 1.591E-10
   2.750E+06 1.675E+04 5.321E+17 3.935E+03 2.852E+01 1.107E+08 4.371-103 2.351E-12 1.556E-11 2.472E-05 4.395E-06 8.415E-06 3.445E-06 1.698E+17 1.160E+06 6.162E+00 6.739E-09 2.502E-10
   2.850E+06 1.445E+04 4.551E+17 4.674E+03 3.943E+01 1.290E+08 1.081E-91 3.707E-12 2.470E-11 3.076E-05 4.622E-06 9.214E-06 3.508E-06 1.452E+17 1.477E+06 8.423E+00 1.020E-08 3.787E-10
   2.950E+06 1.248E+04 3.898E+17 5.500E+03 5.282E+01 1.489E+08 7.887E-82 5.662E-12 3.793E-11 3.854E-05 4.905E-06 9.910E-06 3.572E-06 1.244E+17 1.874E+06 1.139E+01 1.487E-08 5.522E-10
   3.050E+06 1.079E+04 3.342E+17 6.390E+03 6.853E+01 1.697E+08 2.785E-73 8.390E-12 5.638E-11 4.857E-05 5.255E-06 1.045E-05 3.638E-06 1.066E+17 2.363E+06 1.519E+01 2.091E-08 7.768E-10
   3.150E+06 9.342E+03 2.868E+17 7.308E+03 8.612E+01 1.904E+08 7.264E-66 1.208E-11 8.109E-11 6.145E-05 5.684E-06 1.081E-05 3.704E-06 9.149E+16 2.951E+06 1.994E+01 2.839E-08 1.055E-09
   3.250E+06 8.100E+03 2.462E+17 8.204E+03 1.048E+02 2.097E+08 2.015E-59 1.690E-11 1.130E-10 7.787E-05 6.203E-06 1.094E-05 3.770E-06 7.853E+16 3.639E+06 2.569E+01 3.727E-08 1.386E-09
   3.350E+06 7.034E+03 2.116E+17 9.026E+03 1.238E+02 2.265E+08 8.100E-54 2.301E-11 1.525E-10 9.851E-05 6.822E-06 1.087E-05 3.835E-06 6.749E+16 4.430E+06 3.242E+01 4.736E-08 1.765E-09
   3.450E+06 6.118E+03 1.820E+17 9.725E+03 1.420E+02 2.397E+08 6.164E-49 3.052E-11 2.001E-10 1.242E-04 7.548E-06 1.061E-05 3.900E-06 5.807E+16 5.323E+06 4.004E+01 5.839E-08 2.182E-09
   3.550E+06 5.329E+03 1.568E+17 1.028E+04 1.588E+02 2.490E+08 1.115E-44 3.950E-11 2.555E-10 1.557E-04 8.384E-06 1.020E-05 3.963E-06 5.003E+16 6.321E+06 4.847E+01 7.002E-08 2.627E-09
   3.650E+06 4.649E+03 1.354E+17 1.069E+04 1.734E+02 2.549E+08 5.837E-41 4.994E-11 3.185E-10 1.945E-04 9.336E-06 9.681E-06 4.022E-06 4.318E+16 7.430E+06 5.771E+01 8.192E-08 3.091E-09
   3.750E+06 4.062E+03 1.170E+17 1.099E+04 1.854E+02 2.581E+08 1.065E-37 6.174E-11 3.887E-10 2.427E-04 1.041E-05 9.088E-06 4.077E-06 3.733E+16 8.666E+06 6.788E+01 9.376E-08 3.564E-09
   3.850E+06 3.554E+03 1.013E+17 1.120E+04 1.948E+02 2.597E+08 7.839E-35 7.472E-11 4.658E-10 3.039E-04 1.160E-05 8.432E-06 4.127E-06 3.232E+16 1.005E+07 7.917E+01 1.053E-07 4.040E-09
   3.950E+06 3.114E+03 8.784E+16 1.135E+04 2.015E+02 2.599E+08 2.594E-32 8.853E-11 5.496E-10 3.825E-04 1.293E-05 7.736E-06 4.174E-06 2.802E+16 1.157E+07 9.177E+01 1.163E-07 4.513E-09
   4.050E+06 2.733E+03 7.626E+16 1.142E+04 2.058E+02 2.586E+08 4.290E-30 1.028E-10 6.402E-10 4.823E-04 1.438E-05 7.031E-06 4.214E-06 2.433E+16 1.318E+07 1.056E+02 1.266E-07 4.980E-09
   4.150E+06 2.401E+03 6.631E+16 1.136E+04 2.081E+02 2.547E+08 3.881E-28 1.170E-10 7.384E-10 6.044E-04 1.594E-05 6.355E-06 4.250E-06 2.115E+16 1.474E+07 1.200E+02 1.361E-07 5.440E-09
   4.250E+06 2.113E+03 5.778E+16 1.114E+04 2.092E+02 2.478E+08 2.067E-26 1.309E-10 8.458E-10 7.464E-04 1.757E-05 5.747E-06 4.280E-06 1.843E+16 1.608E+07 1.345E+02 1.449E-07 5.896E-09
   4.350E+06 1.862E+03 5.044E+16 1.074E+04 2.094E+02 2.374E+08 6.943E-25 1.443E-10 9.646E-10 9.031E-04 1.923E-05 5.212E-06 4.304E-06 1.609E+16 1.705E+07 1.481E+02 1.530E-07 6.350E-09
   4.450E+06 1.642E+03 4.415E+16 1.019E+04 2.095E+02 2.241E+08 1.546E-23 1.569E-10 1.098E-09 1.068E-03 2.089E-05 4.753E-06 4.321E-06 1.408E+16 1.763E+07 1.601E+02 1.606E-07 6.807E-09
   4.550E+06 1.450E+03 3.872E+16 9.479E+03 2.097E+02 2.078E+08 2.405E-22 1.689E-10 1.250E-09 1.234E-03 2.248E-05 4.347E-06 4.333E-06 1.235E+16 1.778E+07 1.697E+02 1.676E-07 7.271E-09
   4.650E+06 1.281E+03 3.405E+16 8.682E+03 2.104E+02 1.899E+08 2.711E-21 1.802E-10 1.423E-09 1.397E-03 2.399E-05 3.993E-06 4.340E-06 1.086E+16 1.760E+07 1.766E+02 1.742E-07 7.747E-09
   4.750E+06 1.132E+03 3.000E+16 7.820E+03 2.115E+02 1.710E+08 2.302E-20 1.909E-10 1.624E-09 1.551E-03 2.539E-05 3.674E-06 4.341E-06 9.568E+15 1.714E+07 1.806E+02 1.805E-07 8.238E-09
   4.850E+06 1.001E+03 2.649E+16 6.941E+03 2.132E+02 1.518E+08 1.519E-19 2.012E-10 1.856E-09 1.693E-03 2.667E-05 3.386E-06 4.338E-06 8.446E+15 1.648E+07 1.818E+02 1.864E-07 8.747E-09
   4.950E+06 8.852E+02 2.342E+16 6.086E+03 2.155E+02 1.334E+08 8.007E-19 2.111E-10 2.125E-09 1.822E-03 2.782E-05 3.124E-06 4.331E-06 7.468E+15 1.569E+07 1.806E+02 1.921E-07 9.276E-09
   5.050E+06 7.829E+02 2.073E+16 5.273E+03 2.181E+02 1.159E+08 3.463E-18 2.207E-10 2.436E-09 1.938E-03 2.883E-05 2.884E-06 4.319E-06 6.610E+15 1.482E+07 1.772E+02 1.976E-07 9.827E-09
   5.150E+06 6.922E+02 1.838E+16 4.535E+03 2.211E+02 1.000E+08 1.251E-17 2.300E-10 2.795E-09 2.039E-03 2.972E-05 2.668E-06 4.304E-06 5.861E+15 1.392E+07 1.724E+02 2.029E-07 1.040E-08
   5.250E+06 6.118E+02 1.630E+16 3.859E+03 2.241E+02 8.550E+07 3.883E-17 2.394E-10 3.208E-09 2.128E-03 3.050E-05 2.466E-06 4.287E-06 5.196E+15 1.300E+07 1.660E+02 2.080E-07 1.100E-08
   5.350E+06 5.406E+02 1.447E+16 3.271E+03 2.276E+02 7.285E+07 1.047E-16 2.486E-10 3.686E-09 2.203E-03 3.117E-05 2.284E-06 4.266E-06 4.615E+15 1.211E+07 1.590E+02 2.130E-07 1.162E-08
   5.450E+06 4.773E+02 1.285E+16 2.748E+03 2.310E+02 6.155E+07 2.529E-16 2.580E-10 4.237E-09 2.268E-03 3.175E-05 2.112E-06 4.244E-06 4.096E+15 1.124E+07 1.511E+02 2.179E-07 1.227E-08
   5.550E+06 4.211E+02 1.141E+16 2.298E+03 2.351E+02 5.181E+07 5.541E-16 2.675E-10 4.881E-09 2.323E-03 3.225E-05 1.955E-06 4.219E-06 3.639E+15 1.041E+07 1.428E+02 2.226E-07 1.294E-08
   5.650E+06 3.712E+02 1.014E+16 1.910E+03 2.397E+02 4.336E+07 1.128E-15 2.774E-10 5.641E-09 2.368E-03 3.267E-05 1.806E-06 4.193E-06 3.231E+15 9.628E+06 1.342E+02 2.272E-07 1.364E-08
   5.750E+06 3.270E+02 8.995E+15 1.577E+03 2.455E+02 3.608E+07 2.171E-15 2.880E-10 6.551E-09 2.407E-03 3.303E-05 1.666E-06 4.165E-06 2.868E+15 8.895E+06 1.255E+02 2.318E-07 1.437E-08
   5.850E+06 2.877E+02 7.991E+15 1.300E+03 2.531E+02 2.999E+07 3.950E-15 2.990E-10 7.657E-09 2.438E-03 3.334E-05 1.539E-06 4.136E-06 2.547E+15 8.231E+06 1.170E+02 2.362E-07 1.514E-08
   5.950E+06 2.528E+02 7.091E+15 1.065E+03 2.625E+02 2.477E+07 6.886E-15 3.112E-10 9.017E-09 2.464E-03 3.360E-05 1.418E-06 4.105E-06 2.260E+15 7.621E+06 1.086E+02 2.405E-07 1.594E-08
   6.050E+06 2.219E+02 6.286E+15 8.665E+02 2.740E+02 2.033E+07 1.149E-14 3.247E-10 1.070E-08 2.485E-03 3.381E-05 1.302E-06 4.074E-06 2.004E+15 7.070E+06 1.002E+02 2.448E-07 1.680E-08
   6.150E+06 1.945E+02 5.573E+15 7.026E+02 2.878E+02 1.664E+07 1.818E-14 3.397E-10 1.278E-08 2.502E-03 3.400E-05 1.194E-06 4.041E-06 1.776E+15 6.586E+06 9.209E+01 2.491E-07 1.771E-08
   6.250E+06 1.702E+02 4.934E+15 5.655E+02 3.033E+02 1.352E+07 2.750E-14 3.567E-10 1.534E-08 2.515E-03 3.416E-05 1.090E-06 4.007E-06 1.573E+15 6.159E+06 8.417E+01 2.533E-07 1.868E-08
   6.350E+06 1.487E+02 4.362E+15 4.518E+02 3.198E+02 1.091E+07 4.122E-14 3.765E-10 1.845E-08 2.526E-03 3.429E-05 9.904E-07 3.973E-06 1.390E+15 5.788E+06 7.647E+01 2.574E-07 1.972E-08
   6.450E+06 1.298E+02 3.852E+15 3.581E+02 3.364E+02 8.739E+06 6.088E-14 3.990E-10 2.218E-08 2.534E-03 3.440E-05 8.954E-07 3.937E-06 1.228E+15 5.469E+06 6.904E+01 2.616E-07 2.083E-08
   6.550E+06 1.131E+02 3.397E+15 2.814E+02 3.525E+02 6.943E+06 9.397E-14 4.248E-10 2.660E-08 2.540E-03 3.449E-05 8.048E-07 3.901E-06 1.082E+15 5.199E+06 6.191E+01 2.658E-07 2.202E-08
   6.650E+06 9.832E+01 2.991E+15 2.192E+02 3.677E+02 5.468E+06 1.664E-13 4.542E-10 3.183E-08 2.544E-03 3.458E-05 7.187E-07 3.862E-06 9.530E+14 4.971E+06 5.512E+01 2.699E-07 2.329E-08
   6.750E+06 8.536E+01 2.629E+15 1.689E+02 3.831E+02 4.265E+06 3.531E-13 4.877E-10 3.812E-08 2.547E-03 3.464E-05 6.370E-07 3.823E-06 8.378E+14 4.790E+06 4.867E+01 2.741E-07 2.464E-08
   6.850E+06 7.398E+01 2.308E+15 1.286E+02 4.016E+02 3.287E+06 8.367E-13 5.258E-10 4.602E-08 2.549E-03 3.470E-05 5.588E-07 3.781E-06 7.353E+14 4.662E+06 4.251E+01 2.783E-07 2.607E-08
   6.950E+06 6.400E+01 2.022E+15 9.630E+01 4.284E+02 2.493E+06 1.992E-12 5.690E-10 5.666E-08 2.550E-03 3.476E-05 4.834E-07 3.738E-06 6.443E+14 4.605E+06 3.661E+01 2.824E-07 2.757E-08
   7.050E+06 5.526E+01 1.769E+15 7.080E+01 4.704E+02 1.856E+06 4.477E-12 6.181E-10 7.199E-08 2.550E-03 3.480E-05 4.115E-07 3.693E-06 5.636E+14 4.632E+06 3.103E+01 2.866E-07 2.913E-08
   7.150E+06 4.763E+01 1.544E+15 5.113E+01 5.347E+02 1.357E+06 9.287E-12 6.743E-10 9.496E-08 2.550E-03 3.484E-05 3.447E-07 3.647E-06 4.920E+14 4.737E+06 2.591E+01 2.907E-07 3.075E-08
   7.250E+06 4.098E+01 1.346E+15 3.643E+01 6.260E+02 9.781E+05 1.772E-11 7.386E-10 1.294E-07 2.549E-03 3.488E-05 2.852E-07 3.596E-06 4.287E+14 4.920E+06 2.140E+01 2.947E-07 3.242E-08
   7.350E+06 3.519E+01 1.171E+15 2.574E+01 7.436E+02 6.971E+05 3.124E-11 8.125E-10 1.795E-07 2.548E-03 3.491E-05 2.338E-07 3.538E-06 3.728E+14 5.181E+06 1.760E+01 2.987E-07 3.411E-08
   7.450E+06 3.016E+01 1.014E+15 1.810E+01 8.789E+02 4.920E+05 5.126E-11 8.994E-10 2.496E-07 2.547E-03 3.494E-05 1.905E-07 3.472E-06 3.230E+14 5.441E+06 1.451E+01 3.026E-07 3.583E-08
   7.550E+06 2.581E+01 8.772E+14 1.289E+01 1.020E+03 3.486E+05 7.878E-11 9.998E-10 3.423E-07 2.545E-03 3.496E-05 1.561E-07 3.397E-06 2.794E+14 5.674E+06 1.217E+01 3.065E-07 3.756E-08
   7.650E+06 2.205E+01 7.576E+14 9.356E+00 1.152E+03 2.487E+05 1.143E-10 1.115E-09 4.592E-07 2.544E-03 3.499E-05 1.290E-07 3.312E-06 2.413E+14 5.855E+06 1.046E+01 3.102E-07 3.930E-08
   7.750E+06 1.882E+01 6.511E+14 6.841E+00 1.255E+03 1.755E+05 1.576E-10 1.252E-09 5.996E-07 2.543E-03 3.501E-05 1.060E-07 3.215E-06 2.073E+14 5.939E+06 9.143E+00 3.138E-07 4.106E-08
   7.850E+06 1.604E+01 5.584E+14 5.049E+00 1.319E+03 1.221E+05 2.079E-10 1.408E-09 7.605E-07 2.542E-03 3.503E-05 8.604E-08 3.106E-06 1.778E+14 6.074E+06 8.129E+00 3.173E-07 4.283E-08
   7.950E+06 1.366E+01 4.785E+14 3.841E+00 1.338E+03 8.589E+04 2.637E-10 1.587E-09 9.376E-07 2.541E-03 3.505E-05 7.064E-08 2.982E-06 1.523E+14 6.300E+06 7.501E+00 3.208E-07 4.462E-08
   8.050E+06 1.162E+01 4.084E+14 3.278E+00 1.305E+03 7.102E+04 3.235E-10 1.793E-09 1.126E-06 2.540E-03 3.507E-05 6.845E-08 2.838E-06 1.300E+14 5.700E+06 7.876E+00 3.242E-07 4.644E-08
   8.150E+06 9.885E+00 3.480E+14 3.467E+00 1.226E+03 8.450E+04 3.856E-10 2.026E-09 1.320E-06 2.540E-03 3.509E-05 9.559E-08 2.669E-06 1.107E+14 3.555E+06 1.039E+01 3.274E-07 4.830E-08
   8.250E+06 8.407E+00 2.965E+14 4.136E+00 1.116E+03 1.207E+05 4.486E-10 2.286E-09 1.514E-06 2.540E-03 3.511E-05 1.604E-07 2.486E-06 9.427E+13 1.793E+06 1.561E+01 3.306E-07 5.019E-08
   8.350E+06 7.150E+00 2.520E+14 4.755E+00 9.867E+02 1.619E+05 5.113E-10 2.579E-09 1.704E-06 2.540E-03 3.512E-05 2.529E-07 2.298E-06 8.010E+13 9.432E+05 2.284E+01 3.338E-07 5.212E-08
   8.450E+06 6.082E+00 2.140E+14 5.058E+00 8.528E+02 1.958E+05 5.731E-10 2.902E-09 1.886E-06 2.541E-03 3.514E-05 3.600E-07 2.112E-06 6.800E+13 5.430E+05 3.114E+01 3.368E-07 5.408E-08
   8.550E+06 5.175E+00 1.818E+14 5.015E+00 7.233E+02 2.178E+05 6.333E-10 3.259E-09 2.058E-06 2.541E-03 3.516E-05 4.714E-07 1.932E-06 5.773E+13 3.348E+05 3.974E+01 3.398E-07 5.608E-08
   8.650E+06 4.405E+00 1.546E+14 4.699E+00 6.041E+02 2.276E+05 6.922E-10 3.651E-09 2.219E-06 2.542E-03 3.518E-05 5.791E-07 1.761E-06 4.905E+13 2.158E+05 4.807E+01 3.427E-07 5.810E-08
   8.750E+06 3.749E+00 1.315E+14 4.195E+00 4.980E+02 2.257E+05 7.500E-10 4.087E-09 2.367E-06 2.542E-03 3.519E-05 6.751E-07 1.600E-06 4.168E+13 1.426E+05 5.555E+01 3.456E-07 6.014E-08
   8.850E+06 3.192E+00 1.119E+14 3.592E+00 4.059E+02 2.141E+05 8.074E-10 4.578E-09 2.502E-06 2.543E-03 3.521E-05 7.527E-07 1.450E-06 3.542E+13 9.544E+04 6.170E+01 3.483E-07 6.220E-08
   8.950E+06 2.718E+00 9.540E+13 2.998E+00 3.285E+02 1.980E+05 8.645E-10 5.135E-09 2.626E-06 2.543E-03 3.522E-05 8.161E-07 1.311E-06 3.015E+13 6.467E+04 6.676E+01 3.510E-07 6.427E-08
   9.050E+06 2.314E+00 8.141E+13 2.442E+00 2.641E+02 1.782E+05 9.234E-10 5.783E-09 2.737E-06 2.542E-03 3.524E-05 8.609E-07 1.185E-06 2.568E+13 4.401E+04 7.044E+01 3.536E-07 6.635E-08
   9.150E+06 1.969E+00 6.945E+13 1.937E+00 2.111E+02 1.556E+05 9.918E-10 6.555E-09 2.838E-06 2.542E-03 3.525E-05 8.817E-07 1.071E-06 2.186E+13 2.988E+04 7.246E+01 3.561E-07 6.846E-08
   9.250E+06 1.675E+00 5.931E+13 1.520E+00 1.682E+02 1.336E+05 1.090E-09 7.485E-09 2.930E-06 2.541E-03 3.527E-05 8.864E-07 9.681E-07 1.862E+13 2.028E+04 7.353E+01 3.587E-07 7.058E-08
   9.350E+06 1.423E+00 5.067E+13 1.186E+00 1.339E+02 1.125E+05 1.269E-09 8.631E-09 3.013E-06 2.540E-03 3.528E-05 8.737E-07 8.768E-07 1.586E+13 1.372E+04 7.401E+01 3.612E-07 7.275E-08
   9.450E+06 1.209E+00 4.325E+13 9.290E-01 1.065E+02 9.247E+04 1.625E-09 1.007E-08 3.090E-06 2.539E-03 3.529E-05 8.419E-07 7.965E-07 1.350E+13 9.203E+03 7.466E+01 3.637E-07 7.496E-08
   9.550E+06 1.026E+00 3.689E+13 7.461E-01 8.481E+01 7.424E+04 2.308E-09 1.192E-08 3.163E-06 2.538E-03 3.531E-05 7.930E-07 7.268E-07 1.146E+13 6.115E+03 7.693E+01 3.663E-07 7.728E-08
   9.650E+06 8.703E-01 3.143E+13 6.292E-01 6.790E+01 5.833E+04 3.510E-09 1.433E-08 3.236E-06 2.537E-03 3.532E-05 7.316E-07 6.676E-07 9.727E+12 4.024E+03 8.276E+01 3.689E-07 7.974E-08
   9.750E+06 7.376E-01 2.677E+13 5.656E-01 5.483E+01 4.488E+04 5.439E-09 1.749E-08 3.311E-06 2.535E-03 3.533E-05 6.614E-07 6.188E-07 8.242E+12 2.622E+03 9.413E+01 3.717E-07 8.243E-08
   9.850E+06 6.249E-01 2.269E+13 5.370E-01 4.466E+01 3.313E+04 8.292E-09 2.164E-08 3.391E-06 2.535E-03 3.535E-05 5.759E-07 5.805E-07 6.950E+12 1.674E+03 1.123E+02 3.746E-07 8.543E-08
   9.950E+06 5.296E-01 1.921E+13 5.376E-01 3.695E+01 2.389E+04 1.221E-08 2.693E-08 3.478E-06 2.535E-03 3.537E-05 4.905E-07 5.531E-07 5.848E+12 1.059E+03 1.395E+02 3.777E-07 8.881E-08
