
     Z         PRESS      DEN     ProOH1    ProOH25    ProO3D    PO2D       PO2      PH2O      PO3D      PH2O2     FO3      FH2O      NumO2      NumOH      NumO1D     PN2O     PCH3CL      FOH      FHO2      FNO     FNO2      FH    FH2O2     FNO3    FN2O5    FHNO3      FO       FN      FH2     FCH4    FN2O
   5.000E+04 9.554E+05 2.448E+19 2.849E+05 7.171E+00 2.720E+06 0.000E+00 4.209E-17 3.070E-17 7.401E-06 2.389E-06 1.501E-08 9.541E-03 5.208E+17 2.853E+06 3.698E-03 7.636E-14 1.229E-15 1.165E-13 9.107E-12 8.075E-12 2.030E-11 4.585E-20 5.939E-10 1.032E-14 1.837E-16 1.033E-10 3.973E-16 3.816E-20 5.000E-07 8.080E-07 2.730E-07
   1.500E+05 8.456E+05 2.209E+19 2.113E+05 1.946E+01 2.941E+06 0.000E+00 1.426E-16 1.391E-16 8.202E-06 2.641E-06 1.623E-08 6.333E-03 4.701E+17 2.230E+06 4.559E-03 2.901E-13 5.532E-15 1.009E-13 8.434E-12 3.606E-12 7.784E-12 3.816E-20 5.930E-10 5.805E-15 5.983E-17 1.003E-10 5.087E-16 3.883E-20 4.995E-07 8.053E-07 2.728E-07
   2.500E+05 7.469E+05 1.984E+19 1.628E+05 4.959E+01 3.240E+06 0.000E+00 4.343E-16 5.762E-16 8.927E-06 2.875E-06 1.829E-08 4.338E-03 4.222E+17 2.086E+06 5.687E-03 9.835E-13 2.182E-14 1.051E-13 8.173E-12 2.740E-12 5.190E-12 3.883E-20 5.709E-10 4.719E-15 4.734E-17 1.017E-10 6.952E-16 3.967E-20 4.992E-07 8.031E-07 2.726E-07
   3.500E+05 6.582E+05 1.784E+19 1.100E+05 9.983E+01 3.613E+06 0.000E+00 1.182E-15 2.166E-15 9.437E-06 3.092E-06 2.146E-08 2.584E-03 3.797E+17 1.964E+06 7.142E-03 2.954E-12 7.505E-14 1.101E-13 7.789E-12 3.063E-12 5.071E-12 3.967E-20 5.168E-10 4.544E-15 7.493E-17 1.057E-10 9.751E-16 4.090E-20 4.990E-07 8.013E-07 2.724E-07
   4.500E+05 5.785E+05 1.603E+19 6.881E+04 1.652E+02 4.035E+06 0.000E+00 2.883E-15 7.189E-15 9.807E-06 3.295E-06 2.566E-08 1.433E-03 3.413E+17 1.869E+06 8.915E-03 7.864E-12 2.240E-13 1.166E-13 7.293E-12 3.923E-12 5.682E-12 4.090E-20 4.424E-10 4.653E-15 1.554E-16 1.105E-10 1.386E-15 4.117E-20 4.989E-07 7.999E-07 2.721E-07
   5.500E+05 5.069E+05 1.440E+19 3.846E+04 2.162E+02 4.441E+06 0.000E+00 6.345E-15 2.072E-14 1.002E-05 3.485E-06 3.077E-08 7.246E-04 3.066E+17 1.743E+06 1.090E-02 1.860E-11 5.796E-13 1.210E-13 6.554E-12 5.016E-12 6.291E-12 4.117E-20 3.579E-10 4.678E-15 3.424E-16 1.139E-10 1.960E-15 3.940E-20 4.988E-07 7.988E-07 2.718E-07
   6.500E+05 4.427E+05 1.292E+19 1.891E+04 2.286E+02 4.785E+06 0.000E+00 1.274E-14 5.352E-14 1.010E-05 3.663E-06 3.666E-08 3.306E-04 2.752E+17 1.547E+06 1.300E-02 3.953E-11 1.324E-12 1.197E-13 5.611E-12 5.816E-12 6.223E-12 3.940E-20 2.747E-10 4.412E-15 6.991E-16 1.148E-10 2.736E-15 3.642E-20 4.988E-07 7.979E-07 2.715E-07
   7.500E+05 3.851E+05 1.157E+19 8.098E+03 1.920E+02 5.032E+06 0.000E+00 2.360E-14 1.229E-13 1.004E-05 3.829E-06 4.330E-08 1.350E-04 2.465E+17 1.322E+06 1.511E-02 7.656E-11 2.714E-12 1.142E-13 4.635E-12 6.383E-12 5.747E-12 3.642E-20 2.023E-10 4.003E-15 1.430E-15 1.141E-10 3.777E-15 3.483E-20 4.988E-07 7.971E-07 2.712E-07
   8.500E+05 3.336E+05 1.033E+19 2.962E+03 1.233E+02 5.176E+06 0.000E+00 4.090E-14 2.474E-13 9.878E-06 3.984E-06 5.071E-08 4.825E-05 2.201E+17 1.162E+06 1.718E-02 1.370E-10 5.052E-12 1.124E-13 3.786E-12 7.581E-12 5.678E-12 3.483E-20 1.456E-10 3.751E-15 3.496E-15 1.137E-10 5.173E-15 3.571E-20 4.988E-07 7.965E-07 2.708E-07
   9.500E+05 2.878E+05 9.185E+18 9.046E+02 5.983E+01 5.263E+06 1.579-167 6.697E-14 4.473E-13 9.659E-06 4.129E-06 5.933E-08 1.456E-05 1.957E+17 1.080E+06 1.938E-02 2.295E-10 8.693E-12 1.176E-13 3.120E-12 9.733E-12 6.079E-12 3.571E-20 1.040E-10 3.724E-15 8.447E-15 1.145E-10 7.148E-15 3.690E-20 4.988E-07 7.958E-07 2.703E-07
   1.050E+06 2.472E+05 8.105E+18 1.875E+02 1.742E+01 5.565E+06 5.856-133 1.045E-13 7.489E-13 9.438E-06 4.263E-06 7.275E-08 2.870E-06 1.727E+17 9.931E+05 2.292E-02 3.640E-10 1.406E-11 1.225E-13 2.540E-12 1.228E-11 6.732E-12 3.690E-20 6.933E-11 3.853E-15 1.615E-14 1.179E-10 1.057E-14 3.764E-20 4.988E-07 7.949E-07 2.696E-07
   1.150E+06 2.115E+05 7.088E+18 2.260E+02 2.422E+01 6.728E+06 3.540-108 1.568E-13 1.189E-12 9.339E-06 4.388E-06 1.016E-07 2.874E-06 1.510E+17 8.904E+05 3.135E-02 5.525E-10 2.168E-11 1.256E-13 2.019E-12 1.574E-11 8.722E-12 3.764E-20 3.916E-11 4.554E-15 2.408E-14 1.295E-10 1.838E-14 3.551E-20 4.986E-07 7.931E-07 2.680E-07
   1.250E+06 1.804E+05 6.153E+18 3.212E+02 3.240E+01 9.568E+06 8.356E-95 2.286E-13 1.827E-12 9.405E-06 4.506E-06 1.653E-07 2.882E-06 1.311E+17 7.399E+05 5.091E-02 8.122E-10 3.232E-11 1.202E-13 1.592E-12 1.972E-11 1.318E-11 3.551E-20 1.938E-11 6.719E-15 4.739E-14 1.564E-10 3.820E-14 3.525E-20 4.981E-07 7.892E-07 2.642E-07
   1.350E+06 1.535E+05 5.314E+18 4.964E+02 4.266E+01 1.475E+07 2.361E-83 3.293E-13 2.770E-12 9.594E-06 4.623E-06 2.893E-07 2.898E-06 1.132E+17 6.592E+05 9.016E-02 1.175E-09 4.738E-11 1.240E-13 1.451E-12 2.454E-11 2.193E-11 3.525E-20 1.166E-11 1.327E-14 1.327E-13 2.111E-10 8.688E-14 3.906E-20 4.971E-07 7.814E-07 2.567E-07
   1.450E+06 1.304E+05 4.570E+18 7.524E+02 5.652E+01 2.220E+07 1.507E-73 4.768E-13 4.226E-12 9.989E-06 4.744E-06 4.864E-07 2.926E-06 9.735E+16 6.613E+05 1.568E-01 1.701E-09 6.952E-11 1.447E-13 1.561E-12 3.110E-11 3.651E-11 3.906E-20 1.054E-11 2.833E-14 3.959E-13 3.000E-10 1.927E-13 4.789E-20 4.952E-07 7.683E-07 2.440E-07
   1.550E+06 1.105E+05 3.909E+18 1.076E+03 7.640E+01 3.140E+07 3.799E-65 7.040E-13 6.591E-12 1.076E-05 4.877E-06 7.466E-07 2.966E-06 8.327E+16 7.112E+05 2.580E-01 2.498E-09 1.034E-10 1.819E-13 1.848E-12 4.050E-11 5.833E-11 4.789E-20 1.205E-11 5.425E-14 1.006E-12 4.162E-10 3.989E-13 6.667E-20 4.923E-07 7.497E-07 2.264E-07
   1.650E+06 9.360E+04 3.320E+18 1.485E+03 1.058E+02 4.259E+07 6.088E-58 1.065E-12 1.057E-11 1.216E-05 5.031E-06 1.055E-06 3.017E-06 7.072E+16 8.050E+05 4.115E-01 3.736E-09 1.567E-10 2.425E-13 2.372E-12 5.297E-11 8.909E-11 6.667E-20 1.583E-11 9.206E-14 2.125E-12 5.486E-10 7.856E-13 1.068E-19 4.883E-07 7.256E-07 2.042E-07
   1.750E+06 7.927E+04 2.804E+18 1.995E+03 1.499E+02 5.603E+07 9.232E-52 1.646E-12 1.736E-11 1.442E-05 5.214E-06 1.386E-06 3.080E-06 5.972E+16 9.530E+05 6.419E-01 5.666E-09 2.409E-10 3.399E-13 3.250E-12 6.870E-11 1.295E-10 1.068E-19 2.280E-11 1.408E-13 3.765E-12 6.797E-10 1.482E-12 1.895E-19 4.832E-07 6.966E-07 1.790E-07
   1.850E+06 6.717E+04 2.368E+18 2.618E+03 2.161E+02 7.183E+07 1.845E-46 2.571E-12 2.897E-11 1.764E-05 5.439E-06 1.719E-06 3.151E-06 5.044E+16 1.168E+06 9.759E-01 8.639E-09 3.727E-10 4.934E-13 4.537E-12 8.928E-11 1.790E-10 1.895E-19 3.373E-11 1.976E-13 5.714E-12 7.940E-10 2.654E-12 3.635E-19 4.770E-07 6.636E-07 1.521E-07
   1.950E+06 5.695E+04 2.003E+18 3.374E+03 3.143E+02 9.031E+07 6.507E-42 4.026E-12 4.860E-11 2.213E-05 5.719E-06 2.038E-06 3.228E-06 4.266E+16 1.477E+06 1.453E+00 1.312E-08 5.748E-10 7.372E-13 6.386E-12 1.152E-10 2.342E-10 3.635E-19 5.017E-11 2.583E-13 7.504E-12 8.795E-10 4.540E-12 7.409E-19 4.700E-07 6.279E-07 1.254E-07
   2.050E+06 4.830E+04 1.696E+18 4.289E+03 4.552E+02 1.120E+08 5.189E-38 6.264E-12 8.113E-11 2.838E-05 6.073E-06 2.326E-06 3.309E-06 3.612E+16 1.910E+06 2.129E+00 1.967E-08 8.755E-10 1.126E-12 9.022E-12 1.462E-10 2.904E-10 7.409E-19 7.400E-11 3.185E-13 8.602E-12 9.307E-10 7.503E-12 1.585E-18 4.625E-07 5.910E-07 1.006E-07
   2.150E+06 4.098E+04 1.436E+18 5.398E+03 6.497E+02 1.375E+08 1.157E-34 9.620E-12 1.335E-10 3.713E-05 6.524E-06 2.579E-06 3.390E-06 3.058E+16 2.500E+06 3.091E+00 2.888E-08 1.307E-09 1.741E-12 1.271E-11 1.814E-10 3.434E-10 1.585E-18 1.065E-10 3.747E-13 8.734E-12 9.482E-10 1.214E-11 3.527E-18 4.546E-07 5.537E-07 7.877E-08
   2.250E+06 3.479E+04 1.215E+18 6.728E+03 9.063E+02 1.672E+08 8.678E-32 1.452E-11 2.149E-10 4.941E-05 7.098E-06 2.785E-06 3.471E-06 2.588E+16 3.272E+06 4.449E+00 4.133E-08 1.902E-09 2.692E-12 1.767E-11 2.202E-10 3.899E-10 3.527E-18 1.464E-10 4.226E-13 7.939E-12 9.345E-10 1.940E-11 8.101E-18 4.465E-07 5.166E-07 6.024E-08
   2.350E+06 2.955E+04 1.028E+18 8.280E+03 1.228E+03 2.010E+08 2.579E-29 2.149E-11 3.364E-10 6.664E-05 7.830E-06 2.935E-06 3.551E-06 2.189E+16 4.244E+06 6.338E+00 5.741E-08 2.687E-09 4.129E-12 2.398E-11 2.619E-10 4.273E-10 8.101E-18 1.887E-10 4.569E-13 6.500E-12 8.924E-10 3.083E-11 1.910E-17 4.384E-07 4.801E-07 4.513E-08
   2.450E+06 2.512E+04 8.685E+17 1.002E+04 1.609E+03 2.376E+08 3.508E-27 3.111E-11 5.105E-10 9.069E-05 8.754E-06 3.017E-06 3.629E-06 1.849E+16 5.433E+06 8.894E+00 7.719E-08 3.673E-09 6.256E-12 3.145E-11 3.058E-10 4.521E-10 1.910E-17 2.249E-10 4.726E-13 4.804E-12 8.260E-10 4.883E-11 4.598E-17 4.305E-07 4.444E-07 3.320E-08
   2.550E+06 2.138E+04 7.337E+17 1.185E+04 2.036E+03 2.750E+08 2.470E-25 4.404E-11 7.489E-10 1.240E-04 9.912E-06 3.023E-06 3.705E-06 1.562E+16 6.864E+06 1.223E+01 1.004E-07 4.856E-09 9.355E-12 3.966E-11 3.507E-10 4.604E-10 4.598E-17 2.459E-10 4.662E-13 3.204E-12 7.397E-10 7.716E-11 1.127E-16 4.230E-07 4.096E-07 2.404E-08
   2.650E+06 1.823E+04 6.198E+17 1.365E+04 2.485E+03 3.100E+08 9.938E-24 6.096E-11 1.061E-09 1.697E-04 1.135E-05 2.946E-06 3.778E-06 1.320E+16 8.569E+06 1.640E+01 1.262E-07 6.207E-09 1.383E-11 4.792E-11 3.946E-10 4.489E-10 1.127E-16 2.459E-10 4.377E-13 1.926E-12 6.386E-10 1.216E-10 2.796E-16 4.162E-07 3.757E-07 1.716E-08
   2.750E+06 1.556E+04 5.237E+17 1.525E+04 2.928E+03 3.393E+08 2.464E-22 8.242E-11 1.453E-09 2.325E-04 1.310E-05 2.787E-06 3.848E-06 1.115E+16 1.058E+07 2.135E+01 1.536E-07 7.682E-09 2.021E-11 5.544E-11 4.354E-10 4.173E-10 2.796E-16 2.252E-10 3.907E-13 1.043E-12 5.293E-10 1.908E-10 6.985E-16 4.105E-07 3.431E-07 1.213E-08
   2.850E+06 1.330E+04 4.428E+17 1.653E+04 3.339E+03 3.609E+08 3.988E-21 1.087E-10 1.927E-09 3.199E-04 1.522E-05 2.547E-06 3.913E-06 9.431E+15 1.295E+07 2.701E+01 1.811E-07 9.224E-09 2.924E-11 6.158E-11 4.712E-10 3.679E-10 6.985E-16 1.906E-10 3.309E-13 5.083E-13 4.191E-10 2.973E-10 1.745E-15 4.064E-07 3.120E-07 8.535E-09
   2.950E+06 1.140E+04 3.749E+17 1.743E+04 3.694E+03 3.740E+08 4.430E-20 1.392E-10 2.480E-09 4.470E-04 1.774E-05 2.232E-06 3.972E-06 7.983E+15 1.568E+07 3.326E+01 2.075E-07 1.078E-08 4.182E-11 6.606E-11 5.000E-10 3.055E-10 1.745E-15 1.518E-10 2.645E-13 2.211E-13 3.142E-10 4.592E-10 4.280E-15 4.044E-07 2.823E-07 5.972E-09
   3.050E+06 9.784E+03 3.178E+17 1.781E+04 3.980E+03 3.762E+08 3.533E-19 1.725E-10 3.111E-09 6.337E-04 2.068E-05 1.868E-06 4.025E-06 6.769E+15 1.860E+07 3.970E+01 2.316E-07 1.229E-08 5.852E-11 6.912E-11 5.201E-10 2.379E-10 4.280E-15 1.170E-10 1.978E-13 8.518E-14 2.199E-10 7.007E-10 9.892E-15 4.054E-07 2.546E-07 4.174E-09
   3.150E+06 8.414E+03 2.704E+17 1.746E+04 4.201E+03 3.641E+08 2.106E-18 2.062E-10 3.819E-09 8.892E-04 2.395E-05 1.514E-06 4.069E-06 5.758E+15 2.120E+07 4.541E+01 2.528E-07 1.374E-08 7.842E-11 7.152E-11 5.269E-10 1.739E-10 9.892E-15 9.173E-11 1.378E-13 2.928E-14 1.422E-10 1.042E-09 2.099E-14 4.103E-07 2.295E-07 2.929E-09
   3.250E+06 7.246E+03 2.308E+17 1.633E+04 4.368E+03 3.373E+08 9.789E-18 2.382E-10 4.614E-09 1.197E-03 2.735E-05 1.221E-06 4.102E-06 4.915E+15 2.291E+07 4.948E+01 2.710E-07 1.514E-08 9.926E-11 7.432E-11 5.149E-10 1.205E-10 2.099E-14 7.566E-11 8.974E-14 9.136E-15 8.459E-11 1.499E-09 4.064E-14 4.201E-07 2.071E-07 2.064E-09
   3.350E+06 6.247E+03 1.981E+17 1.478E+04 4.502E+03 3.033E+08 3.674E-17 2.677E-10 5.512E-09 1.525E-03 3.066E-05 1.004E-06 4.123E-06 4.218E+15 2.367E+07 5.196E+01 2.869E-07 1.650E-08 1.195E-10 7.801E-11 4.837E-10 8.008E-11 4.064E-14 6.645E-11 5.588E-14 2.705E-15 4.751E-11 2.078E-09 7.334E-14 4.354E-07 1.875E-07 1.462E-09
   3.450E+06 5.388E+03 1.707E+17 1.304E+04 4.615E+03 2.668E+08 1.158E-16 2.949E-10 6.541E-09 1.848E-03 3.374E-05 8.459E-07 4.133E-06 3.635E+15 2.367E+07 5.308E+01 3.010E-07 1.784E-08 1.387E-10 8.266E-11 4.405E-10 5.195E-11 7.334E-14 6.131E-11 3.385E-14 7.822E-16 2.578E-11 2.794E-09 1.257E-13 4.566E-07 1.707E-07 1.043E-09
   3.550E+06 4.648E+03 1.474E+17 1.124E+04 4.713E+03 2.301E+08 3.180E-16 3.204E-10 7.738E-09 2.150E-03 3.652E-05 7.261E-07 4.132E-06 3.139E+15 2.316E+07 5.298E+01 3.137E-07 1.919E-08 1.571E-10 8.816E-11 3.928E-10 3.331E-11 1.257E-13 5.847E-11 2.017E-14 2.247E-16 1.374E-11 3.668E-09 2.046E-13 4.838E-07 1.566E-07 7.512E-10
   3.650E+06 4.007E+03 1.278E+17 9.550E+03 4.825E+03 1.964E+08 7.766E-16 3.444E-10 9.160E-09 2.421E-03 3.896E-05 6.344E-07 4.120E-06 2.722E+15 2.241E+07 5.197E+01 3.252E-07 2.055E-08 1.753E-10 9.432E-11 3.459E-10 2.142E-11 2.046E-13 5.751E-11 1.204E-14 6.664E-17 7.418E-12 4.667E-09 3.226E-13 5.165E-07 1.448E-07 5.485E-10
   3.750E+06 3.451E+03 1.110E+17 7.965E+03 4.952E+03 1.649E+08 1.735E-15 3.678E-10 1.088E-08 2.659E-03 4.107E-05 5.587E-07 4.099E-06 2.364E+15 2.151E+07 5.007E+01 3.359E-07 2.195E-08 1.938E-10 1.013E-10 3.030E-10 1.389E-11 3.226E-13 5.772E-11 7.195E-15 2.029E-17 4.057E-12 5.815E-09 4.960E-13 5.544E-07 1.349E-07 4.061E-10
   3.850E+06 2.969E+03 9.642E+16 6.521E+03 5.107E+03 1.362E+08 3.586E-15 3.913E-10 1.301E-08 2.862E-03 4.287E-05 4.936E-07 4.070E-06 2.053E+15 2.058E+07 4.738E+01 3.459E-07 2.340E-08 2.135E-10 1.092E-10 2.652E-10 9.148E-12 4.960E-13 5.902E-11 4.332E-15 6.396E-18 2.266E-12 7.098E-09 7.492E-13 5.973E-07 1.265E-07 3.045E-10
   3.950E+06 2.550E+03 8.374E+16 5.235E+03 5.298E+03 1.106E+08 6.909E-15 4.155E-10 1.568E-08 3.031E-03 4.437E-05 4.356E-07 4.035E-06 1.783E+15 1.970E+07 4.404E+01 3.552E-07 2.490E-08 2.352E-10 1.184E-10 2.329E-10 6.164E-12 7.492E-13 6.148E-11 2.644E-15 2.109E-18 1.304E-12 8.505E-09 1.121E-12 6.447E-07 1.192E-07 2.316E-10
   4.050E+06 2.186E+03 7.262E+16 4.111E+03 5.521E+03 8.792E+07 1.247E-14 4.415E-10 1.904E-08 3.168E-03 4.560E-05 3.821E-07 3.993E-06 1.546E+15 1.890E+07 4.016E+01 3.640E-07 2.648E-08 2.602E-10 1.294E-10 2.059E-10 4.272E-12 1.121E-12 6.520E-11 1.640E-15 7.295E-19 7.742E-13 1.003E-08 1.668E-12 6.967E-07 1.127E-07 1.784E-10
   4.150E+06 1.871E+03 6.287E+16 3.155E+03 5.768E+03 6.845E+07 2.116E-14 4.702E-10 2.325E-08 3.278E-03 4.659E-05 3.321E-07 3.945E-06 1.339E+15 1.822E+07 3.591E+01 3.724E-07 2.815E-08 2.898E-10 1.428E-10 1.836E-10 3.065E-12 1.668E-12 7.051E-11 1.040E-15 2.673E-19 4.780E-13 1.166E-08 2.472E-12 7.532E-07 1.067E-07 1.389E-10
   4.250E+06 1.599E+03 5.434E+16 2.370E+03 6.027E+03 5.224E+07 3.390E-14 5.024E-10 2.849E-08 3.363E-03 4.738E-05 2.858E-07 3.892E-06 1.157E+15 1.769E+07 3.153E+01 3.804E-07 2.993E-08 3.255E-10 1.592E-10 1.654E-10 2.295E-12 2.472E-12 7.783E-11 6.810E-16 1.054E-19 3.097E-13 1.336E-08 3.659E-12 8.139E-07 1.012E-07 1.094E-10
   4.350E+06 1.364E+03 4.689E+16 1.747E+03 6.278E+03 3.917E+07 5.167E-14 5.392E-10 3.491E-08 3.428E-03 4.799E-05 2.437E-07 3.835E-06 9.982E+14 1.729E+07 2.723E+01 3.882E-07 3.182E-08 3.688E-10 1.793E-10 1.510E-10 1.803E-12 3.659E-12 8.761E-11 4.630E-16 4.527E-20 2.119E-13 1.511E-08 5.415E-12 8.783E-07 9.588E-08 8.721E-11
   4.450E+06 1.161E+03 4.039E+16 1.267E+03 6.497E+03 2.893E+07 7.628E-14 5.815E-10 4.262E-08 3.476E-03 4.847E-05 2.061E-07 3.774E-06 8.598E+14 1.700E+07 2.321E+01 3.958E-07 3.386E-08 4.210E-10 2.037E-10 1.396E-10 1.487E-12 5.415E-12 1.002E-10 3.277E-16 2.122E-20 1.529E-13 1.692E-08 8.021E-12 9.468E-07 9.075E-08 7.029E-11
   4.550E+06 9.866E+02 3.473E+16 9.064E+02 6.661E+03 2.113E+07 1.152E-13 6.302E-10 5.173E-08 3.511E-03 4.884E-05 1.733E-07 3.708E-06 7.394E+14 1.678E+07 1.959E+01 4.032E-07 3.602E-08 4.832E-10 2.328E-10 1.308E-10 1.283E-12 8.021E-12 1.161E-10 2.412E-16 1.080E-20 1.158E-13 1.883E-08 1.191E-11 1.020E-06 8.563E-08 5.712E-11
   4.650E+06 8.369E+02 2.981E+16 6.421E+02 6.762E+03 1.530E+07 2.051E-13 6.860E-10 6.237E-08 3.535E-03 4.913E-05 1.451E-07 3.637E-06 6.347E+14 1.660E+07 1.642E+01 4.105E-07 3.833E-08 5.567E-10 2.671E-10 1.241E-10 1.153E-12 1.191E-11 1.356E-10 1.841E-16 5.921E-21 9.144E-14 2.089E-08 1.775E-11 1.098E-06 8.047E-08 4.682E-11
   4.750E+06 7.085E+02 2.554E+16 4.503E+02 6.815E+03 1.098E+07 4.905E-13 7.497E-10 7.492E-08 3.551E-03 4.936E-05 1.211E-07 3.561E-06 5.437E+14 1.644E+07 1.367E+01 4.176E-07 4.076E-08 6.437E-10 3.075E-10 1.191E-10 1.072E-12 1.775E-11 1.595E-10 1.449E-16 3.451E-21 7.479E-14 2.314E-08 2.659E-11 1.180E-06 7.519E-08 3.866E-11
   4.850E+06 5.986E+02 2.184E+16 3.115E+02 6.887E+03 7.793E+06 1.413E-12 8.216E-10 9.061E-08 3.560E-03 4.953E-05 1.002E-07 3.481E-06 4.648E+14 1.637E+07 1.128E+01 4.246E-07 4.331E-08 7.495E-10 3.566E-10 1.155E-10 1.032E-12 2.659E-11 1.901E-10 1.173E-16 2.131E-21 6.345E-14 2.551E-08 4.026E-11 1.268E-06 6.971E-08 3.208E-11
   4.950E+06 5.049E+02 1.862E+16 2.106E+02 7.100E+03 5.415E+06 4.010E-12 9.035E-10 1.124E-07 3.560E-03 4.967E-05 8.171E-08 3.394E-06 3.962E+14 1.649E+07 9.137E+00 4.314E-07 4.594E-08 8.858E-10 4.201E-10 1.130E-10 1.032E-12 4.026E-11 2.324E-10 9.784E-17 1.396E-21 5.628E-14 2.789E-08 6.188E-11 1.362E-06 6.399E-08 2.670E-11
   5.050E+06 4.251E+02 1.583E+16 1.380E+02 7.617E+03 3.652E+06 1.020E-11 9.982E-10 1.458E-07 3.543E-03 4.978E-05 6.514E-08 3.301E-06 3.368E+14 1.697E+07 7.217E+00 4.381E-07 4.863E-08 1.072E-09 5.074E-10 1.114E-10 1.080E-12 6.188E-11 2.951E-10 8.457E-17 9.806E-22 5.285E-14 3.007E-08 9.688E-11 1.462E-06 5.803E-08 2.226E-11
   5.150E+06 3.574E+02 1.342E+16 8.803E+01 8.562E+03 2.402E+06 2.286E-11 1.109E-09 1.993E-07 3.526E-03 4.987E-05 5.078E-08 3.202E-06 2.855E+14 1.791E+07 5.584E+00 4.446E-07 5.136E-08 1.335E-09 6.303E-10 1.105E-10 1.179E-12 9.688E-11 3.901E-10 7.595E-17 7.392E-22 5.250E-14 3.196E-08 1.545E-10 1.569E-06 5.189E-08 1.857E-11
   5.250E+06 3.000E+02 1.135E+16 5.540E+01 9.946E+03 1.558E+06 4.538E-11 1.241E-09 2.829E-07 3.508E-03 4.995E-05 3.913E-08 3.098E-06 2.415E+14 1.923E+07 4.283E+00 4.508E-07 5.412E-08 1.694E-09 7.985E-10 1.101E-10 1.322E-12 1.545E-10 5.286E-10 7.041E-17 5.848E-22 5.398E-14 3.379E-08 2.504E-10 1.681E-06 4.575E-08 1.550E-11
   5.350E+06 2.516E+02 9.584E+15 3.498E+01 1.162E+04 1.011E+06 8.094E-11 1.398E-09 4.060E-07 3.491E-03 5.001E-05 3.023E-08 2.987E-06 2.040E+14 2.073E+07 3.314E+00 4.569E-07 5.690E-08 2.163E-09 1.016E-09 1.099E-10 1.482E-12 2.504E-10 7.170E-10 6.624E-17 4.663E-22 5.546E-14 3.602E-08 4.100E-10 1.799E-06 3.974E-08 1.292E-11
   5.450E+06 2.107E+02 8.084E+15 2.252E+01 1.333E+04 6.659E+05 1.316E-10 1.585E-09 5.748E-07 3.472E-03 5.006E-05 2.373E-08 2.869E-06 1.720E+14 2.216E+07 2.626E+00 4.627E-07 5.969E-08 2.741E-09 1.281E-09 1.100E-10 1.626E-12 4.100E-10 9.548E-10 6.213E-17 3.618E-22 5.539E-14 3.910E-08 6.749E-10 1.924E-06 3.398E-08 1.072E-11
   5.550E+06 1.763E+02 6.813E+15 1.489E+01 1.477E+04 4.470E+05 1.978E-10 1.806E-09 7.904E-07 3.450E-03 5.011E-05 1.902E-08 2.742E-06 1.450E+14 2.330E+07 2.151E+00 4.683E-07 6.250E-08 3.420E-09 1.585E-09 1.101E-10 1.724E-12 6.749E-10 1.232E-09 5.701E-17 2.649E-22 5.277E-14 4.343E-08 1.112E-09 2.056E-06 2.859E-08 8.818E-12
   5.650E+06 1.473E+02 5.734E+15 1.014E+01 1.568E+04 3.055E+05 2.783E-10 2.064E-09 1.049E-06 3.428E-03 5.015E-05 1.554E-08 2.607E-06 1.220E+14 2.399E+07 1.825E+00 4.737E-07 6.533E-08 4.185E-09 1.916E-09 1.102E-10 1.756E-12 1.112E-09 1.529E-09 5.036E-17 1.790E-22 4.747E-14 4.938E-08 1.829E-09 2.194E-06 2.373E-08 7.183E-12
   5.750E+06 1.229E+02 4.819E+15 7.090E+00 1.593E+04 2.120E+05 3.702E-10 2.362E-09 1.340E-06 3.406E-03 5.019E-05 1.291E-08 2.466E-06 1.025E+14 2.418E+07 1.602E+00 4.790E-07 6.819E-08 5.017E-09 2.260E-09 1.102E-10 1.712E-12 1.829E-09 1.818E-09 4.239E-17 1.103E-22 4.021E-14 5.732E-08 2.989E-09 2.338E-06 1.951E-08 5.792E-12
   5.850E+06 1.024E+02 4.046E+15 5.076E+00 1.551E+04 1.489E+05 4.700E-10 2.699E-09 1.655E-06 3.382E-03 5.022E-05 1.088E-08 2.318E-06 8.606E+13 2.384E+07 1.450E+00 4.840E-07 7.108E-08 5.893E-09 2.599E-09 1.101E-10 1.598E-12 2.989E-09 2.072E-09 3.385E-17 6.171E-23 3.206E-14 6.773E-08 4.864E-09 2.488E-06 1.591E-08 4.607E-12
   5.950E+06 8.524E+01 3.389E+15 3.693E+00 1.450E+04 1.053E+05 5.739E-10 3.076E-09 1.979E-06 3.360E-03 5.026E-05 9.244E-09 2.162E-06 7.208E+13 2.300E+07 1.346E+00 4.889E-07 7.399E-08 6.786E-09 2.918E-09 1.098E-10 1.425E-12 4.864E-09 2.257E-09 2.543E-17 3.093E-23 2.395E-14 8.144E-08 7.882E-09 2.642E-06 1.291E-08 3.602E-12
   6.050E+06 7.088E+01 2.833E+15 2.717E+00 1.306E+04 7.477E+04 6.784E-10 3.493E-09 2.301E-06 3.343E-03 5.029E-05 7.897E-09 2.003E-06 6.024E+13 2.171E+07 1.277E+00 4.936E-07 7.692E-08 7.664E-09 3.197E-09 1.092E-10 1.210E-12 7.882E-09 2.348E-09 1.794E-17 1.387E-23 1.678E-14 9.955E-08 1.267E-08 2.799E-06 1.045E-08 2.764E-12
   6.150E+06 5.889E+01 2.366E+15 2.019E+00 1.138E+04 5.352E+04 7.804E-10 3.944E-09 2.611E-06 3.325E-03 5.031E-05 6.805E-09 1.843E-06 5.030E+13 2.007E+07 1.232E+00 4.981E-07 7.984E-08 8.486E-09 3.417E-09 1.084E-10 9.823E-13 1.267E-08 2.336E-09 1.202E-17 5.649E-24 1.106E-14 1.234E-07 2.043E-08 2.955E-06 8.467E-09 2.076E-12
   6.250E+06 4.890E+01 1.968E+15 1.502E+00 9.617E+03 3.829E+04 8.786E-10 4.442E-09 2.903E-06 3.318E-03 5.034E-05 5.863E-09 1.684E-06 4.184E+13 1.812E+07 1.206E+00 5.023E-07 8.274E-08 9.208E-09 3.565E-09 1.072E-10 7.531E-13 2.043E-08 2.217E-09 7.524E-18 2.038E-24 6.807E-15 1.564E-07 3.280E-08 3.108E-06 6.885E-09 1.517E-12
   6.350E+06 4.059E+01 1.635E+15 1.118E+00 7.926E+03 2.737E+04 9.716E-10 4.984E-09 3.171E-06 3.315E-03 5.036E-05 5.050E-09 1.529E-06 3.476E+13 1.609E+07 1.189E+00 5.064E-07 8.560E-08 9.838E-09 3.645E-09 1.057E-10 5.531E-13 3.280E-08 2.037E-09 4.528E-18 6.774E-25 3.991E-15 2.003E-07 5.415E-08 3.254E-06 5.632E-09 1.071E-12
   6.450E+06 3.369E+01 1.357E+15 8.172E-01 6.393E+03 1.861E+04 1.059E-09 5.580E-09 3.412E-06 3.315E-03 5.038E-05 4.135E-09 1.380E-06 2.885E+13 1.521E+07 1.160E+00 5.102E-07 8.840E-08 1.120E-08 3.900E-09 1.038E-10 4.139E-13 5.415E-08 1.860E-09 2.758E-18 2.221E-25 2.322E-15 2.473E-07 1.225E-07 3.389E-06 4.638E-09 7.159E-13
   6.550E+06 2.798E+01 1.123E+15 6.338E-01 4.992E+03 1.560E+04 1.144E-09 6.256E-09 3.627E-06 3.329E-03 5.040E-05 4.173E-09 1.226E-06 2.387E+13 1.486E+07 1.226E+00 5.138E-07 9.114E-08 1.323E-08 4.217E-09 1.016E-10 2.359E-13 1.225E-07 1.536E-09 1.576E-18 5.953E-26 1.179E-15 4.080E-07 3.566E-07 3.505E-06 3.842E-09 4.306E-13
   6.650E+06 2.325E+01 9.296E+14 8.705E-01 3.694E+03 4.737E+04 1.228E-09 7.014E-09 3.816E-06 3.342E-03 5.042E-05 1.524E-08 1.041E-06 1.975E+13 4.128E+06 2.398E+00 5.172E-07 9.381E-08 4.441E-09 1.592E-09 9.895E-11 2.442E-14 3.566E-07 7.562E-10 3.647E-19 9.387E-27 4.160E-16 3.033E-06 6.276E-07 3.574E-06 3.204E-09 2.209E-13
   6.750E+06 1.934E+01 7.687E+14 1.440E+00 2.682E+03 1.218E+05 1.336E-09 7.884E-09 3.981E-06 3.363E-03 5.044E-05 4.711E-08 8.763E-07 1.633E+13 1.083E+06 5.712E+00 5.205E-07 9.640E-08 1.408E-09 4.399E-10 9.574E-11 2.485E-15 6.276E-07 3.498E-10 4.496E-20 1.514E-27 1.513E-16 1.707E-05 8.708E-07 3.601E-06 2.693E-09 1.051E-13
   6.850E+06 1.611E+01 6.352E+14 1.725E+00 1.937E+03 1.842E+05 1.530E-09 8.884E-09 4.125E-06 3.391E-03 5.046E-05 8.550E-08 7.394E-07 1.348E+13 4.696E+05 9.840E+00 5.235E-07 9.892E-08 7.393E-10 1.726E-10 9.225E-11 8.761E-16 8.708E-07 1.657E-10 1.401E-20 2.608E-28 5.749E-17 5.074E-05 1.077E-06 3.614E-06 2.281E-09 4.975E-14
   6.950E+06 1.344E+01 5.258E+14 1.714E+00 1.402E+03 2.183E+05 1.954E-09 1.002E-08 4.251E-06 3.417E-03 5.048E-05 1.215E-07 6.274E-07 1.114E+13 2.503E+05 1.396E+01 5.264E-07 1.013E-07 4.761E-10 8.163E-11 8.869E-11 5.715E-16 1.077E-06 8.069E-11 7.681E-21 4.798E-29 2.277E-17 1.105E-04 1.248E-06 3.619E-06 1.948E-09 2.433E-14
   7.050E+06 1.123E+01 4.356E+14 1.531E+00 1.020E+03 2.243E+05 2.854E-09 1.131E-08 4.364E-06 3.444E-03 5.049E-05 1.495E-07 5.364E-07 9.206E+12 1.458E+05 1.766E+01 5.292E-07 1.037E-07 3.346E-10 4.325E-11 8.516E-11 4.356E-16 1.248E-06 4.037E-11 4.851E-21 9.421E-30 9.394E-18 2.006E-04 1.389E-06 3.623E-06 1.679E-09 1.258E-14
   7.150E+06 9.398E+00 3.615E+14 1.290E+00 7.474E+02 2.098E+05 4.553E-09 1.275E-08 4.469E-06 3.471E-03 5.051E-05 1.672E-07 4.627E-07 7.615E+12 8.854E+04 2.084E+01 5.318E-07 1.060E-07 2.449E-10 2.480E-11 8.177E-11 3.437E-16 1.389E-06 2.083E-11 3.158E-21 1.981E-30 4.055E-18 3.229E-04 1.508E-06 3.625E-06 1.462E-09 6.973E-15
   7.250E+06 7.876E+00 3.005E+14 1.061E+00 5.502E+02 1.853E+05 7.391E-09 1.436E-08 4.570E-06 3.496E-03 5.052E-05 1.764E-07 4.006E-07 6.304E+12 5.488E+04 2.389E+01 5.343E-07 1.081E-07 1.826E-10 1.493E-11 7.842E-11 2.734E-16 1.508E-06 1.091E-11 2.071E-21 4.345E-31 1.797E-18 4.831E-04 1.613E-06 3.626E-06 1.279E-09 4.097E-15
   7.350E+06 6.609E+00 2.509E+14 8.766E-01 4.059E+02 1.606E+05 1.165E-08 1.610E-08 4.673E-06 3.511E-03 5.054E-05 1.823E-07 3.462E-07 5.235E+12 3.466E+04 2.740E+01 5.366E-07 1.102E-07 1.381E-10 9.284E-12 7.503E-11 2.185E-16 1.613E-06 5.680E-12 1.376E-21 9.601E-32 7.977E-19 6.913E-04 1.707E-06 3.627E-06 1.118E-09 2.512E-15
   7.450E+06 5.551E+00 2.097E+14 7.201E-01 2.991E+02 1.346E+05 1.757E-08 1.800E-08 4.779E-06 3.525E-03 5.055E-05 1.822E-07 2.984E-07 4.346E+12 2.197E+04 3.130E+01 5.388E-07 1.122E-07 1.048E-10 5.920E-12 7.164E-11 1.745E-16 1.707E-06 2.933E-12 9.131E-22 2.135E-32 3.538E-19 9.531E-04 1.790E-06 3.628E-06 9.772E-10 1.610E-15
   7.550E+06 4.666E+00 1.755E+14 5.920E-01 2.203E+02 1.101E+05 2.534E-08 2.003E-08 4.891E-06 3.537E-03 5.056E-05 1.774E-07 2.566E-07 3.608E+12 1.397E+04 3.579E+01 5.409E-07 1.141E-07 7.956E-11 3.861E-12 6.829E-11 1.393E-16 1.790E-06 1.503E-12 6.076E-22 4.797E-33 1.567E-19 1.274E-03 1.864E-06 3.630E-06 8.534E-10 1.083E-15
   7.650E+06 3.924E+00 1.475E+14 4.909E-01 1.626E+02 8.906E+04 3.523E-08 2.216E-08 5.008E-06 3.540E-03 5.057E-05 1.706E-07 2.202E-07 3.001E+12 8.936E+03 4.118E+01 5.428E-07 1.160E-07 6.059E-11 2.572E-12 6.503E-11 1.116E-16 1.864E-06 7.667E-13 4.088E-22 1.096E-33 6.937E-20 1.657E-03 1.930E-06 3.632E-06 7.452E-10 7.670E-16
   7.750E+06 3.301E+00 1.239E+14 4.080E-01 1.199E+02 7.019E+04 4.769E-08 2.442E-08 5.133E-06 3.543E-03 5.058E-05 1.599E-07 1.886E-07 2.493E+12 5.690E+03 4.758E+01 5.445E-07 1.177E-07 4.592E-11 1.740E-12 6.190E-11 8.933E-17 1.930E-06 3.898E-13 2.749E-22 2.577E-34 3.071E-20 2.107E-03 1.990E-06 3.634E-06 6.507E-10 5.749E-16
   7.850E+06 2.777E+00 1.042E+14 3.406E-01 8.839E+01 5.407E+04 6.316E-08 2.680E-08 5.264E-06 3.545E-03 5.059E-05 1.464E-07 1.612E-07 2.067E+12 3.603E+03 5.529E+01 5.461E-07 1.193E-07 3.459E-11 1.193E-12 5.896E-11 7.156E-17 1.990E-06 1.979E-13 1.850E-22 6.317E-35 1.361E-20 2.629E-03 2.046E-06 3.636E-06 5.685E-10 4.571E-16
   7.950E+06 2.337E+00 8.760E+13 2.854E-01 6.510E+01 4.081E+04 8.209E-08 2.929E-08 5.402E-06 3.547E-03 5.060E-05 1.313E-07 1.376E-07 1.710E+12 2.269E+03 6.456E+01 5.476E-07 1.208E-07 2.590E-11 8.270E-13 5.622E-11 5.741E-17 2.046E-06 1.004E-13 1.247E-22 1.640E-35 6.036E-21 3.226E-03 2.098E-06 3.640E-06 4.970E-10 3.853E-16
   8.050E+06 1.967E+00 7.367E+13 2.394E-01 4.791E+01 3.018E+04 1.049E-07 3.188E-08 5.545E-06 3.550E-03 5.061E-05 1.154E-07 1.173E-07 1.412E+12 1.419E+03 7.557E+01 5.489E-07 1.221E-07 1.927E-11 5.789E-13 5.374E-11 4.617E-17 2.098E-06 5.100E-14 8.429E-23 4.576E-36 2.682E-21 3.904E-03 2.148E-06 3.644E-06 4.349E-10 3.429E-16
   8.150E+06 1.656E+00 6.183E+13 2.001E-01 3.516E+01 2.164E+04 1.320E-07 3.458E-08 5.693E-06 3.559E-03 5.061E-05 9.835E-08 9.987E-08 1.161E+12 8.762E+02 8.849E+01 5.500E-07 1.233E-07 1.417E-11 4.077E-13 5.155E-11 3.712E-17 2.148E-06 2.594E-14 5.661E-23 1.372E-36 1.195E-21 4.667E-03 2.197E-06 3.650E-06 3.810E-10 3.196E-16
   8.250E+06 1.396E+00 5.184E+13 1.668E-01 2.575E+01 1.514E+04 1.641E-07 3.732E-08 5.844E-06 3.572E-03 5.062E-05 8.175E-08 8.499E-08 9.501E+11 5.357E+02 1.035E+02 5.510E-07 1.244E-07 1.033E-11 2.889E-13 4.965E-11 2.991E-17 2.197E-06 1.320E-14 3.797E-23 4.383E-37 5.341E-22 5.519E-03 2.247E-06 3.656E-06 3.342E-10 3.091E-16
   8.350E+06 1.177E+00 4.351E+13 1.390E-01 1.886E+01 1.044E+04 2.022E-07 4.007E-08 5.995E-06 3.585E-03 5.062E-05 6.691E-08 7.230E-08 7.761E+11 3.262E+02 1.210E+02 5.518E-07 1.253E-07 7.497E-12 2.062E-13 4.807E-11 2.425E-17 2.247E-06 6.728E-15 2.564E-23 1.480E-37 2.397E-22 6.464E-03 2.299E-06 3.664E-06 2.937E-10 3.072E-16
   8.450E+06 9.945E-01 3.631E+13 1.152E-01 1.373E+01 6.840E+03 2.477E-07 4.297E-08 6.145E-06 3.601E-03 5.063E-05 5.231E-08 6.153E-08 6.284E+11 1.945E+02 1.418E+02 5.525E-07 1.261E-07 5.355E-12 1.472E-13 4.681E-11 1.959E-17 2.299E-06 3.425E-15 1.699E-23 5.102E-38 1.081E-22 7.507E-03 2.353E-06 3.673E-06 2.587E-10 3.110E-16
   8.550E+06 8.419E-01 3.031E+13 9.561E-02 9.990E+00 4.375E+03 3.029E-07 4.617E-08 6.293E-06 3.608E-03 5.063E-05 4.000E-08 5.238E-08 5.069E+11 1.153E+02 1.664E+02 5.531E-07 1.268E-07 3.802E-12 1.055E-13 4.584E-11 1.589E-17 2.353E-06 1.738E-15 1.126E-23 1.781E-38 4.901E-23 8.652E-03 2.411E-06 3.684E-06 2.283E-10 3.183E-16
   8.650E+06 7.145E-01 2.537E+13 7.981E-02 7.288E+00 2.777E+03 3.707E-07 4.998E-08 6.435E-06 3.613E-03 5.063E-05 3.030E-08 4.465E-08 4.084E+11 6.845E+01 1.956E+02 5.536E-07 1.274E-07 2.699E-12 7.616E-14 4.512E-11 1.299E-17 2.411E-06 8.798E-16 7.540E-24 6.308E-39 2.237E-23 9.898E-03 2.474E-06 3.695E-06 2.020E-10 3.275E-16
   8.750E+06 6.083E-01 2.106E+13 6.639E-02 5.277E+00 1.649E+03 4.542E-07 5.494E-08 6.571E-06 3.620E-03 5.063E-05 2.163E-08 3.813E-08 3.252E+11 3.963E+01 2.313E+02 5.540E-07 1.278E-07 1.881E-12 5.474E-14 4.462E-11 1.051E-17 2.474E-06 4.409E-16 4.881E-24 2.185E-39 1.030E-23 1.125E-02 2.541E-06 3.706E-06 1.793E-10 3.371E-16
   8.850E+06 5.201E-01 1.753E+13 5.520E-02 3.832E+00 9.655E+02 5.544E-07 6.123E-08 6.699E-06 3.627E-03 5.064E-05 1.519E-08 3.263E-08 2.584E+11 2.301E+01 2.722E+02 5.544E-07 1.282E-07 1.313E-12 3.954E-14 4.427E-11 8.543E-18 2.541E-06 2.181E-16 3.168E-24 7.480E-40 4.784E-24 1.270E-02 2.613E-06 3.717E-06 1.597E-10 3.458E-16
   8.950E+06 4.466E-01 1.466E+13 4.572E-02 2.801E+00 5.666E+02 6.703E-07 6.880E-08 6.818E-06 3.633E-03 5.064E-05 1.064E-08 2.803E-08 2.055E+11 1.357E+01 3.164E+02 5.547E-07 1.285E-07 9.254E-13 2.879E-14 4.402E-11 6.988E-18 2.613E-06 1.064E-16 2.083E-24 2.563E-40 2.246E-24 1.424E-02 2.691E-06 3.727E-06 1.428E-10 3.526E-16
   9.050E+06 3.852E-01 1.219E+13 3.723E-02 2.041E+00 3.138E+02 7.986E-07 7.748E-08 6.925E-06 3.642E-03 5.064E-05 7.069E-09 2.417E-08 1.619E+11 7.967E+00 3.631E+02 5.549E-07 1.288E-07 6.536E-13 2.089E-14 4.384E-11 5.651E-18 2.691E-06 5.064E-17 1.325E-24 8.591E-41 1.068E-24 1.586E-02 2.772E-06 3.735E-06 1.282E-10 3.567E-16
   9.150E+06 3.342E-01 1.016E+13 2.986E-02 1.494E+00 1.708E+02 9.327E-07 8.672E-08 7.021E-06 3.651E-03 5.064E-05 4.605E-09 2.095E-08 1.274E+11 4.867E+00 4.076E+02 5.551E-07 1.290E-07 4.790E-13 1.522E-14 4.370E-11 4.567E-18 2.772E-06 2.339E-17 8.399E-25 2.840E-41 5.156E-25 1.756E-02 2.855E-06 3.738E-06 1.157E-10 3.576E-16
   9.250E+06 2.916E-01 8.529E+12 2.369E-02 1.107E+00 9.412E+01 1.066E-06 9.599E-08 7.105E-06 3.661E-03 5.064E-05 3.014E-09 1.827E-08 1.007E+11 3.257E+00 4.463E+02 5.552E-07 1.292E-07 3.819E-13 1.119E-14 4.357E-11 3.718E-18 2.855E-06 1.049E-17 5.413E-25 9.423E-42 2.529E-25 1.931E-02 2.941E-06 3.737E-06 1.049E-10 3.554E-16
   9.350E+06 2.557E-01 7.188E+12 1.859E-02 8.281E-01 5.163E+01 1.194E-06 1.049E-07 7.177E-06 3.671E-03 5.064E-05 1.957E-09 1.605E-08 7.968E+10 2.521E+00 4.778E+02 5.553E-07 1.293E-07 3.507E-13 8.284E-15 4.344E-11 3.032E-18 2.941E-06 4.556E-18 3.501E-25 3.151E-42 1.265E-25 2.110E-02 3.027E-06 3.730E-06 9.570E-11 3.502E-16
   9.450E+06 2.255E-01 6.042E+12 1.439E-02 6.220E-01 2.713E+01 1.313E-06 1.132E-07 7.239E-06 3.683E-03 5.064E-05 1.219E-09 1.422E-08 6.281E+10 2.495E+00 5.026E+02 5.554E-07 1.294E-07 4.129E-13 6.112E-15 4.331E-11 2.447E-18 3.027E-06 1.894E-18 2.208E-25 1.052E-42 6.456E-26 2.294E-02 3.109E-06 3.717E-06 8.783E-11 3.427E-16
   9.550E+06 2.001E-01 5.120E+12 1.113E-02 4.748E-01 1.450E+01 1.420E-06 1.208E-07 7.291E-06 3.687E-03 5.064E-05 7.680E-10 1.272E-08 4.986E+10 3.034E+00 5.184E+02 5.555E-07 1.295E-07 5.926E-13 4.551E-15 4.318E-11 1.991E-18 3.109E-06 7.575E-19 1.420E-25 3.562E-43 3.378E-26 2.479E-02 3.185E-06 3.697E-06 8.112E-11 3.333E-16
   9.650E+06 1.785E-01 4.371E+12 8.634E-03 3.686E-01 7.890E+00 1.514E-06 1.275E-07 7.334E-06 3.689E-03 5.064E-05 4.893E-10 1.150E-08 3.985E+10 4.113E+00 5.263E+02 5.555E-07 1.296E-07 9.411E-13 3.416E-15 4.305E-11 1.633E-18 3.185E-06 2.934E-19 9.291E-26 1.235E-43 1.822E-26 2.667E-02 3.250E-06 3.671E-06 7.544E-11 3.228E-16
   9.750E+06 1.599E-01 3.754E+12 6.717E-03 2.910E-01 4.352E+00 1.591E-06 8.829E-08 7.370E-06 3.692E-03 5.064E-05 3.140E-10 1.052E-08 3.204E+10 5.814E+00 5.261E+02 5.556E-07 1.296E-07 1.549E-12 2.578E-15 4.291E-11 1.347E-18 3.250E-06 1.110E-19 6.165E-26 4.420E-44 1.028E-26 2.856E-02 3.299E-06 3.642E-06 7.063E-11 3.115E-16
   9.850E+06 1.440E-01 3.234E+12 5.269E-03 2.330E-01 2.389E+00 1.661E-06 9.284E-08 7.400E-06 3.694E-03 5.064E-05 2.000E-10 9.735E-09 2.583E+10 8.549E+00 5.222E+02 5.556E-07 1.296E-07 2.643E-12 1.945E-15 4.278E-11 1.111E-18 3.299E-06 4.218E-20 4.092E-26 1.666E-44 6.306E-27 3.046E-02 3.325E-06 3.612E-06 6.658E-11 2.999E-16
   9.950E+06 1.303E-01 2.804E+12 4.180E-03 1.900E-01 1.353E+00 1.721E-06 9.671E-08 7.424E-06 3.696E-03 5.064E-05 1.306E-10 9.129E-09 2.096E+10 1.234E+01 5.138E+02 5.556E-07 1.296E-07 4.400E-12 1.471E-15 4.264E-11 9.225E-19 3.325E-06 1.950E-20 2.760E-26 7.582E-45 4.531E-27 3.238E-02 0.000E+00 3.586E-06 6.320E-11 2.883E-16
