
     Z         PRESS      DEN     ProOH1    ProOH25    ProO3D    PO2D       PO2      PH2O      PO3D      PH2O2     FO3      FH2O      NumO2      NumOH      NumO1D     PN2O     PCH3CL      FOH      FHO2      FNO     FNO2      FH    FH2O2     FNO3    FN2O5    FHNO3      FO       FN      FH2     FCH4    FN2O
   5.000E+04 9.550E+05 2.473E+19 7.285E+05 1.876E+05 8.219E+06 0.000E+00 3.096E-12 9.659E-13 7.816E-05 4.412E-06 4.253E-09 7.855E-03 5.260E+15 5.673E+06 1.135E-02 3.380E-09 3.138E-11 2.294E-13 1.522E-11 5.747E-12 1.242E-11 8.858E-18 1.113E-09 8.113E-15 1.078E-16 9.657E-11 1.377E-14 9.110E-18 5.000E-07 8.080E-07 2.730E-07
   1.500E+05 8.442E+05 2.232E+19 5.496E+05 2.358E+05 9.423E+06 0.000E+00 5.101E-12 2.105E-12 8.785E-05 4.940E-06 4.806E-09 5.020E-03 4.861E+15 5.097E+06 1.477E-02 6.109E-09 7.148E-11 2.284E-13 1.508E-11 2.355E-12 4.753E-12 9.110E-18 1.142E-09 6.836E-15 5.455E-17 8.397E-11 1.837E-14 1.150E-17 4.977E-07 8.006E-07 2.667E-07
   2.500E+05 7.445E+05 2.003E+19 5.000E+05 2.787E+05 1.301E+07 0.000E+00 7.367E-12 4.282E-12 9.618E-05 5.433E-06 6.752E-09 3.250E-03 4.464E+15 5.677E+06 2.304E-02 9.751E-09 1.437E-10 2.835E-13 1.634E-11 1.952E-12 3.895E-12 1.150E-17 1.166E-09 7.597E-15 7.677E-17 7.718E-11 3.126E-14 1.420E-17 4.957E-07 7.940E-07 2.599E-07
   3.500E+05 6.550E+05 1.799E+19 4.414E+05 2.951E+05 1.952E+07 0.000E+00 1.001E-11 8.694E-12 1.034E-04 5.905E-06 1.050E-08 1.887E-03 4.102E+15 6.421E+06 3.879E-02 1.469E-08 2.694E-10 3.569E-13 1.739E-11 2.118E-12 4.187E-12 1.420E-17 1.131E-09 9.645E-15 1.806E-16 7.364E-11 5.791E-14 1.648E-17 4.942E-07 7.883E-07 2.525E-07
   4.500E+05 5.746E+05 1.617E+19 3.467E+05 2.841E+05 2.888E+07 0.000E+00 1.318E-11 1.766E-11 1.098E-04 6.367E-06 1.627E-08 9.952E-04 3.766E+15 6.968E+06 6.389E-02 2.129E-08 4.765E-10 4.310E-13 1.770E-11 2.449E-12 4.697E-12 1.648E-17 1.033E-09 1.257E-14 5.005E-16 7.037E-11 1.057E-13 1.750E-17 4.930E-07 7.837E-07 2.447E-07
   5.500E+05 5.024E+05 1.452E+19 2.307E+05 2.417E+05 4.054E+07 0.000E+00 1.703E-11 3.534E-11 1.159E-04 6.829E-06 2.409E-08 4.710E-04 3.452E+15 7.074E+06 9.931E-02 2.979E-08 7.931E-10 4.871E-13 1.692E-11 2.858E-12 5.122E-12 1.750E-17 8.791E-10 1.585E-14 1.447E-15 6.553E-11 1.825E-13 1.727E-17 4.923E-07 7.799E-07 2.366E-07
   6.500E+05 4.376E+05 1.303E+19 1.292E+05 1.824E+05 5.360E+07 0.000E+00 2.178E-11 7.003E-11 1.219E-04 7.300E-06 3.375E-08 2.000E-04 3.155E+15 6.837E+06 1.449E-01 4.021E-08 1.248E-09 5.249E-13 1.523E-11 3.568E-12 5.752E-12 1.727E-17 6.934E-10 1.982E-14 4.685E-15 6.058E-11 2.972E-13 1.613E-17 4.918E-07 7.770E-07 2.283E-07
   7.500E+05 3.796E+05 1.166E+19 6.063E+04 1.209E+05 6.698E+07 9.542E-85 2.754E-11 1.375E-10 1.284E-04 7.789E-06 4.477E-08 7.540E-05 2.870E+15 6.453E+06 1.999E-01 5.239E-08 1.863E-09 5.536E-13 1.295E-11 5.080E-12 7.075E-12 1.613E-17 5.029E-10 2.531E-14 1.722E-14 5.771E-11 4.593E-13 1.449E-17 4.915E-07 7.748E-07 2.199E-07
   8.500E+05 3.277E+05 1.040E+19 2.339E+04 6.878E+04 7.952E+07 2.980E-39 3.435E-11 2.684E-10 1.356E-04 8.301E-06 5.641E-08 2.465E-05 2.596E+15 6.015E+06 2.621E-01 6.610E-08 2.645E-09 5.786E-13 1.034E-11 7.915E-12 9.125E-12 1.449E-17 3.324E-10 3.191E-14 5.288E-14 5.667E-11 6.791E-13 1.233E-17 4.914E-07 7.729E-07 2.118E-07
   9.500E+05 2.816E+05 9.224E+18 7.154E+03 2.902E+04 9.078E+07 1.071E-25 4.215E-11 4.736E-10 1.439E-04 8.845E-06 6.838E-08 6.643E-06 2.330E+15 5.378E+06 3.321E-01 8.095E-08 3.560E-09 5.831E-13 7.445E-12 1.298E-11 1.188E-11 1.233E-17 1.962E-10 3.795E-14 1.053E-13 5.576E-11 9.827E-13 9.549E-18 4.914E-07 7.713E-07 2.037E-07
   1.050E+06 2.409E+05 8.125E+18 1.188E+03 5.746E+03 1.041E+08 4.557E-22 5.085E-11 7.307E-10 1.538E-04 9.426E-06 8.333E-08 9.680E-07 2.073E+15 4.259E+06 4.261E-01 9.664E-08 4.554E-09 5.242E-13 4.453E-12 2.204E-11 1.580E-11 9.549E-18 9.329E-11 4.280E-14 1.542E-13 5.340E-11 1.467E-12 1.270E-17 4.914E-07 7.694E-07 1.932E-07
   1.150E+06 2.052E+05 7.093E+18 1.403E+03 7.048E+03 1.246E+08 7.962E-21 6.067E-11 1.036E-09 1.663E-04 1.006E-05 1.057E-07 9.594E-07 1.851E+15 4.689E+06 5.769E-01 1.132E-07 5.625E-09 6.611E-13 4.098E-12 2.860E-11 1.899E-11 1.270E-17 4.886E-11 5.701E-14 2.023E-13 5.811E-11 2.329E-12 1.828E-17 4.914E-07 7.656E-07 1.754E-07
   1.250E+06 1.741E+05 6.145E+18 1.654E+03 8.178E+03 1.514E+08 9.389E-20 7.213E-11 1.422E-09 1.828E-04 1.078E-05 1.348E-07 9.359E-07 1.688E+15 5.459E+06 8.000E-01 1.309E-07 6.810E-09 8.883E-13 4.293E-12 3.441E-11 2.273E-11 1.828E-17 3.723E-11 8.611E-14 2.898E-13 6.799E-11 3.744E-12 2.615E-17 4.916E-07 7.580E-07 1.464E-07
   1.350E+06 1.473E+05 5.298E+18 1.804E+03 8.963E+03 1.762E+08 7.815E-19 8.565E-11 1.921E-09 2.043E-04 1.162E-05 1.628E-07 8.806E-07 1.608E+15 6.339E+06 1.069E+00 1.499E-07 8.130E-09 1.196E-12 4.614E-12 4.095E-11 2.694E-11 2.615E-17 3.413E-11 1.275E-13 3.994E-13 7.923E-11 5.567E-12 3.535E-17 4.923E-07 7.447E-07 1.080E-07
   1.450E+06 1.242E+05 4.554E+18 1.746E+03 9.052E+03 1.945E+08 4.742E-18 1.015E-10 2.563E-09 2.320E-04 1.260E-05 1.841E-07 7.754E-07 1.606E+15 7.028E+06 1.358E+00 1.702E-07 9.594E-09 1.543E-12 4.919E-12 4.662E-11 3.032E-11 3.535E-17 3.194E-11 1.713E-13 4.701E-13 8.455E-11 7.513E-12 4.528E-17 4.938E-07 7.252E-07 7.002E-08
   1.550E+06 1.044E+05 3.899E+18 1.489E+03 8.032E+03 2.117E+08 2.123E-17 1.199E-10 3.377E-09 2.687E-04 1.374E-05 2.021E-07 6.100E-07 1.648E+15 7.270E+06 1.709E+00 1.913E-07 1.119E-08 1.864E-12 5.141E-12 4.911E-11 3.199E-11 4.528E-17 2.935E-11 2.084E-13 4.664E-13 7.994E-11 9.787E-12 5.733E-17 4.963E-07 7.012E-07 4.092E-08
   1.650E+06 8.749E+04 3.320E+18 1.181E+03 6.460E+03 2.319E+08 7.244E-17 1.413E-10 4.390E-09 3.198E-04 1.509E-05 2.185E-07 4.433E-07 1.700E+15 7.177E+06 2.179E+00 2.130E-07 1.290E-08 2.162E-12 5.333E-12 4.754E-11 3.162E-11 5.733E-17 2.649E-11 2.324E-13 3.925E-13 6.800E-11 1.293E-11 7.775E-17 5.001E-07 6.737E-07 2.201E-08
   1.750E+06 7.315E+04 2.808E+18 1.040E+03 5.732E+03 2.505E+08 2.033E-16 1.659E-10 5.631E-09 3.933E-04 1.667E-05 2.268E-07 3.625E-07 1.731E+15 7.388E+06 2.763E+00 2.346E-07 1.469E-08 2.631E-12 5.797E-12 4.182E-11 2.885E-11 7.775E-17 2.515E-11 2.357E-13 2.743E-13 5.526E-11 1.736E-11 1.124E-16 5.051E-07 6.439E-07 1.123E-08
   1.850E+06 6.105E+04 2.364E+18 9.925E+02 5.554E+03 2.640E+08 5.034E-16 1.934E-10 7.144E-09 4.973E-04 1.852E-05 2.246E-07 3.289E-07 1.726E+15 7.939E+06 3.443E+00 2.556E-07 1.654E-08 3.359E-12 6.440E-12 3.512E-11 2.456E-11 1.124E-16 2.419E-11 2.095E-13 1.555E-13 4.350E-11 2.366E-11 1.718E-16 5.115E-07 6.126E-07 5.547E-09
   1.950E+06 5.089E+04 1.983E+18 9.803E+02 5.654E+03 2.708E+08 1.136E-15 2.233E-10 8.986E-09 6.365E-04 2.060E-05 2.145E-07 3.173E-07 1.681E+15 8.752E+06 4.192E+00 2.755E-07 1.841E-08 4.413E-12 7.186E-12 2.918E-11 1.965E-11 1.718E-16 2.318E-11 1.614E-13 7.165E-14 3.300E-11 3.272E-11 2.752E-16 5.191E-07 5.809E-07 2.712E-09
   2.050E+06 4.237E+04 1.661E+18 9.614E+02 5.832E+03 2.701E+08 2.372E-15 2.549E-10 1.124E-08 8.085E-04 2.287E-05 2.011E-07 3.124E-07 1.598E+15 9.708E+06 4.974E+00 2.938E-07 2.029E-08 5.845E-12 7.982E-12 2.432E-11 1.487E-11 2.752E-16 2.205E-11 1.097E-13 2.764E-14 2.392E-11 4.586E-11 4.587E-16 5.282E-07 5.500E-07 1.342E-09
   2.150E+06 3.524E+04 1.390E+18 9.191E+02 6.005E+03 2.619E+08 4.607E-15 2.879E-10 1.401E-08 1.004E-03 2.523E-05 1.876E-07 3.084E-07 1.489E+15 1.071E+07 5.744E+00 3.105E-07 2.218E-08 7.707E-12 8.827E-12 2.030E-11 1.070E-11 4.587E-16 2.100E-11 6.784E-14 9.267E-15 1.650E-11 6.477E-11 7.920E-16 5.388E-07 5.201E-07 6.805E-10
   2.250E+06 2.928E+04 1.162E+18 8.537E+02 6.156E+03 2.470E+08 8.375E-15 3.223E-10 1.741E-08 1.213E-03 2.759E-05 1.754E-07 3.043E-07 1.363E+15 1.170E+07 6.457E+00 3.257E-07 2.407E-08 1.007E-11 9.759E-12 1.697E-11 7.397E-12 7.920E-16 2.022E-11 3.935E-14 2.816E-15 1.088E-11 9.172E-11 1.412E-15 5.510E-07 4.915E-07 3.560E-10
   2.350E+06 2.430E+04 9.697E+17 7.782E+02 6.347E+03 2.263E+08 1.434E-14 3.586E-10 2.159E-08 1.421E-03 2.987E-05 1.642E-07 3.032E-07 1.228E+15 1.266E+07 7.062E+00 3.394E-07 2.599E-08 1.306E-11 1.088E-11 1.427E-11 4.975E-12 1.412E-15 1.994E-11 2.206E-14 8.092E-16 6.945E-12 1.296E-10 2.588E-15 5.649E-07 4.642E-07 1.935E-10
   2.450E+06 2.015E+04 8.081E+17 7.040E+02 6.662E+03 2.009E+08 2.332E-14 3.973E-10 2.665E-08 1.620E-03 3.198E-05 1.534E-07 3.093E-07 1.093E+15 1.364E+07 7.501E+00 3.518E-07 2.794E-08 1.688E-11 1.234E-11 1.212E-11 3.302E-12 2.588E-15 2.039E-11 1.227E-14 2.287E-16 4.365E-12 1.816E-10 4.865E-15 5.809E-07 4.381E-07 1.095E-10
   2.550E+06 1.670E+04 6.721E+17 6.413E+02 7.235E+03 1.721E+08 3.643E-14 4.392E-10 3.270E-08 1.802E-03 3.387E-05 1.421E-07 3.292E-07 9.621E+14 1.474E+07 7.710E+00 3.631E-07 2.994E-08 2.193E-11 1.439E-11 1.043E-11 2.194E-12 4.865E-15 2.191E-11 6.912E-15 6.563E-17 2.750E-12 2.510E-10 9.338E-15 5.990E-07 4.127E-07 6.453E-11
   2.650E+06 1.383E+04 5.577E+17 5.889E+02 8.145E+03 1.420E+08 5.533E-14 4.854E-10 3.984E-08 1.964E-03 3.550E-05 1.297E-07 3.666E-07 8.388E+14 1.602E+07 7.656E+00 3.733E-07 3.199E-08 2.873E-11 1.733E-11 9.124E-12 1.475E-12 9.338E-15 2.479E-11 3.978E-15 1.946E-17 1.754E-12 3.408E-10 1.788E-14 6.196E-07 3.876E-07 3.943E-11
   2.750E+06 1.146E+04 4.617E+17 5.172E+02 8.886E+03 1.143E+08 8.298E-14 5.369E-10 4.812E-08 2.103E-03 3.686E-05 1.177E-07 4.000E-07 7.253E+14 1.704E+07 7.446E+00 3.827E-07 3.410E-08 3.691E-11 2.088E-11 8.170E-12 9.990E-13 1.788E-14 2.805E-11 2.308E-15 5.854E-18 1.101E-12 4.600E-10 3.392E-14 6.431E-07 3.627E-07 2.496E-11
   2.850E+06 9.490E+03 3.817E+17 4.372E+02 9.436E+03 8.989E+07 1.257E-13 5.945E-10 5.754E-08 2.221E-03 3.797E-05 1.060E-07 4.297E-07 6.232E+14 1.779E+07 7.092E+00 3.913E-07 3.627E-08 4.662E-11 2.515E-11 7.451E-12 6.849E-13 3.392E-14 3.171E-11 1.353E-15 1.795E-18 6.848E-13 6.149E-10 6.272E-14 6.699E-07 3.375E-07 1.630E-11
   2.950E+06 7.865E+03 3.160E+17 3.577E+02 9.816E+03 6.921E+07 2.010E-13 6.584E-10 6.806E-08 2.313E-03 3.885E-05 9.469E-08 4.565E-07 5.342E+14 1.831E+07 6.600E+00 3.992E-07 3.849E-08 5.795E-11 3.019E-11 6.878E-12 4.817E-13 6.272E-14 3.604E-11 8.144E-16 5.810E-19 4.307E-13 8.043E-10 1.121E-13 7.005E-07 3.116E-07 1.089E-11
   3.050E+06 6.518E+03 2.623E+17 2.846E+02 1.005E+04 5.234E+07 3.703E-13 7.282E-10 7.975E-08 2.379E-03 3.956E-05 8.388E-08 4.806E-07 4.575E+14 1.864E+07 6.006E+00 4.066E-07 4.076E-08 7.107E-11 3.604E-11 6.427E-12 3.518E-13 1.121E-13 4.134E-11 5.111E-16 2.048E-19 2.793E-13 1.024E-09 1.950E-13 7.354E-07 2.846E-07 7.422E-12
   3.150E+06 5.398E+03 2.183E+17 2.212E+02 1.021E+04 3.897E+07 8.446E-13 8.047E-10 9.308E-08 2.419E-03 4.011E-05 7.378E-08 5.022E-07 3.916E+14 1.886E+07 5.356E+00 4.135E-07 4.307E-08 8.639E-11 4.291E-11 6.091E-12 2.672E-13 1.950E-13 4.808E-11 3.351E-16 7.900E-20 1.883E-13 1.274E-09 3.338E-13 7.745E-07 2.564E-07 5.158E-12
   3.250E+06 4.466E+03 1.820E+17 1.680E+02 1.042E+04 2.853E+07 2.222E-12 8.895E-10 1.097E-07 2.439E-03 4.054E-05 6.427E-08 5.219E-07 3.347E+14 1.912E+07 4.682E+00 4.199E-07 4.540E-08 1.050E-10 5.135E-11 5.850E-12 2.107E-13 3.338E-13 5.730E-11 2.292E-16 3.319E-20 1.324E-13 1.549E-09 5.696E-13 8.182E-07 2.266E-07 3.633E-12
   3.350E+06 3.689E+03 1.517E+17 1.238E+02 1.094E+04 2.036E+07 5.843E-12 9.860E-10 1.335E-07 2.443E-03 4.087E-05 5.492E-08 5.400E-07 2.854E+14 1.962E+07 3.986E+00 4.260E-07 4.776E-08 1.293E-10 6.262E-11 5.686E-12 1.738E-13 5.696E-13 7.117E-11 1.648E-16 1.534E-20 9.845E-14 1.839E-09 9.815E-13 8.666E-07 1.950E-07 2.585E-12
   3.450E+06 3.043E+03 1.261E+17 8.725E+01 1.203E+04 1.396E+07 1.407E-11 1.100E-09 1.715E-07 2.441E-03 4.112E-05 4.534E-08 5.562E-07 2.421E+14 2.058E+07 3.272E+00 4.317E-07 5.013E-08 1.631E-10 7.884E-11 5.583E-12 1.533E-13 9.815E-13 9.315E-11 1.271E-16 8.081E-21 7.914E-14 2.124E-09 1.715E-12 9.188E-07 1.623E-07 1.854E-12
   3.550E+06 2.506E+03 1.045E+17 5.864E+01 1.388E+04 9.169E+06 3.013E-11 1.239E-09 2.333E-07 2.440E-03 4.132E-05 3.597E-08 5.694E-07 2.042E+14 2.202E+07 2.588E+00 4.371E-07 5.252E-08 2.108E-10 1.025E-10 5.520E-12 1.478E-13 1.715E-12 1.277E-10 1.074E-16 5.034E-21 6.981E-14 2.389E-09 3.038E-12 9.733E-07 1.298E-07 1.339E-12
   3.650E+06 2.063E+03 8.627E+16 3.814E+01 1.639E+04 5.866E+06 5.736E-11 1.409E-09 3.286E-07 2.440E-03 4.146E-05 2.786E-08 5.780E-07 1.713E+14 2.378E+07 2.006E+00 4.422E-07 5.491E-08 2.757E-10 1.357E-10 5.485E-12 1.532E-13 3.038E-12 1.788E-10 9.816E-17 3.606E-21 6.591E-14 2.658E-09 5.434E-12 1.028E-06 9.934E-08 9.750E-13
   3.750E+06 1.697E+03 7.108E+16 2.451E+01 1.916E+04 3.738E+06 9.815E-11 1.616E-09 4.644E-07 2.443E-03 4.157E-05 2.152E-08 5.805E-07 1.432E+14 2.552E+07 1.557E+00 4.469E-07 5.732E-08 3.590E-10 1.793E-10 5.471E-12 1.638E-13 5.434E-12 2.480E-10 9.252E-17 2.727E-21 6.328E-14 2.978E-09 9.738E-12 1.080E-06 7.265E-08 7.147E-13
   3.850E+06 1.396E+03 5.850E+16 1.579E+01 2.162E+04 2.407E+06 1.531E-10 1.863E-09 6.419E-07 2.448E-03 4.166E-05 1.681E-08 5.758E-07 1.193E+14 2.691E+07 1.228E+00 4.515E-07 5.975E-08 4.601E-10 2.328E-10 5.474E-12 1.745E-13 9.738E-12 3.335E-10 8.588E-17 2.013E-21 5.928E-14 3.395E-09 1.729E-11 1.131E-06 5.075E-08 5.261E-13
   3.950E+06 1.149E+03 4.815E+16 1.026E+01 2.324E+04 1.577E+06 2.210E-10 2.149E-09 8.566E-07 2.449E-03 4.173E-05 1.337E-08 5.634E-07 9.936E+13 2.775E+07 9.907E-01 4.558E-07 6.218E-08 5.762E-10 2.943E-10 5.488E-12 1.819E-13 1.729E-11 4.307E-10 7.676E-17 1.400E-21 5.328E-14 3.940E-09 3.025E-11 1.178E-06 3.408E-08 3.886E-13
   4.050E+06 9.448E+02 3.965E+16 6.727E+00 2.370E+04 1.050E+06 2.990E-10 2.472E-09 1.099E-06 2.448E-03 4.179E-05 1.081E-08 5.438E-07 8.266E+13 2.791E+07 8.170E-01 4.599E-07 6.461E-08 7.039E-10 3.614E-10 5.510E-12 1.841E-13 3.025E-11 5.327E-10 6.520E-17 8.991E-22 4.558E-14 4.646E-09 5.200E-11 1.222E-06 2.211E-08 2.873E-13
   4.150E+06 7.770E+02 3.267E+16 4.445E+00 2.297E+04 7.092E+05 3.835E-10 2.829E-09 1.359E-06 2.444E-03 4.184E-05 8.880E-09 5.175E-07 6.873E+13 2.741E+07 6.880E-01 4.637E-07 6.703E-08 8.391E-10 4.314E-10 5.534E-12 1.807E-13 5.200E-11 6.317E-10 5.249E-17 5.254E-22 3.709E-14 5.550E-09 8.779E-11 1.266E-06 1.393E-08 2.117E-13
   4.250E+06 6.387E+02 2.693E+16 2.956E+00 2.123E+04 4.849E+05 4.710E-10 3.219E-09 1.622E-06 2.437E-03 4.188E-05 7.389E-09 4.859E-07 5.712E+13 2.633E+07 5.905E-01 4.673E-07 6.942E-08 9.775E-10 5.013E-10 5.557E-12 1.719E-13 8.779E-11 7.205E-10 4.016E-17 2.884E-22 2.878E-14 6.702E-09 1.458E-10 1.309E-06 8.614E-09 1.554E-13
   4.350E+06 5.247E+02 2.222E+16 1.977E+00 1.881E+04 3.352E+05 5.584E-10 3.642E-09 1.881E-06 2.425E-03 4.191E-05 6.224E-09 4.503E-07 4.746E+13 2.477E+07 5.158E-01 4.708E-07 7.176E-08 1.115E-09 5.684E-10 5.575E-12 1.586E-13 1.458E-10 7.929E-10 2.936E-17 1.457E-22 2.137E-14 8.168E-09 2.397E-10 1.352E-06 5.286E-09 1.136E-13
   4.450E+06 4.307E+02 1.832E+16 1.326E+00 1.602E+04 2.340E+05 6.435E-10 4.106E-09 2.125E-06 2.411E-03 4.194E-05 5.298E-09 4.115E-07 3.939E+13 2.285E+07 4.582E-01 4.739E-07 7.404E-08 1.247E-09 6.302E-10 5.586E-12 1.419E-13 2.397E-10 8.419E-10 2.044E-17 6.775E-23 1.513E-14 1.007E-08 3.910E-10 1.396E-06 3.236E-09 8.246E-14
   4.550E+06 3.532E+02 1.510E+16 8.900E-01 1.314E+04 1.651E+05 7.251E-10 4.620E-09 2.351E-06 2.395E-03 4.197E-05 4.567E-09 3.701E-07 3.265E+13 2.066E+07 4.142E-01 4.769E-07 7.625E-08 1.368E-09 6.839E-10 5.588E-12 1.228E-13 3.910E-10 8.623E-10 1.360E-17 2.901E-23 1.019E-14 1.258E-08 6.370E-10 1.440E-06 1.981E-09 5.905E-14
   4.650E+06 2.894E+02 1.243E+16 5.975E-01 1.040E+04 1.180E+05 8.068E-10 5.201E-09 2.555E-06 2.379E-03 4.199E-05 3.989E-09 3.274E-07 2.702E+13 1.830E+07 3.812E-01 4.797E-07 7.840E-08 1.472E-09 7.266E-10 5.580E-12 1.023E-13 6.370E-10 8.485E-10 8.630E-18 1.135E-23 6.484E-15 1.601E-08 1.041E-09 1.485E-06 1.224E-09 4.169E-14
   4.750E+06 2.369E+02 1.022E+16 4.028E-01 7.944E+03 8.587E+04 9.082E-10 5.868E-09 2.735E-06 2.364E-03 4.201E-05 3.553E-09 2.841E-07 2.232E+13 1.588E+07 3.594E-01 4.824E-07 8.047E-08 1.553E-09 7.541E-10 5.562E-12 8.154E-14 1.041E-09 7.977E-10 5.250E-18 4.052E-24 3.873E-15 2.088E-08 1.725E-09 1.530E-06 7.647E-10 2.886E-14
   4.850E+06 1.938E+02 8.388E+15 2.758E-01 5.853E+03 6.427E+04 1.095E-09 6.643E-09 2.894E-06 2.354E-03 4.203E-05 3.254E-09 2.412E-07 1.839E+13 1.344E+07 3.529E-01 4.848E-07 8.247E-08 1.602E-09 7.614E-10 5.531E-12 6.116E-14 1.725E-09 7.069E-10 3.049E-18 1.243E-24 2.124E-15 2.831E-08 2.921E-09 1.574E-06 4.837E-10 1.943E-14
   4.950E+06 1.585E+02 6.876E+15 1.982E-01 4.165E+03 5.050E+04 1.517E-09 7.542E-09 3.032E-06 2.346E-03 4.205E-05 3.130E-09 1.998E-07 1.514E+13 1.104E+07 3.731E-01 4.872E-07 8.439E-08 1.605E-09 7.410E-10 5.488E-12 4.234E-14 2.921E-09 5.824E-10 1.715E-18-6.400E-25 1.050E-15 4.064E-08 5.135E-09 1.616E-06 3.104E-10 1.261E-14
   5.050E+06 1.296E+02 5.624E+15 1.545E-01 2.865E+03 4.246E+04 2.435E-09 8.584E-09 3.156E-06 2.345E-03 4.206E-05 3.220E-09 1.614E-07 1.242E+13 8.688E+06 4.400E-01 4.894E-07 8.624E-08 1.545E-09 6.864E-10 5.431E-12 2.611E-14 5.135E-09 4.355E-10 9.316E-19-9.900E-24 4.508E-16 6.352E-08 9.374E-09 1.655E-06 2.023E-10 7.796E-15
   5.150E+06 1.060E+02 4.593E+15 1.317E-01 1.920E+03 3.874E+04 4.187E-09 9.773E-09 3.268E-06 2.350E-03 4.208E-05 3.590E-09 1.279E-07 1.018E+13 6.457E+06 5.799E-01 4.914E-07 8.802E-08 1.406E-09 5.973E-10 5.358E-12 1.397E-14 9.374E-09 2.919E-10 4.880E-19-1.247E-24 1.643E-16 1.098E-07 1.789E-08 1.688E-06 1.343E-10 4.532E-15
   5.250E+06 8.668E+01 3.747E+15 1.181E-01 1.271E+03 3.704E+04 7.109E-09 1.111E-08 3.376E-06 2.359E-03 4.209E-05 4.191E-09 1.004E-07 8.325E+12 4.659E+06 8.123E-01 4.934E-07 8.972E-08 1.243E-09 5.041E-10 5.271E-12 6.722E-15 1.789E-08 1.800E-10 2.471E-19-1.050E-25 5.289E-17 2.039E-07 3.844E-08 1.712E-06 9.120E-11 2.444E-15
   5.350E+06 7.098E+01 3.048E+15 1.103E-01 8.270E+02 4.130E+04 1.148E-08 1.261E-08 3.481E-06 2.382E-03 4.210E-05 5.689E-09 7.793E-08 6.789E+12 3.064E+06 1.206E+00 4.952E-07 9.135E-08 1.005E-09 3.857E-10 5.171E-12 2.469E-15 3.844E-08 9.349E-11 1.058E-19-7.299E-27 1.378E-17 4.714E-07 8.252E-08 1.727E-06 6.336E-11 1.193E-15
   5.450E+06 5.820E+01 2.483E+15 1.183E-01 5.192E+02 7.843E+04 1.751E-08 1.424E-08 3.589E-06 2.404E-03 4.211E-05 1.314E-08 5.827E-08 5.541E+12 1.222E+06 2.129E+00 4.969E-07 9.291E-08 4.921E-10 1.670E-10 5.057E-12 4.269E-16 8.252E-08 3.157E-11 2.374E-20-1.615E-28 2.649E-18 1.973E-06 1.404E-07 1.726E-06 4.491E-11 5.471E-16
   5.550E+06 4.782E+01 2.014E+15 1.253E-01 3.175E+02 1.426E+05 2.549E-08 1.601E-08 3.699E-06 2.446E-03 4.212E-05 2.894E-08 4.262E-08 4.499E+12 4.758E+05 3.817E+00 4.985E-07 9.439E-08 2.362E-10 5.923E-11 4.932E-12 1.372E-16 1.404E-07 9.425E-12 7.371E-21 2.477E-27 5.149E-19 7.857E-06 2.027E-07 1.715E-06 3.239E-11 2.866E-16
   5.650E+06 3.939E+01 1.637E+15 1.152E-01 1.938E+02 1.951E+05 3.579E-08 1.790E-08 3.812E-06 2.490E-03 4.213E-05 4.788E-08 3.106E-08 3.650E+12 2.371E+05 5.959E+00 4.999E-07 9.578E-08 1.448E-10 2.459E-11 4.803E-12 9.341E-17 2.027E-07 2.847E-12 4.229E-21 1.027E-26 1.089E-19 2.239E-05 2.668E-07 1.698E-06 2.377E-11 1.984E-16
   5.750E+06 3.254E+01 1.331E+15 9.390E-02 1.191E+02 2.173E+05 4.887E-08 1.990E-08 3.930E-06 2.539E-03 4.214E-05 6.431E-08 2.278E-08 2.954E+12 1.339E+05 8.191E+00 5.012E-07 9.707E-08 1.006E-10 1.172E-11 4.676E-12 7.293E-17 2.668E-07 8.964E-13 2.677E-21 3.240E-27 2.561E-20 5.037E-05 3.338E-07 1.676E-06 1.778E-11 1.697E-16
   5.850E+06 2.698E+01 1.080E+15 6.963E-02 7.369E+01 2.066E+05 6.519E-08 2.204E-08 4.052E-06 2.600E-03 4.215E-05 7.356E-08 1.683E-08 2.377E+12 7.901E+04 1.020E+01 5.023E-07 9.825E-08 7.314E-11 6.173E-12 4.552E-12 5.753E-17 3.338E-07 2.926E-13 1.677E-21 6.789E-28 6.669E-21 9.676E-05 4.050E-07 1.652E-06 1.352E-11 1.568E-16
   5.950E+06 2.246E+01 8.808E+14 4.910E-02 4.613E+01 1.783E+05 8.503E-08 2.426E-08 4.178E-06 2.655E-03 4.215E-05 7.622E-08 1.254E-08 1.910E+12 4.804E+04 1.194E+01 5.034E-07 9.931E-08 5.454E-11 3.536E-12 4.436E-12 4.557E-17 4.050E-07 9.807E-14 1.055E-21 3.154E-28 1.909E-21 1.654E-04 4.811E-07 1.623E-06 1.042E-11 1.467E-16
   6.050E+06 1.877E+01 7.175E+14 3.324E-02 2.914E+01 1.385E+05 1.089E-07 2.658E-08 4.305E-06 2.719E-03 4.216E-05 7.101E-08 9.436E-09 1.525E+12 2.916E+04 1.330E+01 5.042E-07 1.002E-07 4.063E-11 2.156E-12 4.331E-12 3.597E-17 4.811E-07 3.361E-14 6.550E-22 1.622E-27 5.943E-22 2.581E-04 5.632E-07 1.592E-06 8.152E-12 1.362E-16
   6.150E+06 1.577E+01 5.860E+14 2.227E-02 1.864E+01 9.991E+04 1.373E-07 2.893E-08 4.431E-06 2.780E-03 4.216E-05 6.131E-08 7.177E-09 1.213E+12 1.771E+04 1.448E+01 5.050E-07 1.011E-07 3.022E-11 1.385E-12 4.242E-12 2.845E-17 5.632E-07 1.166E-14 4.065E-22 1.542E-26 1.980E-22 3.749E-04 6.522E-07 1.556E-06 6.466E-12 1.259E-16
   6.250E+06 1.331E+01 4.813E+14 1.510E-02 1.210E+01 6.824E+04 1.713E-07 3.130E-08 4.556E-06 2.809E-03 4.217E-05 5.047E-08 5.518E-09 9.639E+11 1.084E+04 1.569E+01 5.056E-07 1.017E-07 2.253E-11 9.323E-13 4.170E-12 2.268E-17 6.522E-07 4.051E-15 2.559E-22 7.766E-26 6.977E-23 5.136E-04 7.484E-07 1.517E-06 5.195E-12 1.170E-16
   6.350E+06 1.129E+01 3.960E+14 1.044E-02 7.954E+00 4.379E+04 2.125E-07 3.375E-08 4.678E-06 2.818E-03 4.217E-05 3.923E-08 4.293E-09 7.631E+11 6.604E+03 1.711E+01 5.061E-07 1.023E-07 1.668E-11 6.494E-13 4.117E-12 1.814E-17 7.484E-07 1.403E-15 1.611E-22 5.543E-27 2.577E-23 6.703E-04 8.529E-07 1.474E-06 4.229E-12 1.101E-16
   6.450E+06 9.622E+00 3.275E+14 7.480E-03 5.302E+00 2.729E+04 2.633E-07 3.663E-08 4.795E-06 2.825E-03 4.217E-05 2.949E-08 3.376E-09 6.039E+11 4.038E+03 1.902E+01 5.065E-07 1.028E-07 1.233E-11 4.663E-13 4.080E-12 1.462E-17 8.529E-07 4.797E-16 1.027E-22-7.610E-28 9.888E-24 8.415E-04 9.668E-07 1.426E-06 3.484E-12 1.053E-16
   6.550E+06 8.241E+00 2.724E+14 5.539E-03 3.579E+00 1.673E+04 3.264E-07 4.032E-08 4.906E-06 2.831E-03 4.218E-05 2.169E-08 2.679E-09 4.780E+11 2.486E+03 2.154E+01 5.069E-07 1.032E-07 9.129E-12 3.434E-13 4.056E-12 1.188E-17 9.668E-07 1.606E-16 6.643E-23-2.320E-28 3.912E-24 1.024E-03 1.090E-06 1.374E-06 2.897E-12 1.023E-16
   6.650E+06 7.089E+00 2.277E+14 4.215E-03 2.448E+00 1.013E+04 4.040E-07 4.511E-08 5.011E-06 2.837E-03 4.218E-05 1.568E-08 2.145E-09 3.788E+11 1.543E+03 2.468E+01 5.072E-07 1.035E-07 6.773E-12 2.586E-13 4.042E-12 9.721E-18 1.090E-06 5.274E-17 4.358E-23-3.505E-29 1.595E-24 1.213E-03 1.224E-06 1.316E-06 2.433E-12 1.005E-16
   6.750E+06 6.124E+00 1.914E+14 3.264E-03 1.696E+00 6.085E+03 4.965E-07 5.111E-08 5.109E-06 2.843E-03 4.218E-05 1.119E-08 1.735E-09 3.006E+11 9.641E+02 2.835E+01 5.074E-07 1.038E-07 5.038E-12 1.985E-13 4.033E-12 8.004E-18 1.224E-06 1.704E-17 2.893E-23-4.173E-30 6.656E-25 1.403E-03 1.367E-06 1.254E-06 2.064E-12 9.934E-17
   6.850E+06 5.312E+00 1.616E+14 2.551E-03 1.192E+00 3.635E+03 6.021E-07 5.816E-08 5.199E-06 2.848E-03 4.218E-05 7.899E-09 1.419E-09 2.392E+11 6.075E+02 3.233E+01 5.076E-07 1.040E-07 3.760E-12 1.550E-13 4.028E-12 6.626E-18 1.367E-06 5.439E-18 1.942E-23-4.437E-31 2.636E-25 1.591E-03 1.520E-06 1.187E-06 1.769E-12 9.810E-17
   6.950E+06 4.626E+00 1.363E+14 1.988E-03 8.445E-01 2.089E+03 7.173E-07 6.602E-08 5.281E-06 2.855E-03 4.218E-05 5.368E-09 1.173E-09 1.898E+11 3.782E+02 3.644E+01 5.077E-07 1.042E-07 2.775E-12 1.221E-13 4.026E-12 5.458E-18 1.520E-06 1.701E-18 1.286E-23-4.480E-32 7.092-166 1.772E-03 1.683E-06 1.116E-06 1.532E-12 9.636E-17
   7.050E+06 4.050E+00 1.144E+14 1.534E-03 6.009E-01 1.124E+03 8.368E-07 7.429E-08 5.355E-06 2.864E-03 4.218E-05 3.432E-09 9.811E-10 1.498E+11 2.292E+02 4.049E+01 5.079E-07 1.043E-07 2.004E-12 9.637E-14 4.025E-12 4.437E-18 1.683E-06 5.104E-19 8.234E-24-4.450E-33-3.819E-25 1.946E-03 1.854E-06 1.039E-06 1.340E-12 9.390E-17
   7.150E+06 3.565E+00 9.668E+13 1.182E-03 4.349E-01 6.130E+02 9.546E-07 8.244E-08 5.419E-06 2.873E-03 4.218E-05 2.207E-09 8.301E-10 1.191E+11 1.426E+02 4.407E+01 5.080E-07 1.044E-07 1.475E-12 7.717E-14 4.025E-12 3.633E-18 1.854E-06 1.486E-19 5.361E-24-4.430E-34-8.205E-25 2.110E-03 2.039E-06 9.569E-07 1.183E-12 9.072E-17
   7.250E+06 3.153E+00 8.225E+13 9.048E-04 3.185E-01 3.384E+02 1.067E-06 9.022E-08 5.475E-06 2.878E-03 4.218E-05 1.429E-09 7.073E-10 9.528E+10 9.179E+01 4.697E+01 5.080E-07 1.045E-07 1.116E-12 6.249E-14 4.025E-12 2.994E-18 2.039E-06 4.160E-20 3.545E-24-4.336E-35-5.047E-25 2.268E-03 2.243E-06 8.685E-07 1.050E-12 8.682E-17
   7.350E+06 2.805E+00 6.957E+13 6.763E-04 2.317E-01 1.741E+02 1.172E-06 9.756E-08 5.523E-06 2.881E-03 4.218E-05 8.686E-10 6.031E-10 7.553E+10 6.064E+01 4.925E+01 5.081E-07 1.046E-07 8.715E-13 5.018E-14 4.026E-12 2.427E-18 2.243E-06 1.065E-20 2.253E-24-4.041E-36-1.874E-25 2.425E-03 2.465E-06 7.702E-07 9.333E-13 8.214E-17
   7.450E+06 2.510E+00 5.864E+13 4.929E-04 1.676E-01 8.424E+01 1.262E-06 7.026E-08 5.563E-06 2.884E-03 4.218E-05 4.982E-10 5.137E-10 5.946E+10 4.527E+01 5.065E+01 5.081E-07 1.046E-07 7.721E-13 3.992E-14 4.026E-12 1.939E-18 2.465E-06 2.462E-21 1.385E-24-3.500E-37-4.955E-26 2.581E-03 2.695E-06 6.623E-07 8.289E-13 7.686E-17
   7.550E+06 2.261E+00 4.990E+13 3.566E-04 1.221E-01 4.191E+01 1.343E-06 7.551E-08 5.596E-06 2.886E-03 4.218E-05 2.910E-10 4.371E-10 4.711E+10 4.079E+01 5.120E+01 5.081E-07 1.046E-07 8.173E-13 3.190E-14 4.026E-12 1.566E-18 2.695E-06 5.502E-22 8.738E-25-2.557E-38-9.831E-27 2.738E-03 2.924E-06 5.487E-07 7.357E-13 7.129E-17
   7.650E+06 2.048E+00 4.284E+13 2.562E-04 8.954E-02 2.145E+01 1.412E-06 8.000E-08 5.624E-06 2.889E-03 4.218E-05 1.733E-10 3.717E-10 3.755E+10 4.165E+01 5.091E+01 5.081E-07 1.046E-07 9.722E-13 2.551E-14 4.026E-12 1.277E-18 2.924E-06 1.347E-22 5.639E-25-7.670E-40-1.328E-27 2.891E-03 3.139E-06 4.356E-07 6.528E-13 6.571E-17
   7.750E+06 1.865E+00 3.706E+13 1.832E-04 6.614E-02 1.128E+01 1.471E-06 8.381E-08 5.646E-06 2.892E-03 4.218E-05 1.052E-10 3.161E-10 3.009E+10 4.394E+01 4.995E+01 5.081E-07 1.046E-07 1.185E-12 2.037E-14 4.025E-12 1.051E-18 3.139E-06 4.086E-23 3.715E-25 3.102E-40 1.990E-29 3.042E-03 3.330E-06 3.293E-07 5.793E-13 6.033E-17
   7.850E+06 1.706E+00 3.225E+13 1.306E-04 4.913E-02 6.026E+00 1.521E-06 8.701E-08 5.665E-06 2.894E-03 4.218E-05 6.455E-11 2.689E-10 2.420E+10 4.537E+01 4.849E+01 5.081E-07 1.046E-07 1.407E-12 1.618E-14 4.025E-12 8.695E-19 3.330E-06 1.549E-23 2.479E-25 1.231E-40 1.198E-28 3.190E-03 3.490E-06 2.357E-07 5.143E-13 5.528E-17
   7.950E+06 1.567E+00 2.824E+13 9.294E-05 3.673E-02 3.305E+00 1.563E-06 8.970E-08 5.680E-06 2.907E-03 4.218E-05 4.025E-11 2.290E-10 1.956E+10 4.394E+01 4.666E+01 5.081E-07 1.046E-07 1.556E-12 1.278E-14 4.024E-12 7.245E-19 3.490E-06 6.816E-24 1.681E-25 3.550E-41 7.564E-29 3.333E-03 3.616E-06 1.589E-07 4.569E-13 5.063E-17
   8.050E+06 1.445E+00 2.488E+13 6.619E-05 2.765E-02 1.875E+00 1.597E-06 9.194E-08 5.693E-06 2.951E-03 4.218E-05 2.554E-11 1.952E-10 1.588E+10 3.915E+01 4.457E+01 5.081E-07 1.046E-07 1.573E-12 1.007E-14 4.023E-12 6.082E-19 3.616E-06 3.223E-24 1.160E-25 9.583E-42 4.020E-29 3.473E-03 3.711E-06 1.005E-07 4.063E-13 4.640E-17
   8.150E+06 1.337E+00 2.204E+13 4.722E-05 2.095E-02 1.095E+00 1.627E-06 9.382E-08 5.703E-06 3.018E-03 4.218E-05 1.646E-11 1.667E-10 1.295E+10 3.191E+01 4.231E+01 5.081E-07 1.046E-07 1.447E-12 7.910E-15 4.021E-12 5.140E-19 3.711E-06 1.548E-24 8.122E-26 2.568E-42 2.068E-29 3.609E-03 3.780E-06 5.955E-08 3.618E-13 4.258E-17
   8.250E+06 1.241E+00 1.963E+13 3.378E-05 1.599E-02 6.497E-01 1.651E-06 9.538E-08 5.712E-06 3.075E-03 4.218E-05 1.076E-11 1.426E-10 1.061E+10 2.377E+01 3.997E+01 5.081E-07 1.046E-07 1.211E-12 6.209E-15 4.020E-12 4.372E-19 3.780E-06 7.302E-25 5.767E-26 6.967E-43 1.058E-29 3.741E-03 3.830E-06 3.299E-08 3.227E-13 3.914E-17
   8.350E+06 1.156E+00 1.756E+13 2.424E-05 1.228E-02 3.851E-01 1.671E-06 9.669E-08 5.719E-06 3.075E-03 4.218E-05 7.132E-12 1.222E-10 8.722E+09 1.624E+01 3.761E+01 5.081E-07 1.046E-07 9.249E-13 4.877E-15 4.018E-12 3.740E-19 3.830E-06 3.357E-25 4.149E-26 1.934E-43 5.409E-30 3.870E-03 3.865E-06 1.711E-08 2.883E-13 3.604E-17
   8.450E+06 1.079E+00 1.585E+13 1.754E-05 9.533E-03 2.401E-01 1.688E-06 9.779E-08 5.725E-06 3.075E-03 4.218E-05 4.926E-12 1.051E-10 7.232E+09 9.922E+00 3.523E+01 5.081E-07 1.046E-07 6.260E-13 3.870E-15 4.015E-12 3.248E-19 3.865E-06 1.554E-25 3.087E-26 5.539E-44 2.762E-30 3.996E-03 3.893E-06 8.408E-09 2.582E-13 3.326E-17
   8.550E+06 1.010E+00 1.440E+13 1.278E-05 7.473E-03 1.549E-01 1.703E-06 9.871E-08 5.730E-06 3.075E-03 4.218E-05 3.499E-12 9.058E-11 6.033E+09 5.583E+00 3.291E+01 5.081E-07 1.046E-07 3.877E-13 3.094E-15 4.013E-12 2.851E-19 3.893E-06 7.483E-26 2.350E-26 1.664E-44 1.412E-30 4.119E-03 3.915E-06 3.942E-09 2.318E-13 3.077E-17
   8.650E+06 9.470E-01 1.312E+13 9.353E-06 5.893E-03 1.010E-01 1.715E-06 9.949E-08 5.734E-06 3.075E-03 4.218E-05 2.504E-12 7.836E-11 5.045E+09 2.980E+00 3.067E+01 5.081E-07 1.046E-07 2.272E-13 2.481E-15 4.010E-12 2.511E-19 3.915E-06 3.771E-26 1.803E-26 5.329E-45 7.233E-31 4.239E-03 3.934E-06 1.767E-09 2.088E-13 2.853E-17
   8.750E+06 8.895E-01 1.198E+13 6.879E-06 4.677E-03 6.646E-02 1.725E-06 1.001E-07 5.737E-06 3.075E-03 4.218E-05 1.804E-12 6.805E-11 4.229E+09 1.517E+00 2.854E+01 5.081E-07 1.046E-07 1.267E-13 1.994E-15 4.007E-12 2.219E-19 3.934E-06 1.983E-26 1.392E-26 1.850E-45 3.723E-31 4.358E-03 3.950E-06 7.581E-10 1.886E-13 2.652E-17
   8.850E+06 8.369E-01 1.097E+13 5.085E-06 3.735E-03 4.411E-02 1.734E-06 1.007E-07 5.740E-06 3.075E-03 4.218E-05 1.308E-12 5.933E-11 3.551E+09 7.417E-01 2.652E+01 5.081E-07 1.046E-07 6.763E-14 1.607E-15 4.004E-12 1.966E-19 3.950E-06 1.078E-26 1.082E-26 7.035E-46 1.929E-31 4.475E-03 3.964E-06 3.122E-10 1.710E-13 2.472E-17
   8.950E+06 7.887E-01 1.007E+13 3.779E-06 3.004E-03 2.953E-02 1.741E-06 1.012E-07 5.743E-06 3.075E-03 4.218E-05 9.539E-13 5.197E-11 2.987E+09 3.515E-01 2.460E+01 5.081E-07 1.046E-07 3.493E-14 1.298E-15 4.000E-12 1.747E-19 3.964E-06 6.005E-27 8.466E-27 2.925E-46 1.007E-31 4.590E-03 3.976E-06 1.237E-10 1.556E-13 2.311E-17
   9.050E+06 7.445E-01 9.258E+12 2.825E-06 2.433E-03 1.991E-02 1.747E-06 1.016E-07 5.745E-06 3.075E-03 4.218E-05 6.995E-13 4.574E-11 2.516E+09 1.640E-01 2.277E+01 5.081E-07 1.046E-07 1.771E-14 1.051E-15 3.996E-12 1.557E-19 3.976E-06 3.399E-27 6.662E-27 1.294E-46 5.311E-32 4.705E-03 3.986E-06 4.723E-11 1.422E-13 2.167E-17
   9.150E+06 7.038E-01 8.534E+12 2.124E-06 1.986E-03 1.353E-02 1.753E-06 1.019E-07 5.747E-06 3.075E-03 4.218E-05 5.155E-13 4.049E-11 2.120E+09 7.706E-02 2.104E+01 5.081E-07 1.046E-07 9.030E-15 8.513E-16 3.992E-12 1.391E-19 3.986E-06 1.950E-27 5.271E-27 5.734E-47 2.828E-32 4.820E-03 3.995E-06 1.747E-11 1.306E-13 2.039E-17
   9.250E+06 6.661E-01 7.927E+12 1.617E-06 1.644E-03 9.633E-03 1.757E-06 1.022E-07 5.748E-06 3.075E-03 4.218E-05 3.952E-13 3.608E-11 1.798E+09 3.739E-02 1.939E+01 5.081E-07 1.046E-07 4.717E-15 6.973E-16 3.988E-12 1.262E-19 3.995E-06 1.172E-27 4.310E-27 2.220E-47 1.523E-32 4.934E-03 4.002E-06 6.381E-12 1.205E-13 1.926E-17
   9.350E+06 6.311E-01 7.388E+12 1.241E-06 1.376E-03 6.982E-03 1.761E-06 1.025E-07 5.750E-06 3.075E-03 4.218E-05 3.073E-13 3.240E-11 1.527E+09 1.992E-02 1.781E+01 5.081E-07 1.046E-07 2.696E-15 5.729E-16 3.984E-12 1.152E-19 4.002E-06 7.195E-28 3.571E-27 5.830E-48 8.288E-33 5.048E-03 4.008E-06 2.318E-12 1.119E-13 1.827E-17
   9.450E+06 5.984E-01 6.894E+12 9.588E-07 1.163E-03 5.066E-03 1.764E-06 1.027E-07 5.751E-06 3.075E-03 4.218E-05 2.390E-13 2.934E-11 1.294E+09 1.188E-02 1.632E+01 5.081E-07 1.046E-07 1.723E-15 4.700E-16 3.979E-12 1.052E-19 4.008E-06 4.430E-28 2.967E-27 2.036E-48 4.564E-33 5.162E-03 4.013E-06 8.412E-13 1.045E-13 1.740E-17
   9.550E+06 5.679E-01 6.440E+12 7.463E-07 9.936E-04 3.677E-03 1.767E-06 1.028E-07 5.752E-06 3.075E-03 4.218E-05 1.856E-13 2.682E-11 1.094E+09 7.830E-03 1.489E+01 5.081E-07 1.046E-07 1.216E-15 3.846E-16 3.974E-12 9.630E-20 4.013E-06 2.723E-28 2.471E-27 2.232E-48 2.549E-33 5.277E-03 4.016E-06 3.079E-13 9.827E-14 1.665E-17
   9.650E+06 5.394E-01 6.023E+12 5.854E-07 8.592E-04 2.666E-03 1.769E-06 1.030E-07 5.753E-06 3.075E-03 4.218E-05 1.439E-13 2.480E-11 9.217E+08 5.549E-03 1.353E+01 5.081E-07 1.046E-07 9.213E-16 3.137E-16 3.969E-12 8.822E-20 4.016E-06 1.667E-28 2.064E-27 2.402E-48 1.451E-33 5.393E-03 4.018E-06 1.161E-13 9.309E-14 1.601E-17
   9.750E+06 5.128E-01 5.639E+12 4.627E-07 7.531E-04 1.928E-03 1.771E-06 1.031E-07 5.753E-06 3.075E-03 4.218E-05 1.112E-13 2.321E-11 7.724E+08 4.123E-03 1.223E+01 5.081E-07 1.046E-07 7.312E-16 2.545E-16 3.964E-12 8.092E-20 4.018E-06 1.012E-28 1.728E-27 2.078E-48 8.560E-34 5.509E-03 4.019E-06 4.696E-14 8.889E-14 1.547E-17
   9.850E+06 4.879E-01 5.284E+12 3.685E-07 6.697E-04 1.388E-03 1.773E-06 1.032E-07 5.754E-06 3.075E-03 4.218E-05 8.541E-14 2.203E-11 6.427E+08 3.159E-03 1.097E+01 5.081E-07 1.046E-07 5.978E-16 2.050E-16 3.958E-12 7.431E-20 4.019E-06 6.098E-29 1.451E-27 1.596E-48 5.453E-34 5.627E-03 4.019E-06 2.200E-14 8.559E-14 1.503E-17
   9.950E+06 4.645E-01 4.957E+12 2.954E-07 6.050E-04 9.962E-04 1.774E-06 1.033E-07 5.754E-06 3.075E-03 4.218E-05 6.535E-14 2.121E-11 5.298E+08 2.481E-03 9.744E+00 5.081E-07 1.046E-07 5.005E-16 1.636E-16 3.953E-12 6.832E-20 4.019E-06 3.776E-29 1.221E-27 1.225E-48 4.074E-34 5.746E-03 0.000E+00 1.363E-14 8.314E-14 1.469E-17
