
     Z         PRESS      DEN     ProOH1    ProOH25    ProO3D    PO2D       PO2      PH2O      PO3D      PH2O2     FO3      FH2O      NumO2      NumOH      NumO1D     PN2O     PCH3CL
   5.000E+04 9.538E+05 2.404E+19 2.432E+05 1.371E-26 2.003E+06 0.000E+00 6.311E-43 4.370E-44 4.146E-06 2.284E-06 2.010E-08 1.305E-02 7.672E+18 2.544E+06 2.360E-03 3.684E-40 3.547E-43
   1.500E+05 8.464E+05 2.158E+19 2.065E+05 1.570E-23 2.128E+06 0.000E+00 5.145E-40 7.162E-41 4.496E-06 2.459E-06 2.193E-08 1.016E-02 6.885E+18 2.229E+06 2.860E-03 4.137E-37 1.211E-39
   2.500E+05 7.497E+05 1.950E+19 1.478E+05 1.040E-20 2.263E+06 0.000E+00 3.214E-37 8.061E-38 4.712E-06 2.610E-06 2.463E-08 6.619E-03 6.221E+18 2.114E+06 3.461E-03 3.332E-34 2.068E-36
   3.500E+05 6.625E+05 1.754E+19 1.074E+05 4.278E-18 2.413E+06 0.000E+00 1.281E-34 5.517E-35 4.883E-06 2.743E-06 2.817E-08 4.422E-03 5.596E+18 2.137E+06 4.169E-03 1.656E-31 1.724E-33
   4.500E+05 5.841E+05 1.577E+19 6.852E+04 9.519E-16 2.526E+06 0.000E+00 3.164E-32 2.277E-32 4.940E-06 2.858E-06 3.243E-08 2.652E-03 5.032E+18 2.110E+06 4.909E-03 4.990E-29 7.501E-31
   5.500E+05 5.137E+05 1.418E+19 3.874E+04 1.917E-13 2.583E+06 0.000E+00 4.910E-30 9.312E-30 4.902E-06 2.957E-06 3.716E-08 1.452E-03 4.524E+18 2.039E+06 5.608E-03 9.434E-27 2.038E-28
   6.500E+05 4.504E+05 1.274E+19 1.924E+04 1.917E-10 2.565E+06 0.000E+00 5.977E-28 2.083E-26 4.778E-06 3.044E-06 4.213E-08 7.226E-04 4.066E+18 1.874E+06 6.189E-03 2.371E-24 1.569E-25
   7.500E+05 3.935E+05 1.144E+19 8.225E+03 3.009E-08 2.474E+06 0.000E+00 7.379E-26 8.225E-24 4.580E-06 3.119E-06 4.722E-08 3.198E-04 3.650E+18 1.603E+06 6.610E-03 6.150E-22 5.595E-23
   8.500E+05 3.426E+05 1.025E+19 2.996E+03 8.516E-07 2.319E+06 0.000E+00 4.472E-24 6.676E-22 4.312E-06 3.184E-06 5.247E-08 1.245E-04 3.271E+18 1.299E+06 6.853E-03 4.746E-20 4.494E-21
   9.500E+05 2.970E+05 9.157E+18 8.988E+02 7.189E-06 2.134E+06 0.000E+00 1.207E-22 1.930E-20 3.999E-06 3.240E-06 5.828E-08 4.068E-05 2.922E+18 1.049E+06 6.984E-03 1.380E-18 1.303E-19
   1.050E+06 2.563E+05 8.142E+18 1.962E+02 2.112E-05 2.010E+06 0.000E+00 1.844E-21 2.741E-19 3.678E-06 3.288E-06 6.713E-08 9.461E-06 2.598E+18 8.227E+05 7.312E-03 2.037E-17 1.872E-18
   1.150E+06 2.203E+05 7.190E+18 1.966E+02 1.541E-04 2.090E+06 0.000E+00 1.983E-20 2.344E-18 3.370E-06 3.330E-06 8.629E-08 9.143E-06 2.294E+18 6.098E+05 8.515E-03 1.894E-16 1.643E-17
   1.250E+06 1.887E+05 6.298E+18 2.203E+02 7.318E-04 2.557E+06 0.000E+00 1.698E-19 1.383E-17 3.123E-06 3.366E-06 1.300E-07 8.401E-06 2.010E+18 3.757E+05 1.178E-02 1.297E-15 1.021E-16
   1.350E+06 1.611E+05 5.474E+18 2.534E+02 2.328E-03 3.614E+06 0.000E+00 1.202E-18 6.205E-17 2.993E-06 3.398E-06 2.206E-07 6.853E-06 1.747E+18 2.403E+05 1.900E-02 7.287E-15 5.003E-16
   1.450E+06 1.372E+05 4.731E+18 2.774E+02 5.703E-03 5.189E+06 0.000E+00 7.076E-18 2.302E-16 2.904E-06 3.428E-06 3.777E-07 5.237E-06 1.510E+18 1.818E+05 3.136E-02 3.577E-14 2.111E-15
   1.550E+06 1.165E+05 4.070E+18 3.077E+02 1.308E-02 7.082E+06 0.000E+00 3.488E-17 7.538E-16 2.858E-06 3.456E-06 6.088E-07 4.263E-06 1.299E+18 1.578E+05 4.947E-02 1.564E-13 8.072E-15
   1.650E+06 9.884E+04 3.485E+18 3.567E+02 3.015E-02 9.230E+06 0.000E+00 1.461E-16 2.278E-15 2.878E-06 3.485E-06 9.202E-07 3.798E-06 1.112E+18 1.520E+05 7.498E-02 6.095E-13 2.846E-14
   1.750E+06 8.374E+04 2.967E+18 4.537E+02 7.358E-02 1.167E+07 0.000E+00 5.287E-16 6.487E-15 3.002E-06 3.516E-06 1.310E-06 3.824E-06 9.467E+17 1.636E+05 1.111E-01 2.112E-12 9.226E-14
   1.850E+06 7.093E+04 2.512E+18 5.708E+02 1.692E-01 1.456E+07 0.000E+00 1.679E-15 1.749E-14 3.260E-06 3.550E-06 1.778E-06 3.854E-06 8.015E+17 1.845E+05 1.638E-01 6.526E-12 2.735E-13
   1.950E+06 6.009E+04 2.122E+18 7.108E+02 3.669E-01 1.797E+07 0.000E+00 4.749E-15 4.449E-14 3.644E-06 3.588E-06 2.324E-06 3.887E-06 6.771E+17 2.144E+05 2.396E-01 1.811E-11 7.406E-13
   2.050E+06 5.094E+04 1.794E+18 8.726E+02 7.503E-01 2.185E+07 0.000E+00 1.216E-14 1.066E-13 4.143E-06 3.632E-06 2.940E-06 3.923E-06 5.724E+17 2.537E+05 3.451E-01 4.566E-11 1.840E-12
   2.150E+06 4.320E+04 1.518E+18 1.062E+03 1.448E+00 2.634E+07 0.000E+00 2.857E-14 2.410E-13 4.777E-06 3.683E-06 3.632E-06 3.960E-06 4.844E+17 3.051E+05 4.920E-01 1.058E-10 4.229E-12
   2.250E+06 3.665E+04 1.286E+18 1.288E+03 2.648E+00 3.164E+07 0.000E+00 6.239E-14 5.153E-13 5.588E-06 3.742E-06 4.404E-06 3.998E-06 4.102E+17 3.728E+05 6.984E-01 2.275E-10 9.061E-12
   2.350E+06 3.110E+04 1.089E+18 1.562E+03 4.603E+00 3.798E+07 1.501-156 1.278E-13 1.047E-12 6.634E-06 3.811E-06 5.258E-06 4.037E-06 3.474E+17 4.626E+05 9.908E-01 4.585E-10 1.823E-11
   2.450E+06 2.641E+04 9.216E+17 1.895E+03 7.637E+00 4.560E+07 7.565-137 2.475E-13 2.033E-12 7.988E-06 3.893E-06 6.195E-06 4.077E-06 2.941E+17 5.813E+05 1.407E+00 8.717E-10 3.468E-11
   2.550E+06 2.244E+04 7.796E+17 2.300E+03 1.215E+01 5.476E+07 3.302-119 4.560E-13 3.784E-12 9.743E-06 3.991E-06 7.209E-06 4.118E-06 2.488E+17 7.370E+05 2.002E+00 1.572E-09 6.268E-11
   2.650E+06 1.908E+04 6.591E+17 2.788E+03 1.859E+01 6.565E+07 3.594-104 8.032E-13 6.779E-12 1.202E-05 4.108E-06 8.287E-06 4.160E-06 2.103E+17 9.380E+05 2.846E+00 2.703E-09 1.081E-10
   2.750E+06 1.624E+04 5.570E+17 3.362E+03 2.745E+01 7.828E+07 2.447E-91 1.357E-12 1.172E-11 1.496E-05 4.251E-06 9.392E-06 4.204E-06 1.777E+17 1.192E+06 4.028E+00 4.443E-09 1.785E-10
   2.850E+06 1.385E+04 4.709E+17 4.018E+03 3.918E+01 9.246E+07 2.265E-80 2.207E-12 1.958E-11 1.874E-05 4.425E-06 1.048E-05 4.249E-06 1.502E+17 1.505E+06 5.649E+00 7.002E-09 2.830E-10
   2.950E+06 1.182E+04 3.983E+17 4.748E+03 5.414E+01 1.079E+08 5.488E-71 3.459E-12 3.165E-11 2.356E-05 4.636E-06 1.150E-05 4.295E-06 1.271E+17 1.883E+06 7.829E+00 1.060E-08 4.311E-10
   3.050E+06 1.011E+04 3.370E+17 5.523E+03 7.243E+01 1.240E+08 6.055E-63 5.232E-12 4.948E-11 2.970E-05 4.893E-06 1.239E-05 4.344E-06 1.075E+17 2.326E+06 1.068E+01 1.541E-08 6.322E-10
   3.150E+06 8.656E+03 2.853E+17 6.309E+03 9.388E+01 1.398E+08 4.846E-56 7.645E-12 7.490E-11 3.743E-05 5.201E-06 1.309E-05 4.393E-06 9.103E+16 2.838E+06 1.429E+01 2.158E-08 8.934E-10
   3.250E+06 7.428E+03 2.420E+17 7.057E+03 1.181E+02 1.544E+08 4.162E-50 1.080E-11 1.098E-10 4.695E-05 5.565E-06 1.359E-05 4.442E-06 7.720E+16 3.414E+06 1.870E+01 2.913E-08 1.218E-09
   3.350E+06 6.386E+03 2.058E+17 7.743E+03 1.445E+02 1.673E+08 5.331E-45 1.479E-11 1.563E-10 5.844E-05 5.987E-06 1.391E-05 4.493E-06 6.565E+16 4.059E+06 2.394E+01 3.798E-08 1.608E-09
   3.450E+06 5.498E+03 1.756E+17 8.374E+03 1.726E+02 1.788E+08 1.340E-40 1.967E-11 2.163E-10 7.211E-05 6.470E-06 1.412E-05 4.542E-06 5.603E+16 4.791E+06 3.008E+01 4.802E-08 2.061E-09
   3.550E+06 4.739E+03 1.505E+17 8.984E+03 2.019E+02 1.896E+08 8.337E-37 2.550E-11 2.923E-10 8.824E-05 7.019E-06 1.428E-05 4.590E-06 4.801E+16 5.632E+06 3.733E+01 5.909E-08 2.573E-09
   3.650E+06 4.087E+03 1.295E+17 9.622E+03 2.323E+02 2.011E+08 1.557E-33 3.238E-11 3.870E-10 1.073E-04 7.639E-06 1.448E-05 4.636E-06 4.131E+16 6.623E+06 4.604E+01 7.105E-08 3.145E-09
   3.750E+06 3.526E+03 1.118E+17 1.033E+04 2.635E+02 2.139E+08 1.031E-30 4.045E-11 5.040E-10 1.299E-04 8.343E-06 1.474E-05 4.679E-06 3.565E+16 7.809E+06 5.675E+01 8.381E-08 3.773E-09
   3.850E+06 3.041E+03 9.671E+16 1.116E+04 2.958E+02 2.293E+08 2.783E-28 4.990E-11 6.482E-10 1.573E-04 9.148E-06 1.507E-05 4.718E-06 3.085E+16 9.255E+06 7.020E+01 9.727E-08 4.461E-09
   3.950E+06 2.621E+03 8.387E+16 1.215E+04 3.293E+02 2.480E+08 3.451E-26 6.100E-11 8.260E-10 1.914E-04 1.008E-05 1.545E-05 4.753E-06 2.675E+16 1.104E+07 8.733E+01 1.114E-07 5.207E-09
   4.050E+06 2.257E+03 7.278E+16 1.332E+04 3.638E+02 2.704E+08 2.182E-24 7.410E-11 1.045E-09 2.357E-04 1.118E-05 1.577E-05 4.784E-06 2.321E+16 1.324E+07 1.094E+02 1.260E-07 6.014E-09
   4.150E+06 1.941E+03 6.316E+16 1.469E+04 3.990E+02 2.968E+08 7.688E-23 8.949E-11 1.313E-09 2.960E-04 1.249E-05 1.587E-05 4.811E-06 2.014E+16 1.592E+07 1.378E+02 1.410E-07 6.877E-09
   4.250E+06 1.667E+03 5.476E+16 1.622E+04 4.338E+02 3.267E+08 1.630E-21 1.073E-10 1.639E-09 3.832E-04 1.407E-05 1.557E-05 4.832E-06 1.746E+16 1.906E+07 1.743E+02 1.560E-07 7.788E-09
   4.350E+06 1.429E+03 4.741E+16 1.774E+04 4.668E+02 3.566E+08 2.224E-20 1.273E-10 2.031E-09 5.120E-04 1.600E-05 1.469E-05 4.848E-06 1.512E+16 2.241E+07 2.188E+02 1.706E-07 8.733E-09
   4.450E+06 1.224E+03 4.099E+16 1.877E+04 4.965E+02 3.768E+08 2.069E-19 1.485E-10 2.493E-09 6.954E-04 1.829E-05 1.322E-05 4.859E-06 1.307E+16 2.530E+07 2.663E+02 1.843E-07 9.692E-09
   4.550E+06 1.047E+03 3.538E+16 1.867E+04 5.216E+02 3.750E+08 1.383E-18 1.697E-10 3.032E-09 9.309E-04 2.085E-05 1.139E-05 4.862E-06 1.128E+16 2.687E+07 3.059E+02 1.967E-07 1.065E-08
   4.650E+06 8.940E+02 3.049E+16 1.730E+04 5.413E+02 3.481E+08 6.988E-18 1.895E-10 3.653E-09 1.197E-03 2.348E-05 9.543E-06 4.860E-06 9.722E+15 2.686E+07 3.282E+02 2.078E-07 1.160E-08
   4.750E+06 7.624E+02 2.624E+16 1.508E+04 5.555E+02 3.043E+08 2.791E-17 2.075E-10 4.365E-09 1.463E-03 2.595E-05 7.929E-06 4.851E-06 8.366E+15 2.562E+07 3.320E+02 2.175E-07 1.255E-08
   4.850E+06 6.493E+02 2.254E+16 1.255E+04 5.653E+02 2.545E+08 9.200E-17 2.237E-10 5.184E-09 1.706E-03 2.814E-05 6.614E-06 4.837E-06 7.189E+15 2.370E+07 3.218E+02 2.262E-07 1.349E-08
   4.950E+06 5.522E+02 1.935E+16 1.014E+04 5.725E+02 2.066E+08 2.594E-16 2.386E-10 6.144E-09 1.917E-03 2.998E-05 5.571E-06 4.817E-06 6.168E+15 2.153E+07 3.032E+02 2.340E-07 1.444E-08
   5.050E+06 4.690E+02 1.658E+16 8.003E+03 5.795E+02 1.641E+08 6.440E-16 2.525E-10 7.295E-09 2.090E-03 3.149E-05 4.737E-06 4.792E-06 5.285E+15 1.934E+07 2.800E+02 2.411E-07 1.541E-08
   5.150E+06 3.977E+02 1.418E+16 6.213E+03 5.886E+02 1.284E+08 1.437E-15 2.662E-10 8.714E-09 2.230E-03 3.270E-05 4.058E-06 4.763E-06 4.522E+15 1.725E+07 2.549E+02 2.477E-07 1.641E-08
   5.250E+06 3.368E+02 1.212E+16 4.759E+03 6.017E+02 9.914E+07 2.925E-15 2.802E-10 1.050E-08 2.339E-03 3.366E-05 3.497E-06 4.730E-06 3.863E+15 1.534E+07 2.295E+02 2.538E-07 1.745E-08
   5.350E+06 2.848E+02 1.034E+16 3.604E+03 6.194E+02 7.575E+07 5.507E-15 2.952E-10 1.277E-08 2.424E-03 3.441E-05 3.024E-06 4.693E-06 3.295E+15 1.363E+07 2.047E+02 2.596E-07 1.854E-08
   5.450E+06 2.406E+02 8.803E+15 2.698E+03 6.406E+02 5.728E+07 9.768E-15 3.118E-10 1.564E-08 2.487E-03 3.500E-05 2.617E-06 4.652E-06 2.806E+15 1.212E+07 1.811E+02 2.652E-07 1.970E-08
   5.550E+06 2.029E+02 7.484E+15 1.997E+03 6.634E+02 4.285E+07 1.626E-14 3.306E-10 1.924E-08 2.530E-03 3.545E-05 2.263E-06 4.608E-06 2.385E+15 1.082E+07 1.587E+02 2.706E-07 2.094E-08
   5.650E+06 1.709E+02 6.350E+15 1.459E+03 6.849E+02 3.167E+07 2.564E-14 3.524E-10 2.366E-08 2.555E-03 3.579E-05 1.952E-06 4.560E-06 2.024E+15 9.697E+06 1.378E+02 2.758E-07 2.226E-08
   5.750E+06 1.438E+02 5.377E+15 1.054E+03 7.024E+02 2.317E+07 3.916E-14 3.780E-10 2.898E-08 2.571E-03 3.606E-05 1.676E-06 4.508E-06 1.714E+15 8.755E+06 1.187E+02 2.809E-07 2.369E-08
   5.850E+06 1.209E+02 4.547E+15 7.544E+02 7.139E+02 1.680E+07 6.221E-14 4.081E-10 3.526E-08 2.579E-03 3.626E-05 1.433E-06 4.452E-06 1.449E+15 7.974E+06 1.015E+02 2.860E-07 2.521E-08
   5.950E+06 1.015E+02 3.840E+15 5.340E+02 7.188E+02 1.207E+07 1.228E-13 4.433E-10 4.262E-08 2.582E-03 3.642E-05 1.217E-06 4.392E-06 1.224E+15 7.329E+06 8.605E+01 2.911E-07 2.683E-08
   6.050E+06 8.515E+01 3.239E+15 3.737E+02 7.200E+02 8.578E+06 3.335E-13 4.843E-10 5.137E-08 2.582E-03 3.654E-05 1.026E-06 4.328E-06 1.032E+15 6.806E+06 7.235E+01 2.960E-07 2.855E-08
   6.150E+06 7.138E+01 2.729E+15 2.580E+02 7.265E+02 6.022E+06 1.034E-12 5.317E-10 6.250E-08 2.578E-03 3.664E-05 8.560E-07 4.259E-06 8.695E+14 6.411E+06 6.012E+01 3.010E-07 3.036E-08
   6.250E+06 5.978E+01 2.298E+15 1.747E+02 7.532E+02 4.152E+06 3.014E-12 5.864E-10 7.832E-08 2.571E-03 3.671E-05 7.026E-07 4.185E-06 7.321E+14 6.173E+06 4.910E+01 3.059E-07 3.225E-08
   6.350E+06 5.002E+01 1.934E+15 1.154E+02 8.179E+02 2.794E+06 7.705E-12 6.500E-10 1.030E-07 2.562E-03 3.677E-05 5.640E-07 4.106E-06 6.160E+14 6.123E+06 3.921E+01 3.107E-07 3.419E-08
   6.450E+06 4.181E+01 1.626E+15 7.446E+01 9.331E+02 1.836E+06 1.719E-11 7.247E-10 1.427E-07 2.551E-03 3.682E-05 4.428E-07 4.021E-06 5.178E+14 6.270E+06 3.067E+01 3.154E-07 3.617E-08
   6.550E+06 3.492E+01 1.365E+15 4.742E+01 1.098E+03 1.189E+06 3.390E-11 8.131E-10 2.046E-07 2.539E-03 3.686E-05 3.429E-07 3.930E-06 4.348E+14 6.570E+06 2.375E+01 3.200E-07 3.818E-08
   6.650E+06 2.913E+01 1.146E+15 3.035E+01 1.296E+03 7.687E+05 6.006E-11 9.182E-10 2.953E-07 2.526E-03 3.690E-05 2.656E-07 3.831E-06 3.647E+14 6.930E+06 1.854E+01 3.245E-07 4.020E-08
   6.750E+06 2.428E+01 9.603E+14 1.983E+01 1.498E+03 5.021E+05 9.708E-11 1.043E-09 4.189E-07 2.513E-03 3.693E-05 2.081E-07 3.725E-06 3.057E+14 7.255E+06 1.484E+01 3.288E-07 4.223E-08
   6.850E+06 2.022E+01 8.036E+14 1.332E+01 1.671E+03 3.315E+05 1.452E-10 1.190E-09 5.760E-07 2.501E-03 3.696E-05 1.650E-07 3.611E-06 2.558E+14 7.464E+06 1.227E+01 3.330E-07 4.428E-08
   6.950E+06 1.682E+01 6.714E+14 9.151E+00 1.789E+03 2.186E+05 2.034E-10 1.363E-09 7.635E-07 2.490E-03 3.698E-05 1.308E-07 3.489E-06 2.137E+14 7.597E+06 1.042E+01 3.370E-07 4.633E-08
   7.050E+06 1.399E+01 5.606E+14 6.353E+00 1.836E+03 1.409E+05 2.697E-10 1.563E-09 9.750E-07 2.480E-03 3.701E-05 1.013E-07 3.359E-06 1.784E+14 7.944E+06 8.988E+00 3.409E-07 4.840E-08
   7.150E+06 1.162E+01 4.673E+14 4.667E+00 1.807E+03 9.416E+04 3.415E-10 1.791E-09 1.202E-06 2.472E-03 3.703E-05 8.152E-08 3.217E-06 1.486E+14 8.449E+06 8.263E+00 3.447E-07 5.049E-08
   7.250E+06 9.656E+00 3.886E+14 4.421E+00 1.701E+03 9.358E+04 4.162E-10 2.050E-09 1.437E-06 2.469E-03 3.705E-05 9.754E-08 3.045E-06 1.236E+14 6.560E+06 9.936E+00 3.484E-07 5.260E-08
   7.350E+06 8.020E+00 3.231E+14 5.827E+00 1.534E+03 1.546E+05 4.913E-10 2.338E-09 1.671E-06 2.467E-03 3.707E-05 1.940E-07 2.841E-06 1.027E+14 2.915E+06 1.688E+01 3.519E-07 5.473E-08
   7.450E+06 6.662E+00 2.683E+14 7.766E+00 1.336E+03 2.477E+05 5.648E-10 2.655E-09 1.897E-06 2.468E-03 3.709E-05 3.742E-07 2.626E-06 8.525E+13 1.281E+06 2.931E+01 3.553E-07 5.688E-08
   7.550E+06 5.535E+00 2.224E+14 9.061E+00 1.132E+03 3.310E+05 6.355E-10 3.004E-09 2.110E-06 2.474E-03 3.711E-05 6.017E-07 2.412E-06 7.064E+13 6.590E+05 4.496E+01 3.586E-07 5.903E-08
   7.650E+06 4.601E+00 1.843E+14 9.393E+00 9.371E+02 3.852E+05 7.026E-10 3.386E-09 2.308E-06 2.483E-03 3.713E-05 8.419E-07 2.203E-06 5.849E+13 3.768E+05 6.164E+01 3.617E-07 6.117E-08
   7.750E+06 3.828E+00 1.527E+14 8.884E+00 7.616E+02 4.057E+05 7.663E-10 3.804E-09 2.487E-06 2.494E-03 3.715E-05 1.065E-06 2.005E-06 4.842E+13 2.279E+05 7.742E+01 3.647E-07 6.329E-08
   7.850E+06 3.187E+00 1.264E+14 7.772E+00 6.090E+02 3.935E+05 8.269E-10 4.269E-09 2.648E-06 2.509E-03 3.717E-05 1.241E-06 1.819E-06 4.003E+13 1.411E+05 9.038E+01 3.675E-07 6.537E-08
   7.950E+06 2.658E+00 1.047E+14 6.393E+00 4.807E+02 3.581E+05 8.855E-10 4.792E-09 2.791E-06 2.527E-03 3.719E-05 1.354E-06 1.646E-06 3.309E+13 8.826E+04 9.951E+01 3.702E-07 6.742E-08
   8.050E+06 2.219E+00 8.675E+13 5.024E+00 3.760E+02 3.109E+05 9.457E-10 5.382E-09 2.918E-06 2.545E-03 3.720E-05 1.408E-06 1.485E-06 2.737E+13 5.553E+04 1.048E+02 3.727E-07 6.942E-08
   8.150E+06 1.855E+00 7.198E+13 3.803E+00 2.918E+02 2.593E+05 1.022E-09 6.054E-09 3.028E-06 2.564E-03 3.722E-05 1.405E-06 1.339E-06 2.266E+13 3.496E+04 1.063E+02 3.751E-07 7.137E-08
   8.250E+06 1.553E+00 5.980E+13 2.803E+00 2.252E+02 2.093E+05 1.158E-09 6.822E-09 3.126E-06 2.582E-03 3.723E-05 1.355E-06 1.205E-06 1.877E+13 2.197E+04 1.051E+02 3.774E-07 7.327E-08
   8.350E+06 1.302E+00 4.978E+13 2.047E+00 1.731E+02 1.648E+05 1.444E-09 7.697E-09 3.212E-06 2.598E-03 3.724E-05 1.275E-06 1.083E-06 1.557E+13 1.379E+04 1.028E+02 3.796E-07 7.512E-08
   8.450E+06 1.093E+00 4.154E+13 1.516E+00 1.330E+02 1.278E+05 2.039E-09 8.684E-09 3.290E-06 2.611E-03 3.725E-05 1.179E-06 9.730E-07 1.294E+13 8.668E+03 1.018E+02 3.817E-07 7.691E-08
   8.550E+06 9.180E-01 3.474E+13 1.163E+00 1.021E+02 9.759E+04 3.152E-09 9.797E-09 3.362E-06 2.621E-03 3.726E-05 1.072E-06 8.740E-07 1.076E+13 5.439E+03 1.041E+02 3.837E-07 7.865E-08
   8.650E+06 7.719E-01 2.909E+13 9.403E-01 7.840E+01 7.334E+04 5.010E-09 1.104E-08 3.433E-06 2.630E-03 3.727E-05 9.588E-07 7.850E-07 8.963E+12 3.402E+03 1.121E+02 3.856E-07 8.033E-08
   8.750E+06 6.495E-01 2.442E+13 8.083E-01 6.037E+01 5.467E+04 7.804E-09 1.243E-08 3.505E-06 2.634E-03 3.728E-05 8.497E-07 7.053E-07 7.475E+12 2.128E+03 1.278E+02 3.874E-07 8.196E-08
   8.850E+06 5.466E-01 2.053E+13 7.287E-01 4.660E+01 4.032E+04 1.168E-08 1.394E-08 3.578E-06 2.636E-03 3.729E-05 7.448E-07 6.342E-07 6.238E+12 1.328E+03 1.525E+02 3.892E-07 8.354E-08
   8.950E+06 4.602E-01 1.727E+13 6.756E-01 3.604E+01 2.928E+04 1.676E-08 1.559E-08 3.656E-06 2.638E-03 3.730E-05 6.426E-07 5.709E-07 5.202E+12 8.246E+02 1.868E+02 3.908E-07 8.507E-08
   9.050E+06 3.875E-01 1.453E+13 6.356E-01 2.794E+01 2.097E+04 2.317E-08 1.736E-08 3.737E-06 2.640E-03 3.731E-05 5.466E-07 5.145E-07 4.336E+12 5.094E+02 2.318E+02 3.923E-07 8.654E-08
   9.150E+06 3.263E-01 1.223E+13 6.014E-01 2.172E+01 1.481E+04 3.109E-08 1.923E-08 3.823E-06 2.641E-03 3.732E-05 4.586E-07 4.646E-07 3.611E+12 3.133E+02 2.886E+02 3.937E-07 8.794E-08
   9.250E+06 2.749E-01 1.029E+13 5.690E-01 1.692E+01 1.031E+04 4.074E-08 2.119E-08 3.912E-06 2.644E-03 3.732E-05 3.789E-07 4.204E-07 3.003E+12 1.916E+02 3.589E+02 3.950E-07 8.928E-08
   9.350E+06 2.317E-01 8.643E+12 5.354E-01 1.320E+01 7.021E+03 5.233E-08 2.323E-08 4.005E-06 2.651E-03 3.733E-05 3.065E-07 3.813E-07 2.491E+12 1.163E+02 4.437E+02 3.962E-07 9.052E-08
   9.450E+06 1.954E-01 7.255E+12 5.001E-01 1.032E+01 4.702E+03 6.597E-08 2.533E-08 4.101E-06 2.660E-03 3.733E-05 2.437E-07 3.467E-07 2.062E+12 7.020E+01 5.438E+02 3.973E-07 9.167E-08
   9.550E+06 1.649E-01 6.090E+12 4.632E-01 8.086E+00 3.109E+03 8.174E-08 2.745E-08 4.198E-06 2.671E-03 3.734E-05 1.912E-07 3.163E-07 1.706E+12 4.231E+01 6.589E+02 3.982E-07 9.271E-08
   9.650E+06 1.394E-01 5.097E+12 4.240E-01 6.335E+00 1.994E+03 9.974E-08 2.960E-08 4.296E-06 2.680E-03 3.734E-05 1.459E-07 2.893E-07 1.406E+12 2.532E+01 7.905E+02 3.990E-07 9.365E-08
   9.750E+06 1.181E-01 4.260E+12 3.844E-01 4.967E+00 1.248E+03 1.200E-07 3.171E-08 4.393E-06 2.686E-03 3.735E-05 1.090E-07 2.654E-07 1.156E+12 1.514E+01 9.388E+02 3.998E-07 9.447E-08
   9.850E+06 1.003E-01 3.566E+12 3.465E-01 3.909E+00 7.751E+02 1.428E-07 3.371E-08 4.488E-06 2.690E-03 3.735E-05 8.081E-08 2.442E-07 9.509E+11 9.139E+00 1.104E+03 4.004E-07 9.520E-08
   9.950E+06 8.545E-02 2.973E+12 3.094E-01 3.066E+00 4.705E+02 1.683E-07 3.568E-08 4.580E-06 2.694E-03 3.735E-05 5.874E-08 2.253E-07 7.788E+11 5.601E+00 1.291E+03 4.009E-07 9.583E-08
