
     Z         PRESS      DEN     ProOH1    ProOH25    ProO3D    PO2D       PO2      PH2O      PO3D      PH2O2     FO3      FH2O      NumO2      NumOH      NumO1D     PN2O     PCH3CL      FOH      FHO2      FNO     FNO2      FH    FH2O2     FNO3    FN2O5    FHNO3      FO       FN      FH2     FCH4    FN2O
   5.000E+04 9.558E+05 2.433E+19 8.964E+05 3.453E+05 7.585E+06 0.000E+00 8.817E-12 1.315E-12 1.623E-04 5.792E-06 1.920E-09 1.080E-02 5.177E+15 6.485E+06 1.036E-02 6.491E-09 3.360E-11 2.665E-13 1.888E-11 5.604E-12 1.280E-11 1.272E-17 1.409E-09 8.104E-15 8.007E-17 1.032E-10 8.894E-15 1.558E-17 5.000E-07 8.080E-07 2.730E-07
   1.500E+05 8.471E+05 2.181E+19 7.111E+05 4.829E+05 7.573E+06 0.000E+00 1.378E-11 2.647E-12 1.832E-04 6.587E-06 1.895E-09 8.363E-03 4.739E+15 6.277E+06 1.181E-02 1.110E-08 7.713E-11 2.878E-13 2.045E-11 2.586E-12 5.746E-12 1.558E-17 1.506E-09 7.479E-15 4.274E-17 9.211E-11 1.094E-14 1.955E-17 4.948E-07 7.941E-07 2.641E-07
   2.500E+05 7.493E+05 1.970E+19 6.794E+05 5.266E+05 1.102E+07 0.000E+00 1.900E-11 5.026E-12 2.013E-04 7.329E-06 2.779E-09 5.318E-03 4.368E+15 7.232E+06 1.955E-02 1.692E-08 1.587E-10 3.670E-13 2.226E-11 2.375E-12 5.175E-12 1.955E-17 1.556E-09 8.948E-15 7.256E-17 8.856E-11 1.941E-14 2.599E-17 4.900E-07 7.810E-07 2.545E-07
   3.500E+05 6.612E+05 1.771E+19 7.262E+05 5.678E+05 1.820E+07 0.000E+00 2.464E-11 9.497E-12 2.171E-04 8.038E-06 4.732E-09 3.375E-03 4.004E+15 8.937E+06 3.645E-02 2.441E-08 3.019E-10 5.045E-13 2.475E-11 2.517E-12 5.557E-12 2.599E-17 1.536E-09 1.259E-14 1.727E-16 8.988E-11 4.014E-14 3.332E-17 4.858E-07 7.690E-07 2.442E-07
   4.500E+05 5.821E+05 1.591E+19 7.242E+05 5.796E+05 3.055E+07 0.000E+00 3.093E-11 1.841E-11 2.310E-04 8.733E-06 8.312E-09 1.979E-03 3.663E+15 1.079E+07 6.869E-02 3.415E-08 5.445E-10 6.781E-13 2.677E-11 2.812E-12 6.236E-12 3.332E-17 1.446E-09 1.857E-14 4.870E-16 9.263E-11 8.491E-14 3.967E-17 4.821E-07 7.582E-07 2.335E-07
   5.500E+05 5.110E+05 1.430E+19 6.226E+05 5.470E+05 4.929E+07 0.000E+00 3.823E-11 3.655E-11 2.442E-04 9.435E-06 1.411E-08 1.047E-03 3.346E+15 1.225E+07 1.235E-01 4.675E-08 9.381E-10 8.566E-13 2.746E-11 3.248E-12 7.034E-12 3.967E-17 1.286E-09 2.690E-14 1.496E-15 9.355E-11 1.718E-13 4.327E-17 4.791E-07 7.489E-07 2.224E-07
   6.500E+05 4.472E+05 1.284E+19 4.455E+05 4.674E+05 7.432E+07 0.000E+00 4.717E-11 7.340E-11 2.582E-04 1.017E-05 2.241E-08 4.958E-04 3.050E+15 1.289E+07 2.064E-01 6.262E-08 1.540E-09 1.004E-12 2.637E-11 3.880E-12 7.901E-12 4.327E-17 1.068E-09 3.714E-14 4.809E-15 9.138E-11 3.233E-13 4.354E-17 4.768E-07 7.412E-07 2.111E-07
   7.500E+05 3.899E+05 1.153E+19 2.613E+05 3.574E+05 1.042E+08 0.000E+00 5.859E-11 1.493E-10 2.746E-04 1.097E-05 3.293E-08 2.077E-04 2.770E+15 1.275E+07 3.196E-01 8.189E-08 2.419E-09 1.107E-12 2.362E-11 5.088E-12 9.330E-12 4.354E-17 8.169E-10 5.026E-14 1.712E-14 8.878E-11 5.641E-13 4.109E-17 4.751E-07 7.350E-07 2.000E-07
   8.500E+05 3.386E+05 1.032E+19 1.248E+05 2.405E+05 1.366E+08 9.044E-75 7.312E-11 3.068E-10 2.960E-04 1.187E-05 4.474E-08 7.600E-05 2.501E+15 1.214E+07 4.623E-01 1.043E-07 3.624E-09 1.177E-12 1.973E-11 7.487E-12 1.179E-11 4.109E-17 5.653E-10 6.763E-14 6.070E-14 8.808E-11 9.206E-13 3.575E-17 4.739E-07 7.298E-07 1.893E-07
   9.500E+05 2.927E+05 9.205E+18 4.687E+04 1.313E+05 1.708E+08 3.501E-37 9.132E-11 6.218E-10 3.258E-04 1.291E-05 5.696E-08 2.295E-05 2.243E+15 1.110E+07 6.387E-01 1.292E-07 5.163E-09 1.206E-12 1.492E-11 1.204E-11 1.542E-11 3.575E-17 3.419E-10 8.795E-14 1.602E-13 8.816E-11 1.438E-12 2.581E-17 4.730E-07 7.252E-07 1.788E-07
   1.050E+06 2.519E+05 8.173E+18 1.166E+04 4.041E+04 2.149E+08 3.410E-27 1.134E-10 1.083E-09 3.701E-04 1.416E-05 7.104E-08 4.564E-06 1.992E+15 8.956E+06 8.913E-01 1.556E-07 6.909E-09 1.096E-12 8.977E-12 2.154E-11 2.115E-11 2.581E-17 1.561E-10 1.095E-13 2.953E-13 8.684E-11 2.286E-12 3.962E-17 4.719E-07 7.194E-07 1.657E-07
   1.150E+06 2.158E+05 7.209E+18 1.409E+04 5.222E+04 2.723E+08 6.263E-24 1.401E-10 1.654E-09 4.407E-04 1.574E-05 8.570E-08 4.380E-06 1.757E+15 1.178E+07 1.262E+00 1.834E-07 8.794E-09 1.633E-12 9.296E-12 2.539E-11 2.356E-11 3.962E-17 1.022E-10 1.593E-13 3.905E-13 1.024E-10 3.709E-12 6.249E-17 4.700E-07 7.084E-07 1.446E-07
   1.250E+06 1.841E+05 6.308E+18 1.509E+04 6.093E+04 3.260E+08 3.527E-21 1.735E-10 2.453E-09 5.571E-04 1.779E-05 9.277E-08 3.938E-06 1.539E+15 1.547E+07 1.705E+00 2.127E-07 1.093E-08 2.452E-12 9.680E-12 3.043E-11 2.640E-11 6.249E-17 8.191E-11 2.306E-13 4.978E-13 1.242E-10 5.817E-12 9.468E-17 4.666E-07 6.871E-07 1.127E-07
   1.350E+06 1.564E+05 5.476E+18 1.213E+04 5.877E+04 3.460E+08 4.730E-19 2.141E-10 3.582E-09 7.350E-04 2.036E-05 8.597E-08 2.997E-06 1.338E+15 1.847E+07 2.061E+00 2.428E-07 1.331E-08 3.373E-12 9.234E-12 3.957E-11 2.973E-11 9.468E-17 5.972E-11 2.825E-13 5.315E-13 1.401E-10 8.370E-12 1.387E-16 4.616E-07 6.516E-07 7.490E-08
   1.450E+06 1.325E+05 4.726E+18 7.854E+03 4.924E+04 3.318E+08 1.431E-17 2.601E-10 5.128E-09 9.654E-04 2.329E-05 7.272E-08 2.032E-06 1.159E+15 1.987E+07 2.267E+00 2.721E-07 1.586E-08 4.204E-12 8.454E-12 4.987E-11 3.116E-11 1.387E-16 4.236E-11 2.840E-13 4.303E-13 1.360E-10 1.128E-11 2.047E-16 4.563E-07 6.036E-07 4.237E-08
   1.550E+06 1.119E+05 4.063E+18 4.868E+03 4.073E+04 3.001E+08 1.445E-16 3.099E-10 7.172E-09 1.221E-03 2.630E-05 6.051E-08 1.398E-06 1.000E+15 2.027E+07 2.363E+00 2.995E-07 1.852E-08 4.990E-12 8.102E-12 5.422E-11 2.897E-11 2.047E-16 3.357E-11 2.526E-13 2.747E-13 1.136E-10 1.475E-11 3.024E-16 4.522E-07 5.496E-07 2.120E-08
   1.650E+06 9.427E+04 3.481E+18 2.942E+03 3.328E+04 2.619E+08 7.538E-16 3.626E-10 9.838E-09 1.473E-03 2.918E-05 5.108E-08 9.717E-07 8.620E+14 1.978E+07 2.383E+00 3.245E-07 2.121E-08 5.681E-12 8.102E-12 5.086E-11 2.418E-11 3.024E-16 2.917E-11 2.048E-13 1.450E-13 8.292E-11 1.908E-11 4.539E-16 4.503E-07 4.945E-07 9.676E-09
   1.750E+06 7.917E+04 2.970E+18 1.782E+03 2.765E+04 2.207E+08 2.567E-15 4.187E-10 1.327E-08 1.698E-03 3.180E-05 4.376E-08 7.012E-07 7.403E+14 1.892E+07 2.332E+00 3.470E-07 2.392E-08 6.370E-12 8.406E-12 4.241E-11 1.839E-11 4.539E-16 2.703E-11 1.509E-13 6.400E-14 5.467E-11 2.450E-11 7.049E-16 4.511E-07 4.420E-07 4.189E-09
   1.850E+06 6.632E+04 2.521E+18 1.130E+03 2.436E+04 1.797E+08 6.714E-15 4.790E-10 1.764E-08 1.894E-03 3.411E-05 3.761E-08 5.477E-07 6.329E+14 1.837E+07 2.220E+00 3.669E-07 2.662E-08 7.288E-12 9.055E-12 3.245E-11 1.291E-11 7.049E-16 2.648E-11 1.001E-13 2.362E-14 3.378E-11 3.120E-11 1.146E-15 4.543E-07 3.934E-07 1.768E-09
   1.950E+06 5.544E+04 2.129E+18 7.687E+02 2.335E+04 1.414E+08 1.505E-14 5.447E-10 2.311E-08 2.060E-03 3.606E-05 3.223E-08 4.747E-07 5.382E+14 1.858E+07 2.057E+00 3.844E-07 2.933E-08 8.727E-12 1.014E-11 2.368E-11 8.546E-12 1.146E-15 2.739E-11 6.048E-14 7.514E-15 2.038E-11 3.942E-11 1.937E-15 4.599E-07 3.493E-07 7.468E-10
   2.050E+06 4.628E+04 1.790E+18 5.555E+02 2.393E+04 1.085E+08 3.119E-14 6.172E-10 2.986E-08 2.196E-03 3.768E-05 2.760E-08 4.477E-07 4.558E+14 1.954E+07 1.870E+00 3.999E-07 3.204E-08 1.092E-11 1.168E-11 1.721E-11 5.525E-12 1.937E-15 2.951E-11 3.461E-14 2.217E-15 1.241E-11 4.956E-11 3.357E-15 4.676E-07 3.103E-07 3.236E-10
   2.150E+06 3.859E+04 1.501E+18 4.149E+02 2.531E+04 8.205E+07 6.265E-14 6.974E-10 3.807E-08 2.304E-03 3.898E-05 2.372E-08 4.429E-07 3.848E+14 2.099E+07 1.680E+00 4.135E-07 3.478E-08 1.398E-11 1.365E-11 1.284E-11 3.587E-12 3.357E-15 3.255E-11 1.960E-14 6.518E-16 7.737E-12 6.217E-11 5.883E-15 4.773E-07 2.760E-07 1.452E-10
   2.250E+06 3.215E+04 1.257E+18 3.138E+02 2.692E+04 6.154E+07 1.243E-13 7.866E-10 4.788E-08 2.387E-03 4.004E-05 2.050E-08 4.472E-07 3.242E+14 2.263E+07 1.500E+00 4.257E-07 3.755E-08 1.800E-11 1.603E-11 9.971E-12 2.381E-12 5.883E-15 3.625E-11 1.132E-14 2.002E-16 4.949E-12 7.793E-11 1.035E-14 4.890E-07 2.460E-07 6.795E-11
   2.350E+06 2.675E+04 1.052E+18 2.379E+02 2.843E+04 4.587E+07 2.419E-13 8.868E-10 5.937E-08 2.450E-03 4.088E-05 1.780E-08 4.554E-07 2.727E+14 2.426E+07 1.333E+00 4.365E-07 4.036E-08 2.307E-11 1.883E-11 8.084E-12 1.626E-12 1.035E-14 4.054E-11 6.760E-15 6.547E-17 3.242E-12 9.762E-11 1.820E-14 5.026E-07 2.198E-07 3.329E-11
   2.450E+06 2.225E+04 8.788E+17 1.797E+02 2.961E+04 3.402E+07 4.560E-13 1.000E-09 7.258E-08 2.497E-03 4.156E-05 1.550E-08 4.643E-07 2.291E+14 2.572E+07 1.179E+00 4.463E-07 4.322E-08 2.926E-11 2.209E-11 6.812E-12 1.141E-12 1.820E-14 4.534E-11 4.175E-15 2.277E-17 2.164E-12 1.221E-10 3.193E-14 5.183E-07 1.968E-07 1.708E-11
   2.550E+06 1.849E+04 7.337E+17 1.352E+02 3.052E+04 2.502E+07 8.283E-13 1.130E-09 8.748E-08 2.530E-03 4.211E-05 1.347E-08 4.756E-07 1.922E+14 2.699E+07 1.036E+00 4.551E-07 4.613E-08 3.678E-11 2.592E-11 5.923E-12 8.226E-13 3.193E-14 5.090E-11 2.660E-15 8.375E-18 1.468E-12 1.521E-10 5.580E-14 5.362E-07 1.762E-07 9.164E-12
   2.650E+06 1.535E+04 6.119E+17 1.012E+02 3.120E+04 1.820E+07 1.456E-12 1.280E-09 1.040E-07 2.554E-03 4.254E-05 1.165E-08 4.901E-07 1.610E+14 2.806E+07 9.009E-01 4.632E-07 4.908E-08 4.586E-11 3.048E-11 5.277E-12 6.079E-13 5.580E-14 5.742E-11 1.743E-15 3.240E-18 1.011E-12 1.883E-10 9.688E-14 5.565E-07 1.574E-07 5.115E-12
   2.750E+06 1.273E+04 5.097E+17 7.479E+01 3.133E+04 1.312E+07 2.502E-12 1.455E-09 1.222E-07 2.571E-03 4.290E-05 1.001E-08 5.028E-07 1.346E+14 2.879E+07 7.776E-01 4.706E-07 5.207E-08 5.648E-11 3.576E-11 4.803E-12 4.602E-13 9.688E-14 6.463E-11 1.164E-15 1.304E-18 7.032E-13 2.320E-10 1.670E-13 5.794E-07 1.399E-07 2.967E-12
   2.850E+06 1.055E+04 4.240E+17 5.427E+01 3.085E+04 9.371E+06 4.283E-12 1.657E-09 1.423E-07 2.583E-03 4.318E-05 8.555E-09 5.112E-07 1.124E+14 2.912E+07 6.663E-01 4.774E-07 5.509E-08 6.868E-11 4.182E-11 4.447E-12 3.571E-13 1.670E-13 7.244E-11 7.882E-16 5.423E-19 4.932E-13 2.849E-10 2.870E-13 6.050E-07 1.231E-07 1.783E-12
   2.950E+06 8.746E+03 3.522E+17 3.862E+01 3.007E+04 6.610E+06 7.500E-12 1.890E-09 1.655E-07 2.593E-03 4.341E-05 7.237E-09 5.160E-07 9.367E+13 2.917E+07 5.650E-01 4.837E-07 5.812E-08 8.282E-11 4.903E-11 4.170E-12 2.850E-13 2.870E-13 8.155E-11 5.421E-16 2.340E-19 3.507E-13 3.478E-10 4.954E-13 6.339E-07 1.065E-07 1.100E-12
   3.050E+06 7.245E+03 2.921E+17 2.684E+01 2.948E+04 4.579E+06 1.366E-11 2.158E-09 1.950E-07 2.604E-03 4.360E-05 6.021E-09 5.176E-07 7.791E+13 2.915E+07 4.720E-01 4.896E-07 6.114E-08 9.980E-11 5.821E-11 3.950E-12 2.362E-13 4.954E-13 9.358E-11 3.830E-16 1.068E-19 2.563E-13 4.203E-10 8.642E-13 6.661E-07 8.970E-08 6.938E-13
   3.150E+06 6.002E+03 2.419E+17 1.815E+01 2.966E+04 3.100E+06 2.544E-11 2.465E-09 2.377E-07 2.615E-03 4.375E-05 4.902E-09 5.159E-07 6.470E+13 2.931E+07 3.867E-01 4.949E-07 6.412E-08 1.212E-10 7.076E-11 3.769E-12 2.065E-13 8.642E-13 1.116E-10 2.848E-16 5.359E-20 1.969E-13 4.994E-10 1.529E-12 7.014E-07 7.302E-08 4.469E-13
   3.250E+06 4.973E+03 2.002E+17 1.195E+01 3.099E+04 2.051E+06 4.655E-11 2.816E-09 3.032E-07 2.627E-03 4.387E-05 3.902E-09 5.105E-07 5.369E+13 2.981E+07 3.109E-01 4.998E-07 6.704E-08 1.489E-10 8.851E-11 3.615E-12 1.922E-13 1.529E-12 1.397E-10 2.266E-16 3.039E-20 1.613E-13 5.821E-10 2.735E-12 7.395E-07 5.674E-08 2.917E-13
   3.350E+06 4.122E+03 1.657E+17 7.741E+00 3.333E+04 1.340E+06 8.081E-11 3.215E-09 4.017E-07 2.636E-03 4.397E-05 3.067E-09 5.007E-07 4.455E+13 3.055E+07 2.483E-01 5.043E-07 6.989E-08 1.844E-10 1.130E-10 3.480E-12 1.886E-13 2.735E-12 1.819E-10 1.915E-16 1.922E-20 1.393E-13 6.694E-10 4.900E-12 7.795E-07 4.171E-08 1.920E-13
   3.450E+06 3.417E+03 1.373E+17 5.026E+00 3.601E+04 8.773E+05 1.309E-10 3.668E-09 5.403E-07 2.642E-03 4.406E-05 2.418E-09 4.853E-07 3.701E+13 3.125E+07 2.007E-01 5.085E-07 7.263E-08 2.276E-10 1.447E-10 3.366E-12 1.902E-13 4.900E-12 2.404E-10 1.671E-16 1.288E-20 1.233E-13 7.683E-10 8.706E-12 8.204E-07 2.889E-08 1.272E-13
   3.550E+06 2.832E+03 1.140E+17 3.318E+00 3.811E+04 5.825E+05 1.981E-10 4.181E-09 7.203E-07 2.643E-03 4.413E-05 1.934E-09 4.642E-07 3.078E+13 3.162E+07 1.668E-01 5.123E-07 7.527E-08 2.774E-10 1.827E-10 3.270E-12 1.919E-13 8.706E-12 3.137E-10 1.454E-16 8.625E-21 1.082E-13 8.888E-10 1.520E-11 8.615E-07 1.889E-08 8.479E-14
   3.650E+06 2.347E+03 9.476E+16 2.249E+00 3.884E+04 3.950E+05 2.848E-10 4.762E-09 9.369E-07 2.636E-03 4.419E-05 1.581E-09 4.375E-07 2.564E+13 3.148E+07 1.441E-01 5.158E-07 7.779E-08 3.322E-10 2.250E-10 3.192E-12 1.903E-13 1.520E-11 3.971E-10 1.233E-16 5.562E-21 9.228E-14 1.042E-09 2.603E-11 9.023E-07 1.176E-08 5.687E-14
   3.750E+06 1.944E+03 7.885E+16 1.566E+00 3.779E+04 2.738E+05 4.050E-10 5.420E-09 1.180E-06 2.624E-03 4.424E-05 1.323E-09 4.060E-07 2.138E+13 3.075E+07 1.297E-01 5.190E-07 8.018E-08 3.899E-10 2.688E-10 3.129E-12 1.832E-13 2.603E-11 4.814E-10 1.001E-16 3.343E-21 7.539E-14 1.243E-09 4.394E-11 9.432E-07 7.038E-09 3.829E-14
   3.850E+06 1.608E+03 6.562E+16 1.120E+00 3.497E+04 1.943E+05 6.062E-10 6.169E-09 1.439E-06 2.609E-03 4.428E-05 1.135E-09 3.703E-07 1.782E+13 2.942E+07 1.220E-01 5.219E-07 8.245E-08 4.484E-10 3.110E-10 3.075E-12 1.700E-13 4.394E-11 5.556E-10 7.676E-17 1.831E-21 5.838E-14 1.518E-09 7.374E-11 9.846E-07 4.077E-09 2.578E-14
   3.950E+06 1.329E+03 5.456E+16 8.249E-01 3.078E+04 1.418E+05 9.972E-10 7.017E-09 1.701E-06 2.592E-03 4.432E-05 1.003E-09 3.316E-07 1.484E+13 2.757E+07 1.204E-01 5.246E-07 8.460E-08 5.053E-10 3.487E-10 3.028E-12 1.511E-13 7.374E-11 6.087E-10 5.515E-17 8.997E-22 4.250E-14 1.912E-09 1.246E-10 1.027E-06 2.316E-09 1.733E-14
   4.050E+06 1.097E+03 4.530E+16 6.269E-01 2.577E+04 1.071E+05 1.764E-09 7.974E-09 1.957E-06 2.575E-03 4.435E-05 9.184E-10 2.906E-07 1.234E+13 2.525E+07 1.254E-01 5.271E-07 8.661E-08 5.574E-10 3.795E-10 2.982E-12 1.276E-13 1.246E-10 6.319E-10 3.678E-17 3.888E-22 2.874E-14 2.507E-09 2.142E-10 1.070E-06 1.300E-09 1.157E-14
   4.150E+06 9.044E+02 3.754E+16 4.909E-01 2.050E+04 8.413E+04 3.154E-09 9.044E-09 2.201E-06 2.561E-03 4.438E-05 8.751E-10 2.481E-07 1.024E+13 2.252E+07 1.386E-01 5.294E-07 8.851E-08 5.997E-10 4.010E-10 2.934E-12 1.014E-13 2.142E-10 6.204E-10 2.264E-17 1.452E-22 1.779E-14 3.451E-09 3.756E-10 1.113E-06 7.259E-10 7.634E-15
   4.250E+06 7.452E+02 3.105E+16 3.919E-01 1.550E+04 6.874E+04 5.420E-09 1.022E-08 2.430E-06 2.550E-03 4.440E-05 8.683E-10 2.054E-07 8.484E+12 1.946E+07 1.613E-01 5.315E-07 9.029E-08 6.265E-10 4.104E-10 2.879E-12 7.502E-14 3.756E-10 5.724E-10 1.292E-17 4.657E-23 9.937E-15 4.994E-09 6.682E-10 1.157E-06 4.066E-10 4.961E-15
   4.350E+06 6.137E+02 2.564E+16 3.133E-01 1.113E+04 5.835E+04 8.768E-09 1.151E-08 2.642E-06 2.542E-03 4.442E-05 8.952E-10 1.643E-07 7.018E+12 1.621E+07 1.951E-01 5.335E-07 9.195E-08 6.323E-10 4.038E-10 2.816E-12 5.100E-14 6.682E-10 4.888E-10 6.942E-18 1.286E-23 4.922E-15 7.593E-09 1.192E-09 1.198E-06 2.308E-10 3.183E-15
   4.450E+06 5.052E+02 2.114E+16 2.458E-01 7.570E+03 5.159E+04 1.334E-08 1.288E-08 2.839E-06 2.538E-03 4.444E-05 9.617E-10 1.262E-07 5.798E+12 1.291E+07 2.417E-01 5.353E-07 9.351E-08 6.107E-10 3.766E-10 2.741E-12 3.126E-14 1.192E-09 3.758E-10 3.587E-18 3.065E-24 2.111E-15 1.217E-08 2.104E-09 1.236E-06 1.330E-10 2.020E-15
   4.550E+06 4.159E+02 1.741E+16 1.869E-01 4.871E+03 4.812E+04 1.928E-08 1.433E-08 3.021E-06 2.536E-03 4.445E-05 1.090E-09 9.260E-08 4.790E+12 9.692E+06 3.038E-01 5.369E-07 9.496E-08 5.566E-10 3.257E-10 2.652E-12 1.690E-14 2.104E-09 2.509E-10 1.811E-18 6.278E-25 7.624E-16 2.081E-08 3.643E-09 1.270E-06 7.780E-11 1.278E-15
   4.650E+06 3.423E+02 1.434E+16 1.381E-01 2.988E+03 4.802E+04 2.678E-08 1.582E-08 3.191E-06 2.535E-03 4.447E-05 1.321E-09 6.530E-08 3.957E+12 6.764E+06 3.866E-01 5.383E-07 9.632E-08 4.717E-10 2.562E-10 2.550E-12 7.894E-15 3.643E-09 1.410E-10 8.850E-19 1.082E-25 2.270E-16 3.845E-08 6.193E-09 1.297E-06 4.644E-11 8.233E-16
   4.750E+06 2.817E+02 1.181E+16 1.003E-01 1.769E+03 5.179E+04 3.611E-08 1.734E-08 3.352E-06 2.534E-03 4.448E-05 1.731E-09 4.470E-08 3.272E+12 4.336E+06 4.982E-01 5.396E-07 9.756E-08 3.673E-10 1.816E-10 2.436E-12 3.170E-15 6.193E-09 6.602E-11 4.013E-19 1.514E-26 5.552E-17 7.757E-08 1.048E-08 1.317E-06 2.831E-11 5.527E-16
   4.850E+06 2.319E+02 9.720E+15 7.260E-02 1.021E+03 6.079E+04 4.761E-08 1.888E-08 3.505E-06 2.534E-03 4.449E-05 2.469E-09 2.997E-08 2.706E+12 2.550E+06 6.531E-01 5.408E-07 9.871E-08 2.624E-10 1.164E-10 2.311E-12 1.122E-15 1.048E-08 2.587E-11 1.629E-19 1.713E-27 1.144E-17 1.727E-07 1.748E-08 1.330E-06 1.759E-11 3.946E-16
   4.950E+06 1.909E+02 8.005E+15 5.430E-02 5.756E+02 8.477E+04 6.160E-08 2.044E-08 3.652E-06 2.532E-03 4.450E-05 4.182E-09 1.969E-08 2.239E+12 1.280E+06 9.026E-01 5.418E-07 9.975E-08 1.599E-10 6.108E-11 2.176E-12 3.644E-16 1.748E-08 7.928E-12 5.941E-20 1.638E-28 2.020E-18 4.629E-07 2.580E-08 1.337E-06 1.114E-11 3.122E-16
   5.050E+06 1.571E+02 6.593E+15 4.240E-02 3.171E+02 1.325E+05 7.847E-08 2.205E-08 3.795E-06 2.530E-03 4.451E-05 7.942E-09 1.268E-08 1.851E+12 5.626E+05 1.329E+00 5.428E-07 1.007E-07 8.533E-11 2.571E-11 2.032E-12 1.701E-16 2.580E-08 1.979E-12 2.780E-20 2.235E-29 3.695E-19 1.364E-06 3.296E-08 1.341E-06 7.186E-12 2.896E-16
   5.150E+06 1.293E+02 5.432E+15 3.199E-02 1.732E+02 1.827E+05 9.870E-08 2.370E-08 3.934E-06 2.526E-03 4.451E-05 1.331E-08 8.109E-09 1.528E+12 2.688E+05 1.902E+00 5.436E-07 1.015E-07 4.949E-11 1.094E-11 1.885E-12 1.194E-16 3.296E-08 4.709E-13 1.747E-20 5.929E-30 8.435E-20 3.405E-06 3.829E-08 1.343E-06 4.733E-12 3.049E-16
   5.250E+06 1.063E+02 4.476E+15 2.256E-02 9.517E+01 2.137E+05 1.230E-07 2.540E-08 4.069E-06 2.521E-03 4.452E-05 1.894E-08 5.225E-09 1.258E+12 1.422E+05 2.523E+00 5.443E-07 1.023E-07 3.176E-11 5.106E-12 1.737E-12 9.120E-17 3.829E-08 1.151E-13 1.141E-20 2.021E-30 2.420E-20 7.004E-06 4.211E-08 1.344E-06 3.192E-12 3.361E-16
   5.350E+06 8.746E+01 3.689E+15 1.500E-02 5.289E+01 2.197E+05 1.525E-07 2.717E-08 4.202E-06 2.515E-03 4.453E-05 2.368E-08 3.412E-09 1.032E+12 7.929E+04 3.115E+00 5.449E-07 1.029E-07 2.150E-11 2.589E-12 1.593E-12 6.977E-17 4.211E-08 2.958E-14 7.333E-21 7.039E-31 8.031E-21 1.249E-05 4.488E-08 1.344E-06 2.204E-12 3.703E-16
   5.450E+06 7.191E+01 3.040E+15 9.584E-03 2.974E+01 2.055E+05 1.888E-07 2.909E-08 4.331E-06 2.507E-03 4.453E-05 2.696E-08 2.259E-09 8.435E+11 4.517E+04 3.645E+00 5.454E-07 1.034E-07 1.486E-11 1.395E-12 1.452E-12 5.293E-17 4.488E-08 8.019E-15 4.644E-21 2.410E-31 2.857E-21 2.020E-05 4.696E-08 1.345E-06 1.553E-12 4.025E-16
   5.550E+06 5.910E+01 2.505E+15 5.985E-03 1.691E+01 1.791E+05 2.346E-07 3.139E-08 4.457E-06 2.498E-03 4.454E-05 2.862E-08 1.514E-09 6.859E+11 2.584E+04 4.117E+00 5.458E-07 1.039E-07 1.032E-11 7.852E-13 1.315E-12 3.978E-17 4.696E-08 2.285E-15 2.905E-21 8.070E-32 1.042E-21 3.056E-05 4.857E-08 1.346E-06 1.114E-12 4.316E-16
   5.650E+06 4.854E+01 2.064E+15 3.715E-03 9.737E+00 1.471E+05 2.934E-07 3.445E-08 4.578E-06 2.488E-03 4.454E-05 2.865E-08 1.030E-09 5.544E+11 1.473E+04 4.552E+00 5.461E-07 1.043E-07 7.138E-12 4.568E-13 1.184E-12 2.966E-17 4.857E-08 6.861E-16 1.800E-21 2.656E-32 3.833E-22 4.392E-05 4.988E-08 1.347E-06 8.135E-13 4.575E-16
   5.750E+06 3.985E+01 1.700E+15 2.324E-03 5.702E+00 1.147E+05 3.692E-07 3.872E-08 4.695E-06 2.477E-03 4.454E-05 2.724E-08 7.145E-10 4.450E+11 8.331E+03 4.981E+00 5.464E-07 1.046E-07 4.901E-12 2.732E-13 1.060E-12 2.198E-17 4.988E-08 2.183E-16 1.107E-21 8.629E-33 1.414E-22 6.053E-05 5.099E-08 1.348E-06 6.061E-13 4.804E-16
   5.850E+06 3.270E+01 1.399E+15 1.472E-03 3.387E+00 8.535E+04 4.643E-07 4.448E-08 4.805E-06 2.466E-03 4.454E-05 2.473E-08 5.037E-10 3.543E+11 4.660E+03 5.428E+00 5.467E-07 1.049E-07 3.331E-12 1.668E-13 9.445E-13 1.617E-17 5.099E-08 7.305E-17 6.750E-22 2.761E-33 5.195E-23 8.066E-05 5.198E-08 1.349E-06 4.595E-13 5.004E-16
   5.950E+06 2.681E+01 1.151E+15 9.407E-04 2.037E+00 6.073E+04 5.782E-07 5.176E-08 4.908E-06 2.455E-03 4.455E-05 2.149E-08 3.605E-10 2.795E+11 2.576E+03 5.887E+00 5.469E-07 1.051E-07 2.238E-12 1.037E-13 8.368E-13 1.182E-17 5.198E-08 2.558E-17 4.084E-22 8.691E-34 1.894E-23 1.043E-04 5.289E-08 1.351E-06 3.537E-13 5.163E-16
   6.050E+06 2.198E+01 9.461E+14 6.054E-04 1.242E+00 4.134E+04 7.062E-07 6.019E-08 5.002E-06 2.445E-03 4.455E-05 1.787E-08 2.625E-10 2.185E+11 1.407E+03 6.323E+00 5.470E-07 1.053E-07 1.487E-12 6.578E-14 7.383E-13 8.594E-18 5.289E-08 9.398E-18 2.454E-22 2.705E-34 6.886E-24 1.308E-04 5.376E-08 1.352E-06 2.768E-13 5.270E-16
   6.150E+06 1.800E+01 7.771E+14 3.904E-04 7.686E-01 2.698E+04 8.409E-07 6.921E-08 5.085E-06 2.435E-03 4.455E-05 1.425E-08 1.945E-10 1.694E+11 7.602E+02 6.692E+00 5.471E-07 1.054E-07 9.782E-13 4.251E-14 6.496E-13 6.223E-18 5.376E-08 3.621E-18 1.467E-22 8.339E-35 2.506E-24 1.595E-04 5.462E-08 1.354E-06 2.201E-13 5.318E-16
   6.250E+06 1.474E+01 6.377E+14 2.512E-04 4.820E-01 1.691E+04 9.742E-07 7.819E-08 5.156E-06 2.428E-03 4.455E-05 1.093E-08 1.466E-10 1.303E+11 4.067E+02 6.957E+00 5.472E-07 1.055E-07 6.378E-13 2.798E-14 5.705E-13 4.492E-18 5.462E-08 1.460E-18 8.717E-23 2.547E-35 9.143E-25 1.894E-04 5.547E-08 1.356E-06 1.777E-13 5.311E-16
   6.350E+06 1.207E+01 5.228E+14 1.614E-04 3.069E-01 1.024E+04 1.099E-06 8.662E-08 5.217E-06 2.422E-03 4.455E-05 8.089E-09 1.125E-10 9.969E+10 2.161E+02 7.100E+00 5.473E-07 1.056E-07 4.133E-13 1.876E-14 5.012E-13 3.240E-18 5.547E-08 6.167E-19 5.168E-23 7.756E-36 3.373E-25 2.194E-04 5.634E-08 1.358E-06 1.458E-13 5.255E-16
   6.450E+06 9.874E+00 4.285E+14 1.036E-04 1.981E-01 6.025E+03 1.210E-06 9.415E-08 5.267E-06 2.417E-03 4.455E-05 5.817E-09 8.778E-11 7.593E+10 1.143E+02 7.121E+00 5.474E-07 1.057E-07 2.669E-13 1.280E-14 4.410E-13 2.339E-18 5.634E-08 2.721E-19 3.062E-23 2.360E-36 1.260E-25 2.488E-04 5.726E-08 1.360E-06 1.212E-13 5.162E-16
   6.550E+06 8.080E+00 3.506E+14 6.629E-05 1.293E-01 3.446E+03 1.306E-06 1.006E-07 5.307E-06 2.417E-03 4.455E-05 4.067E-09 6.945E-11 5.760E+10 6.024E+01 7.038E+00 5.474E-07 1.057E-07 1.718E-13 8.857E-15 3.888E-13 1.688E-18 5.726E-08 1.245E-19 1.807E-23 7.143E-37 4.769E-26 2.772E-04 5.823E-08 1.363E-06 1.020E-13 5.044E-16
   6.650E+06 6.612E+00 2.867E+14 4.246E-05 8.529E-02 1.928E+03 1.387E-06 1.061E-07 5.340E-06 2.420E-03 4.455E-05 2.779E-09 5.571E-11 4.360E+10 3.173E+01 6.876E+00 5.474E-07 1.057E-07 1.107E-13 6.222E-15 3.441E-13 1.222E-18 5.823E-08 5.906E-20 1.067E-23 2.160E-37 1.835E-26 3.040E-04 5.929E-08 1.366E-06 8.682E-14 4.910E-16
   6.750E+06 5.413E+00 2.345E+14 2.733E-05 5.699E-02 1.064E+03 1.452E-06 1.105E-07 5.365E-06 2.423E-03 4.455E-05 1.873E-09 4.529E-11 3.303E+10 1.679E+01 6.657E+00 5.475E-07 1.058E-07 7.159E-14 4.437E-15 3.062E-13 8.890E-19 5.929E-08 2.900E-20 6.330E-24 6.584E-38 7.222E-27 3.289E-04 6.044E-08 1.370E-06 7.470E-14 4.770E-16
   6.850E+06 4.433E+00 1.915E+14 1.770E-05 3.849E-02 5.767E+02 1.505E-06 1.141E-07 5.386E-06 2.433E-03 4.455E-05 1.238E-09 3.732E-11 2.502E+10 8.915E+00 6.414E+00 5.475E-07 1.058E-07 4.655E-14 3.207E-15 2.744E-13 6.500E-19 6.044E-08 1.473E-20 3.754E-24 2.017E-38 2.915E-27 3.518E-04 6.171E-08 1.373E-06 6.497E-14 4.630E-16
   6.950E+06 3.633E+00 1.562E+14 1.156E-05 2.628E-02 3.082E+02 1.547E-06 1.170E-07 5.401E-06 2.450E-03 4.455E-05 8.054E-10 3.115E-11 1.898E+10 4.767E+00 6.167E+00 5.475E-07 1.058E-07 3.052E-14 2.347E-15 2.480E-13 4.782E-19 6.171E-08 7.735E-21 2.229E-24 6.214E-39 1.211E-27 3.727E-04 6.312E-08 1.378E-06 5.708E-14 4.493E-16
   7.050E+06 2.981E+00 1.275E+14 7.648E-06 1.819E-02 1.642E+02 1.580E-06 1.193E-07 5.414E-06 2.467E-03 4.455E-05 5.220E-10 2.634E-11 1.446E+10 2.588E+00 5.919E+00 5.475E-07 1.058E-07 2.029E-14 1.743E-15 2.262E-13 3.553E-19 6.312E-08 4.197E-21 1.337E-24 1.944E-39 5.189E-28 3.916E-04 6.468E-08 1.383E-06 5.067E-14 4.363E-16
   7.150E+06 2.449E+00 1.040E+14 5.125E-06 1.274E-02 8.679E+01 1.607E-06 1.212E-07 5.423E-06 2.491E-03 4.455E-05 3.349E-10 2.258E-11 1.105E+10 1.427E+00 5.688E+00 5.475E-07 1.058E-07 1.371E-14 1.310E-15 2.084E-13 2.663E-19 6.468E-08 2.363E-21 8.051E-25 6.191E-40 2.313E-28 4.087E-04 6.649E-08 1.388E-06 4.542E-14 4.241E-16
   7.250E+06 2.015E+00 8.476E+13 3.456E-06 8.978E-03 4.539E+01 1.627E-06 1.226E-07 5.431E-06 2.524E-03 4.455E-05 2.121E-10 1.950E-11 8.446E+09 8.008E-01 5.470E+00 5.475E-07 1.058E-07 9.447E-15 9.928E-16 1.936E-13 2.006E-19 6.649E-08 1.361E-21 4.839E-25 1.971E-40 1.055E-28 4.249E-04 6.866E-08 1.394E-06 4.096E-14 4.122E-16
   7.350E+06 1.662E+00 6.914E+13 2.332E-06 6.345E-03 2.368E+01 1.643E-06 1.238E-07 5.436E-06 2.560E-03 4.455E-05 1.338E-10 1.688E-11 6.462E+09 4.617E-01 5.249E+00 5.475E-07 1.058E-07 6.678E-15 7.578E-16 1.809E-13 1.521E-19 6.866E-08 7.873E-22 2.922E-25 6.167E-41 4.823E-29 4.409E-04 7.128E-08 1.401E-06 3.700E-14 4.002E-16
   7.450E+06 1.373E+00 5.643E+13 1.574E-06 4.493E-03 1.231E+01 1.656E-06 1.247E-07 5.441E-06 2.599E-03 4.455E-05 8.389E-11 1.463E-11 4.943E+09 2.759E-01 5.030E+00 5.475E-07 1.059E-07 4.889E-15 5.824E-16 1.701E-13 1.160E-19 7.128E-08 4.566E-22 1.770E-25 1.903E-41 2.205E-29 4.568E-04 7.445E-08 1.410E-06 3.346E-14 3.880E-16
   7.550E+06 1.138E+00 4.603E+13 1.062E-06 3.184E-03 6.334E+00 1.666E-06 1.255E-07 5.444E-06 2.648E-03 4.455E-05 5.197E-11 1.271E-11 3.777E+09 1.725E-01 4.821E+00 5.475E-07 1.059E-07 3.749E-15 4.503E-16 1.613E-13 8.891E-20 7.445E-08 2.657E-22 1.069E-25 5.805E-42 1.010E-29 4.728E-04 7.828E-08 1.420E-06 3.031E-14 3.756E-16
   7.650E+06 9.463E-01 3.759E+13 7.185E-07 2.264E-03 3.255E+00 1.673E-06 1.262E-07 5.447E-06 2.699E-03 4.455E-05 3.209E-11 1.106E-11 2.889E+09 1.148E-01 4.619E+00 5.475E-07 1.059E-07 3.053E-15 3.511E-16 1.542E-13 6.875E-20 7.828E-08 1.552E-22 6.497E-26 1.759E-42 4.639E-30 4.891E-04 8.287E-08 1.432E-06 2.749E-14 3.632E-16
   7.750E+06 7.895E-01 3.077E+13 4.881E-07 1.618E-03 1.675E+00 1.679E-06 1.267E-07 5.449E-06 2.750E-03 4.455E-05 1.980E-11 9.649E-12 2.214E+09 8.202E-02 4.424E+00 5.475E-07 1.059E-07 2.666E-15 2.761E-16 1.488E-13 5.366E-20 8.287E-08 9.111E-23 3.976E-26 5.327E-43 2.141E-30 5.059E-04 8.838E-08 1.445E-06 2.499E-14 3.505E-16
   7.850E+06 6.613E-01 2.517E+13 3.325E-07 1.159E-03 8.533E-01 1.684E-06 1.272E-07 5.451E-06 2.808E-03 4.455E-05 1.207E-11 8.447E-12 1.696E+09 6.354E-02 4.243E+00 5.475E-07 1.059E-07 2.525E-15 2.185E-16 1.448E-13 4.209E-20 8.838E-08 5.382E-23 2.422E-26 1.609E-43 9.940E-31 5.233E-04 9.493E-08 1.461E-06 2.277E-14 3.378E-16
   7.950E+06 5.563E-01 2.063E+13 2.278E-07 8.349E-04 4.341E-01 1.687E-06 1.276E-07 5.452E-06 2.866E-03 4.455E-05 7.342E-12 7.424E-12 1.301E+09 5.364E-02 4.071E+00 5.475E-07 1.059E-07 2.600E-15 1.744E-16 1.420E-13 3.323E-20 9.493E-08 3.203E-23 1.479E-26 4.856E-44 4.650E-31 5.416E-04 1.027E-07 1.478E-06 2.080E-14 3.249E-16
   8.050E+06 4.702E-01 1.697E+13 1.574E-07 6.070E-04 2.206E-01 1.690E-06 1.280E-07 5.453E-06 2.892E-03 4.455E-05 4.494E-12 6.558E-12 1.003E+09 4.903E-02 3.905E+00 5.475E-07 1.059E-07 2.889E-15 1.405E-16 1.400E-13 2.645E-20 1.027E-07 1.929E-23 9.116E-27 1.474E-44 2.196E-31 5.611E-04 1.118E-07 1.497E-06 1.905E-14 3.118E-16
   8.150E+06 3.993E-01 1.399E+13 1.097E-07 4.448E-04 1.115E-01 1.692E-06 1.283E-07 5.454E-06 2.901E-03 4.455E-05 2.746E-12 5.828E-12 7.748E+08 4.886E-02 3.749E+00 5.475E-07 1.059E-07 3.492E-15 1.140E-16 1.387E-13 2.111E-20 1.118E-07 1.187E-23 5.603E-27 4.496E-45 1.050E-31 5.818E-04 1.224E-07 1.519E-06 1.752E-14 2.987E-16
   8.250E+06 3.407E-01 1.158E+13 7.730E-08 3.295E-04 5.676E-02 1.694E-06 1.286E-07 5.454E-06 2.908E-03 4.455E-05 1.686E-12 5.219E-12 6.011E+08 5.276E-02 3.600E+00 5.475E-07 1.059E-07 4.558E-15 9.319E-17 1.377E-13 1.691E-20 1.224E-07 7.638E-24 3.453E-27 1.382E-45 5.092E-32 6.041E-04 1.347E-07 1.542E-06 1.617E-14 2.856E-16
   8.350E+06 2.922E-01 9.627E+12 5.527E-08 2.477E-04 2.945E-02 1.695E-06 1.288E-07 5.455E-06 2.915E-03 4.455E-05 1.050E-12 4.717E-12 4.693E+08 6.052E-02 3.456E+00 5.475E-07 1.059E-07 6.286E-15 7.689E-17 1.370E-13 1.362E-20 1.347E-07 5.436E-24 2.148E-27 4.309E-46 2.516E-32 6.280E-04 1.489E-07 1.567E-06 1.498E-14 2.726E-16
   8.450E+06 2.517E-01 8.042E+12 4.014E-08 1.891E-04 1.551E-02 1.696E-06 1.290E-07 5.455E-06 2.921E-03 4.455E-05 6.602E-13 4.312E-12 3.685E+08 7.347E-02 3.318E+00 5.475E-07 1.059E-07 9.137E-15 6.391E-17 1.364E-13 1.101E-20 1.489E-07 4.688E-24 1.342E-27 1.365E-46 1.273E-32 6.538E-04 1.651E-07 1.593E-06 1.395E-14 2.596E-16
   8.550E+06 2.178E-01 6.748E+12 2.970E-08 1.470E-04 8.298E-03 1.697E-06 1.293E-07 5.456E-06 2.928E-03 4.455E-05 4.200E-13 3.993E-12 2.912E+08 9.300E-02 3.186E+00 5.475E-07 1.059E-07 1.378E-14 5.351E-17 1.359E-13 8.923E-21 1.651E-07 5.221E-24 8.438E-28 4.406E-47 6.640E-33 6.815E-04 1.836E-07 1.622E-06 1.305E-14 2.469E-16
   8.650E+06 1.894E-01 5.671E+12 2.236E-08 1.161E-04 4.438E-03 1.698E-06 1.295E-07 5.456E-06 2.935E-03 4.455E-05 2.666E-13 3.753E-12 2.308E+08 1.262E-01 3.066E+00 5.475E-07 1.059E-07 2.226E-14 4.495E-17 1.354E-13 7.213E-21 1.836E-07 7.181E-24 5.259E-28 1.445E-47 3.613E-33 7.113E-04 2.044E-07 1.651E-06 1.228E-14 2.345E-16
   8.750E+06 1.656E-01 4.738E+12 1.706E-08 9.265E-05 2.279E-03 1.699E-06 1.299E-07 5.456E-06 2.945E-03 4.455E-05 1.633E-13 3.584E-12 1.822E+08 2.036E-01 2.966E+00 5.475E-07 1.059E-07 4.298E-14 3.749E-17 1.350E-13 5.726E-21 2.044E-07 1.103E-23 3.130E-28 4.766E-48 2.085E-33 7.431E-04 2.275E-07 1.682E-06 1.160E-14 2.225E-16
   8.850E+06 1.458E-01 3.959E+12 1.326E-08 7.522E-05 1.154E-03 1.699E-06 1.303E-07 5.456E-06 2.957E-03 4.455E-05 9.855E-14 3.482E-12 1.442E+08 3.622E-01 2.877E+00 5.475E-07 1.059E-07 9.147E-14 3.120E-17 1.345E-13 4.506E-21 2.275E-07 1.753E-23 1.824E-28 1.591E-48 1.307E-33 7.769E-04 2.527E-07 1.712E-06 1.102E-14 2.110E-16
   8.950E+06 1.291E-01 3.315E+12 1.053E-08 6.224E-05 5.801E-04 1.700E-06 1.307E-07 5.456E-06 2.964E-03 4.455E-05 5.904E-14 3.441E-12 1.146E+08 6.851E-01 2.798E+00 5.475E-07 1.059E-07 2.067E-13 2.593E-17 1.340E-13 3.521E-21 2.527E-07 2.777E-23 1.046E-28 5.429E-49 9.085E-34 8.123E-04 2.800E-07 1.741E-06 1.050E-14 2.000E-16
   9.050E+06 1.153E-01 2.739E+12 8.404E-09 5.164E-05 2.681E-04 1.698E-06 9.908E-08 5.456E-06 2.967E-03 4.455E-05 3.298E-14 3.456E-12 9.007E+07 1.662E+00 2.739E+00 5.475E-07 1.059E-07 6.069E-13 2.104E-17 1.336E-13 2.642E-21 2.800E-07 4.332E-23 5.456E-29 1.901E-49 7.081E-34 8.492E-04 3.086E-07 1.767E-06 1.005E-14 1.897E-16
   9.150E+06 1.039E-01 2.259E+12 6.820E-09 4.340E-05 1.201E-04 1.698E-06 9.910E-08 5.456E-06 2.972E-03 4.455E-05 1.789E-14 3.520E-12 7.084E+07 4.324E+00 2.693E+00 5.475E-07 1.059E-07 1.914E-12 1.686E-17 1.331E-13 1.942E-21 3.086E-07 6.592E-23 2.725E-29 6.969E-50 6.055E-34 8.866E-04 3.376E-07 1.787E-06 9.642E-15 1.801E-16
   9.250E+06 9.449E-02 1.887E+12 5.675E-09 3.736E-05 5.589E-05 1.698E-06 9.911E-08 5.456E-06 2.976E-03 4.455E-05 9.949E-15 3.627E-12 5.659E+07 1.011E+01 2.645E+00 5.475E-07 1.059E-07 5.359E-12 1.361E-17 1.326E-13 1.441E-21 3.376E-07 9.744E-23 1.397E-29 2.713E-50 5.449E-34 9.239E-04 3.668E-07 1.802E-06 9.277E-15 1.715E-16
   9.350E+06 8.660E-02 1.580E+12 4.785E-09 3.251E-05 2.597E-05 1.698E-06 9.912E-08 5.456E-06 2.983E-03 4.455E-05 5.510E-15 3.771E-12 4.541E+07 2.364E+01 2.602E+00 5.475E-07 1.059E-07 1.496E-11 1.089E-17 1.322E-13 1.056E-21 3.668E-07 1.404E-22 7.004E-30 1.123E-50 5.003E-34 9.607E-04 3.952E-07 1.811E-06 8.942E-15 1.637E-16
   9.450E+06 7.996E-02 1.332E+12 4.092E-09 2.865E-05 1.265E-05 1.698E-06 9.912E-08 5.457E-06 3.080E-03 4.455E-05 3.084E-15 3.943E-12 3.679E+07 5.224E+01 2.561E+00 5.475E-07 1.059E-07 3.922E-11 8.704E-18 1.318E-13 7.732E-22 3.952E-07 1.971E-22 3.517E-30 4.951E-51 4.594E-34 9.967E-04 4.218E-07 1.814E-06 8.634E-15 1.568E-16
   9.550E+06 7.434E-02 1.139E+12 3.561E-09 2.567E-05 6.455E-06 1.698E-06 9.913E-08 5.457E-06 3.152E-03 4.455E-05 1.798E-15 4.132E-12 3.031E+07 1.019E+02 2.518E+00 5.475E-07 1.059E-07 8.948E-11 7.030E-18 1.314E-13 5.765E-22 4.218E-07 2.691E-22 1.849E-30 2.327E-51 4.189E-34 1.031E-03 4.458E-07 1.811E-06 8.348E-15 1.506E-16
   9.650E+06 6.950E-02 9.854E+11 3.134E-09 2.324E-05 3.386E-06 1.698E-06 9.914E-08 5.457E-06 3.152E-03 4.455E-05 1.090E-15 4.323E-12 2.533E+07 1.808E+02 2.473E+00 5.475E-07 1.059E-07 1.835E-10 5.718E-18 1.310E-13 4.367E-22 4.458E-07 3.561E-22 1.011E-30 1.164E-51 3.795E-34 1.065E-03 4.659E-07 1.805E-06 8.080E-15 1.451E-16
   9.750E+06 6.529E-02 8.615E+11 2.772E-09 2.112E-05 1.861E-06 1.699E-06 9.914E-08 5.457E-06 3.152E-03 4.455E-05 6.851E-16 4.493E-12 2.143E+07 2.970E+02 2.428E+00 5.475E-07 1.059E-07 3.448E-10 4.671E-18 1.307E-13 3.358E-22 4.659E-07 4.528E-22 5.726E-31 6.250E-52 3.434E-34 1.097E-03 4.806E-07 1.797E-06 7.828E-15 1.401E-16
   9.850E+06 6.159E-02 7.607E+11 2.444E-09 1.912E-05 1.078E-06 1.699E-06 9.914E-08 5.457E-06 3.152E-03 4.455E-05 4.498E-16 4.607E-12 1.834E+07 4.533E+02 2.382E+00 5.475E-07 1.059E-07 5.960E-10 3.826E-18 1.304E-13 2.628E-22 4.806E-07 5.450E-22 3.375E-31 3.711E-52 3.125E-34 1.128E-03 4.884E-07 1.788E-06 7.589E-15 1.357E-16
   9.950E+06 5.831E-02 6.808E+11 2.134E-09 1.714E-05 6.987E-07 1.699E-06 9.915E-08 5.457E-06 3.152E-03 4.455E-05 3.256E-16 4.614E-12 1.592E+07 6.176E+02 2.335E+00 5.475E-07 1.059E-07 9.072E-10 3.178E-18 1.301E-13 2.143E-22 4.884E-07 6.052E-22 2.168E-31 2.581E-52 2.879E-34 1.158E-03 0.000E+00 1.780E-06 7.361E-15 1.317E-16
