
     Z         PRESS      DEN     ProOH1    ProOH25    ProO3D    PO2D       PO2      PH2O      PO3D      PH2O2     FO3      FH2O      NumO2      NumOH      NumO1D     PN2O     PCH3CL
   5.000E+04 9.554E+05 2.452E+19 2.992E+05 2.896E+04 2.908E+06 0.000E+00 2.901E-13 1.275E-13 3.110E-05 3.341E-06 3.814E-09 9.263E-03 5.150E+16 2.019E+06 3.993E-03 3.968E-10 4.483E-12
   1.500E+05 8.455E+05 2.213E+19 2.911E+05 4.115E+04 4.151E+06 0.000E+00 5.261E-13 3.043E-13 3.435E-05 3.654E-06 5.461E-09 6.109E-03 4.657E+16 2.493E+06 6.497E-03 7.943E-10 1.109E-11
   2.500E+05 7.466E+05 1.987E+19 3.086E+05 5.577E+04 6.362E+06 0.000E+00 8.450E-13 6.777E-13 3.717E-05 3.937E-06 8.612E-09 4.141E-03 4.191E+16 3.205E+06 1.127E-02 1.419E-09 2.432E-11
   3.500E+05 6.578E+05 1.787E+19 2.821E+05 6.495E+04 9.650E+06 0.000E+00 1.277E-12 1.481E-12 3.933E-05 4.195E-06 1.373E-08 2.455E-03 3.776E+16 3.729E+06 1.924E-02 2.385E-09 4.941E-11
   4.500E+05 5.780E+05 1.606E+19 2.266E+05 6.821E+04 1.395E+07 0.000E+00 1.849E-12 3.143E-12 4.109E-05 4.435E-06 2.114E-08 1.352E-03 3.399E+16 4.023E+06 3.106E-02 3.814E-09 9.326E-11
   5.500E+05 5.063E+05 1.442E+19 1.551E+05 6.164E+04 1.899E+07 0.000E+00 2.578E-12 6.316E-12 4.252E-05 4.661E-06 3.097E-08 6.767E-04 3.059E+16 3.967E+06 4.697E-02 5.798E-09 1.627E-10
   6.500E+05 4.419E+05 1.294E+19 8.974E+04 4.754E+04 2.438E+07 0.000E+00 3.479E-12 1.204E-11 4.370E-05 4.879E-06 4.311E-08 3.052E-04 2.749E+16 3.598E+06 6.669E-02 8.371E-09 2.634E-10
   7.500E+05 3.843E+05 1.159E+19 4.375E+04 3.113E+04 2.965E+07 6.149-142 4.562E-12 2.188E-11 4.474E-05 5.092E-06 5.719E-08 1.228E-04 2.465E+16 3.054E+06 8.957E-02 1.153E-08 3.994E-10
   8.500E+05 3.327E+05 1.035E+19 1.767E+04 1.686E+04 3.438E+07 3.446E-66 5.836E-12 3.793E-11 4.573E-05 5.302E-06 7.266E-08 4.295E-05 2.204E+16 2.487E+06 1.148E-01 1.525E-08 5.719E-10
   9.500E+05 2.868E+05 9.200E+18 5.765E+03 7.105E+03 3.862E+07 7.924E-42 7.320E-12 6.155E-11 4.679E-05 5.512E-06 8.972E-08 1.255E-05 1.960E+16 2.000E+06 1.429E-01 1.950E-08 7.792E-10
   1.050E+06 2.461E+05 8.122E+18 1.210E+03 1.730E+03 4.445E+07 1.945E-34 9.047E-12 9.256E-11 4.807E-05 5.726E-06 1.139E-07 2.301E-06 1.730E+16 1.581E+06 1.838E-01 2.430E-08 1.020E-09
   1.150E+06 2.104E+05 7.108E+18 1.517E+03 2.162E+03 5.633E+07 2.942E-31 1.111E-11 1.330E-10 4.992E-05 5.950E-06 1.588E-07 2.287E-06 1.514E+16 1.627E+06 2.630E-01 2.975E-08 1.302E-09
   1.250E+06 1.792E+05 6.170E+18 2.070E+03 2.634E+03 7.836E+07 1.681E-28 1.371E-11 1.895E-10 5.288E-05 6.202E-06 2.402E-07 2.253E-06 1.314E+16 1.835E+06 4.174E-01 3.621E-08 1.649E-09
   1.350E+06 1.523E+05 5.326E+18 2.843E+03 3.175E+03 1.116E+08 4.011E-26 1.724E-11 2.735E-10 5.764E-05 6.510E-06 3.635E-07 2.180E-06 1.135E+16 2.233E+06 6.828E-01 4.430E-08 2.098E-09
   1.450E+06 1.290E+05 4.581E+18 3.633E+03 3.797E+03 1.522E+08 4.312E-24 2.228E-11 4.044E-10 6.526E-05 6.919E-06 5.090E-07 2.050E-06 9.758E+15 2.742E+06 1.074E+00 5.493E-08 2.707E-09
   1.550E+06 1.091E+05 3.926E+18 4.239E+03 4.458E+03 1.967E+08 2.216E-22 2.965E-11 6.119E-10 7.743E-05 7.477E-06 6.471E-07 1.856E-06 8.360E+15 3.318E+06 1.608E+00 6.901E-08 3.543E-09
   1.650E+06 9.207E+04 3.348E+18 4.531E+03 4.999E+03 2.452E+08 5.768E-21 4.036E-11 9.363E-10 9.643E-05 8.242E-06 7.596E-07 1.595E-06 7.129E+15 3.935E+06 2.337E+00 8.723E-08 4.665E-09
   1.750E+06 7.758E+04 2.844E+18 5.073E+03 5.998E+03 2.965E+08 8.503E-20 5.556E-11 1.426E-09 1.257E-04 9.278E-06 8.298E-07 1.480E-06 6.054E+15 4.852E+06 3.312E+00 1.097E-07 6.109E-09
   1.850E+06 6.529E+04 2.409E+18 5.714E+03 7.310E+03 3.472E+08 8.038E-19 7.643E-11 2.129E-09 1.697E-04 1.066E-05 8.491E-07 1.425E-06 5.130E+15 6.148E+06 4.561E+00 1.359E-07 7.866E-09
   1.950E+06 5.489E+04 2.035E+18 6.593E+03 9.145E+03 3.924E+08 5.356E-18 1.040E-10 3.085E-09 2.381E-04 1.247E-05 8.098E-07 1.457E-06 4.333E+15 8.068E+06 6.085E+00 1.645E-07 9.876E-09
   2.050E+06 4.613E+04 1.714E+18 7.335E+03 1.096E+04 4.287E+08 2.697E-17 1.384E-10 4.310E-09 3.513E-04 1.481E-05 7.120E-07 1.484E-06 3.649E+15 1.063E+07 7.885E+00 1.933E-07 1.203E-08
   2.150E+06 3.876E+04 1.439E+18 7.711E+03 1.257E+04 4.441E+08 1.078E-16 1.777E-10 5.802E-09 5.409E-04 1.772E-05 5.705E-07 1.506E-06 3.064E+15 1.379E+07 9.735E+00 2.201E-07 1.419E-08
   2.250E+06 3.258E+04 1.206E+18 7.360E+03 1.390E+04 4.194E+08 3.577E-16 2.187E-10 7.574E-09 8.129E-04 2.103E-05 4.277E-07 1.521E-06 2.569E+15 1.696E+07 1.098E+01 2.435E-07 1.628E-08
   2.350E+06 2.740E+04 1.012E+18 6.413E+03 1.498E+04 3.635E+08 1.021E-15 2.587E-10 9.692E-09 1.123E-03 2.431E-05 3.198E-07 1.528E-06 2.155E+15 1.950E+07 1.137E+01 2.634E-07 1.826E-08
   2.450E+06 2.306E+04 8.500E+17 5.305E+03 1.596E+04 3.008E+08 2.570E-15 2.979E-10 1.229E-08 1.423E-03 2.726E-05 2.488E-07 1.527E-06 1.810E+15 2.138E+07 1.121E+01 2.803E-07 2.019E-08
   2.550E+06 1.940E+04 7.154E+17 4.270E+03 1.691E+04 2.436E+08 5.788E-15 3.374E-10 1.557E-08 1.687E-03 2.978E-05 2.019E-07 1.518E-06 1.523E+15 2.282E+07 1.078E+01 2.950E-07 2.210E-08
   2.650E+06 1.633E+04 6.034E+17 3.366E+03 1.788E+04 1.943E+08 1.182E-14 3.787E-10 1.975E-08 1.908E-03 3.188E-05 1.688E-07 1.500E-06 1.285E+15 2.398E+07 1.018E+01 3.080E-07 2.404E-08
   2.750E+06 1.373E+04 5.098E+17 2.602E+03 1.886E+04 1.529E+08 2.216E-14 4.229E-10 2.507E-08 2.085E-03 3.360E-05 1.439E-07 1.476E-06 1.086E+15 2.494E+07 9.464E+00 3.198E-07 2.605E-08
   2.850E+06 1.153E+04 4.313E+17 1.975E+03 1.975E+04 1.189E+08 3.876E-14 4.712E-10 3.173E-08 2.222E-03 3.499E-05 1.241E-07 1.443E-06 9.185E+14 2.574E+07 8.660E+00 3.305E-07 2.815E-08
   2.950E+06 9.676E+03 3.655E+17 1.474E+03 2.046E+04 9.148E+07 6.434E-14 5.239E-10 3.988E-08 2.322E-03 3.611E-05 1.078E-07 1.403E-06 7.783E+14 2.634E+07 7.817E+00 3.404E-07 3.036E-08
   3.050E+06 8.102E+03 3.098E+17 1.082E+03 2.083E+04 6.966E+07 1.042E-13 5.819E-10 4.957E-08 2.390E-03 3.701E-05 9.407E-08 1.356E-06 6.598E+14 2.671E+07 6.973E+00 3.496E-07 3.267E-08
   3.150E+06 6.768E+03 2.625E+17 7.811E+02 2.077E+04 5.254E+07 1.712E-13 6.458E-10 6.075E-08 2.431E-03 3.772E-05 8.233E-08 1.302E-06 5.590E+14 2.678E+07 6.156E+00 3.582E-07 3.508E-08
   3.250E+06 5.639E+03 2.221E+17 5.540E+02 2.023E+04 3.923E+07 3.013E-13 7.165E-10 7.334E-08 2.450E-03 3.829E-05 7.208E-08 1.242E-06 4.729E+14 2.653E+07 5.384E+00 3.663E-07 3.756E-08
   3.350E+06 4.686E+03 1.874E+17 3.849E+02 1.924E+04 2.893E+07 6.214E-13 7.958E-10 8.744E-08 2.454E-03 3.874E-05 6.291E-08 1.174E-06 3.989E+14 2.594E+07 4.664E+00 3.738E-07 4.009E-08
   3.450E+06 3.884E+03 1.572E+17 2.600E+02 1.798E+04 2.093E+07 1.557E-12 8.871E-10 1.040E-07 2.454E-03 3.910E-05 5.427E-08 1.100E-06 3.347E+14 2.513E+07 3.992E+00 3.808E-07 4.265E-08
   3.550E+06 3.213E+03 1.313E+17 1.699E+02 1.684E+04 1.481E+07 4.207E-12 9.935E-10 1.261E-07 2.450E-03 3.937E-05 4.605E-08 1.018E-06 2.795E+14 2.434E+07 3.363E+00 3.874E-07 4.521E-08
   3.650E+06 2.654E+03 1.092E+17 1.089E+02 1.682E+04 1.004E+07 1.070E-11 1.120E-09 1.598E-07 2.446E-03 3.959E-05 3.758E-08 9.639E-07 2.325E+14 2.428E+07 2.729E+00 3.935E-07 4.775E-08
   3.750E+06 2.189E+03 9.050E+16 6.885E+01 1.838E+04 6.464E+06 2.424E-11 1.273E-09 2.146E-07 2.445E-03 3.975E-05 2.921E-08 9.463E-07 1.927E+14 2.526E+07 2.117E+00 3.992E-07 5.029E-08
   3.850E+06 1.806E+03 7.470E+16 4.243E+01 2.085E+04 4.062E+06 4.857E-11 1.462E-09 3.016E-07 2.451E-03 3.987E-05 2.219E-08 9.255E-07 1.590E+14 2.669E+07 1.616E+00 4.045E-07 5.283E-08
   3.950E+06 1.489E+03 6.153E+16 2.606E+01 2.376E+04 2.546E+06 8.662E-11 1.691E-09 4.288E-07 2.460E-03 3.997E-05 1.682E-08 9.004E-07 1.310E+14 2.824E+07 1.239E+00 4.095E-07 5.536E-08
   4.050E+06 1.229E+03 5.070E+16 1.622E+01 2.645E+04 1.619E+06 1.395E-10 1.961E-09 5.993E-07 2.468E-03 4.005E-05 1.293E-08 8.704E-07 1.079E+14 2.952E+07 9.687E-01 4.142E-07 5.789E-08
   4.150E+06 1.014E+03 4.181E+16 1.029E+01 2.825E+04 1.049E+06 2.064E-10 2.272E-09 8.095E-07 2.474E-03 4.011E-05 1.014E-08 8.348E-07 8.900E+13 3.028E+07 7.775E-01 4.186E-07 6.041E-08
   4.250E+06 8.369E+02 3.451E+16 6.661E+00 2.877E+04 6.918E+05 2.846E-10 2.622E-09 1.051E-06 2.476E-03 4.016E-05 8.097E-09 7.937E-07 7.345E+13 3.037E+07 6.412E-01 4.227E-07 6.291E-08
   4.350E+06 6.907E+02 2.850E+16 4.387E+00 2.793E+04 4.631E+05 3.705E-10 3.008E-09 1.311E-06 2.476E-03 4.021E-05 6.564E-09 7.478E-07 6.066E+13 2.981E+07 5.426E-01 4.266E-07 6.537E-08
   4.450E+06 5.701E+02 2.354E+16 2.931E+00 2.589E+04 3.139E+05 4.605E-10 3.433E-09 1.577E-06 2.475E-03 4.024E-05 5.389E-09 6.973E-07 5.010E+13 2.863E+07 4.705E-01 4.302E-07 6.778E-08
   4.550E+06 4.704E+02 1.945E+16 1.980E+00 2.298E+04 2.153E+05 5.514E-10 3.897E-09 1.839E-06 2.472E-03 4.028E-05 4.478E-09 6.425E-07 4.139E+13 2.694E+07 4.175E-01 4.336E-07 7.012E-08
   4.650E+06 3.881E+02 1.607E+16 1.351E+00 1.961E+04 1.495E+05 6.406E-10 4.409E-09 2.088E-06 2.469E-03 4.030E-05 3.768E-09 5.845E-07 3.420E+13 2.486E+07 3.786E-01 4.367E-07 7.240E-08
   4.750E+06 3.202E+02 1.328E+16 9.267E-01 1.612E+04 1.052E+05 7.285E-10 4.978E-09 2.317E-06 2.464E-03 4.033E-05 3.215E-09 5.240E-07 2.826E+13 2.250E+07 3.504E-01 4.396E-07 7.459E-08
   4.850E+06 2.640E+02 1.097E+16 6.393E-01 1.279E+04 7.537E+04 8.255E-10 5.618E-09 2.524E-06 2.458E-03 4.035E-05 2.795E-09 4.618E-07 2.335E+13 1.994E+07 3.316E-01 4.423E-07 7.671E-08
   4.950E+06 2.176E+02 9.065E+15 4.458E-01 9.797E+03 5.536E+04 9.716E-10 6.347E-09 2.708E-06 2.451E-03 4.037E-05 2.492E-09 3.991E-07 1.929E+13 1.730E+07 3.237E-01 4.449E-07 7.874E-08
   5.050E+06 1.793E+02 7.488E+15 3.208E-01 7.250E+03 4.225E+04 1.270E-09 7.181E-09 2.870E-06 2.443E-03 4.039E-05 2.309E-09 3.374E-07 1.594E+13 1.464E+07 3.331E-01 4.473E-07 8.069E-08
   5.150E+06 1.477E+02 6.183E+15 2.455E-01 5.194E+03 3.406E+04 1.913E-09 8.132E-09 3.012E-06 2.436E-03 4.040E-05 2.262E-09 2.789E-07 1.316E+13 1.203E+07 3.732E-01 4.496E-07 8.257E-08
   5.250E+06 1.216E+02 5.097E+15 2.036E-01 3.615E+03 2.937E+04 3.184E-09 9.215E-09 3.140E-06 2.432E-03 4.042E-05 2.370E-09 2.259E-07 1.085E+13 9.474E+06 4.634E-01 4.517E-07 8.436E-08
   5.350E+06 1.001E+02 4.201E+15 1.801E-01 2.461E+03 2.712E+04 5.394E-09 1.043E-08 3.259E-06 2.428E-03 4.043E-05 2.659E-09 1.797E-07 8.944E+12 7.125E+06 6.245E-01 4.537E-07 8.608E-08
   5.450E+06 8.236E+01 3.458E+15 1.641E-01 1.637E+03 2.737E+04 8.824E-09 1.178E-08 3.372E-06 2.428E-03 4.044E-05 3.261E-09 1.404E-07 7.362E+12 5.167E+06 8.848E-01 4.555E-07 8.772E-08
   5.550E+06 6.781E+01 2.843E+15 1.680E-01 1.046E+03 4.896E+04 1.369E-08 1.326E-08 3.483E-06 2.433E-03 4.045E-05 7.080E-09 1.057E-07 6.053E+12 2.318E+06 1.466E+00 4.573E-07 8.928E-08
   5.650E+06 5.584E+01 2.338E+15 1.974E-01 6.519E+02 1.180E+05 2.021E-08 1.485E-08 3.595E-06 2.437E-03 4.046E-05 2.072E-08 7.758E-08 4.974E+12 7.265E+05 2.854E+00 4.589E-07 9.078E-08
   5.750E+06 4.602E+01 1.918E+15 2.040E-01 4.055E+02 1.949E+05 2.866E-08 1.655E-08 3.708E-06 2.452E-03 4.047E-05 4.145E-08 5.703E-08 4.072E+12 3.162E+05 4.898E+00 4.604E-07 9.219E-08
   5.850E+06 3.796E+01 1.574E+15 1.837E-01 2.540E+02 2.501E+05 3.943E-08 1.834E-08 3.824E-06 2.467E-03 4.048E-05 6.441E-08 4.219E-08 3.329E+12 1.677E+05 7.274E+00 4.617E-07 9.351E-08
   5.950E+06 3.134E+01 1.292E+15 1.490E-01 1.604E+02 2.720E+05 5.295E-08 2.023E-08 3.944E-06 2.485E-03 4.049E-05 8.470E-08 3.147E-08 2.713E+12 9.618E+04 9.662E+00 4.630E-07 9.472E-08
   6.050E+06 2.592E+01 1.061E+15 1.122E-01 1.024E+02 2.616E+05 6.962E-08 2.220E-08 4.066E-06 2.507E-03 4.050E-05 9.837E-08 2.373E-08 2.204E+12 5.679E+04 1.179E+01 4.640E-07 9.583E-08
   6.150E+06 2.146E+01 8.720E+14 8.071E-02 6.617E+01 2.303E+05 8.978E-08 2.425E-08 4.192E-06 2.528E-03 4.051E-05 1.045E-07 1.810E-08 1.785E+12 3.393E+04 1.355E+01 4.650E-07 9.682E-08
   6.250E+06 1.780E+01 7.172E+14 5.634E-02 4.327E+01 1.883E+05 1.139E-07 2.636E-08 4.318E-06 2.552E-03 4.052E-05 1.029E-07 1.397E-08 1.441E+12 2.028E+04 1.495E+01 4.658E-07 9.769E-08
   6.350E+06 1.478E+01 5.907E+14 3.897E-02 2.868E+01 1.455E+05 1.428E-07 2.848E-08 4.444E-06 2.575E-03 4.052E-05 9.562E-08 1.092E-08 1.160E+12 1.212E+04 1.610E+01 4.665E-07 9.845E-08
   6.450E+06 1.230E+01 4.874E+14 2.709E-02 1.923E+01 1.073E+05 1.777E-07 3.067E-08 4.569E-06 2.598E-03 4.053E-05 8.476E-08 8.637E-09 9.308E+11 7.232E+03 1.721E+01 4.671E-07 9.909E-08
   6.550E+06 1.025E+01 4.026E+14 1.912E-02 1.303E+01 7.617E+04 2.206E-07 3.307E-08 4.691E-06 2.620E-03 4.053E-05 7.221E-08 6.896E-09 7.447E+11 4.304E+03 1.848E+01 4.676E-07 9.964E-08
   6.650E+06 8.553E+00 3.332E+14 1.385E-02 8.911E+00 5.238E+04 2.743E-07 3.601E-08 4.810E-06 2.642E-03 4.053E-05 5.951E-08 5.560E-09 5.943E+11 2.559E+03 2.011E+01 4.680E-07 1.001E-07
   6.750E+06 7.151E+00 2.760E+14 1.033E-02 6.154E+00 3.492E+04 3.421E-07 3.992E-08 4.924E-06 2.664E-03 4.053E-05 4.749E-08 4.528E-09 4.728E+11 1.518E+03 2.231E+01 4.683E-07 1.005E-07
   6.850E+06 5.989E+00 2.290E+14 7.923E-03 4.293E+00 2.267E+04 4.267E-07 4.510E-08 5.032E-06 2.686E-03 4.054E-05 3.685E-08 3.726E-09 3.754E+11 8.999E+02 2.515E+01 4.686E-07 1.008E-07
   6.950E+06 5.024E+00 1.903E+14 6.209E-03 3.028E+00 1.441E+04 5.284E-07 5.165E-08 5.133E-06 2.708E-03 4.054E-05 2.797E-08 3.100E-09 2.977E+11 5.343E+02 2.860E+01 4.688E-07 1.010E-07
   7.050E+06 4.224E+00 1.576E+14 4.896E-03 2.149E+00 8.770E+03 6.450E-07 5.943E-08 5.227E-06 2.740E-03 4.054E-05 2.031E-08 2.609E-09 2.349E+11 3.138E+02 3.252E+01 4.690E-07 1.012E-07
   7.150E+06 3.561E+00 1.307E+14 3.872E-03 1.543E+00 5.227E+03 7.711E-07 6.797E-08 5.311E-06 2.768E-03 4.054E-05 1.444E-08 2.222E-09 1.854E+11 1.849E+02 3.661E+01 4.691E-07 1.014E-07
   7.250E+06 3.011E+00 1.088E+14 3.038E-03 1.116E+00 3.072E+03 9.007E-07 7.678E-08 5.386E-06 2.776E-03 4.054E-05 1.017E-08 1.905E-09 1.464E+11 1.097E+02 4.047E+01 4.692E-07 1.015E-07
   7.350E+06 2.555E+00 8.974E+13 2.318E-03 7.999E-01 1.682E+03 1.028E-06 8.540E-08 5.452E-06 2.784E-03 4.054E-05 6.733E-09 1.635E-09 1.143E+11 6.369E+01 4.400E+01 4.693E-07 1.016E-07
   7.450E+06 2.178E+00 7.434E+13 1.734E-03 5.741E-01 9.164E+02 1.146E-06 9.340E-08 5.508E-06 2.790E-03 4.054E-05 4.419E-09 1.402E-09 8.922E+10 3.736E+01 4.673E+01 4.694E-07 1.017E-07
   7.550E+06 1.865E+00 6.191E+13 1.276E-03 4.137E-01 5.020E+02 1.253E-06 1.006E-07 5.554E-06 2.795E-03 4.054E-05 2.901E-09 1.203E-09 6.980E+10 2.231E+01 4.856E+01 4.694E-07 1.018E-07
   7.650E+06 1.606E+00 5.127E+13 9.192E-04 2.961E-01 2.600E+02 1.346E-06 1.069E-07 5.593E-06 2.803E-03 4.054E-05 1.809E-09 1.033E-09 5.414E+10 1.323E+01 4.976E+01 4.695E-07 1.018E-07
   7.750E+06 1.390E+00 4.266E+13 6.545E-04 2.127E-01 1.346E+02 1.425E-06 1.124E-07 5.624E-06 2.810E-03 4.054E-05 1.123E-09 8.863E-10 4.210E+10 8.120E+00 5.016E+01 4.695E-07 1.018E-07
   7.850E+06 1.210E+00 3.576E+13 4.633E-04 1.538E-01 7.083E+01 1.491E-06 1.169E-07 5.650E-06 2.818E-03 4.054E-05 7.030E-10 7.614E-10 3.290E+10 5.322E+00 4.983E+01 4.695E-07 1.019E-07
   7.950E+06 1.059E+00 3.005E+13 3.259E-04 1.116E-01 3.698E+01 1.546E-06 1.208E-07 5.670E-06 2.826E-03 4.054E-05 4.355E-10 6.549E-10 2.574E+10 3.888E+00 4.900E+01 4.696E-07 1.019E-07
   8.050E+06 9.326E-01 2.529E+13 2.280E-04 8.111E-02 1.902E+01 1.591E-06 1.240E-07 5.687E-06 2.835E-03 4.054E-05 2.653E-10 5.641E-10 2.014E+10 3.438E+00 4.783E+01 4.696E-07 1.019E-07
   8.150E+06 8.255E-01 2.144E+13 1.598E-04 5.948E-02 9.979E+00 1.627E-06 1.267E-07 5.700E-06 2.840E-03 4.054E-05 1.639E-10 4.867E-10 1.586E+10 3.707E+00 4.630E+01 4.696E-07 1.019E-07
   8.250E+06 7.344E-01 1.830E+13 1.124E-04 4.400E-02 5.343E+00 1.657E-06 1.289E-07 5.710E-06 2.842E-03 4.054E-05 1.027E-10 4.210E-10 1.256E+10 4.548E+00 4.452E+01 4.696E-07 1.020E-07
   8.350E+06 6.565E-01 1.570E+13 7.921E-05 3.279E-02 2.889E+00 1.678E-06 9.712E-08 5.719E-06 2.844E-03 4.054E-05 6.471E-11 3.652E-10 1.000E+10 6.007E+00 4.255E+01 4.696E-07 1.020E-07
   8.450E+06 5.895E-01 1.352E+13 5.614E-05 2.460E-02 1.572E+00 1.697E-06 9.837E-08 5.726E-06 2.846E-03 4.054E-05 4.086E-11 3.179E-10 7.990E+09 8.194E+00 4.060E+01 4.696E-07 1.020E-07
   8.550E+06 5.318E-01 1.171E+13 4.008E-05 1.864E-02 8.726E-01 1.713E-06 9.939E-08 5.731E-06 2.847E-03 4.054E-05 2.617E-11 2.777E-10 6.422E+09 1.098E+01 3.860E+01 4.696E-07 1.020E-07
   8.650E+06 4.816E-01 1.020E+13 2.883E-05 1.425E-02 4.940E-01 1.726E-06 1.002E-07 5.736E-06 2.849E-03 4.054E-05 1.699E-11 2.436E-10 5.192E+09 1.432E+01 3.662E+01 4.696E-07 1.020E-07
   8.750E+06 4.377E-01 8.935E+12 2.092E-05 1.101E-02 2.850E-01 1.736E-06 1.009E-07 5.739E-06 2.851E-03 4.054E-05 1.119E-11 2.146E-10 4.221E+09 1.814E+01 3.466E+01 4.696E-07 1.020E-07
   8.850E+06 3.993E-01 7.873E+12 1.533E-05 8.593E-03 1.688E-01 1.745E-06 1.015E-07 5.742E-06 2.853E-03 4.054E-05 7.515E-12 1.901E-10 3.455E+09 2.202E+01 3.276E+01 4.696E-07 1.020E-07
   8.950E+06 3.653E-01 6.971E+12 1.134E-05 6.777E-03 1.020E-01 1.752E-06 1.019E-07 5.745E-06 2.855E-03 4.054E-05 5.128E-12 1.692E-10 2.843E+09 2.591E+01 3.092E+01 4.696E-07 1.020E-07
   9.050E+06 3.351E-01 6.197E+12 8.470E-06 5.395E-03 6.264E-02 1.758E-06 1.023E-07 5.747E-06 2.856E-03 4.054E-05 3.539E-12 1.515E-10 2.351E+09 2.984E+01 2.917E+01 4.696E-07 1.020E-07
   9.150E+06 3.083E-01 5.529E+12 6.385E-06 4.336E-03 3.919E-02 1.763E-06 1.026E-07 5.748E-06 2.871E-03 4.054E-05 2.469E-12 1.364E-10 1.952E+09 3.372E+01 2.750E+01 4.696E-07 1.020E-07
   9.250E+06 2.844E-01 4.950E+12 4.859E-06 3.519E-03 2.495E-02 1.767E-06 1.029E-07 5.750E-06 2.899E-03 4.054E-05 1.739E-12 1.237E-10 1.627E+09 3.750E+01 2.592E+01 4.696E-07 1.020E-07
   9.350E+06 2.629E-01 4.446E+12 3.734E-06 2.884E-03 1.615E-02 1.771E-06 1.031E-07 5.751E-06 2.936E-03 4.054E-05 1.237E-12 1.128E-10 1.361E+09 4.118E+01 2.442E+01 4.696E-07 1.020E-07
   9.450E+06 2.435E-01 4.022E+12 2.909E-06 2.398E-03 1.087E-02 1.774E-06 1.033E-07 5.752E-06 2.974E-03 4.054E-05 9.087E-13 1.036E-10 1.148E+09 4.303E+01 2.297E+01 4.696E-07 1.020E-07
   9.550E+06 2.260E-01 3.649E+12 2.289E-06 2.013E-03 7.417E-03 1.776E-06 1.035E-07 5.753E-06 3.017E-03 4.054E-05 6.738E-13 9.591E-11 9.704E+08 4.474E+01 2.160E+01 4.696E-07 1.020E-07
   9.650E+06 2.101E-01 3.318E+12 1.818E-06 1.708E-03 5.059E-03 1.778E-06 1.036E-07 5.754E-06 3.034E-03 4.054E-05 5.025E-13 8.945E-11 8.221E+08 4.665E+01 2.030E+01 4.696E-07 1.020E-07
   9.750E+06 1.956E-01 3.023E+12 1.458E-06 1.463E-03 3.456E-03 1.780E-06 1.037E-07 5.754E-06 3.034E-03 4.054E-05 3.768E-13 8.409E-11 6.976E+08 4.898E+01 1.906E+01 4.696E-07 1.020E-07
   9.850E+06 1.824E-01 2.760E+12 1.181E-06 1.266E-03 2.378E-03 1.782E-06 1.038E-07 5.755E-06 3.034E-03 4.054E-05 2.839E-13 7.972E-11 5.928E+08 5.204E+01 1.788E+01 4.696E-07 1.020E-07
   9.950E+06 1.704E-01 2.525E+12 9.647E-07 1.108E-03 1.667E-03 1.783E-06 1.039E-07 5.755E-06 3.034E-03 4.054E-05 2.176E-13 7.623E-11 5.041E+08 5.623E+01 1.675E+01 4.696E-07 1.020E-07
