
     Z         PRESS      DEN     ProOH1    ProOH25    ProO3D    PO2D       PO2      PH2O      PO3D      PH2O2     FO3      FH2O      NumO2      NumOH      NumO1D     PN2O     PCH3CL      FOH      FHO2      FNO     FNO2      FH    FH2O2     FNO3    FN2O5    FHNO3      FO       FN      FH2     FCH4    FN2O
   5.000E+04 9.553E+05 2.458E+19 6.924E+05 6.696E+04 7.013E+06 0.000E+00 8.016E-13 3.081E-13 4.440E-05 3.677E-06 6.426E-09 8.842E-03 2.615E+16 4.945E+06 9.652E-03 1.008E-09 1.047E-11 2.012E-13 1.380E-11 5.792E-12 1.312E-11 1.481E-18 9.812E-10 8.013E-15 9.957E-17 9.478E-11 3.658E-15 1.439E-18 5.000E-07 8.080E-07 2.730E-07
   1.500E+05 8.451E+05 2.218E+19 5.484E+05 9.053E+04 8.236E+06 0.000E+00 1.395E-12 7.063E-13 4.948E-05 4.051E-06 7.503E-09 5.778E-03 2.369E+16 4.325E+06 1.290E-02 1.931E-09 2.501E-11 1.950E-13 1.311E-11 1.997E-12 4.263E-12 1.439E-18 9.772E-10 6.279E-15 3.892E-17 8.267E-11 5.089E-15 1.780E-18 4.981E-07 8.015E-07 2.693E-07
   2.500E+05 7.460E+05 1.992E+19 5.120E+05 1.162E+05 1.129E+07 0.000E+00 2.142E-12 1.513E-12 5.393E-05 4.393E-06 1.051E-08 3.858E-03 2.136E+16 4.736E+06 2.001E-02 3.288E-09 5.290E-11 2.378E-13 1.383E-11 1.352E-12 2.912E-12 1.780E-18 9.760E-10 6.673E-15 4.233E-17 7.580E-11 8.709E-15 2.169E-18 4.965E-07 7.958E-07 2.653E-07
   3.500E+05 6.570E+05 1.791E+19 4.499E+05 1.303E+05 1.661E+07 0.000E+00 3.098E-12 3.207E-12 5.758E-05 4.714E-06 1.611E-08 2.270E-03 1.928E+16 5.203E+06 3.309E-02 5.284E-09 1.041E-10 2.906E-13 1.451E-11 1.362E-12 2.982E-12 2.169E-18 9.429E-10 8.226E-15 9.100E-17 7.256E-11 1.605E-14 2.535E-18 4.952E-07 7.910E-07 2.609E-07
   4.500E+05 5.770E+05 1.609E+19 3.588E+05 1.330E+05 2.413E+07 0.000E+00 4.319E-12 6.696E-12 6.081E-05 5.021E-06 2.466E-08 1.235E-03 1.739E+16 5.522E+06 5.367E-02 8.135E-09 1.919E-10 3.432E-13 1.480E-11 1.572E-12 3.459E-12 2.535E-18 8.741E-10 1.069E-14 2.527E-16 7.076E-11 2.932E-14 2.722E-18 4.943E-07 7.869E-07 2.562E-07
   5.500E+05 5.051E+05 1.445E+19 2.457E+05 1.184E+05 3.350E+07 0.000E+00 5.860E-12 1.349E-11 6.378E-05 5.323E-06 3.634E-08 6.073E-04 1.568E+16 5.462E+06 8.266E-02 1.201E-08 3.302E-10 3.779E-13 1.428E-11 1.873E-12 4.018E-12 2.722E-18 7.676E-10 1.357E-14 7.580E-16 6.816E-11 5.105E-14 2.695E-18 4.937E-07 7.837E-07 2.511E-07
   6.500E+05 4.406E+05 1.297E+19 1.432E+05 9.214E+04 4.409E+07 0.000E+00 7.787E-12 2.640E-11 6.670E-05 5.627E-06 5.098E-08 2.692E-04 1.411E+16 5.052E+06 1.203E-01 1.701E-08 5.326E-10 3.897E-13 1.299E-11 2.253E-12 4.550E-12 2.695E-18 6.328E-10 1.659E-14 2.366E-15 6.408E-11 8.423E-14 2.495E-18 4.934E-07 7.812E-07 2.458E-07
   7.500E+05 3.829E+05 1.161E+19 7.054E+04 6.209E+04 5.518E+07 3.384-118 1.017E-11 5.031E-11 6.980E-05 5.941E-06 6.809E-08 1.063E-04 1.266E+16 4.457E+06 1.662E-01 2.316E-08 8.125E-10 3.840E-13 1.119E-11 2.999E-12 5.496E-12 2.495E-18 4.881E-10 2.038E-14 8.695E-15 6.011E-11 1.322E-13 2.203E-18 4.932E-07 7.791E-07 2.403E-07
   8.500E+05 3.312E+05 1.036E+19 2.877E+04 3.558E+04 6.602E+07 2.002E-53 1.311E-11 9.424E-11 7.334E-05 6.270E-06 8.686E-08 3.643E-05 1.133E+16 3.839E+06 2.196E-01 3.048E-08 1.179E-09 3.704E-13 9.167E-12 4.539E-12 7.262E-12 2.203E-18 3.522E-10 2.546E-14 3.342E-14 5.756E-11 1.989E-13 1.886E-18 4.931E-07 7.774E-07 2.347E-07
   9.500E+05 2.853E+05 9.207E+18 9.493E+03 1.587E+04 7.662E+07 2.876E-33 1.669E-11 1.655E-10 7.759E-05 6.622E-06 1.073E-07 1.042E-05 1.007E+16 3.265E+06 2.828E-01 3.898E-08 1.633E-09 3.546E-13 7.084E-12 7.349E-12 1.000E-11 1.886E-18 2.373E-10 3.164E-14 9.387E-14 5.635E-11 2.936E-13 1.527E-18 4.930E-07 7.757E-07 2.290E-07
   1.050E+06 2.446E+05 8.122E+18 1.940E+03 3.849E+03 9.098E+07 1.639E-27 2.104E-11 2.628E-10 8.287E-05 7.007E-06 1.352E-07 1.803E-06 8.886E+15 2.626E+06 3.753E-01 4.869E-08 2.170E-09 3.234E-13 4.908E-12 1.217E-11 1.436E-11 1.527E-18 1.392E-10 4.024E-14 1.925E-13 5.653E-11 4.536E-13 1.981E-18 4.928E-07 7.734E-07 2.211E-07
   1.150E+06 2.088E+05 7.101E+18 2.479E+03 4.997E+03 1.177E+08 2.830E-25 2.652E-11 3.930E-10 9.027E-05 7.447E-06 1.836E-07 1.791E-06 7.769E+15 2.864E+06 5.485E-01 5.997E-08 2.811E-09 4.033E-13 4.687E-12 1.669E-11 1.962E-11 1.981E-18 8.601E-11 5.864E-14 3.212E-13 6.569E-11 7.830E-13 2.901E-18 4.925E-07 7.688E-07 2.066E-07
   1.250E+06 1.777E+05 6.158E+18 3.371E+03 6.309E+03 1.635E+08 2.486E-23 3.382E-11 5.824E-10 1.015E-04 7.990E-06 2.616E-07 1.759E-06 6.737E+15 3.369E+06 8.703E-01 7.361E-08 3.617E-09 5.471E-13 5.152E-12 2.139E-11 2.733E-11 2.901E-18 7.178E-11 1.008E-13 6.058E-13 8.586E-11 1.476E-12 4.672E-18 4.917E-07 7.590E-07 1.808E-07
   1.350E+06 1.508E+05 5.314E+18 4.480E+03 7.830E+03 2.272E+08 1.179E-21 4.417E-11 8.726E-10 1.194E-04 8.716E-06 3.580E-07 1.689E-06 5.812E+15 4.156E+06 1.389E+00 9.078E-08 4.671E-09 7.820E-13 5.981E-12 2.801E-11 3.834E-11 4.672E-18 7.299E-11 1.779E-13 1.145E-12 1.173E-10 2.770E-12 8.041E-18 4.903E-07 7.401E-07 1.427E-07
   1.450E+06 1.277E+05 4.571E+18 5.374E+03 9.443E+03 2.962E+08 3.097E-20 5.923E-11 1.325E-09 1.484E-04 9.735E-06 4.367E-07 1.559E-06 4.999E+15 5.203E+06 2.087E+00 1.126E-07 6.064E-09 1.138E-12 6.862E-12 3.723E-11 5.020E-11 8.041E-18 7.291E-11 2.814E-13 1.757E-12 1.499E-10 4.809E-12 1.435E-17 4.879E-07 7.104E-07 9.966E-08
   1.550E+06 1.078E+05 3.919E+18 5.653E+03 1.072E+04 3.585E+08 4.613E-19 8.084E-11 2.011E-09 1.950E-04 1.116E-05 4.692E-07 1.360E-06 4.285E+15 6.481E+06 2.922E+00 1.392E-07 7.840E-09 1.654E-12 7.615E-12 4.738E-11 5.861E-11 1.435E-17 6.717E-11 3.853E-13 2.019E-12 1.694E-10 7.713E-12 2.558E-17 4.850E-07 6.711E-07 6.236E-08
   1.650E+06 9.076E+04 3.344E+18 5.126E+03 1.080E+04 4.099E+08 4.034E-18 1.104E-10 2.985E-09 2.724E-04 1.312E-05 4.500E-07 1.082E-06 3.656E+15 7.787E+06 3.886E+00 1.694E-07 9.959E-09 2.329E-12 8.001E-12 5.620E-11 6.180E-11 2.558E-17 5.527E-11 4.625E-13 1.794E-12 1.684E-10 1.181E-11 4.792E-17 4.819E-07 6.241E-07 3.535E-08
   1.750E+06 7.629E+04 2.839E+18 4.767E+03 1.129E+04 4.431E+08 2.260E-17 1.478E-10 4.264E-09 4.073E-04 1.573E-05 3.831E-07 9.327E-07 3.105E+15 9.574E+06 4.920E+00 2.007E-07 1.229E-08 3.372E-12 8.496E-12 5.967E-11 5.828E-11 4.792E-17 4.512E-11 4.859E-13 1.231E-12 1.543E-10 1.753E-11 9.180E-17 4.791E-07 5.727E-07 1.865E-08
   1.850E+06 6.403E+04 2.402E+18 4.430E+03 1.218E+04 4.429E+08 9.314E-17 1.902E-10 5.839E-09 6.295E-04 1.898E-05 2.929E-07 8.688E-07 2.626E+15 1.178E+07 5.787E+00 2.303E-07 1.468E-08 4.905E-12 9.064E-12 5.820E-11 5.025E-11 9.180E-17 3.706E-11 4.370E-13 6.628E-13 1.315E-10 2.513E-11 1.785E-16 4.772E-07 5.195E-07 9.378E-09
   1.950E+06 5.368E+04 2.023E+18 4.112E+03 1.403E+04 3.978E+08 3.124E-16 2.338E-10 7.717E-09 9.249E-04 2.254E-05 2.127E-07 8.987E-07 2.211E+15 1.433E+07 6.157E+00 2.566E-07 1.700E-08 7.085E-12 1.008E-11 5.309E-11 4.012E-11 1.785E-16 3.319E-11 3.342E-13 2.859E-13 1.043E-10 3.450E-11 3.446E-16 4.767E-07 4.675E-07 4.617E-09
   2.050E+06 4.499E+04 1.697E+18 3.649E+03 1.621E+04 3.312E+08 9.087E-16 2.768E-10 9.969E-09 1.238E-03 2.593E-05 1.577E-07 9.580E-07 1.856E+15 1.677E+07 6.106E+00 2.794E-07 1.925E-08 9.884E-12 1.154E-11 4.666E-11 3.028E-11 3.446E-16 3.213E-11 2.243E-13 1.049E-13 7.673E-11 4.624E-11 6.570E-16 4.781E-07 4.194E-07 2.284E-09
   2.150E+06 3.770E+04 1.422E+18 3.073E+03 1.817E+04 2.663E+08 2.348E-15 3.197E-10 1.274E-08 1.526E-03 2.889E-05 1.228E-07 1.003E-06 1.554E+15 1.888E+07 5.861E+00 2.990E-07 2.143E-08 1.328E-11 1.334E-11 4.008E-11 2.187E-11 6.570E-16 3.237E-11 1.380E-13 3.460E-14 5.288E-11 6.155E-11 1.240E-15 4.817E-07 3.758E-07 1.150E-09
   2.250E+06 3.160E+04 1.191E+18 2.507E+03 2.000E+04 2.107E+08 5.447E-15 3.638E-10 1.623E-08 1.772E-03 3.137E-05 9.978E-08 1.035E-06 1.302E+15 2.079E+07 5.534E+00 3.162E-07 2.360E-08 1.745E-11 1.548E-11 3.377E-11 1.528E-11 1.240E-15 3.359E-11 8.112E-14 1.077E-14 3.497E-11 8.133E-11 2.317E-15 4.877E-07 3.371E-07 5.930E-10
   2.350E+06 2.648E+04 9.998E+17 1.998E+03 2.176E+04 1.653E+08 1.147E-14 4.104E-10 2.069E-08 1.974E-03 3.341E-05 8.373E-08 1.052E-06 1.093E+15 2.257E+07 5.169E+00 3.314E-07 2.579E-08 2.258E-11 1.800E-11 2.820E-11 1.049E-11 2.317E-15 3.569E-11 4.711E-14 3.309E-15 2.267E-11 1.064E-10 4.283E-15 4.962E-07 3.032E-07 3.152E-10
   2.450E+06 2.218E+04 8.403E+17 1.564E+03 2.340E+04 1.290E+08 2.222E-14 4.609E-10 2.638E-08 2.135E-03 3.507E-05 7.189E-08 1.056E-06 9.186E+14 2.424E+07 4.790E+00 3.451E-07 2.803E-08 2.885E-11 2.097E-11 2.361E-11 7.181E-12 4.283E-15 3.870E-11 2.760E-14 1.035E-15 1.462E-11 1.380E-10 7.815E-15 5.072E-07 2.736E-07 1.730E-10
   2.550E+06 1.857E+04 7.072E+17 1.205E+03 2.484E+04 1.002E+08 4.033E-14 5.162E-10 3.353E-08 2.259E-03 3.642E-05 6.274E-08 1.048E-06 7.730E+14 2.574E+07 4.410E+00 3.574E-07 3.036E-08 3.640E-11 2.444E-11 1.995E-11 4.943E-12 7.815E-15 4.261E-11 1.651E-14 3.359E-16 9.449E-12 1.772E-10 1.403E-14 5.209E-07 2.476E-07 9.793E-11
   2.650E+06 1.553E+04 5.958E+17 9.147E+02 2.592E+04 7.767E+07 7.028E-14 5.771E-10 4.231E-08 2.351E-03 3.751E-05 5.545E-08 1.028E-06 6.513E+14 2.698E+07 4.038E+00 3.688E-07 3.280E-08 4.528E-11 2.842E-11 1.706E-11 3.438E-12 1.403E-14 4.741E-11 1.012E-14 1.138E-16 6.131E-12 2.256E-10 2.475E-14 5.373E-07 2.245E-07 5.705E-11
   2.750E+06 1.297E+04 5.023E+17 6.850E+02 2.647E+04 6.003E+07 1.212E-13 6.444E-10 5.276E-08 2.415E-03 3.840E-05 4.949E-08 9.986E-07 5.491E+14 2.786E+07 3.682E+00 3.792E-07 3.533E-08 5.546E-11 3.289E-11 1.483E-11 2.421E-12 2.475E-14 5.302E-11 6.348E-15 4.014E-17 3.992E-12 2.853E-10 4.301E-14 5.563E-07 2.038E-07 3.424E-11
   2.850E+06 1.081E+04 4.233E+17 5.056E+02 2.633E+04 4.625E+07 2.115E-13 7.190E-10 6.484E-08 2.457E-03 3.912E-05 4.446E-08 9.592E-07 4.627E+14 2.830E+07 3.344E+00 3.888E-07 3.795E-08 6.684E-11 3.779E-11 1.312E-11 1.724E-12 4.301E-14 5.922E-11 4.030E-15 1.454E-17 2.596E-12 3.595E-10 7.383E-14 5.781E-07 1.848E-07 2.115E-11
   2.950E+06 8.993E+03 3.562E+17 3.668E+02 2.543E+04 3.545E+07 3.785E-13 8.024E-10 7.841E-08 2.482E-03 3.971E-05 4.009E-08 9.105E-07 3.893E+14 2.823E+07 3.025E+00 3.978E-07 4.064E-08 7.924E-11 4.307E-11 1.177E-11 1.235E-12 7.383E-14 6.568E-11 2.558E-15 5.293E-18 1.672E-12 4.528E-10 1.258E-13 6.029E-07 1.669E-07 1.337E-11
   3.050E+06 7.466E+03 2.990E+17 2.607E+02 2.382E+04 2.697E+07 7.214E-13 8.966E-10 9.342E-08 2.495E-03 4.019E-05 3.616E-08 8.528E-07 3.268E+14 2.765E+07 2.724E+00 4.061E-07 4.336E-08 9.247E-11 4.868E-11 1.072E-11 8.886E-13 1.258E-13 7.204E-11 1.608E-15 1.910E-18 1.062E-12 5.717E-10 2.145E-13 6.309E-07 1.494E-07 8.647E-12
   3.150E+06 6.187E+03 2.499E+17 1.805E+02 2.172E+04 2.029E+07 1.566E-12 1.005E-09 1.105E-07 2.504E-03 4.057E-05 3.241E-08 7.867E-07 2.731E+14 2.665E+07 2.439E+00 4.137E-07 4.610E-08 1.067E-10 5.480E-11 9.908E-12 6.431E-13 2.145E-13 7.811E-11 9.938E-16 6.751E-19 6.646E-13 7.255E-10 3.689E-13 6.619E-07 1.320E-07 5.724E-12
   3.250E+06 5.120E+03 2.083E+17 1.241E+02 2.038E+04 1.483E+07 3.806E-12 1.131E-09 1.320E-07 2.509E-03 4.088E-05 2.837E-08 7.412E-07 2.277E+14 2.599E+07 2.129E+00 4.208E-07 4.883E-08 1.247E-10 6.308E-11 9.257E-12 4.804E-13 3.689E-13 8.760E-11 6.347E-16 2.522E-19 4.299E-13 9.043E-10 6.421E-13 6.964E-07 1.142E-07 3.855E-12
   3.350E+06 4.232E+03 1.733E+17 8.438E+01 2.039E+04 1.039E+07 9.344E-12 1.280E-09 1.634E-07 2.509E-03 4.112E-05 2.390E-08 7.202E-07 1.894E+14 2.608E+07 1.787E+00 4.273E-07 5.155E-08 1.505E-10 7.562E-11 8.736E-12 3.828E-13 6.421E-13 1.048E-10 4.387E-16 1.079E-19 3.014E-13 1.090E-09 1.133E-12 7.345E-07 9.591E-08 2.631E-12
   3.450E+06 3.494E+03 1.438E+17 5.598E+01 2.200E+04 6.942E+06 2.130E-11 1.457E-09 2.138E-07 2.507E-03 4.132E-05 1.925E-08 7.154E-07 1.572E+14 2.707E+07 1.435E+00 4.334E-07 5.428E-08 1.882E-10 9.493E-11 8.323E-12 3.349E-13 1.133E-12 1.349E-10 3.402E-16 5.640E-20 2.366E-13 1.262E-09 2.021E-12 7.756E-07 7.752E-08 1.816E-12
   3.550E+06 2.883E+03 1.191E+17 3.586E+01 2.482E+04 4.493E+06 4.358E-11 1.671E-09 2.946E-07 2.505E-03 4.147E-05 1.506E-08 7.070E-07 1.302E+14 2.861E+07 1.121E+00 4.391E-07 5.700E-08 2.401E-10 1.227E-10 8.001E-12 3.200E-13 2.021E-12 1.818E-10 2.923E-16 3.538E-20 2.040E-13 1.427E-09 3.653E-12 8.187E-07 5.988E-08 1.267E-12
   3.650E+06 2.377E+03 9.843E+16 2.252E+01 2.840E+04 2.859E+06 7.970E-11 1.927E-09 4.156E-07 2.506E-03 4.159E-05 1.159E-08 6.942E-07 1.075E+14 3.035E+07 8.676E-01 4.444E-07 5.971E-08 3.083E-10 1.607E-10 7.753E-12 3.240E-13 3.653E-12 2.486E-10 2.657E-16 2.464E-20 1.851E-13 1.606E-09 6.622E-12 8.625E-07 4.409E-08 8.946E-13
   3.750E+06 1.960E+03 8.119E+16 1.414E+01 3.193E+04 1.823E+06 1.316E-10 2.229E-09 5.817E-07 2.510E-03 4.168E-05 8.946E-09 6.761E-07 8.872E+13 3.188E+07 6.776E-01 4.493E-07 6.240E-08 3.926E-10 2.090E-10 7.563E-12 3.347E-13 6.622E-12 3.354E-10 2.434E-16 1.753E-20 1.687E-13 1.821E-09 1.190E-11 9.063E-07 3.092E-08 6.371E-13
   3.850E+06 1.615E+03 6.696E+16 8.970E+00 3.453E+04 1.177E+06 1.987E-10 2.574E-09 7.907E-07 2.512E-03 4.176E-05 6.995E-09 6.522E-07 7.316E+13 3.286E+07 5.404E-01 4.539E-07 6.507E-08 4.907E-10 2.662E-10 7.419E-12 3.430E-13 1.190E-11 4.384E-10 2.165E-16 1.199E-20 1.498E-13 2.095E-09 2.105E-11 9.500E-07 2.069E-08 4.559E-13
   3.950E+06 1.332E+03 5.523E+16 5.781E+00 3.557E+04 7.717E+05 2.789E-10 2.961E-09 1.034E-06 2.513E-03 4.182E-05 5.559E-09 6.226E-07 6.035E+13 3.312E+07 4.422E-01 4.581E-07 6.768E-08 5.996E-10 3.298E-10 7.309E-12 3.437E-13 2.105E-11 5.499E-10 1.835E-16 7.634E-21 1.275E-13 2.447E-09 3.650E-11 9.937E-07 1.332E-08 3.274E-13
   4.050E+06 1.098E+03 4.558E+16 3.786E+00 3.482E+04 5.140E+05 3.683E-10 3.390E-09 1.300E-06 2.512E-03 4.188E-05 4.489E-09 5.877E-07 4.980E+13 3.262E+07 3.716E-01 4.620E-07 7.022E-08 7.157E-10 3.969E-10 7.221E-12 3.345E-13 3.650E-11 6.602E-10 1.470E-16 4.466E-21 1.035E-13 2.899E-09 6.216E-11 1.038E-06 8.299E-09 2.352E-13
   4.150E+06 9.045E+02 3.761E+16 2.513E+00 3.244E+04 3.469E+05 4.629E-10 3.865E-09 1.574E-06 2.510E-03 4.192E-05 3.675E-09 5.480E-07 4.109E+13 3.141E+07 3.205E-01 4.657E-07 7.268E-08 8.353E-10 4.643E-10 7.146E-12 3.152E-13 6.216E-11 7.583E-10 1.106E-16 2.372E-21 7.978E-14 3.482E-09 1.043E-10 1.084E-06 5.041E-09 1.682E-13
   4.250E+06 7.453E+02 3.102E+16 1.686E+00 2.886E+04 2.370E+05 5.592E-10 4.391E-09 1.845E-06 2.508E-03 4.196E-05 3.046E-09 5.042E-07 3.389E+13 2.961E+07 2.832E-01 4.691E-07 7.506E-08 9.544E-10 5.291E-10 7.076E-12 2.872E-13 1.043E-10 8.346E-10 7.816E-17 1.141E-21 5.832E-14 4.240E-09 1.728E-10 1.131E-06 3.015E-09 1.195E-13
   4.350E+06 6.140E+02 2.558E+16 1.142E+00 2.461E+04 1.640E+05 6.565E-10 4.979E-09 2.102E-06 2.506E-03 4.199E-05 2.558E-09 4.577E-07 2.795E+13 2.735E+07 2.560E-01 4.722E-07 7.735E-08 1.069E-09 5.885E-10 7.004E-12 2.529E-13 1.728E-10 8.824E-10 5.212E-17 4.993E-22 4.048E-14 5.238E-09 2.841E-10 1.179E-06 1.797E-09 8.435E-14
   4.450E+06 5.058E+02 2.110E+16 7.797E-01 2.018E+04 1.154E+05 7.651E-10 5.641E-09 2.338E-06 2.503E-03 4.202E-05 2.185E-09 4.090E-07 2.305E+13 2.475E+07 2.372E-01 4.751E-07 7.954E-08 1.173E-09 6.397E-10 6.924E-12 2.150E-13 2.841E-10 8.981E-10 3.294E-17 1.994E-22 2.665E-14 6.580E-09 4.662E-10 1.229E-06 1.073E-09 5.883E-14
   4.550E+06 4.165E+02 1.741E+16 5.393E-01 1.592E+04 8.311E+04 9.271E-10 6.391E-09 2.551E-06 2.497E-03 4.205E-05 1.911E-09 3.584E-07 1.902E+13 2.193E+07 2.267E-01 4.777E-07 8.164E-08 1.260E-09 6.787E-10 6.831E-12 1.754E-13 4.662E-10 8.784E-10 1.982E-17 7.264E-23 1.656E-14 8.461E-09 7.717E-10 1.280E-06 6.430E-10 4.025E-14
   4.650E+06 3.429E+02 1.437E+16 3.837E-01 1.210E+04 6.196E+04 1.250E-09 7.245E-09 2.740E-06 2.491E-03 4.207E-05 1.732E-09 3.075E-07 1.570E+13 1.902E+07 2.276E-01 4.803E-07 8.365E-08 1.324E-09 7.014E-10 6.725E-12 1.360E-13 7.717E-10 8.197E-10 1.139E-17 2.400E-23 9.607E-15 1.128E-08 1.302E-09 1.331E-06 3.898E-10 2.693E-14
   4.750E+06 2.821E+02 1.185E+16 2.874E-01 8.867E+03 4.859E+04 1.934E-09 8.215E-09 2.907E-06 2.482E-03 4.209E-05 1.651E-09 2.573E-07 1.295E+13 1.610E+07 2.466E-01 4.826E-07 8.557E-08 1.358E-09 7.014E-10 6.602E-12 9.836E-14 1.302E-09 7.205E-10 6.297E-18 7.121E-24 5.117E-15 1.584E-08 2.259E-09 1.381E-06 2.397E-10 1.748E-14
   4.850E+06 2.320E+02 9.779E+15 2.295E-01 6.246E+03 4.063E+04 3.261E-09 9.310E-09 3.056E-06 2.472E-03 4.211E-05 1.680E-09 2.090E-07 1.069E+13 1.320E+07 2.936E-01 4.848E-07 8.739E-08 1.350E-09 6.716E-10 6.459E-12 6.471E-14 2.259E-09 5.842E-10 3.365E-18 1.861E-24 2.429E-15 2.389E-08 4.024E-09 1.429E-06 1.495E-10 1.088E-14
   4.950E+06 1.907E+02 8.060E+15 1.928E-01 4.230E+03 3.651E+04 5.548E-09 1.054E-08 3.192E-06 2.464E-03 4.212E-05 1.838E-09 1.644E-07 8.811E+12 1.034E+07 3.800E-01 4.868E-07 8.914E-08 1.283E-09 6.073E-10 6.292E-12 3.770E-14 4.024E-09 4.263E-10 1.752E-18 4.209E-25 9.954E-16 3.916E-08 7.279E-09 1.473E-06 9.475E-11 6.431E-15
   5.050E+06 1.567E+02 6.640E+15 1.652E-01 2.763E+03 3.540E+04 9.068E-09 1.189E-08 3.320E-06 2.455E-03 4.214E-05 2.171E-09 1.254E-07 7.262E+12 7.579E+06 5.178E-01 4.887E-07 9.080E-08 1.141E-09 5.103E-10 6.099E-12 1.904E-14 7.279E-09 2.737E-10 8.896E-19 8.128E-26 3.432E-16 7.024E-08 1.337E-08 1.511E-06 6.108E-11 3.577E-15
   5.150E+06 1.287E+02 5.462E+15 1.405E-01 1.757E+03 3.655E+04 1.404E-08 1.337E-08 3.443E-06 2.451E-03 4.215E-05 2.731E-09 9.340E-08 5.976E+12 5.163E+06 7.183E-01 4.905E-07 9.239E-08 9.453E-10 3.989E-10 5.882E-12 8.323E-15 1.337E-08 1.535E-10 4.288E-19 1.315E-26 9.965E-17 1.374E-07 2.594E-08 1.541E-06 4.016E-11 1.867E-15
   5.250E+06 1.057E+02 4.489E+15 1.197E-01 1.096E+03 4.290E+04 2.068E-08 1.496E-08 3.565E-06 2.448E-03 4.216E-05 3.904E-09 6.845E-08 4.913E+12 3.176E+06 1.016E+00 4.922E-07 9.389E-08 7.075E-10 2.801E-10 5.644E-12 2.915E-15 2.594E-08 7.222E-11 1.796E-19 1.629E-27 2.384E-17 3.172E-07 5.001E-08 1.560E-06 2.703E-11 9.214E-16
   5.350E+06 8.681E+01 3.686E+15 1.117E-01 6.639E+02 7.618E+04 2.930E-08 1.665E-08 3.687E-06 2.449E-03 4.217E-05 8.439E-09 4.884E-08 4.036E+12 1.319E+06 1.617E+00 4.937E-07 9.531E-08 3.578E-10 1.255E-10 5.389E-12 5.956E-16 5.001E-08 2.359E-11 4.694E-20 1.274E-28 4.413E-18 1.157E-06 7.840E-08 1.569E-06 1.863E-11 4.644E-16
   5.450E+06 7.131E+01 3.022E+15 1.078E-01 3.951E+02 1.391E+05 4.034E-08 1.843E-08 3.811E-06 2.456E-03 4.218E-05 1.875E-08 3.431E-08 3.305E+12 5.109E+05 2.715E+00 4.950E-07 9.664E-08 1.691E-10 4.505E-11 5.118E-12 2.091E-16 7.840E-08 6.750E-12 1.659E-20 1.094E-29 8.278E-19 4.226E-06 1.049E-07 1.570E-06 1.311E-11 2.915E-16
   5.550E+06 5.860E+01 2.478E+15 9.501E-02 2.346E+02 1.990E+05 5.426E-08 2.031E-08 3.938E-06 2.463E-03 4.219E-05 3.260E-08 2.405E-08 2.703E+12 2.466E+05 4.164E+00 4.963E-07 9.786E-08 9.951E-11 1.832E-11 4.838E-12 1.426E-16 1.049E-07 1.938E-12 9.891E-21 1.573E-30 1.714E-19 1.147E-05 1.286E-07 1.569E-06 9.385E-12 2.438E-16
   5.650E+06 4.820E+01 2.027E+15 7.535E-02 1.399E+02 2.326E+05 7.157E-08 2.229E-08 4.067E-06 2.481E-03 4.220E-05 4.625E-08 1.696E-08 2.199E+12 1.347E+05 5.734E+00 4.974E-07 9.898E-08 6.643E-11 8.430E-12 4.557E-12 1.094E-16 1.286E-07 5.777E-13 6.317E-21 3.867E-31 4.025E-20 2.497E-05 1.499E-07 1.566E-06 6.843E-12 2.396E-16
   5.750E+06 3.969E+01 1.659E+15 5.538E-02 8.439E+01 2.363E+05 9.272E-08 2.437E-08 4.199E-06 2.501E-03 4.221E-05 5.695E-08 1.211E-08 1.783E+12 7.806E+04 7.228E+00 4.983E-07 9.998E-08 4.705E-11 4.290E-12 4.282E-12 8.463E-17 1.499E-07 1.811E-13 4.012E-21 1.189E-31 1.083E-20 4.652E-05 1.700E-07 1.562E-06 5.089E-12 2.458E-16
   5.850E+06 3.273E+01 1.358E+15 3.860E-02 5.149E+01 2.167E+05 1.184E-07 2.651E-08 4.332E-06 2.524E-03 4.221E-05 6.322E-08 8.751E-09 1.439E+12 4.632E+04 8.540E+00 4.991E-07 1.009E-07 3.410E-11 2.351E-12 4.014E-12 6.523E-17 1.700E-07 5.944E-14 2.521E-21 3.821E-32 3.270E-21 7.793E-05 1.899E-07 1.557E-06 3.848E-12 2.509E-16
   5.950E+06 2.703E+01 1.110E+15 2.586E-02 3.168E+01 1.818E+05 1.496E-07 2.871E-08 4.466E-06 2.556E-03 4.222E-05 6.404E-08 6.390E-09 1.153E+12 2.756E+04 9.624E+00 4.998E-07 1.016E-07 2.482E-11 1.360E-12 3.755E-12 4.993E-17 1.899E-07 2.032E-14 1.559E-21 1.209E-32 1.072E-21 1.209E-04 2.100E-07 1.552E-06 2.952E-12 2.521E-16
   6.050E+06 2.237E+01 9.096E+14 1.713E-02 1.976E+01 1.433E+05 1.879E-07 3.102E-08 4.598E-06 2.587E-03 4.222E-05 6.088E-08 4.726E-09 9.203E+11 1.648E+04 1.056E+01 5.004E-07 1.023E-07 1.812E-11 8.267E-13 3.511E-12 3.820E-17 2.100E-07 7.251E-15 9.651E-22 3.829E-33 3.747E-22 1.759E-04 2.309E-07 1.546E-06 2.300E-12 2.503E-16
   6.150E+06 1.856E+01 7.452E+14 1.134E-02 1.248E+01 1.060E+05 2.361E-07 3.367E-08 4.727E-06 2.623E-03 4.223E-05 5.425E-08 3.542E-09 7.293E+11 9.814E+03 1.144E+01 5.009E-07 1.028E-07 1.317E-11 5.223E-13 3.283E-12 2.918E-17 2.309E-07 2.697E-15 5.940E-22 1.202E-33 1.367E-22 2.432E-04 2.530E-07 1.539E-06 1.819E-12 2.471E-16
   6.250E+06 1.543E+01 6.115E+14 7.639E-03 7.978E+00 7.470E+04 2.976E-07 3.708E-08 4.852E-06 2.659E-03 4.223E-05 4.593E-08 2.689E-09 5.748E+11 5.831E+03 1.243E+01 5.013E-07 1.033E-07 9.536E-12 3.415E-13 3.075E-12 2.233E-17 2.530E-07 1.042E-15 3.662E-22 3.778E-34 5.144E-23 3.220E-04 2.765E-07 1.532E-06 1.458E-12 2.442E-16
   6.350E+06 1.286E+01 5.031E+14 5.298E-03 5.179E+00 5.060E+04 3.763E-07 4.172E-08 4.971E-06 2.694E-03 4.223E-05 3.733E-08 2.071E-09 4.511E+11 3.467E+03 1.366E+01 5.017E-07 1.036E-07 6.892E-12 2.305E-13 2.890E-12 1.719E-17 2.765E-07 4.193E-16 2.276E-22 1.204E-34 1.994E-23 4.101E-04 3.019E-07 1.524E-06 1.187E-12 2.420E-16
   6.450E+06 1.075E+01 4.142E+14 3.765E-03 3.402E+00 3.281E+04 4.742E-07 4.787E-08 5.083E-06 2.731E-03 4.223E-05 2.900E-08 1.616E-09 3.520E+11 2.052E+03 1.520E+01 5.019E-07 1.039E-07 4.954E-12 1.597E-13 2.729E-12 1.328E-17 3.019E-07 1.749E-16 1.416E-22 3.866E-35 7.905E-24 5.055E-04 3.298E-07 1.515E-06 9.779E-13 2.402E-16
   6.550E+06 9.009E+00 3.420E+14 2.722E-03 2.261E+00 2.069E+04 5.897E-07 5.545E-08 5.186E-06 2.766E-03 4.224E-05 2.187E-08 1.275E-09 2.738E+11 1.217E+03 1.696E+01 5.021E-07 1.041E-07 3.559E-12 1.134E-13 2.592E-12 1.034E-17 3.298E-07 7.513E-17 8.912E-23 1.260E-35 3.194E-24 6.057E-04 3.603E-07 1.505E-06 8.146E-13 2.380E-16
   6.650E+06 7.570E+00 2.830E+14 1.981E-03 1.519E+00 1.271E+04 7.181E-07 6.407E-08 5.280E-06 2.800E-03 4.224E-05 1.604E-08 1.017E-09 2.125E+11 7.234E+02 1.878E+01 5.023E-07 1.043E-07 2.556E-12 8.242E-14 2.480E-12 8.132E-18 3.603E-07 3.324E-17 5.669E-23 4.186E-36 1.318E-24 7.076E-04 3.937E-07 1.494E-06 6.859E-13 2.346E-16
   6.750E+06 6.379E+00 2.345E+14 1.437E-03 1.032E+00 7.581E+03 8.522E-07 7.317E-08 5.362E-06 2.832E-03 4.224E-05 1.142E-08 8.204E-10 1.646E+11 4.301E+02 2.050E+01 5.024E-07 1.045E-07 1.834E-12 6.116E-14 2.393E-12 6.445E-18 3.937E-07 1.514E-17 3.630E-23 1.414E-36 5.555E-25 8.081E-04 4.304E-07 1.482E-06 5.837E-13 2.295E-16
   6.850E+06 5.391E+00 1.949E+14 1.038E-03 7.095E-01 4.427E+03 9.846E-07 8.216E-08 5.433E-06 2.841E-03 4.224E-05 7.995E-09 6.700E-10 1.277E+11 2.575E+02 2.194E+01 5.025E-07 1.046E-07 1.321E-12 4.636E-14 2.328E-12 5.166E-18 4.304E-07 7.090E-18 2.358E-23 4.892E-37 2.397E-25 9.048E-04 4.707E-07 1.468E-06 5.019E-13 2.227E-16
   6.950E+06 4.570E+00 1.619E+14 7.453E-04 4.926E-01 2.500E+03 1.110E-06 9.060E-08 5.494E-06 2.848E-03 4.224E-05 5.424E-09 5.539E-10 9.893E+10 1.537E+02 2.309E+01 5.026E-07 1.047E-07 9.497E-13 3.571E-14 2.283E-12 4.160E-18 4.707E-07 3.409E-18 1.528E-23 1.705E-37 1.060E-25 9.960E-04 5.151E-07 1.453E-06 4.362E-13 2.144E-16
   7.050E+06 3.890E+00 1.339E+14 5.312E-04 3.444E-01 1.346E+03 1.223E-06 9.827E-08 5.545E-06 2.854E-03 4.224E-05 3.521E-09 4.636E-10 7.644E+10 9.083E+01 2.397E+01 5.027E-07 1.048E-07 6.781E-13 2.782E-14 2.255E-12 3.343E-18 5.151E-07 1.675E-18 9.734E-24 5.875E-38 4.796E-26 1.081E-03 5.638E-07 1.436E-06 3.829E-13 2.051E-16
   7.150E+06 3.326E+00 1.114E+14 3.799E-04 2.447E-01 7.284E+02 1.323E-06 1.050E-07 5.587E-06 2.860E-03 4.224E-05 2.286E-09 3.931E-10 5.949E+10 5.456E+01 2.452E+01 5.027E-07 1.048E-07 4.898E-13 2.208E-14 2.237E-12 2.713E-18 5.638E-07 8.429E-19 6.298E-24 2.052E-38 2.240E-26 1.159E-03 6.189E-07 1.417E-06 3.395E-13 1.951E-16
   7.250E+06 2.857E+00 9.275E+13 2.705E-04 1.751E-01 3.871E+02 1.408E-06 1.108E-07 5.622E-06 2.866E-03 4.224E-05 1.456E-09 3.358E-10 4.636E+10 3.299E+01 2.478E+01 5.027E-07 1.049E-07 3.557E-13 1.772E-14 2.227E-12 2.203E-18 6.189E-07 4.269E-19 4.057E-24 7.125E-39 1.066E-26 1.232E-03 6.838E-07 1.394E-06 3.027E-13 1.847E-16
   7.350E+06 2.468E+00 7.661E+13 1.891E-04 1.242E-01 1.915E+02 1.480E-06 1.158E-07 5.650E-06 2.875E-03 4.224E-05 8.693E-10 2.870E-10 3.575E+10 1.972E+01 2.485E+01 5.028E-07 1.049E-07 2.574E-13 1.419E-14 2.220E-12 1.759E-18 6.838E-07 2.104E-19 2.498E-24 2.348E-39 5.064E-27 1.305E-03 7.600E-07 1.367E-06 2.702E-13 1.735E-16
   7.450E+06 2.146E+00 6.380E+13 1.315E-04 8.872E-02 9.641E+01 1.540E-06 1.200E-07 5.672E-06 2.884E-03 4.224E-05 5.241E-10 2.452E-10 2.774E+10 1.244E+01 2.458E+01 5.028E-07 1.049E-07 1.951E-13 1.152E-14 2.216E-12 1.418E-18 7.600E-07 1.002E-19 1.569E-24 7.542E-40 2.394E-27 1.376E-03 8.482E-07 1.335E-06 2.410E-13 1.619E-16
   7.550E+06 1.877E+00 5.353E+13 9.122E-05 6.381E-02 4.949E+01 1.588E-06 1.234E-07 5.690E-06 2.892E-03 4.224E-05 3.196E-10 2.095E-10 2.164E+10 8.603E+00 2.404E+01 5.028E-07 1.049E-07 1.607E-13 9.471E-15 2.213E-12 1.151E-18 8.482E-07 4.599E-20 1.003E-24 2.404E-40 1.132E-27 1.447E-03 9.494E-07 1.296E-06 2.150E-13 1.502E-16
   7.650E+06 1.651E+00 4.485E+13 6.277E-05 4.580E-02 2.460E+01 1.628E-06 1.263E-07 5.705E-06 2.903E-03 4.224E-05 1.889E-10 1.790E-10 1.683E+10 7.012E+00 2.338E+01 5.028E-07 1.050E-07 1.563E-13 7.782E-15 2.211E-12 9.271E-19 9.494E-07 2.018E-20 6.272E-25 7.545E-41 5.380E-28 1.516E-03 1.064E-06 1.250E-06 1.919E-13 1.386E-16
   7.750E+06 1.461E+00 3.780E+13 4.316E-05 3.306E-02 1.231E+01 1.660E-06 1.288E-07 5.716E-06 2.909E-03 4.224E-05 1.120E-10 1.530E-10 1.314E+10 7.231E+00 2.258E+01 5.028E-07 1.050E-07 1.913E-13 6.431E-15 2.209E-12 7.491E-19 1.064E-06 8.416E-21 3.955E-25 2.351E-41 2.575E-28 1.583E-03 1.191E-06 1.196E-06 1.713E-13 1.274E-16
   7.850E+06 1.301E+00 3.211E+13 2.977E-05 2.406E-02 6.313E+00 1.685E-06 1.308E-07 5.725E-06 2.911E-03 4.224E-05 6.754E-11 1.309E-10 1.033E+10 8.871E+00 2.167E+01 5.029E-07 1.050E-07 2.763E-13 5.353E-15 2.207E-12 6.102E-19 1.191E-06 3.343E-21 2.543E-25 7.365E-42 1.249E-28 1.650E-03 1.329E-06 1.135E-06 1.529E-13 1.167E-16
   7.950E+06 1.164E+00 2.748E+13 2.058E-05 1.765E-02 3.316E+00 1.703E-06 9.864E-08 5.732E-06 2.913E-03 4.224E-05 4.143E-11 1.120E-10 8.180E+09 1.174E+01 2.064E+01 5.029E-07 1.050E-07 4.273E-13 4.478E-15 2.205E-12 5.009E-19 1.329E-06 1.268E-21 1.665E-25 2.342E-42 6.195E-29 1.716E-03 1.477E-06 1.066E-06 1.367E-13 1.067E-16
   8.050E+06 1.047E+00 2.364E+13 1.430E-05 1.304E-02 1.768E+00 1.719E-06 9.971E-08 5.738E-06 2.915E-03 4.224E-05 2.565E-11 9.610E-11 6.505E+09 1.594E+01 1.962E+01 5.029E-07 1.050E-07 6.742E-13 3.750E-15 2.203E-12 4.130E-19 1.477E-06 4.615E-22 1.101E-25 7.594E-43 3.178E-29 1.780E-03 1.632E-06 9.915E-07 1.223E-13 9.740E-17
   8.150E+06 9.457E-01 2.046E+13 9.988E-06 9.703E-03 9.597E-01 1.732E-06 1.006E-07 5.743E-06 2.917E-03 4.224E-05 1.608E-11 8.258E-11 5.200E+09 2.135E+01 1.858E+01 5.029E-07 1.050E-07 1.044E-12 3.140E-15 2.200E-12 3.424E-19 1.632E-06 1.624E-22 7.375E-26 2.522E-43 1.706E-29 1.845E-03 1.790E-06 9.116E-07 1.096E-13 8.893E-17
   8.250E+06 8.579E-01 1.781E+13 7.020E-06 7.281E-03 5.325E-01 1.743E-06 1.013E-07 5.746E-06 2.919E-03 4.224E-05 1.024E-11 7.114E-11 4.181E+09 2.768E+01 1.755E+01 5.029E-07 1.050E-07 1.554E-12 2.628E-15 2.198E-12 2.857E-19 1.790E-06 5.666E-23 5.014E-26 8.626E-44 9.679E-30 1.909E-03 1.949E-06 8.283E-07 9.844E-14 8.125E-17
   8.350E+06 7.813E-01 1.559E+13 4.968E-06 5.509E-03 3.017E-01 1.752E-06 1.018E-07 5.749E-06 2.921E-03 4.224E-05 6.623E-12 6.145E-11 3.379E+09 3.460E+01 1.654E+01 5.029E-07 1.050E-07 2.219E-12 2.197E-15 2.195E-12 2.398E-19 1.949E-06 2.108E-23 3.456E-26 3.050E-44 5.824E-30 1.972E-03 2.104E-06 7.437E-07 8.859E-14 7.435E-17
   8.450E+06 7.141E-01 1.372E+13 3.540E-06 4.203E-03 1.743E-01 1.759E-06 1.023E-07 5.752E-06 2.923E-03 4.224E-05 4.347E-12 5.325E-11 2.746E+09 4.176E+01 1.557E+01 5.029E-07 1.050E-07 3.043E-12 1.832E-15 2.192E-12 2.024E-19 2.104E-06 9.850E-24 2.412E-26 1.118E-44 3.700E-30 2.036E-03 2.252E-06 6.599E-07 7.992E-14 6.817E-17
   8.550E+06 6.548E-01 1.215E+13 2.547E-06 3.239E-03 1.040E-01 1.765E-06 1.027E-07 5.754E-06 2.924E-03 4.224E-05 2.926E-12 4.632E-11 2.246E+09 4.769E+01 1.462E+01 5.029E-07 1.050E-07 3.924E-12 1.529E-15 2.189E-12 1.725E-19 2.252E-06 6.648E-24 1.720E-26 4.278E-45 2.455E-30 2.100E-03 2.391E-06 5.789E-07 7.231E-14 6.268E-17
   8.650E+06 6.022E-01 1.082E+13 1.849E-06 2.520E-03 6.388E-02 1.770E-06 1.030E-07 5.755E-06 2.938E-03 4.224E-05 2.008E-12 4.045E-11 1.849E+09 5.223E+01 1.372E+01 5.029E-07 1.050E-07 4.825E-12 1.274E-15 2.186E-12 1.481E-19 2.391E-06 5.885E-24 1.247E-26 1.714E-45 1.680E-30 2.164E-03 2.519E-06 5.024E-07 6.563E-14 5.782E-17
   8.750E+06 5.552E-01 9.676E+12 1.352E-06 1.976E-03 4.004E-02 1.774E-06 1.033E-07 5.757E-06 2.967E-03 4.224E-05 1.395E-12 3.547E-11 1.527E+09 5.576E+01 1.286E+01 5.029E-07 1.050E-07 5.763E-12 1.059E-15 2.182E-12 1.277E-19 2.519E-06 5.752E-24 9.121E-27 7.161E-46 1.172E-30 2.228E-03 2.636E-06 4.314E-07 5.978E-14 5.353E-17
   8.850E+06 5.132E-01 8.678E+12 9.970E-07 1.562E-03 2.552E-02 1.777E-06 1.035E-07 5.758E-06 3.005E-03 4.224E-05 9.787E-13 3.126E-11 1.266E+09 5.816E+01 1.205E+01 5.029E-07 1.050E-07 6.702E-12 8.775E-16 2.179E-12 1.105E-19 2.636E-06 5.670E-24 6.728E-27 3.104E-46 8.279E-31 2.293E-03 2.739E-06 3.669E-07 5.464E-14 4.975E-17
   8.950E+06 4.754E-01 7.809E+12 7.409E-07 1.245E-03 1.653E-02 1.780E-06 1.037E-07 5.759E-06 3.054E-03 4.224E-05 6.933E-13 2.768E-11 1.054E+09 5.940E+01 1.129E+01 5.029E-07 1.050E-07 7.607E-12 7.252E-16 2.175E-12 9.598E-20 2.739E-06 5.467E-24 5.003E-27 1.390E-46 5.881E-31 2.359E-03 2.830E-06 3.093E-07 5.014E-14 4.642E-17
   9.050E+06 4.414E-01 7.047E+12 5.552E-07 1.000E-03 1.085E-02 1.782E-06 1.038E-07 5.760E-06 3.104E-03 4.224E-05 4.958E-13 2.464E-11 8.796E+08 5.954E+01 1.057E+01 5.029E-07 1.050E-07 8.448E-12 5.980E-16 2.172E-12 8.367E-20 2.830E-06 5.102E-24 3.748E-27 6.425E-47 4.187E-31 2.425E-03 2.907E-06 2.589E-07 4.620E-14 4.351E-17
   9.150E+06 4.106E-01 6.395E+12 4.205E-07 8.128E-04 7.194E-03 1.784E-06 1.040E-07 5.760E-06 3.104E-03 4.224E-05 3.625E-13 2.207E-11 7.382E+08 5.743E+01 9.892E+00 5.029E-07 1.050E-07 8.981E-12 4.941E-16 2.168E-12 7.358E-20 2.907E-06 4.540E-24 2.863E-27 3.085E-47 2.981E-31 2.493E-03 2.972E-06 2.157E-07 4.276E-14 4.095E-17
   9.250E+06 3.827E-01 5.833E+12 3.221E-07 6.682E-04 4.901E-03 1.786E-06 1.041E-07 5.761E-06 3.104E-03 4.224E-05 2.708E-13 1.989E-11 6.227E+08 5.354E+01 9.244E+00 5.029E-07 1.050E-07 9.179E-12 4.093E-16 2.164E-12 6.528E-20 2.972E-06 3.872E-24 2.229E-27 1.544E-47 2.123E-31 2.561E-03 3.027E-06 1.793E-07 3.976E-14 3.870E-17
   9.350E+06 3.571E-01 5.330E+12 2.487E-07 5.541E-04 3.365E-03 1.787E-06 1.042E-07 5.762E-06 3.104E-03 4.224E-05 2.034E-13 1.804E-11 5.261E+08 4.961E+01 8.634E+00 5.029E-07 1.050E-07 9.308E-12 3.383E-16 2.160E-12 5.805E-20 3.027E-06 3.241E-24 1.744E-27 7.970E-48 1.514E-31 2.631E-03 3.072E-06 1.489E-07 3.715E-14 3.674E-17
   9.450E+06 3.338E-01 4.880E+12 1.938E-07 4.639E-04 2.324E-03 1.788E-06 1.042E-07 5.762E-06 3.104E-03 4.224E-05 1.534E-13 1.650E-11 4.450E+08 4.587E+01 8.058E+00 5.029E-07 1.050E-07 9.400E-12 2.791E-16 2.156E-12 5.172E-20 3.072E-06 2.697E-24 1.370E-27 4.217E-48 1.084E-31 2.702E-03 3.107E-06 1.241E-07 3.490E-14 3.503E-17
   9.550E+06 3.124E-01 4.476E+12 1.524E-07 3.922E-04 1.614E-03 1.789E-06 1.043E-07 5.762E-06 3.104E-03 4.224E-05 1.162E-13 1.521E-11 3.766E+08 4.253E+01 7.512E+00 5.029E-07 1.050E-07 9.500E-12 2.297E-16 2.152E-12 4.618E-20 3.107E-06 2.258E-24 1.081E-27 2.277E-48 7.836E-32 2.774E-03 3.135E-06 1.042E-07 3.295E-14 3.353E-17
   9.650E+06 2.928E-01 4.113E+12 1.209E-07 3.352E-04 1.126E-03 1.790E-06 1.044E-07 5.763E-06 3.104E-03 4.224E-05 8.823E-14 1.414E-11 3.189E+08 3.981E+01 6.994E+00 5.029E-07 1.050E-07 9.678E-12 1.887E-16 2.148E-12 4.132E-20 3.135E-06 1.927E-24 8.568E-28 1.253E-48 5.756E-32 2.847E-03 3.154E-06 8.867E-08 3.129E-14 3.223E-17
   9.750E+06 2.748E-01 3.786E+12 9.687E-08 2.897E-04 7.894E-04 1.791E-06 1.044E-07 5.763E-06 3.104E-03 4.224E-05 6.718E-14 1.328E-11 2.699E+08 3.798E+01 6.500E+00 5.029E-07 1.050E-07 1.003E-11 1.546E-16 2.144E-12 3.703E-20 3.154E-06 1.701E-24 6.816E-28 7.051E-49 4.351E-32 2.922E-03 3.166E-06 7.726E-08 2.988E-14 3.110E-17
   9.850E+06 2.582E-01 3.495E+12 7.846E-08 2.537E-04 5.598E-04 1.792E-06 1.045E-07 5.763E-06 3.104E-03 4.224E-05 5.162E-14 1.260E-11 2.285E+08 3.698E+01 6.025E+00 5.029E-07 1.050E-07 1.058E-11 1.265E-16 2.139E-12 3.335E-20 3.166E-06 1.564E-24 5.477E-28 4.168E-49 3.453E-32 2.998E-03 3.171E-06 6.970E-08 2.872E-14 3.012E-17
   9.950E+06 2.428E-01 3.242E+12 6.439E-08 2.257E-04 4.109E-04 1.792E-06 1.045E-07 5.763E-06 3.104E-03 4.224E-05 4.083E-14 1.208E-11 1.938E+08 3.649E+01 5.567E+00 5.029E-07 1.050E-07 1.125E-11 1.038E-16 2.135E-12 3.034E-20 3.171E-06 1.497E-24 4.501E-28 2.792E-49 2.952E-32 3.075E-03 0.000E+00 6.586E-08 2.776E-14 2.928E-17
