
     Z         PRESS      DEN     ProOH1    ProOH25    ProO3D    PO2D       PO2      PH2O      PO3D      PH2O2     FO3      FH2O      NumO2      NumOH      NumO1D     PN2O     PCH3CL      FOH      FHO2      FNO     FNO2      FH    FH2O2     FNO3    FN2O5    FHNO3      FO       FN      FH2     FCH4    FN2O
   5.000E+04 9.554E+05 2.452E+19 6.093E+05 2.511E+04 5.921E+06 0.000E+00 2.411E-13 1.106E-13 2.906E-05 3.282E-06 8.308E-09 9.263E-03 5.217E+16 4.409E+06 8.132E-03 3.374E-10 3.935E-12 1.798E-13 1.271E-11 6.030E-12 1.414E-11 6.558E-19 8.856E-10 8.434E-15 1.077E-16 9.473E-11 2.200E-15 6.007E-19 5.000E-07 8.080E-07 2.730E-07
   1.500E+05 8.455E+05 2.213E+19 4.786E+05 3.624E+04 6.823E+06 0.000E+00 4.443E-13 2.680E-13 3.217E-05 3.591E-06 9.583E-09 6.109E-03 4.718E+16 3.732E+06 1.068E-02 6.862E-10 9.844E-12 1.686E-13 1.177E-11 2.037E-12 4.448E-12 6.007E-19 8.683E-10 6.042E-15 3.691E-17 8.349E-11 3.011E-15 7.030E-19 4.985E-07 8.027E-07 2.709E-07
   2.500E+05 7.466E+05 1.987E+19 4.305E+05 4.985E+04 8.873E+06 0.000E+00 7.256E-13 6.058E-13 3.491E-05 3.869E-06 1.279E-08 4.141E-03 4.245E+16 3.923E+06 1.572E-02 1.245E-09 2.182E-11 1.974E-13 1.203E-11 1.280E-12 2.775E-12 7.030E-19 8.485E-10 5.969E-15 3.358E-17 7.703E-11 4.892E-15 8.174E-19 4.974E-07 7.982E-07 2.685E-07
   3.500E+05 6.578E+05 1.787E+19 3.585E+05 5.889E+04 1.226E+07 0.000E+00 1.114E-12 1.343E-12 3.702E-05 4.123E-06 1.854E-08 2.455E-03 3.824E+16 4.122E+06 2.445E-02 2.123E-09 4.480E-11 2.307E-13 1.229E-11 1.253E-12 2.717E-12 8.174E-19 8.048E-10 6.896E-15 6.418E-17 7.405E-11 8.498E-15 9.259E-19 4.965E-07 7.944E-07 2.659E-07
   4.500E+05 5.780E+05 1.606E+19 2.741E+05 6.266E+04 1.686E+07 0.000E+00 1.638E-12 2.887E-12 3.878E-05 4.360E-06 2.708E-08 1.352E-03 3.443E+16 4.226E+06 3.757E-02 3.441E-09 8.545E-11 2.632E-13 1.232E-11 1.454E-12 3.133E-12 9.259E-19 7.372E-10 8.524E-15 1.665E-16 7.272E-11 1.477E-14 9.774E-19 4.959E-07 7.913E-07 2.631E-07
   5.500E+05 5.063E+05 1.442E+19 1.825E+05 5.735E+04 2.234E+07 0.000E+00 2.318E-12 5.877E-12 4.026E-05 4.584E-06 3.849E-08 6.767E-04 3.098E+16 4.080E+06 5.528E-02 5.298E-09 1.507E-10 2.829E-13 1.177E-11 1.768E-12 3.692E-12 9.774E-19 6.435E-10 1.040E-14 4.792E-16 7.100E-11 2.476E-14 9.537E-19 4.955E-07 7.888E-07 2.601E-07
   6.500E+05 4.419E+05 1.294E+19 1.041E+05 4.490E+04 2.827E+07 0.000E+00 3.174E-12 1.137E-11 4.154E-05 4.802E-06 5.258E-08 3.052E-04 2.784E+16 3.689E+06 7.736E-02 7.746E-09 2.466E-10 2.851E-13 1.061E-11 2.106E-12 4.129E-12 9.537E-19 5.296E-10 1.212E-14 1.387E-15 6.770E-11 3.966E-14 8.717E-19 4.953E-07 7.869E-07 2.569E-07
   7.500E+05 3.843E+05 1.159E+19 5.040E+04 2.993E+04 3.414E+07 3.946-141 4.224E-12 2.104E-11 4.273E-05 5.016E-06 6.894E-08 1.228E-04 2.497E+16 3.174E+06 1.032E-01 1.081E-08 3.787E-10 2.739E-13 9.072E-12 2.656E-12 4.729E-12 8.717E-19 4.102E-10 1.395E-14 4.558E-15 6.377E-11 6.083E-14 7.656E-19 4.952E-07 7.853E-07 2.535E-07
   8.500E+05 3.327E+05 1.035E+19 2.032E+04 1.656E+04 3.953E+07 1.716E-65 5.488E-12 3.726E-11 4.394E-05 5.230E-06 8.693E-08 4.295E-05 2.232E+16 2.674E+06 1.320E-01 1.448E-08 5.495E-10 2.584E-13 7.422E-12 3.839E-12 5.992E-12 7.656E-19 3.011E-10 1.643E-14 1.730E-14 6.083E-11 8.985E-14 6.691E-19 4.952E-07 7.840E-07 2.500E-07
   9.500E+05 2.868E+05 9.200E+18 6.645E+03 7.129E+03 4.450E+07 3.170E-41 6.992E-12 6.175E-11 4.530E-05 5.447E-06 1.068E-07 1.255E-05 1.985E+16 2.265E+06 1.648E-01 1.876E-08 7.589E-10 2.462E-13 5.848E-12 6.018E-12 8.068E-12 6.691E-19 2.111E-10 1.963E-14 5.367E-14 5.943E-11 1.306E-13 5.775E-19 4.951E-07 7.827E-07 2.462E-07
   1.050E+06 2.461E+05 8.122E+18 1.401E+03 1.767E+03 5.144E+07 6.421E-34 8.784E-12 9.451E-11 4.696E-05 5.672E-06 1.349E-07 2.301E-06 1.753E+16 1.884E+06 2.127E-01 2.369E-08 1.007E-09 2.320E-13 4.308E-12 9.554E-12 1.134E-11 5.775E-19 1.335E-10 2.449E-14 1.227E-13 6.010E-11 1.995E-13 6.867E-19 4.950E-07 7.809E-07 2.409E-07
   1.150E+06 2.104E+05 7.108E+18 1.767E+03 2.245E+03 6.558E+07 8.195E-31 1.098E-11 1.380E-10 4.935E-05 5.913E-06 1.870E-07 2.288E-06 1.534E+16 1.954E+06 3.062E-01 2.943E-08 1.303E-09 2.749E-13 3.940E-12 1.336E-11 1.608E-11 6.867E-19 8.278E-11 3.584E-14 2.239E-13 6.884E-11 3.453E-13 8.942E-19 4.947E-07 7.773E-07 2.307E-07
   1.250E+06 1.792E+05 6.170E+18 2.434E+03 2.791E+03 9.204E+07 4.070E-28 1.384E-11 2.006E-10 5.312E-05 6.193E-06 2.808E-07 2.255E-06 1.331E+16 2.156E+06 4.904E-01 3.642E-08 1.678E-09 3.494E-13 4.126E-12 1.737E-11 2.373E-11 8.942E-19 6.389E-11 6.321E-14 4.769E-13 8.963E-11 6.697E-13 1.285E-18 4.941E-07 7.695E-07 2.113E-07
   1.350E+06 1.523E+05 5.326E+18 3.387E+03 3.449E+03 1.328E+08 8.694E-26 1.786E-11 2.967E-10 5.930E-05 6.550E-06 4.204E-07 2.183E-06 1.149E+16 2.527E+06 8.125E-01 4.548E-08 2.179E-09 4.745E-13 4.770E-12 2.282E-11 3.600E-11 1.285E-18 6.526E-11 1.181E-13 1.074E-12 1.258E-10 1.330E-12 2.022E-18 4.926E-07 7.543E-07 1.797E-07
   1.450E+06 1.290E+05 4.581E+18 4.395E+03 4.248E+03 1.838E+08 8.571E-24 2.383E-11 4.517E-10 6.943E-05 7.040E-06 5.778E-07 2.052E-06 9.883E+15 3.031E+06 1.297E+00 5.775E-08 2.880E-09 6.616E-13 5.633E-12 3.115E-11 5.276E-11 2.022E-18 7.139E-11 2.012E-13 2.071E-12 1.708E-10 2.489E-12 3.479E-18 4.902E-07 7.299E-07 1.395E-07
   1.550E+06 1.091E+05 3.926E+18 5.183E+03 5.131E+03 2.404E+08 4.094E-22 3.285E-11 7.043E-10 8.602E-05 7.735E-06 7.120E-07 1.856E-06 8.467E+15 3.690E+06 1.966E+00 7.438E-08 3.863E-09 9.400E-13 6.656E-12 4.223E-11 7.038E-11 3.479E-18 7.646E-11 3.004E-13 3.072E-12 2.096E-10 4.317E-12 6.347E-18 4.867E-07 6.968E-07 9.911E-08
   1.650E+06 9.207E+04 3.348E+18 5.550E+03 5.893E+03 3.002E+08 9.937E-21 4.626E-11 1.104E-09 1.125E-04 8.713E-06 7.968E-07 1.595E-06 7.221E+15 4.517E+06 2.862E+00 9.600E-08 5.190E-09 1.349E-12 7.792E-12 5.459E-11 8.455E-11 6.347E-18 7.811E-11 4.028E-13 3.544E-12 2.301E-10 7.116E-12 1.251E-17 4.823E-07 6.559E-07 6.446E-08
   1.750E+06 7.758E+04 2.844E+18 6.121E+03 7.150E+03 3.576E+08 1.359E-19 6.544E-11 1.699E-09 1.542E-04 1.006E-05 8.153E-07 1.480E-06 6.132E+15 5.796E+06 3.996E+00 1.223E-07 6.871E-09 2.038E-12 9.395E-12 6.424E-11 8.995E-11 1.251E-17 8.060E-11 4.911E-13 3.186E-12 2.333E-10 1.128E-11 2.533E-17 4.773E-07 6.096E-07 3.893E-08
   1.850E+06 6.529E+04 2.409E+18 6.667E+03 8.678E+03 4.049E+08 1.183E-18 9.145E-11 2.527E-09 2.193E-04 1.186E-05 7.665E-07 1.425E-06 5.195E+15 7.543E+06 5.321E+00 1.517E-07 8.842E-09 3.131E-12 1.111E-11 6.994E-11 8.719E-11 2.533E-17 7.840E-11 5.417E-13 2.322E-12 2.214E-10 1.727E-11 5.307E-17 4.723E-07 5.601E-07 2.213E-08
   1.950E+06 5.489E+04 2.035E+18 7.352E+03 1.067E+04 4.366E+08 7.207E-18 1.243E-10 3.594E-09 3.263E-04 1.419E-05 6.575E-07 1.459E-06 4.389E+15 9.957E+06 6.773E+00 1.819E-07 1.098E-08 4.892E-12 1.286E-11 7.115E-11 7.819E-11 5.307E-17 7.181E-11 5.304E-13 1.383E-12 2.004E-10 2.581E-11 1.133E-16 4.678E-07 5.101E-07 1.210E-08
   2.050E+06 4.613E+04 1.714E+18 7.819E+03 1.273E+04 4.459E+08 3.337E-17 1.621E-10 4.884E-09 5.058E-04 1.710E-05 5.143E-07 1.520E-06 3.696E+15 1.295E+07 8.205E+00 2.102E-07 1.313E-08 7.555E-12 1.436E-11 6.950E-11 6.603E-11 1.133E-16 6.129E-11 4.551E-13 6.832E-13 1.720E-10 3.798E-11 2.387E-16 4.646E-07 4.620E-07 6.538E-09
   2.150E+06 3.876E+04 1.439E+18 7.576E+03 1.444E+04 4.182E+08 1.247E-16 2.012E-10 6.389E-09 7.676E-04 2.042E-05 3.786E-07 1.571E-06 3.103E+15 1.598E+07 9.170E+00 2.350E-07 1.520E-08 1.110E-11 1.562E-11 6.644E-11 5.315E-11 2.387E-16 5.108E-11 3.417E-13 2.860E-13 1.369E-10 5.436E-11 4.843E-16 4.631E-07 4.172E-07 3.543E-09
   2.250E+06 3.258E+04 1.206E+18 6.716E+03 1.580E+04 3.617E+08 3.950E-16 2.390E-10 8.145E-09 1.071E-03 2.372E-05 2.800E-07 1.608E-06 2.602E+15 1.850E+07 9.476E+00 2.560E-07 1.716E-08 1.534E-11 1.701E-11 6.226E-11 4.096E-11 4.843E-16 4.446E-11 2.291E-13 1.050E-13 1.007E-10 7.538E-11 9.508E-16 4.638E-07 3.764E-07 1.947E-09
   2.350E+06 2.740E+04 1.012E+18 5.649E+03 1.694E+04 2.996E+08 1.096E-15 2.754E-10 1.025E-08 1.367E-03 2.669E-05 2.166E-07 1.633E-06 2.182E+15 2.047E+07 9.370E+00 2.739E-07 1.905E-08 2.023E-11 1.876E-11 5.688E-11 3.025E-11 9.508E-16 4.106E-11 1.424E-13 3.519E-14 6.926E-11 1.026E-10 1.824E-15 4.670E-07 3.400E-07 1.093E-09
   2.450E+06 2.306E+04 8.500E+17 4.617E+03 1.796E+04 2.431E+08 2.713E-15 3.113E-10 1.285E-08 1.631E-03 2.924E-05 1.754E-07 1.644E-06 1.833E+15 2.203E+07 9.061E+00 2.895E-07 2.090E-08 2.592E-11 2.095E-11 5.061E-11 2.154E-11 1.824E-15 3.986E-11 8.485E-14 1.115E-14 4.543E-11 1.378E-10 3.435E-15 4.729E-07 3.078E-07 6.285E-10
   2.550E+06 1.940E+04 7.154E+17 3.701E+03 1.897E+04 1.951E+08 6.053E-15 3.484E-10 1.615E-08 1.854E-03 3.138E-05 1.471E-07 1.642E-06 1.543E+15 2.336E+07 8.639E+00 3.032E-07 2.275E-08 3.266E-11 2.366E-11 4.409E-11 1.494E-11 3.435E-15 4.032E-11 4.963E-14 3.440E-15 2.891E-11 1.828E-10 6.361E-15 4.816E-07 2.794E-07 3.705E-10
   2.650E+06 1.633E+04 6.034E+17 2.919E+03 2.001E+04 1.553E+08 1.229E-14 3.878E-10 2.038E-08 2.037E-03 3.314E-05 1.264E-07 1.628E-06 1.301E+15 2.454E+07 8.144E+00 3.155E-07 2.465E-08 4.068E-11 2.699E-11 3.788E-11 1.021E-11 6.361E-15 4.223E-11 2.903E-14 1.061E-15 1.812E-11 2.391E-10 1.158E-14 4.932E-07 2.543E-07 2.234E-10
   2.750E+06 1.373E+04 5.098E+17 2.269E+03 2.104E+04 1.228E+08 2.298E-14 4.305E-10 2.577E-08 2.182E-03 3.458E-05 1.104E-07 1.602E-06 1.099E+15 2.560E+07 7.600E+00 3.267E-07 2.663E-08 5.023E-11 3.103E-11 3.243E-11 6.963E-12 1.158E-14 4.554E-11 1.722E-14 3.353E-16 1.134E-11 3.086E-10 2.070E-14 5.077E-07 2.321E-07 1.379E-10
   2.850E+06 1.153E+04 4.313E+17 1.738E+03 2.196E+04 9.649E+07 4.010E-14 4.776E-10 3.255E-08 2.293E-03 3.576E-05 9.757E-08 1.565E-06 9.301E+14 2.652E+07 7.030E+00 3.370E-07 2.871E-08 6.148E-11 3.584E-11 2.790E-11 4.787E-12 2.070E-14 5.025E-11 1.045E-14 1.102E-16 7.143E-12 3.929E-10 3.621E-14 5.251E-07 2.123E-07 8.721E-11
   2.950E+06 9.677E+03 3.655E+17 1.314E+03 2.263E+04 7.544E+07 6.644E-14 5.295E-10 4.083E-08 2.373E-03 3.672E-05 8.699E-08 1.516E-06 7.882E+14 2.722E+07 6.449E+00 3.466E-07 3.091E-08 7.447E-11 4.140E-11 2.418E-11 3.333E-12 3.621E-14 5.639E-11 6.513E-15 3.806E-17 4.551E-12 4.936E-10 6.217E-14 5.458E-07 1.942E-07 5.615E-11
   3.050E+06 8.102E+03 3.098E+17 9.798E+02 2.290E+04 5.867E+07 1.077E-13 5.869E-10 5.069E-08 2.426E-03 3.750E-05 7.804E-08 1.458E-06 6.681E+14 2.764E+07 5.874E+00 3.556E-07 3.321E-08 8.919E-11 4.768E-11 2.122E-11 2.355E-12 6.217E-14 6.382E-11 4.146E-15 1.370E-17 2.927E-12 6.144E-10 1.050E-13 5.696E-07 1.774E-07 3.683E-11
   3.150E+06 6.768E+03 2.625E+17 7.197E+02 2.264E+04 4.535E+07 1.795E-13 6.503E-10 6.205E-08 2.458E-03 3.813E-05 7.029E-08 1.390E-06 5.661E+14 2.770E+07 5.315E+00 3.640E-07 3.562E-08 1.055E-10 5.458E-11 1.893E-11 1.691E-12 1.050E-13 7.241E-11 2.686E-15 5.125E-18 1.898E-12 7.598E-10 1.748E-13 5.964E-07 1.616E-07 2.467E-11
   3.250E+06 5.639E+03 2.221E+17 5.192E+02 2.182E+04 3.478E+07 3.390E-13 7.206E-10 7.487E-08 2.470E-03 3.865E-05 6.339E-08 1.312E-06 4.789E+14 2.738E+07 4.774E+00 3.719E-07 3.810E-08 1.233E-10 6.205E-11 1.715E-11 1.231E-12 1.748E-13 8.193E-11 1.757E-15 1.964E-18 1.234E-12 9.361E-10 2.893E-13 6.265E-07 1.461E-07 1.681E-11
   3.350E+06 4.686E+03 1.874E+17 3.660E+02 2.055E+04 2.636E+07 8.065E-13 7.996E-10 8.952E-08 2.470E-03 3.906E-05 5.695E-08 1.225E-06 4.040E+14 2.670E+07 4.251E+00 3.793E-07 4.063E-08 1.425E-10 7.018E-11 1.578E-11 9.095E-13 2.893E-13 9.227E-11 1.152E-15 7.627E-19 8.026E-13 1.152E-09 4.827E-13 6.600E-07 1.306E-07 1.164E-11
   3.450E+06 3.884E+03 1.572E+17 2.494E+02 1.910E+04 1.956E+07 2.275E-12 8.907E-10 1.077E-07 2.467E-03 3.940E-05 5.045E-08 1.128E-06 3.389E+14 2.584E+07 3.733E+00 3.862E-07 4.317E-08 1.644E-10 7.972E-11 1.476E-11 6.835E-13 4.827E-13 1.038E-10 7.518E-16 2.962E-19 5.223E-13 1.419E-09 8.136E-13 6.969E-07 1.148E-07 8.178E-12
   3.550E+06 3.213E+03 1.313E+17 1.627E+02 1.796E+04 1.413E+07 6.311E-12 9.975E-10 1.339E-07 2.462E-03 3.966E-05 4.372E-08 1.021E-06 2.830E+14 2.511E+07 3.210E+00 3.927E-07 4.571E-08 1.913E-10 9.193E-11 1.400E-11 5.331E-13 8.136E-13 1.190E-10 5.031E-16 1.209E-19 3.504E-13 1.732E-09 1.402E-12 7.372E-07 9.853E-08 5.832E-12
   3.650E+06 2.654E+03 1.092E+17 1.046E+02 1.853E+04 9.625E+06 1.555E-11 1.125E-09 1.759E-07 2.458E-03 3.987E-05 3.586E-08 9.650E-07 2.354E+14 2.549E+07 2.618E+00 3.987E-07 4.824E-08 2.334E-10 1.121E-10 1.343E-11 4.566E-13 1.402E-12 1.479E-10 3.756E-16 5.961E-20 2.640E-13 2.026E-09 2.469E-12 7.802E-07 8.217E-08 4.222E-12
   3.750E+06 2.189E+03 9.050E+16 6.625E+01 2.101E+04 6.186E+06 3.354E-11 1.281E-09 2.441E-07 2.456E-03 4.002E-05 2.783E-08 9.509E-07 1.951E+14 2.704E+07 2.028E+00 4.043E-07 5.075E-08 2.987E-10 1.446E-10 1.299E-11 4.377E-13 2.469E-12 1.988E-10 3.208E-16 3.710E-20 2.272E-13 2.271E-09 4.435E-12 8.256E-07 6.614E-08 3.095E-12
   3.850E+06 1.806E+03 7.470E+16 4.096E+01 2.433E+04 3.885E+06 6.387E-11 1.472E-09 3.491E-07 2.461E-03 4.015E-05 2.113E-08 9.328E-07 1.610E+14 2.892E+07 1.548E+00 4.096E-07 5.326E-08 3.872E-10 1.899E-10 1.268E-11 4.471E-13 4.435E-12 2.719E-10 2.914E-16 2.584E-20 2.072E-13 2.532E-09 8.044E-12 8.729E-07 5.111E-08 2.290E-12
   3.950E+06 1.489E+03 6.153E+16 2.529E+01 2.783E+04 2.442E+06 1.088E-10 1.705E-09 4.971E-07 2.471E-03 4.024E-05 1.606E-08 9.098E-07 1.326E+14 3.073E+07 1.190E+00 4.145E-07 5.578E-08 4.995E-10 2.488E-10 1.246E-11 4.679E-13 8.044E-12 3.675E-10 2.682E-16 1.852E-20 1.906E-13 2.852E-09 1.451E-11 9.214E-07 3.789E-08 1.707E-12
   4.050E+06 1.229E+03 5.070E+16 1.585E+01 3.074E+04 1.560E+06 1.685E-10 1.979E-09 6.881E-07 2.478E-03 4.032E-05 1.241E-08 8.812E-07 1.093E+14 3.210E+07 9.352E-01 4.192E-07 5.829E-08 6.331E-10 3.197E-10 1.230E-11 4.871E-13 1.451E-11 4.828E-10 2.422E-16 1.296E-20 1.719E-13 3.262E-09 2.581E-11 9.709E-07 2.697E-08 1.278E-12
   4.150E+06 1.014E+03 4.181E+16 1.012E+01 3.240E+04 1.015E+06 2.411E-10 2.293E-09 9.156E-07 2.484E-03 4.038E-05 9.778E-09 8.464E-07 9.012E+13 3.280E+07 7.537E-01 4.235E-07 6.079E-08 7.845E-10 4.001E-10 1.219E-11 4.964E-13 2.581E-11 6.105E-10 2.096E-16 8.505E-21 1.490E-13 3.793E-09 4.507E-11 1.022E-06 1.848E-08 9.569E-13
   4.250E+06 8.369E+02 3.451E+16 6.569E+00 3.251E+04 6.724E+05 3.233E-10 2.644E-09 1.169E-06 2.486E-03 4.043E-05 7.839E-09 8.058E-07 7.438E+13 3.275E+07 6.228E-01 4.276E-07 6.327E-08 9.490E-10 4.865E-10 1.211E-11 4.918E-13 4.507E-11 7.414E-10 1.722E-16 5.162E-21 1.235E-13 4.472E-09 7.720E-11 1.074E-06 1.228E-08 7.156E-13
   4.350E+06 6.907E+02 2.850E+16 4.328E+00 3.110E+04 4.514E+05 4.113E-10 3.030E-09 1.436E-06 2.486E-03 4.047E-05 6.372E-09 7.602E-07 6.142E+13 3.199E+07 5.266E-01 4.315E-07 6.571E-08 1.123E-09 5.758E-10 1.204E-11 4.727E-13 7.720E-11 8.645E-10 1.339E-16 2.875E-21 9.774E-14 5.334E-09 1.299E-10 1.127E-06 8.010E-09 5.347E-13
   4.450E+06 5.701E+02 2.354E+16 2.886E+00 2.846E+04 3.065E+05 5.016E-10 3.452E-09 1.703E-06 2.485E-03 4.051E-05 5.240E-09 7.100E-07 5.073E+13 3.060E+07 4.551E-01 4.351E-07 6.811E-08 1.300E-09 6.642E-10 1.198E-11 4.403E-13 1.299E-10 9.697E-10 9.849E-17 1.464E-21 7.374E-14 6.431E-09 2.155E-10 1.182E-06 5.154E-09 3.975E-13
   4.550E+06 4.704E+02 1.945E+16 1.943E+00 2.500E+04 2.104E+05 5.911E-10 3.913E-09 1.961E-06 2.483E-03 4.054E-05 4.358E-09 6.554E-07 4.191E+13 2.870E+07 4.015E-01 4.384E-07 7.044E-08 1.476E-09 7.483E-10 1.191E-11 3.972E-13 2.155E-10 1.048E-09 6.855E-17 6.817E-22 5.301E-14 7.840E-09 3.532E-10 1.239E-06 3.284E-09 2.926E-13
   4.650E+06 3.881E+02 1.607E+16 1.318E+00 2.115E+04 1.461E+05 6.778E-10 4.419E-09 2.203E-06 2.479E-03 4.057E-05 3.668E-09 5.977E-07 3.463E+13 2.643E+07 3.614E-01 4.416E-07 7.270E-08 1.645E-09 8.245E-10 1.182E-11 3.468E-13 3.532E-10 1.094E-09 4.543E-17 2.919E-22 3.638E-14 9.665E-09 5.743E-10 1.298E-06 2.092E-09 2.131E-13
   4.750E+06 3.202E+02 1.328E+16 8.994E-01 1.728E+04 1.027E+05 7.622E-10 4.981E-09 2.423E-06 2.474E-03 4.059E-05 3.128E-09 5.374E-07 2.861E+13 2.388E+07 3.316E-01 4.445E-07 7.489E-08 1.799E-09 8.894E-10 1.170E-11 2.925E-13 5.743E-10 1.102E-09 2.867E-17 1.146E-22 2.376E-14 1.208E-08 9.295E-10 1.359E-06 1.338E-09 1.531E-13
   4.850E+06 2.640E+02 1.097E+16 6.170E-01 1.365E+04 7.356E+04 8.540E-10 5.613E-09 2.619E-06 2.468E-03 4.062E-05 2.717E-09 4.752E-07 2.365E+13 2.118E+07 3.110E-01 4.472E-07 7.700E-08 1.930E-09 9.382E-10 1.156E-11 2.373E-13 9.295E-10 1.069E-09 1.732E-17 4.136E-23 1.471E-14 1.538E-08 1.510E-09 1.421E-06 8.605E-10 1.078E-13
   4.950E+06 2.176E+02 9.065E+15 4.284E-01 1.043E+04 5.391E+04 9.915E-10 6.333E-09 2.791E-06 2.461E-03 4.064E-05 2.416E-09 4.123E-07 1.953E+13 1.839E+07 3.010E-01 4.498E-07 7.903E-08 2.028E-09 9.660E-10 1.139E-11 1.836E-13 1.510E-09 9.916E-10 1.000E-17 1.359E-23 8.543E-15 2.010E-08 2.480E-09 1.484E-06 5.586E-10 7.401E-14
   5.050E+06 1.793E+02 7.488E+15 3.076E-01 7.715E+03 4.099E+04 1.273E-09 7.157E-09 2.942E-06 2.453E-03 4.065E-05 2.231E-09 3.502E-07 1.614E+13 1.559E+07 3.078E-01 4.522E-07 8.098E-08 2.082E-09 9.659E-10 1.118E-11 1.336E-13 2.480E-09 8.715E-10 5.563E-18 4.049E-24 4.592E-15 2.737E-08 4.171E-09 1.545E-06 3.668E-10 4.919E-14
   5.150E+06 1.477E+02 6.183E+15 2.363E-01 5.529E+03 3.286E+04 1.888E-09 8.098E-09 3.074E-06 2.446E-03 4.067E-05 2.173E-09 2.909E-07 1.332E+13 1.284E+07 3.444E-01 4.544E-07 8.284E-08 2.077E-09 9.311E-10 1.094E-11 8.961E-14 4.171E-09 7.150E-10 3.001E-18 1.081E-24 2.237E-15 3.957E-08 7.267E-09 1.604E-06 2.445E-10 3.140E-14
   5.250E+06 1.216E+02 5.097E+15 1.980E-01 3.851E+03 2.814E+04 3.114E-09 9.170E-09 3.193E-06 2.441E-03 4.068E-05 2.261E-09 2.366E-07 1.098E+13 1.015E+07 4.302E-01 4.565E-07 8.464E-08 1.991E-09 8.561E-10 1.066E-11 5.378E-14 7.267E-09 5.378E-10 1.577E-18 2.536E-25 9.604E-16 6.209E-08 1.309E-08 1.657E-06 1.662E-10 1.909E-14
   5.350E+06 1.001E+02 4.201E+15 1.778E-01 2.622E+03 2.583E+04 5.265E-09 1.037E-08 3.303E-06 2.437E-03 4.070E-05 2.522E-09 1.890E-07 9.054E+12 7.643E+06 5.863E-01 4.585E-07 8.635E-08 1.819E-09 7.481E-10 1.035E-11 2.860E-14 1.309E-08 3.691E-10 8.175E-19 5.263E-26 3.616E-16 1.061E-07 2.568E-08 1.702E-06 1.154E-10 1.088E-14
   5.450E+06 8.236E+01 3.458E+15 1.639E-01 1.746E+03 2.562E+04 8.625E-09 1.171E-08 3.408E-06 2.438E-03 4.071E-05 3.039E-09 1.482E-07 7.452E+12 5.582E+06 8.378E-01 4.604E-07 8.799E-08 1.614E-09 6.329E-10 9.992E-12 1.318E-14 2.568E-08 2.276E-10 4.096E-19 9.367E-27 1.184E-16 2.035E-07 5.829E-08 1.737E-06 8.170E-11 5.624E-15
   5.550E+06 6.781E+01 2.843E+15 1.673E-01 1.117E+03 4.386E+04 1.341E-08 1.319E-08 3.512E-06 2.443E-03 4.072E-05 6.317E-09 1.119E-07 6.126E+12 2.600E+06 1.379E+00 4.621E-07 8.956E-08 9.147E-10 3.406E-10 9.596E-12 2.715E-15 5.829E-08 9.333E-11 1.261E-19 9.170E-28 2.666E-17 7.351E-07 1.055E-07 1.758E-06 5.876E-11 2.530E-15
   5.650E+06 5.584E+01 2.338E+15 1.985E-01 6.953E+02 1.092E+05 1.984E-08 1.477E-08 3.618E-06 2.447E-03 4.073E-05 1.909E-08 8.221E-08 5.034E+12 7.871E+05 2.707E+00 4.638E-07 9.105E-08 3.367E-10 1.014E-10 9.160E-12 4.044E-16 1.055E-07 2.981E-11 2.329E-20 7.550E-29 5.610E-18 3.834E-06 1.484E-07 1.765E-06 4.300E-11 1.088E-15
   5.750E+06 4.602E+01 1.918E+15 2.078E-01 4.319E+02 1.850E+05 2.819E-08 1.647E-08 3.727E-06 2.462E-03 4.074E-05 3.919E-08 6.044E-08 4.121E+12 3.339E+05 4.710E+00 4.652E-07 9.246E-08 1.742E-10 3.575E-11 8.706E-12 2.063E-16 1.484E-07 9.629E-12 1.074E-20 7.180E-30 1.267E-18 1.269E-05 1.840E-07 1.767E-06 3.208E-11 5.370E-16
   5.850E+06 3.796E+01 1.574E+15 1.889E-01 2.702E+02 2.407E+05 3.885E-08 1.826E-08 3.839E-06 2.477E-03 4.075E-05 6.174E-08 4.471E-08 3.370E+12 1.754E+05 7.061E+00 4.666E-07 9.378E-08 1.114E-10 1.513E-11 8.244E-12 1.538E-16 1.840E-07 3.234E-12 6.752E-21 9.052E-31 3.079E-19 3.058E-05 2.134E-07 1.766E-06 2.433E-11 3.449E-16
   5.950E+06 3.134E+01 1.292E+15 1.544E-01 1.704E+02 2.640E+05 5.224E-08 2.015E-08 3.955E-06 2.495E-03 4.076E-05 8.189E-08 3.335E-08 2.747E+12 1.003E+05 9.444E+00 4.678E-07 9.501E-08 7.760E-11 7.233E-12 7.783E-12 1.195E-16 2.134E-07 1.130E-12 4.326E-21 1.697E-31 8.026E-20 6.069E-05 2.381E-07 1.764E-06 1.872E-11 2.840E-16
   6.050E+06 2.592E+01 1.061E+15 1.169E-01 1.087E+02 2.555E+05 6.877E-08 2.214E-08 4.074E-06 2.517E-03 4.077E-05 9.569E-08 2.515E-08 2.231E+12 5.923E+04 1.158E+01 4.689E-07 9.612E-08 5.583E-11 3.790E-12 7.332E-12 9.273E-17 2.381E-07 4.123E-13 2.746E-21 4.391E-32 2.252E-20 1.052E-04 2.597E-07 1.762E-06 1.462E-11 2.680E-16
   6.150E+06 2.146E+01 8.720E+14 8.439E-02 7.021E+01 2.260E+05 8.878E-08 2.421E-08 4.197E-06 2.538E-03 4.077E-05 1.021E-07 1.918E-08 1.807E+12 3.546E+04 1.337E+01 4.699E-07 9.711E-08 4.067E-11 2.133E-12 6.896E-12 7.185E-17 2.597E-07 1.568E-13 1.737E-21 1.333E-32 6.782E-21 1.656E-04 2.792E-07 1.760E-06 1.159E-11 2.656E-16
   6.250E+06 1.780E+01 7.172E+14 5.910E-02 4.589E+01 1.854E+05 1.127E-07 2.633E-08 4.322E-06 2.562E-03 4.078E-05 1.009E-07 1.481E-08 1.459E+12 2.126E+04 1.480E+01 4.707E-07 9.799E-08 2.964E-11 1.268E-12 6.482E-12 5.553E-17 2.792E-07 6.198E-14 1.093E-21 4.279E-33 2.180E-21 2.422E-04 2.976E-07 1.757E-06 9.321E-12 2.664E-16
   6.350E+06 1.478E+01 5.907E+14 4.099E-02 3.040E+01 1.436E+05 1.414E-07 2.847E-08 4.446E-06 2.585E-03 4.078E-05 9.405E-08 1.157E-08 1.175E+12 1.274E+04 1.599E+01 4.714E-07 9.875E-08 2.157E-11 7.893E-13 6.095E-12 4.296E-17 2.976E-07 2.552E-14 6.892E-22 1.410E-33 7.458E-22 3.345E-04 3.155E-07 1.754E-06 7.601E-12 2.680E-16
   6.450E+06 1.230E+01 4.874E+14 2.856E-02 2.039E+01 1.062E+05 1.760E-07 3.066E-08 4.570E-06 2.608E-03 4.079E-05 8.358E-08 9.153E-09 9.428E+11 7.632E+03 1.712E+01 4.720E-07 9.940E-08 1.566E-11 5.096E-13 5.737E-12 3.329E-17 3.155E-07 1.091E-14 4.356E-22 4.716E-34 2.692E-22 4.417E-04 3.337E-07 1.750E-06 6.277E-12 2.702E-16
   6.550E+06 1.025E+01 4.026E+14 2.019E-02 1.380E+01 7.557E+04 2.184E-07 3.305E-08 4.692E-06 2.631E-03 4.079E-05 7.135E-08 7.308E-09 7.545E+11 4.561E+03 1.841E+01 4.725E-07 9.995E-08 1.133E-11 3.388E-13 5.410E-12 2.586E-17 3.337E-07 4.810E-15 2.762E-22 1.592E-34 1.015E-22 5.632E-04 3.526E-07 1.747E-06 5.239E-12 2.737E-16
   6.650E+06 8.553E+00 3.332E+14 1.464E-02 9.442E+00 5.207E+04 2.716E-07 3.598E-08 4.809E-06 2.652E-03 4.079E-05 5.892E-08 5.892E-09 6.022E+11 2.723E+03 2.007E+01 4.729E-07 1.004E-07 8.172E-12 2.312E-13 5.117E-12 2.018E-17 3.526E-07 2.188E-15 1.763E-22 5.443E-35 3.979E-23 6.969E-04 3.725E-07 1.743E-06 4.419E-12 2.786E-16
   6.750E+06 7.151E+00 2.760E+14 1.093E-02 6.521E+00 3.478E+04 3.388E-07 3.985E-08 4.923E-06 2.674E-03 4.080E-05 4.710E-08 4.799E-09 4.792E+11 1.622E+03 2.227E+01 4.732E-07 1.008E-07 5.877E-12 1.614E-13 4.862E-12 1.583E-17 3.725E-07 1.027E-15 1.130E-22 1.886E-35 1.619E-23 8.401E-04 3.937E-07 1.738E-06 3.765E-12 2.849E-16
   6.850E+06 5.989E+00 2.290E+14 8.393E-03 4.549E+00 2.261E+04 4.226E-07 4.500E-08 5.031E-06 2.697E-03 4.080E-05 3.662E-08 3.949E-09 3.805E+11 9.658E+02 2.514E+01 4.735E-07 1.011E-07 4.218E-12 1.151E-13 4.648E-12 1.250E-17 3.937E-07 4.969E-16 7.301E-23 6.635E-36 6.820E-24 9.898E-04 4.164E-07 1.733E-06 3.242E-12 2.919E-16
   6.950E+06 5.024E+00 1.903E+14 6.584E-03 3.208E+00 1.440E+04 5.237E-07 5.151E-08 5.132E-06 2.718E-03 4.080E-05 2.784E-08 3.286E-09 3.018E+11 5.759E+02 2.861E+01 4.737E-07 1.013E-07 3.027E-12 8.379E-14 4.473E-12 9.954E-18 4.164E-07 2.481E-16 4.765E-23 2.377E-36 2.973E-24 1.142E-03 4.411E-07 1.727E-06 2.820E-12 2.984E-16
   7.050E+06 4.224E+00 1.576E+14 5.198E-03 2.277E+00 8.773E+03 6.399E-07 5.927E-08 5.225E-06 2.750E-03 4.080E-05 2.024E-08 2.765E-09 2.382E+11 3.397E+02 3.257E+01 4.739E-07 1.015E-07 2.155E-12 6.186E-14 4.338E-12 7.938E-18 4.411E-07 1.276E-16 3.077E-23 8.519E-37 1.341E-24 1.295E-03 4.679E-07 1.721E-06 2.478E-12 3.036E-16
   7.150E+06 3.561E+00 1.307E+14 4.116E-03 1.635E+00 5.235E+03 7.660E-07 6.780E-08 5.310E-06 2.779E-03 4.080E-05 1.441E-08 2.355E-09 1.880E+11 2.009E+02 3.671E+01 4.740E-07 1.017E-07 1.537E-12 4.649E-14 4.239E-12 6.379E-18 4.679E-07 6.775E-17 2.001E-23 3.090E-37 6.281E-25 1.444E-03 4.981E-07 1.713E-06 2.200E-12 3.067E-16
   7.250E+06 3.011E+00 1.088E+14 3.233E-03 1.183E+00 3.080E+03 8.957E-07 7.661E-08 5.385E-06 2.787E-03 4.080E-05 1.016E-08 2.020E-09 1.485E+11 1.198E+02 4.062E+01 4.741E-07 1.018E-07 1.102E-12 3.548E-14 4.167E-12 5.172E-18 4.981E-07 3.664E-17 1.317E-23 1.127E-37 3.012E-25 1.593E-03 5.337E-07 1.705E-06 1.965E-12 3.073E-16
   7.350E+06 2.555E+00 8.974E+13 2.469E-03 8.477E-01 1.688E+03 1.023E-06 8.525E-08 5.451E-06 2.795E-03 4.080E-05 6.729E-09 1.733E-09 1.159E+11 6.982E+01 4.421E+01 4.742E-07 1.019E-07 7.780E-13 2.710E-14 4.117E-12 4.150E-18 5.337E-07 1.965E-17 8.357E-24 3.940E-38 1.447E-25 1.745E-03 5.759E-07 1.695E-06 1.757E-12 3.051E-16
   7.450E+06 2.178E+00 7.434E+13 1.848E-03 6.085E-01 9.199E+02 1.142E-06 9.329E-08 5.507E-06 2.801E-03 4.080E-05 4.418E-09 1.487E-09 9.050E+10 4.113E+01 4.700E+01 4.743E-07 1.020E-07 5.532E-13 2.095E-14 4.083E-12 3.352E-18 5.759E-07 1.039E-17 5.352E-24 1.343E-38 6.936E-26 1.901E-03 6.255E-07 1.682E-06 1.571E-12 3.000E-16
   7.550E+06 1.865E+00 6.191E+13 1.361E-03 4.385E-01 5.041E+02 1.249E-06 1.005E-07 5.554E-06 2.806E-03 4.080E-05 2.902E-09 1.275E-09 7.081E+10 2.467E+01 4.886E+01 4.744E-07 1.021E-07 3.986E-13 1.643E-14 4.060E-12 2.729E-18 6.255E-07 5.410E-18 3.476E-24 4.530E-39 3.325E-26 2.057E-03 6.838E-07 1.665E-06 1.406E-12 2.924E-16
   7.650E+06 1.606E+00 5.127E+13 9.809E-04 3.138E-01 2.611E+02 1.343E-06 1.069E-07 5.593E-06 2.814E-03 4.080E-05 1.810E-09 1.095E-09 5.493E+10 1.470E+01 5.010E+01 4.744E-07 1.021E-07 2.868E-13 1.291E-14 4.046E-12 2.195E-18 6.838E-07 2.751E-18 2.183E-24 1.488E-39 1.598E-26 2.214E-03 7.518E-07 1.645E-06 1.258E-12 2.825E-16
   7.750E+06 1.390E+00 4.266E+13 6.986E-04 2.254E-01 1.352E+02 1.422E-06 1.123E-07 5.624E-06 2.821E-03 4.080E-05 1.123E-09 9.395E-10 4.272E+10 9.071E+00 5.051E+01 4.744E-07 1.022E-07 2.126E-13 1.026E-14 4.036E-12 1.774E-18 7.518E-07 1.360E-18 1.381E-24 4.815E-40 7.686E-27 2.369E-03 8.301E-07 1.621E-06 1.127E-12 2.708E-16
   7.850E+06 1.210E+00 3.576E+13 4.946E-04 1.630E-01 7.113E+01 1.489E-06 1.169E-07 5.650E-06 2.829E-03 4.080E-05 7.033E-10 8.071E-10 3.338E+10 5.986E+00 5.018E+01 4.745E-07 1.022E-07 1.674E-13 8.262E-15 4.029E-12 1.444E-18 8.301E-07 6.527E-19 8.881E-25 1.554E-40 3.708E-27 2.523E-03 9.196E-07 1.591E-06 1.010E-12 2.579E-16
   7.950E+06 1.059E+00 3.005E+13 3.478E-04 1.183E-01 3.713E+01 1.544E-06 1.208E-07 5.670E-06 2.837E-03 4.080E-05 4.356E-10 6.942E-10 2.612E+10 4.411E+00 4.935E+01 4.745E-07 1.022E-07 1.468E-13 6.699E-15 4.023E-12 1.174E-18 9.196E-07 3.029E-19 5.699E-25 5.008E-41 1.798E-27 2.675E-03 1.021E-06 1.555E-06 9.065E-13 2.442E-16
   8.050E+06 9.326E-01 2.529E+13 2.433E-04 8.598E-02 1.909E+01 1.589E-06 1.240E-07 5.687E-06 2.846E-03 4.080E-05 2.653E-10 5.980E-10 2.043E+10 3.942E+00 4.816E+01 4.745E-07 1.023E-07 1.559E-13 5.450E-15 4.018E-12 9.524E-19 1.021E-06 1.351E-19 3.628E-25 1.608E-41 8.770E-28 2.826E-03 1.133E-06 1.512E-06 8.145E-13 2.303E-16
   8.150E+06 8.255E-01 2.144E+13 1.705E-04 6.305E-02 1.001E+01 1.626E-06 1.267E-07 5.700E-06 2.852E-03 4.080E-05 1.638E-10 5.160E-10 1.609E+10 4.286E+00 4.660E+01 4.745E-07 1.023E-07 1.999E-13 4.473E-15 4.012E-12 7.782E-19 1.133E-06 5.798E-20 2.350E-25 5.196E-42 4.311E-28 2.975E-03 1.256E-06 1.462E-06 7.329E-13 2.164E-16
   8.250E+06 7.344E-01 1.830E+13 1.199E-04 4.664E-02 5.361E+00 1.656E-06 1.290E-07 5.711E-06 2.853E-03 4.080E-05 1.027E-10 4.463E-10 1.275E+10 5.285E+00 4.481E+01 4.745E-07 1.023E-07 2.888E-13 3.698E-15 4.007E-12 6.403E-19 1.256E-06 2.399E-20 1.548E-25 1.704E-42 2.140E-28 3.122E-03 1.390E-06 1.404E-06 6.609E-13 2.028E-16
   8.350E+06 6.565E-01 1.570E+13 8.448E-05 3.476E-02 2.898E+00 1.677E-06 9.714E-08 5.719E-06 2.855E-03 4.080E-05 6.466E-11 3.872E-10 1.015E+10 6.995E+00 4.281E+01 4.745E-07 1.023E-07 4.456E-13 3.066E-15 4.001E-12 5.286E-19 1.390E-06 9.583E-21 1.027E-25 5.685E-43 1.077E-28 3.269E-03 1.531E-06 1.341E-06 5.973E-13 1.898E-16
   8.450E+06 5.895E-01 1.352E+13 5.986E-05 2.608E-02 1.577E+00 1.697E-06 9.839E-08 5.726E-06 2.857E-03 4.080E-05 4.083E-11 3.370E-10 8.108E+09 9.551E+00 4.083E+01 4.745E-07 1.023E-07 7.066E-13 2.543E-15 3.995E-12 4.373E-19 1.531E-06 3.699E-21 6.846E-26 1.932E-43 5.507E-29 3.415E-03 1.678E-06 1.270E-06 5.412E-13 1.775E-16
   8.550E+06 5.318E-01 1.171E+13 4.272E-05 1.976E-02 8.754E-01 1.713E-06 9.941E-08 5.731E-06 2.859E-03 4.080E-05 2.615E-11 2.944E-10 6.518E+09 1.280E+01 3.881E+01 4.745E-07 1.023E-07 1.093E-12 2.115E-15 3.989E-12 3.641E-19 1.678E-06 1.386E-21 4.632E-26 6.721E-44 2.875E-29 3.561E-03 1.829E-06 1.195E-06 4.918E-13 1.661E-16
   8.650E+06 4.816E-01 1.020E+13 3.072E-05 1.511E-02 4.956E-01 1.726E-06 1.002E-07 5.736E-06 2.860E-03 4.080E-05 1.698E-11 2.582E-10 5.270E+09 1.669E+01 3.680E+01 4.745E-07 1.023E-07 1.636E-12 1.761E-15 3.982E-12 3.049E-19 1.829E-06 5.076E-22 3.177E-26 2.404E-44 1.539E-29 3.707E-03 1.981E-06 1.116E-06 4.484E-13 1.555E-16
   8.750E+06 4.377E-01 8.935E+12 2.228E-05 1.167E-02 2.860E-01 1.736E-06 1.009E-07 5.740E-06 2.862E-03 4.080E-05 1.118E-11 2.275E-10 4.284E+09 2.114E+01 3.482E+01 4.745E-07 1.023E-07 2.366E-12 1.466E-15 3.975E-12 2.568E-19 1.981E-06 1.831E-22 2.207E-26 8.862E-45 8.490E-30 3.854E-03 2.130E-06 1.034E-06 4.102E-13 1.458E-16
   8.850E+06 3.993E-01 7.873E+12 1.632E-05 9.110E-03 1.695E-01 1.745E-06 1.015E-07 5.742E-06 2.864E-03 4.080E-05 7.515E-12 2.015E-10 3.507E+09 2.566E+01 3.290E+01 4.745E-07 1.023E-07 3.259E-12 1.223E-15 3.967E-12 2.180E-19 2.130E-06 6.614E-23 1.561E-26 3.384E-45 4.844E-30 4.002E-03 2.275E-06 9.524E-07 3.767E-13 1.369E-16
   8.950E+06 3.653E-01 6.971E+12 1.207E-05 7.185E-03 1.025E-01 1.752E-06 1.019E-07 5.745E-06 2.866E-03 4.080E-05 5.130E-12 1.794E-10 2.886E+09 3.018E+01 3.104E+01 4.745E-07 1.023E-07 4.329E-12 1.020E-15 3.959E-12 1.862E-19 2.275E-06 2.479E-23 1.119E-26 1.340E-45 2.867E-30 4.151E-03 2.413E-06 8.718E-07 3.473E-13 1.289E-16
   9.050E+06 3.351E-01 6.197E+12 9.011E-06 5.720E-03 6.294E-02 1.758E-06 1.023E-07 5.747E-06 2.867E-03 4.080E-05 3.543E-12 1.606E-10 2.386E+09 3.474E+01 2.927E+01 4.745E-07 1.023E-07 5.606E-12 8.489E-16 3.951E-12 1.597E-19 2.413E-06 1.048E-23 8.101E-27 5.498E-46 1.763E-30 4.302E-03 2.543E-06 7.938E-07 3.215E-13 1.217E-16
   9.150E+06 3.083E-01 5.529E+12 6.790E-06 4.598E-03 3.941E-02 1.763E-06 1.026E-07 5.749E-06 2.882E-03 4.080E-05 2.473E-12 1.447E-10 1.982E+09 3.924E+01 2.759E+01 4.745E-07 1.023E-07 7.096E-12 7.055E-16 3.943E-12 1.375E-19 2.543E-06 5.702E-24 5.917E-27 2.332E-46 1.125E-30 4.454E-03 2.661E-06 7.199E-07 2.989E-13 1.152E-16
   9.250E+06 2.844E-01 4.950E+12 5.165E-06 3.731E-03 2.510E-02 1.767E-06 1.029E-07 5.750E-06 2.910E-03 4.080E-05 1.743E-12 1.311E-10 1.652E+09 4.362E+01 2.599E+01 4.745E-07 1.023E-07 8.813E-12 5.852E-16 3.935E-12 1.189E-19 2.661E-06 4.259E-24 4.357E-27 1.020E-46 7.438E-31 4.609E-03 2.767E-06 6.513E-07 2.791E-13 1.094E-16
   9.350E+06 2.629E-01 4.446E+12 3.968E-06 3.058E-03 1.626E-02 1.771E-06 1.031E-07 5.751E-06 2.947E-03 4.080E-05 1.241E-12 1.196E-10 1.382E+09 4.787E+01 2.447E+01 4.745E-07 1.023E-07 1.077E-11 4.844E-16 3.926E-12 1.032E-19 2.767E-06 3.937E-24 3.235E-27 4.606E-47 5.074E-31 4.765E-03 2.858E-06 5.892E-07 2.617E-13 1.042E-16
   9.450E+06 2.435E-01 4.022E+12 3.091E-06 2.542E-03 1.095E-02 1.774E-06 1.033E-07 5.752E-06 2.985E-03 4.080E-05 9.119E-13 1.099E-10 1.165E+09 4.999E+01 2.301E+01 4.745E-07 1.023E-07 1.243E-11 4.029E-16 3.917E-12 9.067E-20 2.858E-06 3.903E-24 2.471E-27 2.164E-47 3.563E-31 4.924E-03 2.936E-06 5.345E-07 2.465E-13 9.952E-17
   9.550E+06 2.260E-01 3.649E+12 2.431E-06 2.135E-03 7.476E-03 1.776E-06 1.035E-07 5.753E-06 3.028E-03 4.080E-05 6.767E-13 1.017E-10 9.853E+08 5.196E+01 2.163E+01 4.745E-07 1.023E-07 1.424E-11 3.343E-16 3.909E-12 7.995E-20 2.936E-06 3.974E-24 1.901E-27 1.052E-47 2.571E-31 5.085E-03 2.999E-06 4.877E-07 2.333E-13 9.536E-17
   9.650E+06 2.101E-01 3.318E+12 1.930E-06 1.811E-03 5.103E-03 1.778E-06 1.036E-07 5.754E-06 3.045E-03 4.080E-05 5.051E-13 9.485E-11 8.348E+08 5.415E+01 2.031E+01 4.745E-07 1.023E-07 1.632E-11 2.766E-16 3.900E-12 7.068E-20 2.999E-06 4.113E-24 1.470E-27 5.277E-48 1.912E-31 5.249E-03 3.048E-06 4.490E-07 2.218E-13 9.163E-17
   9.750E+06 1.956E-01 3.023E+12 1.547E-06 1.551E-03 3.488E-03 1.780E-06 1.037E-07 5.754E-06 3.045E-03 4.080E-05 3.789E-13 8.918E-11 7.084E+08 5.683E+01 1.907E+01 4.745E-07 1.023E-07 1.880E-11 2.281E-16 3.891E-12 6.263E-20 3.048E-06 4.320E-24 1.142E-27 2.735E-48 1.474E-31 5.415E-03 3.080E-06 4.189E-07 2.118E-13 8.830E-17
   9.850E+06 1.824E-01 2.760E+12 1.252E-06 1.343E-03 2.402E-03 1.781E-06 1.038E-07 5.755E-06 3.045E-03 4.080E-05 2.858E-13 8.454E-11 6.020E+08 6.037E+01 1.788E+01 4.745E-07 1.023E-07 2.187E-11 1.874E-16 3.881E-12 5.562E-20 3.080E-06 4.587E-24 8.921E-28 1.498E-48 1.192E-31 5.585E-03 3.095E-06 3.977E-07 2.033E-13 8.532E-17
   9.950E+06 1.704E-01 2.525E+12 1.022E-06 1.175E-03 1.685E-03 1.783E-06 1.039E-07 5.755E-06 3.045E-03 4.080E-05 2.191E-13 8.084E-11 5.119E+08 6.522E+01 1.674E+01 4.745E-07 1.023E-07 2.583E-11 1.534E-16 3.872E-12 4.951E-20 3.095E-06 4.834E-24 7.003E-28 9.421E-49 1.029E-31 5.757E-03 0.000E+00 3.862E-07 1.959E-13 8.266E-17
