
     Z         PRESS      DEN     ProOH1    ProOH25    ProO3D    PO2D       PO2      PH2O      PO3D      PH2O2     FO3      FH2O      NumO2      NumOH      NumO1D     PN2O     PCH3CL      FOH      FHO2      FNO     FNO2      FH    FH2O2     FNO3    FN2O5    FHNO3      FO       FN      FH2     FCH4    FN2O
   5.000E+04 9.550E+05 2.401E+19 3.021E+05 4.712E-12 2.280E+06 0.000E+00 8.007E-29 1.432E-29 5.163E-06 2.122E-06 1.839E-08 1.371E-02 5.107E+18 2.726E+06 2.797E-03 6.948E-26 3.386E-28 1.135E-13 9.519E-12 7.782E-12 2.549E-11 5.039E-21 6.133E-10 1.869E-14 2.878E-16 1.533E-10 4.679E-17 4.283E-21 5.000E-07 8.080E-07 2.730E-07
   1.500E+05 8.471E+05 2.179E+19 2.120E+05 1.547E-10 2.436E+06 0.000E+00 2.823E-27 8.274E-28 5.490E-06 2.291E-06 2.037E-08 8.579E-03 4.635E+18 2.222E+06 3.438E-03 3.022E-24 2.451E-26 1.020E-13 8.650E-12 4.616E-12 1.305E-11 4.283E-21 6.022E-10 1.213E-14 1.534E-16 1.745E-10 6.008E-17 4.187E-21 4.994E-07 8.052E-07 2.729E-07
   2.500E+05 7.493E+05 1.973E+19 1.431E+05 4.285E-09 2.624E+06 0.000E+00 8.941E-26 4.174E-26 5.724E-06 2.442E-06 2.324E-08 5.204E-03 4.197E+18 2.067E+06 4.201E-03 1.154E-22 1.358E-24 1.048E-13 8.041E-12 4.809E-12 1.170E-11 4.187E-21 5.630E-10 1.120E-14 2.103E-16 2.071E-10 8.029E-17 4.248E-21 4.991E-07 8.030E-07 2.729E-07
   3.500E+05 6.610E+05 1.782E+19 8.752E+04 8.252E-08 2.800E+06 0.000E+00 2.186E-24 1.586E-24 5.830E-06 2.578E-06 2.695E-08 2.920E-03 3.791E+18 1.977E+06 5.041E-03 3.330E-21 5.183E-23 1.109E-13 7.349E-12 6.289E-12 1.317E-11 4.248E-21 4.874E-10 1.152E-14 4.357E-16 2.434E-10 1.092E-16 4.380E-21 4.989E-07 8.012E-07 2.728E-07
   4.500E+05 5.812E+05 1.606E+19 4.886E+04 1.144E-06 2.925E+06 0.000E+00 4.125E-23 4.621E-23 5.832E-06 2.702E-06 3.124E-08 1.542E-03 3.416E+18 1.910E+06 5.878E-03 7.269E-20 1.403E-21 1.189E-13 6.483E-12 8.632E-12 1.544E-11 4.380E-21 3.917E-10 1.188E-14 1.000E-15 2.779E-10 1.487E-16 4.491E-21 4.988E-07 7.998E-07 2.728E-07
   5.500E+05 5.095E+05 1.443E+19 2.514E+04 1.808E-05 2.975E+06 0.000E+00 6.080E-22 1.614E-21 5.753E-06 2.814E-06 3.583E-08 7.761E-04 3.071E+18 1.826E+06 6.644E-03 1.247E-18 3.146E-20 1.265E-13 5.469E-12 1.156E-11 1.740E-11 4.491E-21 2.941E-10 1.175E-14 2.221E-15 3.052E-10 2.007E-16 4.378E-21 4.987E-07 7.987E-07 2.727E-07
   6.500E+05 4.451E+05 1.294E+19 1.182E+04 2.500E-04 2.946E+06 0.000E+00 7.143E-21 5.249E-20 5.615E-06 2.917E-06 4.055E-08 3.681E-04 2.753E+18 1.643E+06 7.298E-03 1.781E-17 6.372E-19 1.270E-13 4.368E-12 1.427E-11 1.776E-11 4.378E-21 2.081E-10 1.079E-14 4.388E-15 3.218E-10 2.676E-16 4.051E-21 4.987E-07 7.979E-07 2.726E-07
   7.500E+05 3.875E+05 1.157E+19 5.004E+03 1.609E-03 2.842E+06 0.000E+00 6.676E-20 8.600E-19 5.414E-06 3.012E-06 4.539E-08 1.617E-04 2.461E+18 1.385E+06 7.811E-03 1.979E-16 8.766E-18 1.198E-13 3.292E-12 1.687E-11 1.709E-11 4.051E-21 1.404E-10 9.299E-15 8.245E-15 3.297E-10 3.535E-16 3.738E-21 4.987E-07 7.973E-07 2.725E-07
   8.500E+05 3.361E+05 1.031E+19 1.856E+03 5.128E-03 2.682E+06 0.000E+00 4.949E-19 7.807E-18 5.163E-06 3.100E-06 5.041E-08 6.373E-05 2.193E+18 1.151E+06 8.189E-03 1.619E-15 7.716E-17 1.116E-13 2.352E-12 2.089E-11 1.699E-11 3.738E-21 9.189E-11 7.837E-15 1.696E-14 3.338E-10 4.650E-16 3.511E-21 4.986E-07 7.968E-07 2.724E-07
   9.500E+05 2.904E+05 9.156E+18 5.659E+02 8.882E-03 2.502E+06 0.000E+00 2.957E-18 4.639E-17 4.880E-06 3.182E-06 5.599E-08 2.091E-05 1.948E+18 9.618E+05 8.501E-03 1.005E-14 4.760E-16 1.050E-13 1.635E-12 2.674E-11 1.742E-11 3.511E-21 5.948E-11 6.619E-15 3.567E-14 3.374E-10 6.139E-16 3.161E-21 4.986E-07 7.964E-07 2.723E-07
   1.050E+06 2.498E+05 8.106E+18 1.100E+02 7.039E-03 2.382E+06 0.000E+00 1.457E-17 2.026E-16 4.554E-06 3.259E-06 6.451E-08 4.287E-06 1.725E+18 7.655E+05 9.029E-03 4.978E-14 2.253E-15 9.443E-14 1.112E-12 3.272E-11 1.759E-11 3.161E-21 3.529E-11 5.537E-15 6.204E-14 3.442E-10 8.434E-16 2.576E-21 4.985E-07 7.958E-07 2.721E-07
   1.150E+06 2.140E+05 7.152E+18 1.147E+02 2.164E-02 2.493E+06 0.000E+00 6.046E-17 7.055E-16 4.201E-06 3.333E-06 8.297E-08 4.289E-06 1.522E+18 5.520E+05 1.057E-02 2.050E-13 8.752E-15 7.718E-14 6.475E-13 4.329E-11 2.108E-11 2.576E-21 1.620E-11 4.576E-15 6.555E-14 3.671E-10 1.299E-15 2.110E-21 4.983E-07 7.946E-07 2.716E-07
   1.250E+06 1.829E+05 6.116E+18 1.511E+02 5.511E-02 3.280E+06 0.000E+00 2.127E-16 2.098E-15 4.272E-06 3.402E-06 1.255E-07 4.294E-06 1.301E+18 3.552E+05 1.626E-02 7.154E-13 2.910E-14 5.808E-14 4.391E-13 5.257E-11 3.169E-11 2.110E-21 5.489E-12 4.413E-15 8.492E-14 4.228E-10 2.704E-15 1.967E-21 4.978E-07 7.922E-07 2.705E-07
   1.350E+06 1.563E+05 5.227E+18 2.263E+02 1.252E-01 4.901E+06 0.000E+00 6.381E-16 5.565E-15 4.355E-06 3.467E-06 2.153E-07 4.305E-06 1.112E+18 2.636E+05 2.843E-02 2.145E-12 8.457E-14 5.043E-14 3.893E-13 6.100E-11 5.248E-11 1.967E-21 1.799E-12 6.900E-15 1.898E-13 5.456E-10 6.392E-15 2.207E-21 4.966E-07 7.872E-07 2.682E-07
   1.450E+06 1.336E+05 4.468E+18 3.440E+02 2.606E-01 7.419E+06 0.000E+00 1.684E-15 1.349E-14 4.455E-06 3.530E-06 3.728E-07 4.324E-06 9.505E+17 2.390E+05 5.036E-02 5.673E-12 2.196E-13 5.350E-14 4.586E-13 6.825E-11 8.521E-11 2.207E-21 1.221E-12 1.430E-14 5.451E-13 7.653E-10 1.524E-14 2.720E-21 4.945E-07 7.788E-07 2.642E-07
   1.550E+06 1.142E+05 3.819E+18 4.954E+02 5.059E-01 1.062E+07 0.000E+00 4.017E-15 3.045E-14 4.590E-06 3.593E-06 6.059E-07 4.351E-06 8.124E+17 2.392E+05 8.432E-02 1.357E-11 5.200E-13 6.265E-14 6.002E-13 7.636E-11 1.304E-10 2.720E-21 1.551E-12 2.932E-14 1.454E-12 1.087E-09 3.413E-14 3.526E-21 4.913E-07 7.666E-07 2.582E-07
   1.650E+06 9.763E+04 3.264E+18 6.761E+02 9.291E-01 1.438E+07 0.000E+00 8.854E-15 6.490E-14 4.781E-06 3.657E-06 9.213E-07 4.386E-06 6.945E+17 2.507E+05 1.335E-01 2.996E-11 1.143E-12 7.682E-14 8.050E-13 8.656E-11 1.894E-10 3.526E-21 2.264E-12 5.491E-14 3.351E-12 1.507E-09 7.150E-14 4.776E-21 4.870E-07 7.508E-07 2.503E-07
   1.750E+06 8.346E+04 2.790E+18 8.812E+02 1.631E+00 1.856E+07 0.000E+00 1.835E-14 1.321E-13 5.055E-06 3.725E-06 1.316E-06 4.428E-06 5.936E+17 2.713E+05 2.017E-01 6.203E-11 2.362E-12 9.722E-14 1.085E-12 9.940E-11 2.623E-10 4.776E-21 3.372E-12 9.251E-14 6.591E-12 2.006E-09 1.408E-13 6.755E-21 4.816E-07 7.318E-07 2.405E-07
   1.850E+06 7.134E+04 2.385E+18 1.114E+03 2.760E+00 2.320E+07 0.000E+00 3.618E-14 2.585E-13 5.448E-06 3.797E-06 1.786E-06 4.476E-06 5.075E+17 3.012E+05 2.950E-01 1.219E-10 4.643E-12 1.263E-13 1.469E-12 1.156E-10 3.500E-10 6.755E-21 5.061E-12 1.424E-13 1.135E-11 2.560E-09 2.636E-13 9.986E-21 4.752E-07 7.102E-07 2.293E-07
   1.950E+06 6.099E+04 2.039E+18 1.379E+03 4.520E+00 2.840E+07 4.466-157 6.850E-14 4.895E-13 5.997E-06 3.878E-06 2.322E-06 4.528E-06 4.339E+17 3.424E+05 4.223E-01 2.292E-10 8.746E-12 1.679E-13 1.996E-12 1.363E-10 4.544E-10 9.986E-21 7.647E-12 2.035E-13 1.750E-11 3.138E-09 4.736E-13 1.543E-20 4.680E-07 6.867E-07 2.169E-07
   2.050E+06 5.215E+04 1.744E+18 1.683E+03 7.191E+00 3.424E+07 1.784-137 1.252E-13 8.999E-13 6.749E-06 3.968E-06 2.910E-06 4.583E-06 3.709E+17 3.982E+05 5.955E-01 4.148E-10 1.586E-11 2.284E-13 2.725E-12 1.634E-10 5.783E-10 1.543E-20 1.169E-11 2.731E-13 2.469E-11 3.704E-09 8.206E-13 2.566E-20 4.603E-07 6.623E-07 2.039E-07
   2.150E+06 4.460E+04 1.485E+18 2.050E+03 1.108E+01 4.117E+07 1.146-120 2.215E-13 1.609E-12 7.834E-06 4.071E-06 3.539E-06 4.640E-06 3.159E+17 4.769E+05 8.423E-01 7.242E-10 2.777E-11 3.212E-13 3.877E-12 1.950E-10 7.273E-10 2.566E-20 1.876E-11 3.613E-13 3.329E-11 4.234E-09 1.409E-12 4.435E-20 4.521E-07 6.373E-07 1.904E-07
   2.250E+06 3.818E+04 1.265E+18 2.486E+03 1.663E+01 4.928E+07 3.014-106 3.800E-13 2.799E-12 9.271E-06 4.188E-06 4.202E-06 4.697E-06 2.691E+17 5.811E+05 1.186E+00 1.222E-09 4.701E-11 4.593E-13 5.531E-12 2.366E-10 9.099E-10 4.435E-20 3.011E-11 4.630E-13 4.277E-11 4.709E-09 2.367E-12 7.932E-20 4.436E-07 6.119E-07 1.768E-07
   2.350E+06 3.270E+04 1.079E+18 3.004E+03 2.435E+01 5.878E+07 7.271E-94 6.333E-13 4.747E-12 1.115E-05 4.323E-06 4.886E-06 4.756E-06 2.295E+17 7.183E+05 1.662E+00 1.995E-09 7.707E-11 6.659E-13 7.882E-12 2.915E-10 1.133E-09 7.932E-20 4.782E-11 5.773E-13 5.257E-11 5.110E-09 3.895E-12 1.465E-19 4.347E-07 5.863E-07 1.631E-07
   2.450E+06 2.803E+04 9.206E+17 3.612E+03 3.480E+01 6.977E+07 3.185E-83 1.027E-12 7.853E-12 1.359E-05 4.481E-06 5.578E-06 4.814E-06 1.958E+17 8.979E+05 2.317E+00 3.160E-09 1.226E-10 9.753E-13 1.118E-11 3.638E-10 1.404E-09 1.465E-19 7.455E-11 7.027E-13 6.186E-11 5.428E-09 6.299E-12 2.794E-19 4.254E-07 5.607E-07 1.495E-07
   2.550E+06 2.405E+04 7.862E+17 4.320E+03 4.858E+01 8.237E+07 4.527E-74 1.624E-12 1.268E-11 1.672E-05 4.667E-06 6.266E-06 4.874E-06 1.672E+17 1.132E+06 3.209E+00 4.862E-09 1.894E-10 1.440E-12 1.576E-11 4.575E-10 1.725E-09 2.794E-19 1.134E-10 8.365E-13 6.951E-11 5.658E-09 1.004E-11 5.517E-19 4.159E-07 5.349E-07 1.360E-07
   2.650E+06 2.064E+04 6.719E+17 5.140E+03 6.624E+01 9.675E+07 3.422E-66 2.506E-12 1.998E-11 2.077E-05 4.888E-06 6.932E-06 4.934E-06 1.429E+17 1.435E+06 4.419E+00 7.272E-09 2.845E-10 2.136E-12 2.201E-11 5.776E-10 2.096E-09 5.517E-19 1.674E-10 9.746E-13 7.429E-11 5.801E-09 1.578E-11 1.128E-18 4.059E-07 5.088E-07 1.228E-07
   2.750E+06 1.773E+04 5.746E+17 6.078E+03 8.824E+01 1.129E+08 2.096E-59 3.779E-12 3.074E-11 2.602E-05 5.152E-06 7.554E-06 4.995E-06 1.222E+17 1.825E+06 6.044E+00 1.058E-08 4.157E-10 3.175E-12 3.033E-11 7.296E-10 2.510E-09 1.128E-18 2.376E-10 1.110E-12 7.511E-11 5.856E-09 2.451E-11 2.381E-18 3.955E-07 4.826E-07 1.099E-07
   2.850E+06 1.525E+04 4.919E+17 7.137E+03 1.148E+02 1.309E+08 1.490E-53 5.575E-12 4.618E-11 3.281E-05 5.468E-06 8.113E-06 5.056E-06 1.046E+17 2.317E+06 8.201E+00 1.500E-08 5.916E-10 4.711E-12 4.101E-11 9.206E-10 2.957E-09 2.381E-18 3.216E-10 1.233E-12 7.155E-11 5.822E-09 3.765E-11 5.181E-18 3.848E-07 4.563E-07 9.758E-08
   2.950E+06 1.312E+04 4.213E+17 8.322E+03 1.460E+02 1.507E+08 1.670E-48 8.053E-12 6.770E-11 4.163E-05 5.850E-06 8.592E-06 5.118E-06 8.961E+16 2.930E+06 1.104E+01 2.071E-08 8.201E-10 6.955E-12 5.422E-11 1.158E-09 3.423E-09 5.181E-18 4.128E-10 1.338E-12 6.421E-11 5.702E-09 5.731E-11 1.155E-17 3.737E-07 4.296E-07 8.577E-08
   3.050E+06 1.129E+04 3.611E+17 9.620E+03 1.813E+02 1.720E+08 3.834E-44 1.141E-11 9.687E-11 5.309E-05 6.311E-06 8.970E-06 5.181E-06 7.681E+16 3.681E+06 1.473E+01 2.790E-08 1.108E-09 1.019E-11 6.984E-11 1.451E-09 3.885E-09 1.155E-17 5.001E-10 1.415E-12 5.414E-11 5.493E-09 8.653E-11 2.621E-17 3.622E-07 4.028E-07 7.466E-08
   3.150E+06 9.729E+03 3.098E+17 1.100E+04 2.197E+02 1.942E+08 2.253E-40 1.586E-11 1.352E-10 6.798E-05 6.869E-06 9.223E-06 5.244E-06 6.589E+16 4.589E+06 1.943E+01 3.668E-08 1.461E-09 1.482E-11 8.742E-11 1.809E-09 4.310E-09 2.621E-17 5.696E-10 1.455E-12 4.282E-11 5.199E-09 1.297E-10 6.008E-17 3.506E-07 3.762E-07 6.445E-08
   3.250E+06 8.388E+03 2.659E+17 1.242E+04 2.599E+02 2.165E+08 4.102E-37 2.165E-11 1.842E-10 8.732E-05 7.541E-06 9.323E-06 5.306E-06 5.656E+16 5.672E+06 2.528E+01 4.707E-08 1.880E-09 2.133E-11 1.060E-10 2.244E-09 4.671E-09 6.008E-17 6.087E-10 1.452E-12 3.177E-11 4.822E-09 1.927E-10 1.421E-16 3.389E-07 3.496E-07 5.515E-08
   3.350E+06 7.240E+03 2.271E+17 1.368E+04 2.980E+02 2.354E+08 2.772E-34 2.905E-11 2.445E-10 1.127E-04 8.342E-06 9.201E-06 5.368E-06 4.829E+16 6.875E+06 3.234E+01 5.895E-08 2.359E-09 3.028E-11 1.266E-10 2.747E-09 4.997E-09 1.421E-16 6.174E-10 1.466E-12 2.280E-11 4.326E-09 2.911E-10 3.348E-16 3.272E-07 3.233E-07 4.679E-08
   3.450E+06 6.260E+03 1.940E+17 1.475E+04 3.333E+02 2.505E+08 7.932E-32 3.817E-11 3.164E-10 1.450E-04 9.283E-06 8.905E-06 5.429E-06 4.126E+16 8.226E+06 4.049E+01 7.202E-08 2.889E-09 4.240E-11 1.464E-10 3.334E-09 5.203E-09 3.348E-16 5.879E-10 1.438E-12 1.541E-11 3.773E-09 4.372E-10 7.822E-16 3.157E-07 2.974E-07 3.940E-08
   3.550E+06 5.422E+03 1.661E+17 1.566E+04 3.644E+02 2.626E+08 1.084E-29 4.913E-11 4.000E-10 1.863E-04 1.037E-05 8.490E-06 5.488E-06 3.532E+16 9.745E+06 4.982E+01 8.598E-08 3.460E-09 5.869E-11 1.641E-10 4.003E-09 5.246E-09 7.822E-16 5.303E-10 1.363E-12 9.789E-12 3.207E-09 6.523E-10 1.818E-15 3.049E-07 2.723E-07 3.300E-08
   3.650E+06 4.704E+03 1.424E+17 1.644E+04 3.906E+02 2.726E+08 7.866E-28 6.198E-11 4.950E-10 2.394E-04 1.163E-05 7.995E-06 5.542E-06 3.029E+16 1.146E+07 6.059E+01 1.005E-07 4.062E-09 8.047E-11 1.798E-10 4.740E-09 5.112E-09 1.818E-15 4.590E-10 1.253E-12 5.858E-12 2.656E-09 9.715E-10 4.215E-15 2.950E-07 2.485E-07 2.757E-08
   3.750E+06 4.088E+03 1.223E+17 1.714E+04 4.115E+02 2.811E+08 3.312E-26 7.670E-11 6.014E-10 3.089E-04 1.308E-05 7.438E-06 5.592E-06 2.602E+16 1.340E+07 7.308E+01 1.154E-07 4.686E-09 1.095E-10 1.936E-10 5.536E-09 4.806E-09 4.215E-15 3.854E-10 1.118E-12 3.300E-12 2.140E-09 1.448E-09 9.728E-15 2.865E-07 2.262E-07 2.301E-08
   3.850E+06 3.559E+03 1.053E+17 1.774E+04 4.271E+02 2.882E+08 8.739E-25 9.311E-11 7.195E-10 4.006E-04 1.473E-05 6.833E-06 5.638E-06 2.239E+16 1.554E+07 8.746E+01 1.303E-07 5.325E-09 1.476E-10 2.056E-10 6.373E-09 4.346E-09 9.728E-15 3.174E-10 9.669E-13 1.743E-12 1.667E-09 2.163E-09 2.215E-14 2.796E-07 2.054E-07 1.920E-08
   3.950E+06 3.103E+03 9.079E+16 1.818E+04 4.380E+02 2.928E+08 1.541E-23 1.109E-10 8.498E-10 5.199E-04 1.660E-05 6.204E-06 5.677E-06 1.931E+16 1.780E+07 1.035E+02 1.450E-07 5.974E-09 1.960E-10 2.168E-10 7.219E-09 3.772E-09 2.215E-14 2.605E-10 8.095E-13 8.601E-13 1.247E-09 3.229E-09 4.908E-14 2.747E-07 1.864E-07 1.604E-08
   4.050E+06 2.710E+03 7.840E+16 1.832E+04 4.446E+02 2.929E+08 1.930E-22 1.297E-10 9.931E-10 6.701E-04 1.867E-05 5.575E-06 5.711E-06 1.667E+16 1.992E+07 1.204E+02 1.593E-07 6.627E-09 2.541E-10 2.280E-10 8.021E-09 3.140E-09 4.908E-14 2.164E-10 6.550E-13 3.957E-13 8.876E-10 4.799E-09 1.042E-13 2.722E-07 1.692E-07 1.342E-08
   4.150E+06 2.370E+03 6.782E+16 1.803E+04 4.480E+02 2.866E+08 1.845E-21 1.490E-10 1.151E-09 8.504E-04 2.092E-05 4.970E-06 5.737E-06 1.442E+16 2.162E+07 1.368E+02 1.730E-07 7.283E-09 3.188E-10 2.402E-10 8.719E-09 2.514E-09 1.042E-13 1.843E-10 5.120E-13 1.700E-13 5.975E-10 7.051E-09 2.094E-13 2.724E-07 1.537E-07 1.126E-08
   4.250E+06 2.076E+03 5.877E+16 1.728E+04 4.490E+02 2.733E+08 1.360E-20 1.684E-10 1.327E-09 1.056E-03 2.329E-05 4.406E-06 5.757E-06 1.250E+16 2.269E+07 1.512E+02 1.861E-07 7.942E-09 3.860E-10 2.539E-10 9.264E-09 1.946E-09 2.094E-13 1.618E-10 3.871E-13 6.887E-14 3.814E-10 1.017E-08 3.976E-13 2.757E-07 1.402E-07 9.469E-09
   4.350E+06 1.821E+03 5.100E+16 1.608E+04 4.483E+02 2.534E+08 8.009E-20 1.876E-10 1.524E-09 1.278E-03 2.569E-05 3.889E-06 5.770E-06 1.084E+16 2.302E+07 1.622E+02 1.986E-07 8.605E-09 4.514E-10 2.688E-10 9.640E-09 1.469E-09 3.976E-13 1.457E-10 2.843E-13 2.664E-14 2.327E-10 1.436E-08 7.139E-13 2.823E-07 1.285E-07 8.010E-09
   4.450E+06 1.600E+03 4.433E+16 1.452E+04 4.467E+02 2.284E+08 3.882E-19 2.063E-10 1.745E-09 1.506E-03 2.807E-05 3.420E-06 5.775E-06 9.426E+15 2.269E+07 1.689E+02 2.103E-07 9.275E-09 5.118E-10 2.845E-10 9.856E-09 1.092E-09 7.139E-13 1.335E-10 2.039E-13 9.977E-15 1.370E-10 1.977E-08 1.218E-12 2.925E-07 1.185E-07 6.809E-09
   4.550E+06 1.407E+03 3.859E+16 1.277E+04 4.447E+02 2.006E+08 1.588E-18 2.245E-10 1.996E-09 1.733E-03 3.034E-05 3.000E-06 5.774E-06 8.205E+15 2.184E+07 1.710E+02 2.213E-07 9.957E-09 5.659E-10 3.001E-10 9.937E-09 8.049E-10 1.218E-12 1.235E-10 1.435E-13 3.664E-15 7.869E-11 2.656E-08 1.993E-12 3.065E-07 1.099E-07 5.810E-09
   4.650E+06 1.240E+03 3.364E+16 1.096E+04 4.429E+02 1.722E+08 5.613E-18 2.422E-10 2.284E-09 1.949E-03 3.246E-05 2.627E-06 5.766E-06 7.152E+15 2.063E+07 1.691E+02 2.317E-07 1.066E-08 6.134E-10 3.151E-10 9.914E-09 5.922E-10 1.993E-12 1.146E-10 9.973E-14 1.336E-15 4.458E-11 3.490E-08 3.148E-12 3.242E-07 1.026E-07 4.981E-09
   4.750E+06 1.093E+03 2.937E+16 9.252E+03 4.419E+02 1.455E+08 1.745E-17 2.595E-10 2.616E-09 2.152E-03 3.441E-05 2.302E-06 5.752E-06 6.245E+15 1.925E+07 1.643E+02 2.416E-07 1.138E-08 6.554E-10 3.296E-10 9.813E-09 4.367E-10 3.148E-12 1.066E-10 6.880E-14 4.890E-16 2.519E-11 4.500E-08 4.743E-12 3.457E-07 9.641E-08 4.289E-09
   4.850E+06 9.654E+02 2.584E+16 7.850E+03 4.444E+02 1.238E+08 4.714E-17 2.756E-10 3.001E-09 2.338E-03 3.619E-05 2.050E-06 5.731E-06 5.493E+15 1.797E+07 1.591E+02 2.510E-07 1.213E-08 6.953E-10 3.440E-10 9.654E-09 3.226E-10 4.743E-12 1.011E-10 4.733E-14 1.854E-16 1.458E-11 5.633E-08 6.934E-12 3.713E-07 9.117E-08 3.705E-09
   4.950E+06 8.526E+02 2.282E+16 6.652E+03 4.488E+02 1.054E+08 1.140E-16 2.911E-10 3.448E-09 2.509E-03 3.781E-05 1.841E-06 5.706E-06 4.851E+15 1.674E+07 1.534E+02 2.600E-07 1.290E-08 7.335E-10 3.584E-10 9.454E-09 2.392E-10 6.934E-12 9.675E-11 3.256E-14 7.228E-17 8.613E-12 6.918E-08 9.978E-12 4.006E-07 8.674E-08 3.213E-09
   5.050E+06 7.529E+02 2.015E+16 5.570E+03 4.537E+02 8.874E+07 2.555E-16 3.064E-10 3.968E-09 2.667E-03 3.928E-05 1.651E-06 5.675E-06 4.284E+15 1.550E+07 1.462E+02 2.686E-07 1.371E-08 7.690E-10 3.724E-10 9.226E-09 1.781E-10 9.978E-12 9.255E-11 2.237E-14 2.844E-17 5.122E-12 8.411E-08 1.417E-11 4.335E-07 8.297E-08 2.796E-09
   5.150E+06 6.650E+02 1.780E+16 4.615E+03 4.596E+02 7.399E+07 5.392E-16 3.218E-10 4.579E-09 2.809E-03 4.060E-05 1.480E-06 5.640E-06 3.784E+15 1.429E+07 1.380E+02 2.770E-07 1.456E-08 8.028E-10 3.861E-10 8.977E-09 1.334E-10 1.417E-11 8.857E-11 1.538E-14 1.131E-17 3.069E-12 1.014E-07 1.955E-11 4.696E-07 7.974E-08 2.443E-09
   5.250E+06 5.871E+02 1.581E+16 3.861E+03 4.695E+02 6.238E+07 1.053E-15 3.363E-10 5.303E-09 2.934E-03 4.177E-05 1.345E-06 5.601E-06 3.360E+15 1.324E+07 1.307E+02 2.851E-07 1.544E-08 8.377E-10 4.002E-10 8.718E-09 1.005E-10 1.955E-11 8.616E-11 1.066E-14 4.707E-18 1.896E-12 1.197E-07 2.643E-11 5.083E-07 7.699E-08 2.147E-09
   5.350E+06 5.178E+02 1.409E+16 3.244E+03 4.827E+02 5.287E+07 1.930E-15 3.500E-10 6.163E-09 3.046E-03 4.281E-05 1.232E-06 5.559E-06 2.995E+15 1.231E+07 1.239E+02 2.929E-07 1.637E-08 8.742E-10 4.150E-10 8.453E-09 7.616E-11 2.643E-11 8.491E-11 7.442E-15 2.036E-18 1.205E-12 1.392E-07 3.558E-11 5.491E-07 7.462E-08 1.898E-09
   5.450E+06 4.562E+02 1.254E+16 2.701E+03 4.974E+02 4.442E+07 3.400E-15 3.641E-10 7.193E-09 3.144E-03 4.374E-05 1.127E-06 5.515E-06 2.665E+15 1.143E+07 1.165E+02 3.005E-07 1.733E-08 9.114E-10 4.303E-10 8.186E-09 5.808E-11 3.558E-11 8.388E-11 5.212E-15 8.921E-19 7.752E-13 1.610E-07 4.772E-11 5.920E-07 7.252E-08 1.685E-09
   5.550E+06 4.013E+02 1.115E+16 2.227E+03 5.143E+02 3.699E+07 5.759E-15 3.788E-10 8.437E-09 3.230E-03 4.456E-05 1.027E-06 5.468E-06 2.370E+15 1.059E+07 1.087E+02 3.078E-07 1.833E-08 9.502E-10 4.466E-10 7.916E-09 4.461E-11 4.772E-11 8.306E-11 3.663E-15 3.953E-19 5.025E-13 1.854E-07 6.388E-11 6.372E-07 7.062E-08 1.501E-09
   5.650E+06 3.526E+02 9.899E+15 1.819E+03 5.338E+02 3.054E+07 9.373E-15 3.945E-10 9.951E-09 3.304E-03 4.526E-05 9.337E-07 5.419E-06 2.104E+15 9.820E+06 1.006E+02 3.150E-07 1.939E-08 9.920E-10 4.644E-10 7.648E-09 3.457E-11 6.388E-11 8.257E-11 2.587E-15 1.777E-19 3.289E-13 2.123E-07 8.550E-11 6.844E-07 6.887E-08 1.343E-09
   5.750E+06 3.094E+02 8.779E+15 1.473E+03 5.560E+02 2.500E+07 1.467E-14 4.114E-10 1.180E-08 3.366E-03 4.587E-05 8.461E-07 5.368E-06 1.866E+15 9.117E+06 9.251E+01 3.220E-07 2.050E-08 1.038E-09 4.845E-10 7.386E-09 2.709E-11 8.550E-11 8.260E-11 1.841E-15 8.135E-20 2.183E-13 2.422E-07 1.146E-10 7.330E-07 6.725E-08 1.206E-09
   5.850E+06 2.711E+02 7.776E+15 1.183E+03 5.808E+02 2.030E+07 2.220E-14 4.299E-10 1.405E-08 3.418E-03 4.638E-05 7.639E-07 5.315E-06 1.653E+15 8.489E+06 8.445E+01 3.289E-07 2.167E-08 1.092E-09 5.078E-10 7.128E-09 2.149E-11 1.146E-10 8.336E-11 1.321E-15 3.802E-20 1.470E-13 2.749E-07 1.540E-10 7.833E-07 6.571E-08 1.086E-09
   5.950E+06 2.372E+02 6.879E+15 9.410E+02 6.076E+02 1.634E+07 3.313E-14 4.504E-10 1.679E-08 3.460E-03 4.682E-05 6.867E-07 5.260E-06 1.462E+15 7.938E+06 7.652E+01 3.356E-07 2.291E-08 1.154E-09 5.356E-10 6.874E-09 1.731E-11 1.540E-10 8.513E-11 9.585E-16 1.820E-20 1.008E-13 3.106E-07 2.079E-10 8.355E-07 6.422E-08 9.794E-10
   6.050E+06 2.073E+02 6.078E+15 7.419E+02 6.358E+02 1.305E+07 5.194E-14 4.737E-10 2.011E-08 3.494E-03 4.718E-05 6.144E-07 5.203E-06 1.292E+15 7.464E+06 6.884E+01 3.422E-07 2.424E-08 1.228E-09 5.690E-10 6.628E-09 1.419E-11 2.079E-10 8.826E-11 7.049E-16 8.973E-21 7.066E-14 3.494E-07 2.819E-10 8.893E-07 6.276E-08 8.854E-10
   6.150E+06 1.808E+02 5.362E+15 5.795E+02 6.648E+02 1.032E+07 8.851E-14 5.000E-10 2.410E-08 3.521E-03 4.748E-05 5.467E-07 5.144E-06 1.139E+15 7.064E+06 6.145E+01 3.488E-07 2.565E-08 1.317E-09 6.096E-10 6.391E-09 1.187E-11 2.819E-10 9.338E-11 5.267E-16 4.583E-21 5.106E-14 3.911E-07 3.841E-10 9.446E-07 6.133E-08 8.018E-10
   6.250E+06 1.575E+02 4.724E+15 4.486E+02 6.949E+02 8.096E+06 1.712E-13 5.298E-10 2.893E-08 3.542E-03 4.774E-05 4.838E-07 5.084E-06 1.004E+15 6.725E+06 5.446E+01 3.553E-07 2.716E-08 1.424E-09 6.583E-10 6.163E-09 1.016E-11 3.841E-10 1.018E-10 4.005E-16 2.470E-21 3.871E-14 4.357E-07 4.688E-10 1.001E-06 5.990E-08 7.270E-10
   6.350E+06 1.367E+02 4.290E+15 3.799E+02 7.500E+02 6.983E+06 3.525E-13 5.483E-10 3.480E-08 3.551E-03 4.795E-05 4.583E-07 5.024E-06 9.117E+14 6.698E+06 5.075E+01 3.616E-07 2.874E-08 1.561E-09 7.165E-10 5.949E-09 9.377E-12 4.688E-10 1.167E-10 3.458E-16 1.773E-21 3.292E-14 4.465E-07 6.772E-10 1.059E-06 5.850E-08 6.611E-10
   6.450E+06 1.182E+02 3.715E+15 2.759E+02 7.778E+02 5.135E+06 8.205E-13 5.895E-10 4.219E-08 3.567E-03 4.814E-05 3.875E-07 4.962E-06 7.894E+14 6.405E+06 4.308E+01 3.679E-07 3.039E-08 1.724E-09 7.937E-10 5.758E-09 8.367E-12 6.772E-10 1.302E-10 2.653E-16 9.898E-22 2.615E-14 5.043E-07 9.863E-10 1.117E-06 5.710E-08 6.019E-10
   6.550E+06 1.022E+02 3.213E+15 1.963E+02 8.190E+02 3.703E+06 1.831E-12 6.376E-10 5.206E-08 3.579E-03 4.829E-05 3.220E-07 4.897E-06 6.826E+14 6.215E+06 3.593E+01 3.741E-07 3.215E-08 1.934E-09 8.950E-10 5.581E-09 7.720E-12 9.863E-10 1.490E-10 2.082E-16 5.536E-22 2.104E-14 5.632E-07 1.376E-09 1.179E-06 5.564E-08 5.467E-10
   6.650E+06 8.833E+01 2.819E+15 1.443E+02 8.936E+02 2.765E+06 3.796E-12 6.840E-10 6.567E-08 3.584E-03 4.841E-05 2.738E-07 4.828E-06 5.988E+14 6.250E+06 3.040E+01 3.803E-07 3.400E-08 2.218E-09 1.028E-09 5.415E-09 7.617E-12 1.376E-09 1.790E-10 1.778E-16 3.657E-22 1.831E-14 6.006E-07 1.981E-09 1.243E-06 5.414E-08 4.955E-10
   6.750E+06 7.618E+01 2.451E+15 1.020E+02 9.912E+02 1.984E+06 7.394E-12 7.412E-10 8.500E-08 3.588E-03 4.851E-05 2.255E-07 4.757E-06 5.208E+14 6.337E+06 2.501E+01 3.864E-07 3.594E-08 2.585E-09 1.203E-09 5.265E-09 7.698E-12 1.981E-09 2.213E-10 1.521E-16 2.503E-22 1.669E-14 6.426E-07 2.835E-09 1.311E-06 5.258E-08 4.481E-10
   6.850E+06 6.559E+01 2.140E+15 7.231E+01 1.127E+03 1.428E+06 1.343E-11 8.030E-10 1.125E-07 3.590E-03 4.859E-05 1.859E-07 4.682E-06 4.546E+14 6.579E+06 2.055E+01 3.925E-07 3.796E-08 3.074E-09 1.434E-09 5.129E-09 8.136E-12 2.835E-09 2.809E-10 1.361E-16 1.873E-22 1.608E-14 6.735E-07 4.133E-09 1.381E-06 5.098E-08 4.042E-10
   6.950E+06 5.638E+01 1.860E+15 5.030E+01 1.295E+03 1.007E+06 2.294E-11 8.762E-10 1.512E-07 3.591E-03 4.867E-05 1.508E-07 4.604E-06 3.950E+14 6.870E+06 1.668E+01 3.985E-07 4.006E-08 3.695E-09 1.728E-09 5.007E-09 8.707E-12 4.133E-09 3.593E-10 1.218E-16 1.428E-22 1.589E-14 7.073E-07 5.995E-09 1.454E-06 4.934E-08 3.634E-10
   7.050E+06 4.836E+01 1.622E+15 3.560E+01 1.498E+03 7.212E+05 3.695E-11 9.559E-10 2.042E-07 3.590E-03 4.873E-05 1.239E-07 4.523E-06 3.444E+14 7.280E+06 1.371E+01 4.044E-07 4.223E-08 4.489E-09 2.095E-09 4.899E-09 9.503E-12 5.995E-09 4.582E-10 1.120E-16 1.134E-22 1.593E-14 7.367E-07 8.991E-09 1.529E-06 4.767E-08 3.258E-10
   7.150E+06 4.140E+01 1.399E+15 2.474E+01 1.706E+03 5.036E+05 5.661E-11 1.055E-09 2.747E-07 3.590E-03 4.879E-05 1.003E-07 4.438E-06 2.972E+14 7.566E+06 1.123E+01 4.102E-07 4.447E-08 5.407E-09 2.517E-09 4.804E-09 9.974E-12 8.991E-09 5.694E-10 9.784E-17 8.297E-23 1.545E-14 7.909E-07 1.349E-08 1.607E-06 4.599E-08 2.910E-10
   7.250E+06 3.540E+01 1.209E+15 1.765E+01 1.918E+03 3.583E+05 8.262E-11 1.167E-09 3.649E-07 3.588E-03 4.883E-05 8.256E-08 4.346E-06 2.568E+14 7.838E+06 9.429E+00 4.160E-07 4.676E-08 6.481E-09 2.996E-09 4.716E-09 1.028E-11 1.349E-08 6.939E-10 8.499E-17 5.864E-23 1.459E-14 8.579E-07 2.051E-08 1.691E-06 4.423E-08 2.578E-10
   7.350E+06 3.022E+01 1.041E+15 1.273E+01 2.104E+03 2.551E+05 1.156E-10 1.299E-09 4.765E-07 3.588E-03 4.888E-05 6.833E-08 4.242E-06 2.210E+14 7.978E+06 8.076E+00 4.217E-07 4.912E-08 7.665E-09 3.510E-09 4.630E-09 1.014E-11 2.051E-08 8.265E-10 7.105E-17 3.840E-23 1.319E-14 9.531E-07 3.112E-08 1.785E-06 4.232E-08 2.249E-10
   7.450E+06 2.576E+01 8.971E+14 9.480E+00 2.257E+03 1.856E+05 1.557E-10 1.447E-09 6.098E-07 3.586E-03 4.892E-05 5.771E-08 4.125E-06 1.905E+14 8.047E+06 7.154E+00 4.272E-07 5.153E-08 8.969E-09 4.048E-09 4.542E-09 9.700E-12 3.112E-08 9.613E-10 5.847E-17 2.388E-23 1.145E-14 1.074E-06 4.763E-08 1.890E-06 4.028E-08 1.925E-10
   7.550E+06 2.193E+01 7.696E+14 7.164E+00 2.350E+03 1.350E+05 2.030E-10 1.622E-09 7.646E-07 3.584E-03 4.896E-05 4.894E-08 3.993E-06 1.634E+14 7.898E+06 6.495E+00 4.327E-07 5.400E-08 1.026E-08 4.552E-09 4.451E-09 8.755E-12 4.763E-08 1.085E-09 4.569E-17 1.356E-23 9.435E-15 1.243E-06 7.252E-08 2.005E-06 3.812E-08 1.610E-10
   7.650E+06 1.864E+01 6.618E+14 5.539E+00 2.390E+03 9.906E+04 2.567E-10 1.816E-09 9.389E-07 3.581E-03 4.900E-05 4.179E-08 3.846E-06 1.405E+14 7.796E+06 6.039E+00 4.381E-07 5.653E-08 1.178E-08 5.108E-09 4.353E-09 7.820E-12 7.252E-08 1.202E-09 3.560E-17 7.444E-24 7.551E-15 1.435E-06 1.132E-07 2.128E-06 3.588E-08 1.310E-10
   7.750E+06 1.582E+01 5.658E+14 4.241E+00 2.356E+03 7.004E+04 3.164E-10 2.044E-09 1.130E-06 3.579E-03 4.903E-05 3.459E-08 3.683E-06 1.201E+14 7.783E+06 5.634E+00 4.434E-07 5.912E-08 1.375E-08 5.803E-09 4.245E-09 6.858E-12 1.132E-07 1.296E-09 2.682E-17 3.859E-24 5.838E-15 1.659E-06 1.876E-07 2.258E-06 3.357E-08 1.029E-10
   7.850E+06 1.340E+01 4.854E+14 3.368E+00 2.269E+03 5.115E+04 3.807E-10 2.293E-09 1.335E-06 3.574E-03 4.906E-05 2.948E-08 3.501E-06 1.030E+14 8.130E+06 5.465E+00 4.486E-07 6.177E-08 1.675E-08 6.782E-09 4.122E-09 5.854E-12 1.876E-07 1.322E-09 2.032E-17 1.908E-24 4.272E-15 1.973E-06 3.514E-07 2.387E-06 3.123E-08 7.717E-11
   7.950E+06 1.134E+01 4.136E+14 3.129E+00 2.109E+03 5.004E+04 4.492E-10 2.578E-09 1.550E-06 3.571E-03 4.909E-05 3.388E-08 3.289E-06 8.774E+13 6.521E+06 6.328E+00 4.537E-07 6.448E-08 1.577E-08 6.197E-09 3.980E-09 3.058E-12 3.514E-07 1.090E-09 1.182E-17 6.544E-25 2.488E-15 3.439E-06 6.415E-07 2.501E-06 2.890E-08 5.444E-11
   8.050E+06 9.578E+00 3.540E+14 3.841E+00 1.911E+03 7.991E+04 5.201E-10 2.881E-09 1.771E-06 3.555E-03 4.912E-05 6.351E-08 3.048E-06 7.507E+13 3.221E+06 9.755E+00 4.587E-07 6.724E-08 9.100E-09 3.484E-09 3.813E-09 7.624E-13 6.415E-07 6.911E-10 4.041E-18 1.594E-25 1.199E-15 9.920E-06 1.009E-06 2.582E-06 2.660E-08 3.594E-11
   8.150E+06 8.076E+00 3.005E+14 4.956E+00 1.677E+03 1.299E+05 5.938E-10 3.232E-09 1.997E-06 3.538E-03 4.915E-05 1.222E-07 2.795E-06 6.370E+13 1.418E+06 1.613E+01 4.636E-07 7.003E-08 4.721E-09 1.612E-09 3.620E-09 1.518E-13 1.009E-06 3.929E-10 9.016E-19 3.570E-26 5.550E-16 2.945E-05 1.405E-06 2.630E-06 2.436E-08 2.254E-11
   8.250E+06 6.799E+00 2.565E+14 6.020E+00 1.450E+03 1.882E+05 6.682E-10 3.600E-09 2.222E-06 3.500E-03 4.918E-05 2.096E-07 2.545E-06 5.435E+13 7.337E+05 2.509E+01 4.683E-07 7.286E-08 2.861E-09 7.969E-10 3.411E-09 4.033E-14 1.405E-06 2.166E-10 2.327E-19 7.904E-27 2.552E-16 7.170E-05 1.802E-06 2.658E-06 2.221E-08 1.366E-11
   8.350E+06 5.713E+00 2.169E+14 6.438E+00 1.222E+03 2.314E+05 7.449E-10 4.031E-09 2.447E-06 3.483E-03 4.921E-05 3.063E-07 2.303E-06 4.594E+13 4.148E+05 3.498E+01 4.729E-07 7.570E-08 1.912E-09 4.178E-10 3.197E-09 1.567E-14 1.802E-06 1.181E-10 8.090E-20 1.754E-27 1.173E-16 1.492E-04 2.183E-06 2.674E-06 2.017E-08 8.167E-12
   8.450E+06 4.795E+00 1.838E+14 6.427E+00 1.017E+03 2.631E+05 8.222E-10 4.501E-09 2.668E-06 3.456E-03 4.924E-05 4.143E-07 2.074E-06 3.889E+13 2.542E+05 4.563E+01 4.774E-07 7.856E-08 1.383E-09 2.333E-10 2.983E-09 8.680E-15 2.183E-06 6.404E-11 3.942E-20 3.893E-28 5.380E-17 2.749E-04 2.538E-06 2.683E-06 1.825E-08 4.875E-12
   8.550E+06 4.017E+00 1.557E+14 6.039E+00 8.355E+02 2.801E+05 9.013E-10 5.025E-09 2.885E-06 3.423E-03 4.927E-05 5.256E-07 1.860E-06 3.291E+13 1.626E+05 5.620E+01 4.817E-07 8.142E-08 1.044E-09 1.367E-10 2.775E-09 5.878E-15 2.538E-06 3.465E-11 2.330E-20 8.664E-29 2.469E-17 4.625E-04 2.863E-06 2.689E-06 1.646E-08 2.944E-12
   8.650E+06 3.363E+00 1.303E+14 5.105E+00 6.707E+02 2.657E+05 9.901E-10 5.665E-09 3.095E-06 3.423E-03 4.930E-05 5.956E-07 1.663E-06 2.751E+13 1.026E+05 6.350E+01 4.858E-07 8.428E-08 7.872E-10 8.207E-11 2.577E-09 4.279E-15 2.863E-06 1.872E-11 1.430E-20 1.941E-29 1.135E-17 7.274E-04 3.157E-06 2.692E-06 1.480E-08 1.817E-12
   8.750E+06 2.815E+00 1.091E+14 4.130E+00 5.325E+02 2.406E+05 1.102E-09 6.402E-09 3.295E-06 3.424E-03 4.933E-05 6.442E-07 1.481E-06 2.299E+13 6.542E+04 6.888E+01 4.898E-07 8.714E-08 5.997E-10 5.090E-11 2.389E-09 3.228E-15 3.157E-06 1.008E-11 9.078E-21 4.364E-30 5.212E-18 1.082E-03 3.418E-06 2.695E-06 1.327E-08 1.151E-12
   8.850E+06 2.356E+00 9.132E+13 3.226E+00 4.188E+02 2.093E+05 1.272E-09 7.257E-09 3.484E-06 3.425E-03 4.935E-05 6.693E-07 1.316E-06 1.920E+13 4.189E+04 7.234E+01 4.938E-07 9.000E-08 4.587E-10 3.246E-11 2.214E-09 2.472E-15 3.418E-06 5.414E-12 5.838E-21 9.853E-31 2.393E-18 1.536E-03 3.648E-06 2.696E-06 1.188E-08 7.499E-13
   8.950E+06 1.973E+00 7.645E+13 2.460E+00 3.267E+02 1.758E+05 1.570E-09 8.257E-09 3.661E-06 3.425E-03 4.938E-05 6.714E-07 1.167E-06 1.604E+13 2.680E+04 7.431E+01 4.975E-07 9.286E-08 3.505E-10 2.119E-11 2.053E-09 1.906E-15 3.648E-06 2.905E-12 3.778E-21 2.239E-31 1.100E-18 2.099E-03 3.849E-06 2.697E-06 1.062E-08 5.047E-13
   9.050E+06 1.652E+00 6.367E+13 1.814E+00 2.519E+02 1.391E+05 2.104E-09 9.462E-09 3.827E-06 3.444E-03 4.940E-05 6.345E-07 1.034E-06 1.331E+13 1.681E+04 7.445E+01 5.012E-07 9.573E-08 2.641E-10 1.403E-11 1.907E-09 1.465E-15 3.849E-06 1.557E-12 2.401E-21 5.138E-32 5.063E-19 2.779E-03 4.021E-06 2.698E-06 9.485E-09 3.513E-13
   9.150E+06 1.386E+00 5.285E+13 1.330E+00 1.924E+02 1.051E+05 3.006E-09 1.090E-08 3.982E-06 3.476E-03 4.942E-05 5.719E-07 9.144E-07 1.101E+13 1.039E+04 7.458E+01 5.049E-07 9.861E-08 1.966E-10 9.408E-12 1.776E-09 1.125E-15 4.021E-06 8.312E-13 1.508E-21 1.191E-32 2.333E-19 3.587E-03 4.169E-06 2.698E-06 8.469E-09 2.526E-13
   9.250E+06 1.165E+00 4.417E+13 1.025E+00 1.474E+02 7.988E+04 4.413E-09 1.257E-08 4.127E-06 3.491E-03 4.944E-05 5.180E-07 8.086E-07 9.166E+12 6.504E+03 7.795E+01 5.084E-07 1.015E-07 1.472E-10 6.439E-12 1.660E-09 8.751E-16 4.169E-06 4.431E-13 9.736E-22 2.793E-33 1.075E-19 4.526E-03 4.293E-06 2.697E-06 7.567E-09 1.875E-13
   9.350E+06 9.798E-01 3.687E+13 8.174E-01 1.125E+02 5.883E+04 6.481E-09 1.455E-08 4.265E-06 3.514E-03 4.946E-05 4.542E-07 7.158E-07 7.613E+12 4.031E+03 8.434E+01 5.119E-07 1.045E-07 1.093E-10 4.457E-12 1.559E-09 6.824E-16 4.293E-06 2.361E-13 6.267E-22 6.672E-34 4.966E-20 5.598E-03 4.395E-06 2.696E-06 6.774E-09 1.436E-13
   9.450E+06 8.254E-01 3.082E+13 6.837E-01 8.607E+01 4.263E+04 9.347E-09 1.688E-08 4.397E-06 3.535E-03 4.948E-05 3.913E-07 6.352E-07 6.329E+12 2.492E+03 9.535E+01 5.153E-07 1.075E-07 8.085E-11 3.123E-12 1.472E-09 5.360E-16 4.395E-06 1.259E-13 4.069E-22 1.631E-34 2.299E-20 6.805E-03 4.478E-06 2.694E-06 6.084E-09 1.134E-13
   9.550E+06 6.961E-01 2.586E+13 6.006E-01 6.626E+01 3.081E+04 1.315E-08 1.962E-08 4.525E-06 3.549E-03 4.949E-05 3.357E-07 5.662E-07 5.277E+12 1.547E+03 1.122E+02 5.188E-07 1.106E-07 5.981E-11 2.218E-12 1.400E-09 4.261E-16 4.478E-06 6.744E-14 2.694E-22 4.123E-35 1.069E-20 8.143E-03 4.543E-06 2.691E-06 5.492E-09 9.243E-14
   9.650E+06 5.878E-01 2.167E+13 5.441E-01 5.124E+01 2.166E+04 1.805E-08 2.290E-08 4.652E-06 3.568E-03 4.951E-05 2.801E-07 5.083E-07 4.391E+12 9.507E+02 1.354E+02 5.222E-07 1.138E-07 4.388E-11 1.588E-12 1.342E-09 3.406E-16 4.543E-06 3.641E-14 1.784E-22 1.087E-35 5.001E-21 9.608E-03 4.591E-06 2.687E-06 4.995E-09 7.784E-14
   9.750E+06 4.970E-01 1.818E+13 5.069E-01 4.007E+01 1.498E+04 2.419E-08 2.684E-08 4.779E-06 3.576E-03 4.953E-05 2.304E-07 4.611E-07 3.656E+12 5.830E+02 1.662E+02 5.258E-07 1.172E-07 3.206E-11 1.149E-12 1.299E-09 2.752E-16 4.591E-06 2.007E-14 1.196E-22 3.017E-36 2.376E-21 1.119E-02 4.622E-06 2.682E-06 4.589E-09 6.783E-14
   9.850E+06 4.209E-01 1.524E+13 4.820E-01 3.177E+01 1.010E+04 3.175E-08 3.176E-08 4.909E-06 3.582E-03 4.955E-05 1.849E-07 4.245E-07 3.039E+12 3.548E+02 2.054E+02 5.295E-07 1.210E-07 2.327E-11 8.364E-13 1.269E-09 2.241E-16 4.622E-06 1.176E-14 8.041E-23 8.955E-37 1.187E-21 1.287E-02 4.636E-06 2.674E-06 4.272E-09 6.127E-14
   9.950E+06 3.571E-01 1.280E+13 4.690E-01 2.575E+01 6.767E+03 4.091E-08 3.835E-08 5.046E-06 3.587E-03 4.957E-05 1.473E-07 3.985E-07 2.529E+12 2.169E+02 2.543E+02 5.336E-07 1.254E-07 1.694E-11 6.146E-13 1.253E-09 1.847E-16 4.636E-06 8.198E-15 5.483E-23 3.223E-37 7.113E-22 1.462E-02 0.000E+00 2.665E-06 4.043E-09 5.743E-14
