
     Z         PRESS      DEN     ProOH1    ProOH25    ProO3D    PO2D       PO2      PH2O      PO3D      PH2O2     FO3      FH2O      NumO2      NumOH      NumO1D     PN2O     PCH3CL      FOH      FHO2      FNO     FNO2      FH    FH2O2     FNO3    FN2O5    FHNO3      FO       FN      FH2     FCH4    FN2O
   5.000E+04 9.555E+05 2.447E+19 4.033E+05 4.259E+02 3.792E+06 0.000E+00 2.818E-15 1.804E-15 1.260E-05 2.704E-06 1.230E-08 9.650E-03 2.603E+17 3.390E+06 5.180E-03 4.760E-12 7.015E-14 1.385E-13 1.054E-11 6.976E-12 1.748E-11 1.053E-19 7.082E-10 1.006E-14 1.523E-16 9.869E-11 5.889E-16 8.843E-20 5.000E-07 8.080E-07 2.730E-07
   1.500E+05 8.458E+05 2.208E+19 3.023E+05 8.345E+02 4.139E+06 0.000E+00 6.938E-15 5.897E-15 1.378E-05 2.938E-06 1.360E-08 6.408E-03 2.350E+17 2.685E+06 6.451E-03 1.307E-11 2.307E-13 1.216E-13 9.582E-12 2.704E-12 6.046E-12 8.843E-20 6.932E-10 6.162E-15 4.874E-17 9.166E-11 7.679E-16 9.194E-20 4.992E-07 8.047E-07 2.726E-07
   2.500E+05 7.471E+05 1.983E+19 2.445E+05 1.558E+03 4.773E+06 0.000E+00 1.535E-14 1.785E-14 1.480E-05 3.144E-06 1.627E-08 4.403E-03 2.111E+17 2.571E+06 8.423E-03 3.225E-11 6.707E-13 1.296E-13 9.289E-12 1.816E-12 3.771E-12 9.194E-20 6.610E-10 5.340E-15 3.834E-17 8.904E-11 1.110E-15 9.507E-20 4.987E-07 8.020E-07 2.721E-07
   3.500E+05 6.585E+05 1.783E+19 1.771E+05 2.376E+03 5.699E+06 0.000E+00 3.127E-14 5.078E-14 1.546E-05 3.327E-06 2.067E-08 2.624E-03 1.899E+17 2.451E+06 1.133E-02 7.270E-11 1.754E-12 1.374E-13 8.936E-12 1.863E-12 3.601E-12 9.507E-20 6.022E-10 5.444E-15 6.274E-17 8.945E-11 1.680E-15 9.810E-20 4.984E-07 7.999E-07 2.716E-07
   4.500E+05 5.788E+05 1.603E+19 1.193E+05 3.102E+03 6.842E+06 0.000E+00 5.891E-14 1.328E-13 1.590E-05 3.488E-06 2.684E-08 1.458E-03 1.707E+17 2.327E+06 1.520E-02 1.499E-10 4.107E-12 1.452E-13 8.492E-12 2.251E-12 4.061E-12 9.810E-20 5.264E-10 5.947E-15 1.395E-16 9.122E-11 2.583E-15 9.767E-20 4.982E-07 7.981E-07 2.710E-07
   5.500E+05 5.072E+05 1.440E+19 7.165E+04 3.315E+03 8.066E+06 0.000E+00 1.031E-13 3.116E-13 1.613E-05 3.633E-06 3.473E-08 7.392E-04 1.534E+17 2.135E+06 1.992E-02 2.829E-10 8.579E-12 1.483E-13 7.772E-12 2.785E-12 4.637E-12 9.767E-20 4.392E-10 6.419E-15 3.395E-16 9.245E-11 3.926E-15 9.223E-20 4.981E-07 7.968E-07 2.703E-07
   6.500E+05 4.430E+05 1.292E+19 3.758E+04 2.895E+03 9.241E+06 0.000E+00 1.684E-13 6.624E-13 1.618E-05 3.762E-06 4.422E-08 3.384E-04 1.377E+17 1.860E+06 2.526E-02 4.906E-10 1.613E-11 1.440E-13 6.766E-12 3.180E-12 4.799E-12 9.223E-20 3.485E-10 6.527E-15 7.807E-16 9.185E-11 5.835E-15 8.367E-20 4.981E-07 7.957E-07 2.696E-07
   7.500E+05 3.854E+05 1.157E+19 1.701E+04 2.055E+03 1.025E+07 0.000E+00 2.593E-13 1.283E-12 1.606E-05 3.880E-06 5.517E-08 1.385E-04 1.234E+17 1.556E+06 3.096E-02 7.903E-10 2.769E-11 1.345E-13 5.649E-12 3.495E-12 4.683E-12 8.367E-20 2.648E-10 6.385E-15 1.828E-15 9.007E-11 8.473E-15 7.671E-20 4.981E-07 7.949E-07 2.688E-07
   8.500E+05 3.339E+05 1.033E+19 6.514E+03 1.156E+03 1.103E+07 5.208-118 3.798E-13 2.258E-12 1.583E-05 3.987E-06 6.742E-08 4.953E-05 1.102E+17 1.314E+06 3.680E-02 1.197E-09 4.401E-11 1.271E-13 4.635E-12 4.248E-12 4.955E-12 7.671E-20 1.962E-10 6.400E-15 5.219E-15 8.875E-11 1.206E-14 7.446E-20 4.981E-07 7.941E-07 2.680E-07
   9.500E+05 2.881E+05 9.187E+18 2.064E+03 5.015E+02 1.164E+07 4.243E-84 5.337E-13 3.653E-12 1.555E-05 4.085E-06 8.151E-08 1.495E-05 9.800E+16 1.164E+06 4.310E-02 1.722E-09 6.564E-11 1.267E-13 3.824E-12 5.726E-12 5.783E-12 7.446E-20 1.438E-10 6.755E-15 1.491E-14 8.887E-11 1.715E-14 7.423E-20 4.981E-07 7.933E-07 2.670E-07
   1.050E+06 2.474E+05 8.110E+18 4.431E+02 1.321E+02 1.275E+07 1.845E-70 7.244E-13 5.532E-12 1.529E-05 4.176E-06 1.029E-07 2.944E-06 8.651E+16 1.044E+06 5.279E-02 2.376E-09 9.320E-11 1.287E-13 3.099E-12 7.800E-12 7.154E-12 7.423E-20 9.870E-11 7.672E-15 3.463E-14 9.156E-11 2.597E-14 7.881E-20 4.980E-07 7.923E-07 2.655E-07
   1.150E+06 2.118E+05 7.097E+18 5.468E+02 1.676E+02 1.583E+07 2.007E-62 9.583E-13 8.033E-12 1.518E-05 4.262E-06 1.469E-07 2.940E-06 7.571E+16 9.823E+05 7.404E-02 3.179E-09 1.277E-10 1.384E-13 2.588E-12 1.057E-11 1.013E-11 7.881E-20 5.974E-11 1.069E-14 6.567E-14 1.023E-10 4.592E-14 8.218E-20 4.978E-07 7.901E-07 2.623E-07
   1.250E+06 1.806E+05 6.163E+18 7.739E+02 2.067E+02 2.257E+07 1.656E-55 1.251E-12 1.145E-11 1.532E-05 4.348E-06 2.389E-07 2.930E-06 6.575E+16 9.082E+05 1.204E-01 4.175E-09 1.715E-10 1.474E-13 2.260E-12 1.371E-11 1.605E-11 8.218E-20 3.503E-11 1.900E-14 1.611E-13 1.280E-10 9.502E-14 9.229E-20 4.974E-07 7.853E-07 2.553E-07
   1.350E+06 1.537E+05 5.325E+18 1.154E+03 2.535E+02 3.402E+07 1.464E-49 1.638E-12 1.638E-11 1.573E-05 4.441E-06 4.061E-07 2.907E-06 5.680E+16 9.171E+05 2.085E-01 5.474E-09 2.297E-10 1.722E-13 2.306E-12 1.750E-11 2.680E-11 9.229E-20 2.710E-11 3.920E-14 4.703E-13 1.788E-10 2.093E-13 1.116E-19 4.963E-07 7.759E-07 2.420E-07
   1.450E+06 1.305E+05 4.582E+18 1.652E+03 3.156E+02 4.953E+07 1.895E-44 2.193E-12 2.403E-11 1.658E-05 4.551E-06 6.519E-07 2.866E-06 4.887E+16 9.883E+05 3.503E-01 7.289E-09 3.125E-10 2.157E-13 2.603E-12 2.326E-11 4.460E-11 1.116E-19 2.787E-11 7.624E-14 1.274E-12 2.565E-10 4.420E-13 1.479E-19 4.943E-07 7.603E-07 2.212E-07
   1.550E+06 1.106E+05 3.923E+18 2.206E+03 4.028E+02 6.776E+07 4.680E-40 3.038E-12 3.661E-11 1.819E-05 4.692E-06 9.494E-07 2.804E-06 4.184E+16 1.094E+06 5.566E-01 9.951E-09 4.363E-10 2.790E-13 3.077E-12 3.220E-11 7.126E-11 1.479E-19 3.202E-11 1.287E-13 2.823E-12 3.492E-10 8.660E-13 2.290E-19 4.914E-07 7.383E-07 1.944E-07
   1.650E+06 9.357E+04 3.337E+18 2.925E+03 5.478E+02 8.897E+07 2.842E-36 4.355E-12 5.790E-11 2.104E-05 4.882E-06 1.267E-06 2.835E-06 3.559E+16 1.279E+06 8.568E-01 1.392E-08 6.245E-10 3.833E-13 3.927E-12 4.405E-11 1.062E-10 2.290E-19 4.111E-11 1.947E-13 5.066E-12 4.438E-10 1.607E-12 4.118E-19 4.873E-07 7.100E-07 1.635E-07
   1.750E+06 7.915E+04 2.822E+18 3.828E+03 7.702E+02 1.136E+08 5.285E-33 6.402E-12 9.389E-11 2.564E-05 5.138E-06 1.570E-06 2.907E-06 3.010E+16 1.570E+06 1.294E+00 1.973E-08 9.069E-10 5.564E-13 5.361E-12 5.829E-11 1.467E-10 4.118E-19 5.750E-11 2.709E-13 7.477E-12 5.253E-10 2.862E-12 8.108E-19 4.822E-07 6.764E-07 1.317E-07
   1.850E+06 6.697E+04 2.386E+18 4.920E+03 1.095E+03 1.420E+08 3.488E-30 9.505E-12 1.536E-10 3.243E-05 5.482E-06 1.835E-06 2.988E-06 2.544E+16 2.001E+06 1.913E+00 2.796E-08 1.318E-09 8.389E-13 7.493E-12 7.516E-11 1.876E-10 8.108E-19 8.228E-11 3.519E-13 9.266E-12 5.853E-10 4.865E-12 1.685E-18 4.761E-07 6.385E-07 1.016E-07
   1.950E+06 5.667E+04 2.018E+18 6.232E+03 1.548E+03 1.748E+08 9.311E-28 1.409E-11 2.495E-10 4.224E-05 5.939E-06 2.050E-06 3.074E-06 2.152E+16 2.617E+06 2.784E+00 3.914E-08 1.893E-09 1.296E-12 1.051E-11 9.409E-11 2.233E-10 1.685E-18 1.162E-10 4.304E-13 9.789E-12 6.202E-10 7.977E-12 3.618E-18 4.694E-07 5.981E-07 7.528E-08
   2.050E+06 4.796E+04 1.708E+18 7.789E+03 2.150E+03 2.123E+08 1.129E-25 2.067E-11 3.979E-10 5.631E-05 6.539E-06 2.208E-06 3.163E-06 1.821E+16 3.456E+06 3.997E+00 5.364E-08 2.663E-09 2.023E-12 1.455E-11 1.144E-10 2.501E-10 3.618E-18 1.569E-10 4.979E-13 8.970E-12 6.303E-10 1.278E-11 7.972E-18 4.625E-07 5.569E-07 5.406E-08
   2.150E+06 4.059E+04 1.445E+18 9.587E+03 2.900E+03 2.543E+08 6.877E-24 2.987E-11 6.176E-10 7.647E-05 7.319E-06 2.302E-06 3.251E-06 1.540E+16 4.552E+06 5.662E+00 7.155E-08 3.644E-09 3.151E-12 1.964E-11 1.353E-10 2.667E-10 7.972E-18 1.979E-10 5.459E-13 7.249E-12 6.180E-10 2.027E-11 1.801E-17 4.556E-07 5.160E-07 3.784E-08
   2.250E+06 3.436E+04 1.220E+18 1.156E+04 3.775E+03 2.985E+08 2.301E-22 4.239E-11 9.272E-10 1.053E-04 8.319E-06 2.324E-06 3.336E-06 1.301E+16 5.933E+06 7.879E+00 9.255E-08 4.834E-09 4.862E-12 2.556E-11 1.566E-10 2.726E-10 1.801E-17 2.293E-10 5.653E-13 5.206E-12 5.860E-10 3.206E-11 4.173E-17 4.490E-07 4.759E-07 2.597E-08
   2.350E+06 2.911E+04 1.029E+18 1.355E+04 4.721E+03 3.412E+08 4.571E-21 5.893E-11 1.342E-09 1.464E-04 9.587E-06 2.265E-06 3.418E-06 1.097E+16 7.638E+06 1.070E+01 1.158E-07 6.201E-09 7.422E-12 3.185E-11 1.776E-10 2.671E-10 4.173E-17 2.410E-10 5.508E-13 3.327E-12 5.367E-10 5.063E-11 9.932E-17 4.432E-07 4.373E-07 1.760E-08
   2.450E+06 2.468E+04 8.670E+17 1.536E+04 5.667E+03 3.777E+08 5.775E-20 8.005E-11 1.870E-09 2.056E-04 1.117E-05 2.119E-06 3.496E-06 9.244E+15 9.725E+06 1.412E+01 1.403E-07 7.688E-09 1.122E-11 3.781E-11 1.976E-10 2.496E-10 9.932E-17 2.284E-10 5.039E-13 1.891E-12 4.727E-10 7.973E-11 2.425E-16 4.384E-07 4.003E-07 1.185E-08
   2.550E+06 2.096E+04 7.301E+17 1.685E+04 6.534E+03 4.052E+08 4.935E-19 1.058E-10 2.508E-09 2.942E-04 1.314E-05 1.886E-06 3.568E-06 7.784E+15 1.229E+07 1.806E+01 1.643E-07 9.222E-09 1.683E-11 4.265E-11 2.155E-10 2.207E-10 2.425E-16 1.951E-10 4.330E-13 9.536E-13 3.982E-10 1.248E-10 6.032E-16 4.352E-07 3.652E-07 7.961E-09
   2.650E+06 1.782E+04 6.149E+17 1.784E+04 7.255E+03 4.203E+08 3.021E-18 1.351E-10 3.246E-09 4.334E-04 1.552E-05 1.577E-06 3.635E-06 6.557E+15 1.540E+07 2.235E+01 1.865E-07 1.073E-08 2.504E-11 4.582E-11 2.305E-10 1.838E-10 6.032E-16 1.520E-10 3.489E-13 4.261E-13 3.180E-10 1.935E-10 1.464E-15 4.340E-07 3.320E-07 5.356E-09
   2.750E+06 1.518E+04 5.184E+17 1.780E+04 7.793E+03 4.119E+08 1.398E-17 1.657E-10 4.070E-09 6.404E-04 1.828E-05 1.241E-06 3.693E-06 5.528E+15 1.867E+07 2.612E+01 2.058E-07 1.215E-08 3.602E-11 4.736E-11 2.418E-10 1.450E-10 1.464E-15 1.127E-10 2.618E-13 1.697E-13 2.370E-10 2.922E-10 3.271E-15 4.355E-07 3.011E-07 3.628E-09
   2.850E+06 1.295E+04 4.379E+17 1.645E+04 8.164E+03 3.749E+08 5.156E-17 1.950E-10 4.981E-09 9.007E-04 2.119E-05 9.505E-07 3.743E-06 4.669E+15 2.127E+07 2.829E+01 2.220E-07 1.348E-08 4.857E-11 4.826E-11 2.469E-10 1.097E-10 3.271E-15 8.556E-11 1.814E-13 6.098E-14 1.628E-10 4.220E-10 6.669E-15 4.406E-07 2.731E-07 2.482E-09
   2.950E+06 1.106E+04 3.708E+17 1.435E+04 8.424E+03 3.230E+08 1.591E-16 2.219E-10 6.005E-09 1.176E-03 2.396E-05 7.406E-07 3.783E-06 3.954E+15 2.278E+07 2.890E+01 2.355E-07 1.474E-08 6.142E-11 4.968E-11 2.423E-10 7.965E-11 6.669E-15 6.961E-11 1.169E-13 2.005E-14 1.031E-10 5.862E-10 1.272E-14 4.501E-07 2.478E-07 1.710E-09
   3.050E+06 9.462E+03 3.152E+17 1.217E+04 8.639E+03 2.714E+08 4.282E-16 2.469E-10 7.191E-09 1.436E-03 2.642E-05 5.996E-07 3.811E-06 3.361E+15 2.343E+07 2.867E+01 2.471E-07 1.595E-08 7.432E-11 5.210E-11 2.279E-10 5.556E-11 1.272E-14 6.089E-11 7.168E-14 6.189E-15 6.141E-11 7.946E-10 2.295E-14 4.644E-07 2.254E-07 1.189E-09
   3.150E+06 8.100E+03 2.693E+17 1.021E+04 8.877E+03 2.266E+08 1.033E-15 2.705E-10 8.609E-09 1.669E-03 2.856E-05 5.043E-07 3.829E-06 2.871E+15 2.358E+07 2.805E+01 2.573E-07 1.716E-08 8.757E-11 5.552E-11 2.065E-10 3.759E-11 2.295E-14 5.670E-11 4.303E-14 1.869E-15 3.544E-11 1.051E-09 3.991E-14 4.839E-07 2.060E-07 8.371E-10
   3.250E+06 6.935E+03 2.308E+17 8.470E+03 9.162E+03 1.877E+08 2.285E-15 2.937E-10 1.035E-08 1.871E-03 3.037E-05 4.346E-07 3.836E-06 2.461E+15 2.345E+07 2.709E+01 2.665E-07 1.839E-08 1.016E-10 5.999E-11 1.823E-10 2.494E-11 3.991E-14 5.529E-11 2.547E-14 5.573E-16 2.009E-11 1.363E-09 6.726E-14 5.089E-07 1.890E-07 5.953E-10
   3.350E+06 5.935E+03 1.983E+17 6.943E+03 9.520E+03 1.541E+08 4.674E-15 3.173E-10 1.252E-08 2.043E-03 3.191E-05 3.803E-07 3.833E-06 2.115E+15 2.320E+07 2.583E+01 2.749E-07 1.965E-08 1.170E-10 6.559E-11 1.580E-10 1.643E-11 6.726E-14 5.605E-11 1.505E-14 1.678E-16 1.139E-11 1.730E-09 1.090E-13 5.395E-07 1.743E-07 4.274E-10
   3.450E+06 5.074E+03 1.713E+17 5.657E+03 9.991E+03 1.262E+08 8.770E-15 3.414E-10 1.527E-08 2.186E-03 3.319E-05 3.371E-07 3.820E-06 1.826E+15 2.299E+07 2.437E+01 2.827E-07 2.096E-08 1.342E-10 7.235E-11 1.358E-10 1.095E-11 1.090E-13 5.923E-11 9.100E-15 5.371E-17 6.674E-12 2.130E-09 1.739E-13 5.756E-07 1.614E-07 3.102E-10
   3.550E+06 4.331E+03 1.480E+17 4.540E+03 1.053E+04 1.021E+08 1.532E-14 3.674E-10 1.873E-08 2.305E-03 3.425E-05 2.994E-07 3.800E-06 1.578E+15 2.283E+07 2.268E+01 2.901E-07 2.235E-08 1.543E-10 8.067E-11 1.170E-10 7.428E-12 1.739E-13 6.447E-11 5.594E-15 1.798E-17 4.019E-12 2.579E-09 2.742E-13 6.165E-07 1.501E-07 2.280E-10
   3.650E+06 3.689E+03 1.278E+17 3.587E+03 1.112E+04 8.151E+07 2.504E-14 3.960E-10 2.306E-08 2.401E-03 3.512E-05 2.657E-07 3.772E-06 1.363E+15 2.275E+07 2.081E+01 2.971E-07 2.382E-08 1.780E-10 9.084E-11 1.019E-10 5.177E-12 2.742E-13 7.207E-11 3.528E-15 6.396E-18 2.509E-12 3.073E-09 4.289E-13 6.618E-07 1.401E-07 1.702E-10
   3.750E+06 3.135E+03 1.102E+17 2.787E+03 1.171E+04 6.410E+07 3.870E-14 4.282E-10 2.840E-08 2.477E-03 3.583E-05 2.347E-07 3.738E-06 1.175E+15 2.272E+07 1.882E+01 3.038E-07 2.540E-08 2.061E-10 1.032E-10 9.015E-11 3.728E-12 4.289E-13 8.231E-11 2.290E-15 2.431E-18 1.627E-12 3.612E-09 6.689E-13 7.112E-07 1.310E-07 1.290E-10
   3.850E+06 2.657E+03 9.488E+16 2.123E+03 1.223E+04 4.950E+07 5.747E-14 4.650E-10 3.486E-08 2.536E-03 3.640E-05 2.057E-07 3.699E-06 1.012E+15 2.272E+07 1.676E+01 3.102E-07 2.708E-08 2.395E-10 1.180E-10 8.117E-11 2.782E-12 6.689E-13 9.542E-11 1.531E-15 9.852E-19 1.092E-12 4.204E-09 1.039E-12 7.648E-07 1.226E-07 9.911E-11
   3.950E+06 2.247E+03 8.144E+16 1.586E+03 1.265E+04 3.755E+07 8.473E-14 5.070E-10 4.250E-08 2.581E-03 3.685E-05 1.787E-07 3.655E-06 8.682E+14 2.271E+07 1.469E+01 3.164E-07 2.887E-08 2.789E-10 1.356E-10 7.448E-11 2.162E-12 1.039E-12 1.117E-10 1.058E-15 4.293E-19 7.618E-13 4.850E-09 1.615E-12 8.224E-07 1.145E-07 7.719E-11
   4.050E+06 1.896E+03 6.964E+16 1.157E+03 1.290E+04 2.786E+07 1.411E-13 5.545E-10 5.136E-08 2.611E-03 3.721E-05 1.532E-07 3.606E-06 7.424E+14 2.263E+07 1.265E+01 3.225E-07 3.076E-08 3.249E-10 1.564E-10 6.960E-11 1.752E-12 1.615E-12 1.312E-10 7.538E-16 1.995E-19 5.487E-13 5.561E-09 2.508E-12 8.843E-07 1.067E-07 6.084E-11
   4.150E+06 1.597E+03 5.935E+16 8.240E+02 1.299E+04 2.019E+07 3.046E-13 6.086E-10 6.161E-08 2.619E-03 3.748E-05 1.299E-07 3.553E-06 6.327E+14 2.248E+07 1.068E+01 3.283E-07 3.275E-08 3.788E-10 1.809E-10 6.613E-11 1.483E-12 2.508E-12 1.544E-10 5.550E-16 9.944E-20 4.092E-13 6.342E-09 3.895E-12 9.511E-07 9.875E-08 4.843E-11
   4.250E+06 1.342E+03 5.044E+16 5.745E+02 1.303E+04 1.435E+07 8.492E-13 6.698E-10 7.393E-08 2.617E-03 3.770E-05 1.087E-07 3.494E-06 5.377E+14 2.235E+07 8.878E+00 3.340E-07 3.481E-08 4.430E-10 2.101E-10 6.379E-11 1.315E-12 3.895E-12 1.830E-10 4.247E-16 5.364E-20 3.183E-13 7.182E-09 6.082E-12 1.023E-06 9.071E-08 3.892E-11
   4.350E+06 1.125E+03 4.275E+16 3.914E+02 1.325E+04 9.977E+06 2.493E-12 7.395E-10 9.030E-08 2.610E-03 3.786E-05 8.943E-08 3.432E-06 4.557E+14 2.240E+07 7.241E+00 3.394E-07 3.693E-08 5.239E-10 2.473E-10 6.235E-11 1.229E-12 6.082E-12 2.211E-10 3.409E-16 3.175E-20 2.613E-13 8.045E-09 9.574E-12 1.099E-06 8.251E-08 3.160E-11
   4.450E+06 9.421E+02 3.615E+16 2.593E+02 1.398E+04 6.755E+06 6.694E-12 8.197E-10 1.149E-07 2.598E-03 3.799E-05 7.192E-08 3.364E-06 3.854E+14 2.289E+07 5.766E+00 3.447E-07 3.908E-08 6.333E-10 2.979E-10 6.159E-11 1.221E-12 9.574E-12 2.771E-10 2.920E-16 2.120E-20 2.309E-13 8.843E-09 1.528E-11 1.180E-06 7.408E-08 2.585E-11
   4.550E+06 7.875E+02 3.051E+16 1.667E+02 1.552E+04 4.444E+06 1.578E-11 9.133E-10 1.546E-07 2.583E-03 3.809E-05 5.640E-08 3.291E-06 3.252E+14 2.403E+07 4.475E+00 3.497E-07 4.126E-08 7.876E-10 3.698E-10 6.133E-11 1.292E-12 1.528E-11 3.634E-10 2.702E-16 1.617E-20 2.209E-13 9.520E-09 2.488E-11 1.267E-06 6.539E-08 2.124E-11
   4.650E+06 6.572E+02 2.568E+16 1.048E+02 1.799E+04 2.862E+06 3.269E-11 1.025E-09 2.181E-07 2.568E-03 3.816E-05 4.341E-08 3.212E-06 2.737E+14 2.578E+07 3.415E+00 3.546E-07 4.346E-08 1.004E-09 4.711E-10 6.142E-11 1.432E-12 2.488E-11 4.929E-10 2.675E-16 1.371E-20 2.236E-13 1.013E-08 4.141E-11 1.360E-06 5.666E-08 1.753E-11
   4.750E+06 5.477E+02 2.155E+16 6.542E+01 2.115E+04 1.829E+06 6.031E-11 1.161E-09 3.141E-07 2.554E-03 3.823E-05 3.323E-08 3.126E-06 2.296E+14 2.787E+07 2.605E+00 3.592E-07 4.566E-08 1.293E-09 6.070E-10 6.176E-11 1.615E-12 4.141E-11 6.742E-10 2.734E-16 1.205E-20 2.296E-13 1.084E-08 6.997E-11 1.459E-06 4.809E-08 1.449E-11
   4.850E+06 4.560E+02 1.804E+16 4.129E+01 2.451E+04 1.179E+06 1.006E-10 1.326E-09 4.481E-07 2.542E-03 3.828E-05 2.571E-08 3.032E-06 1.923E+14 2.993E+07 2.020E+00 3.637E-07 4.788E-08 1.659E-09 7.781E-10 6.228E-11 1.802E-12 6.997E-11 9.096E-10 2.783E-16 1.036E-20 2.309E-13 1.180E-08 1.195E-10 1.566E-06 3.990E-08 1.195E-11
   4.950E+06 3.793E+02 1.507E+16 2.654E+01 2.741E+04 7.704E+05 1.539E-10 1.524E-09 6.212E-07 2.533E-03 3.832E-05 2.018E-08 2.928E-06 1.606E+14 3.161E+07 1.607E+00 3.679E-07 5.011E-08 2.098E-09 9.823E-10 6.293E-11 1.955E-12 1.195E-10 1.190E-09 2.714E-16 8.201E-21 2.214E-13 1.317E-08 2.036E-10 1.680E-06 3.240E-08 9.805E-12
   5.050E+06 3.153E+02 1.258E+16 1.749E+01 2.935E+04 5.132E+05 2.190E-10 1.756E-09 8.290E-07 2.524E-03 3.836E-05 1.617E-08 2.815E-06 1.340E+14 3.270E+07 1.318E+00 3.720E-07 5.237E-08 2.600E-09 1.212E-09 6.364E-11 2.049E-12 2.036E-10 1.502E-09 2.517E-16 5.947E-21 2.018E-13 1.501E-08 3.441E-10 1.801E-06 2.578E-08 7.988E-12
   5.150E+06 2.619E+02 1.049E+16 1.179E+01 3.004E+04 3.472E+05 2.934E-10 2.022E-09 1.063E-06 2.513E-03 3.839E-05 1.317E-08 2.693E-06 1.118E+14 3.312E+07 1.112E+00 3.760E-07 5.464E-08 3.156E-09 1.459E-09 6.435E-11 2.070E-12 3.441E-10 1.826E-09 2.205E-16 3.914E-21 1.746E-13 1.743E-08 5.750E-10 1.930E-06 2.019E-08 6.454E-12
   5.250E+06 2.174E+02 8.748E+15 8.116E+00 2.945E+04 2.376E+05 3.738E-10 2.321E-09 1.314E-06 2.502E-03 3.842E-05 1.086E-08 2.562E-06 9.320E+13 3.285E+07 9.632E-01 3.798E-07 5.692E-08 3.755E-09 1.714E-09 6.501E-11 2.016E-12 5.750E-10 2.139E-09 1.820E-16 2.336E-21 1.434E-13 2.053E-08 9.478E-10 2.065E-06 1.566E-08 5.172E-12
   5.350E+06 1.803E+02 7.291E+15 5.683E+00 2.775E+04 1.641E+05 4.569E-10 2.649E-09 1.570E-06 2.489E-03 3.844E-05 9.041E-09 2.424E-06 7.768E+13 3.198E+07 8.536E-01 3.834E-07 5.921E-08 4.386E-09 1.968E-09 6.556E-11 1.894E-12 9.478E-10 2.419E-09 1.422E-16 1.273E-21 1.123E-13 2.442E-08 1.545E-09 2.204E-06 1.209E-08 4.105E-12
   5.450E+06 1.494E+02 6.072E+15 4.031E+00 2.521E+04 1.139E+05 5.398E-10 3.005E-09 1.822E-06 2.475E-03 3.847E-05 7.579E-09 2.279E-06 6.469E+13 3.058E+07 7.719E-01 3.869E-07 6.149E-08 5.036E-09 2.210E-09 6.596E-11 1.716E-12 1.545E-09 2.640E-09 1.049E-16 6.313E-22 8.367E-14 2.933E-08 2.499E-09 2.350E-06 9.309E-09 3.216E-12
   5.550E+06 1.237E+02 5.049E+15 2.884E+00 2.214E+04 7.934E+04 6.204E-10 3.392E-09 2.061E-06 2.463E-03 3.849E-05 6.379E-09 2.127E-06 5.378E+13 2.874E+07 7.106E-01 3.901E-07 6.374E-08 5.692E-09 2.433E-09 6.618E-11 1.494E-12 2.499E-09 2.779E-09 7.274E-17 2.821E-22 5.916E-14 3.563E-08 4.014E-09 2.501E-06 7.158E-09 2.477E-12
   5.650E+06 1.023E+02 4.195E+15 2.079E+00 1.886E+04 5.556E+04 6.972E-10 3.812E-09 2.284E-06 2.451E-03 3.851E-05 5.402E-09 1.969E-06 4.468E+13 2.658E+07 6.651E-01 3.932E-07 6.595E-08 6.336E-09 2.624E-09 6.619E-11 1.251E-12 4.014E-09 2.820E-09 4.769E-17 1.146E-22 3.975E-14 4.375E-08 6.437E-09 2.656E-06 5.520E-09 1.873E-12
   5.750E+06 8.461E+01 3.479E+15 1.507E+00 1.565E+04 3.905E+04 7.697E-10 4.275E-09 2.485E-06 2.443E-03 3.853E-05 4.595E-09 1.810E-06 3.705E+13 2.419E+07 6.317E-01 3.961E-07 6.811E-08 6.953E-09 2.775E-09 6.596E-11 1.002E-12 6.437E-09 2.751E-09 2.945E-17 4.208E-23 2.531E-14 5.450E-08 1.035E-08 2.812E-06 4.289E-09 1.390E-12
   5.850E+06 6.993E+01 2.879E+15 1.096E+00 1.266E+04 2.760E+04 8.388E-10 4.794E-09 2.665E-06 2.439E-03 3.854E-05 3.930E-09 1.650E-06 3.066E+13 2.163E+07 6.085E-01 3.989E-07 7.020E-08 7.511E-09 2.874E-09 6.549E-11 7.648E-13 1.035E-08 2.575E-09 1.708E-17 1.387E-23 1.518E-14 6.919E-08 1.663E-08 2.967E-06 3.358E-09 1.005E-12
   5.950E+06 5.779E+01 2.382E+15 8.026E-01 1.003E+04 1.976E+04 9.099E-10 5.377E-09 2.823E-06 2.435E-03 3.856E-05 3.406E-09 1.491E-06 2.537E+13 1.898E+07 5.958E-01 4.015E-07 7.224E-08 7.967E-09 2.909E-09 6.474E-11 5.559E-13 1.663E-08 2.317E-09 9.448E-18 4.172E-24 8.603E-15 8.959E-08 2.712E-08 3.120E-06 2.649E-09 7.029E-13
   6.050E+06 4.776E+01 1.965E+15 5.960E-01 7.781E+03 1.416E+04 1.008E-09 6.053E-09 2.960E-06 2.442E-03 3.857E-05 2.951E-09 1.338E-06 2.092E+13 1.637E+07 5.984E-01 4.039E-07 7.420E-08 8.333E-09 2.889E-09 6.373E-11 3.811E-13 2.712E-08 2.010E-09 4.953E-18 1.138E-24 4.602E-15 1.191E-07 4.663E-08 3.265E-06 2.111E-09 4.700E-13
   6.150E+06 3.949E+01 1.620E+15 4.590E-01 5.948E+03 9.748E+03 1.202E-09 6.827E-09 3.080E-06 2.449E-03 3.858E-05 2.456E-09 1.192E-06 1.725E+13 1.520E+07 6.276E-01 4.062E-07 7.610E-08 9.380E-09 3.019E-09 6.245E-11 2.620E-13 4.663E-08 1.729E-09 2.685E-18 3.052E-25 2.419E-15 1.548E-07 1.211E-07 3.397E-06 1.701E-09 2.921E-13
   6.250E+06 3.267E+01 1.336E+15 4.234E-01 4.427E+03 9.714E+03 1.635E-09 7.715E-09 3.184E-06 2.460E-03 3.860E-05 2.956E-09 1.041E-06 1.422E+13 1.336E+07 8.053E-01 4.084E-07 7.792E-08 9.999E-09 2.967E-09 6.097E-11 1.141E-13 1.211E-07 1.300E-09 1.271E-18 6.317E-26 1.048E-15 3.281E-07 3.569E-07 3.507E-06 1.387E-09 1.569E-13
   6.350E+06 2.706E+01 1.099E+15 6.818E-01 3.128E+03 3.736E+04 2.537E-09 8.733E-09 3.277E-06 2.478E-03 3.861E-05 1.371E-08 8.685E-07 1.169E+13 2.628E+06 1.893E+00 4.104E-07 7.968E-08 2.391E-09 8.318E-10 5.921E-11 7.643E-15 3.569E-07 5.998E-10 1.739E-19 9.457E-27 3.565E-16 3.478E-06 6.034E-07 3.562E-06 1.144E-09 6.881E-14
   6.450E+06 2.244E+01 9.057E+14 1.066E+00 2.199E+03 8.846E+04 4.184E-09 9.872E-09 3.363E-06 2.497E-03 3.862E-05 3.912E-08 7.219E-07 9.627E+12 7.411E+05 4.332E+00 4.124E-07 8.136E-08 8.183E-10 2.318E-10 5.713E-11 1.036E-15 6.034E-07 2.747E-10 2.398E-20 1.514E-27 1.276E-16 1.840E-05 8.199E-07 3.583E-06 9.539E-10 2.795E-14
   6.550E+06 1.864E+01 7.461E+14 1.252E+00 1.548E+03 1.281E+05 6.844E-09 1.114E-08 3.446E-06 2.519E-03 3.863E-05 6.819E-08 6.020E-07 7.916E+12 3.366E+05 7.431E+00 4.142E-07 8.297E-08 4.512E-10 9.170E-11 5.491E-11 5.154E-16 8.199E-07 1.293E-10 1.014E-20 2.594E-28 4.776E-17 5.277E-05 1.002E-06 3.592E-06 8.029E-10 1.137E-14
   6.650E+06 1.551E+01 6.152E+14 1.252E+00 1.097E+03 1.478E+05 1.071E-08 1.253E-08 3.530E-06 2.542E-03 3.864E-05 9.449E-08 5.049E-07 6.507E+12 1.834E+05 1.077E+01 4.159E-07 8.451E-08 2.981E-10 4.347E-11 5.265E-11 3.782E-16 1.002E-06 6.251E-11 6.158E-21 4.756E-29 1.866E-17 1.127E-04 1.153E-06 3.597E-06 6.819E-10 4.840E-15
   6.750E+06 1.292E+01 5.082E+14 1.140E+00 7.833E+02 1.492E+05 1.594E-08 1.403E-08 3.616E-06 2.564E-03 3.865E-05 1.145E-07 4.262E-07 5.351E+12 1.081E+05 1.411E+01 4.175E-07 8.598E-08 2.128E-10 2.306E-11 5.042E-11 2.966E-16 1.153E-06 3.095E-11 3.969E-21 9.297E-30 7.590E-18 2.018E-04 1.278E-06 3.599E-06 5.844E-10 2.217E-15
   6.850E+06 1.078E+01 4.207E+14 9.843E-01 5.650E+02 1.381E+05 2.267E-08 1.562E-08 3.706E-06 2.584E-03 3.866E-05 1.270E-07 3.624E-07 4.404E+12 6.630E+04 1.736E+01 4.190E-07 8.738E-08 1.576E-10 1.324E-11 4.825E-11 2.354E-16 1.278E-06 1.567E-11 2.589E-21 1.934E-30 3.210E-18 3.214E-04 1.382E-06 3.600E-06 5.054E-10 1.112E-15
   6.950E+06 9.011E+00 3.489E+14 8.250E-01 4.114E+02 1.196E+05 3.115E-08 1.729E-08 3.799E-06 2.603E-03 3.867E-05 1.317E-07 3.104E-07 3.625E+12 4.136E+04 2.054E+01 4.204E-07 8.869E-08 1.186E-10 8.064E-12 4.619E-11 1.873E-16 1.382E-06 8.118E-12 1.692E-21 4.287E-31 1.410E-18 4.707E-04 1.469E-06 3.601E-06 4.410E-10 6.192E-16
   7.050E+06 7.541E+00 2.900E+14 6.846E-01 3.028E+02 9.872E+04 4.168E-08 1.904E-08 3.896E-06 2.619E-03 3.867E-05 1.300E-07 2.680E-07 2.986E+12 2.608E+04 2.381E+01 4.216E-07 8.991E-08 8.994E-11 5.141E-12 4.426E-11 1.493E-16 1.469E-06 4.306E-12 1.112E-21 1.011E-31 6.433E-19 6.475E-04 1.542E-06 3.602E-06 3.884E-10 3.873E-16
   7.150E+06 6.318E+00 2.418E+14 5.708E-01 2.256E+02 7.899E+04 5.457E-08 2.085E-08 3.998E-06 2.630E-03 3.868E-05 1.242E-07 2.334E-07 2.464E+12 1.660E+04 2.738E+01 4.227E-07 9.104E-08 6.864E-11 3.403E-12 4.246E-11 1.195E-16 1.542E-06 2.354E-12 7.378E-22 2.546E-32 3.060E-19 8.484E-04 1.606E-06 3.602E-06 3.452E-10 2.735E-16
   7.250E+06 5.298E+00 2.018E+14 4.773E-01 1.690E+02 6.144E+04 7.011E-08 2.274E-08 4.103E-06 2.641E-03 3.868E-05 1.153E-07 2.041E-07 2.033E+12 1.055E+04 3.143E+01 4.237E-07 9.207E-08 5.229E-11 2.302E-12 4.077E-11 9.582E-17 1.606E-06 1.309E-12 4.905E-22 6.695E-33 1.493E-19 1.079E-03 1.666E-06 3.603E-06 3.084E-10 2.146E-16
   7.350E+06 4.446E+00 1.687E+14 4.001E-01 1.266E+02 4.712E+04 8.860E-08 2.468E-08 4.212E-06 2.649E-03 3.869E-05 1.054E-07 1.782E-07 1.676E+12 6.704E+03 3.613E+01 4.246E-07 9.300E-08 3.974E-11 1.576E-12 3.912E-11 7.688E-17 1.666E-06 7.273E-13 3.274E-22 1.781E-33 7.304E-20 1.348E-03 1.722E-06 3.604E-06 2.757E-10 1.837E-16
   7.450E+06 3.734E+00 1.413E+14 3.355E-01 9.487E+01 3.564E+04 1.104E-07 2.665E-08 4.323E-06 2.656E-03 3.869E-05 9.498E-08 1.553E-07 1.381E+12 4.251E+03 4.155E+01 4.253E-07 9.383E-08 3.010E-11 1.090E-12 3.754E-11 6.178E-17 1.722E-06 4.029E-13 2.194E-22 4.783E-34 3.574E-20 1.660E-03 1.776E-06 3.604E-06 2.465E-10 1.691E-16
   7.550E+06 3.138E+00 1.184E+14 2.812E-01 7.097E+01 2.646E+04 1.362E-07 2.864E-08 4.435E-06 2.662E-03 3.870E-05 8.397E-08 1.352E-07 1.135E+12 2.683E+03 4.782E+01 4.260E-07 9.456E-08 2.267E-11 7.615E-13 3.605E-11 4.970E-17 1.776E-06 2.228E-13 1.473E-22 1.303E-34 1.750E-20 2.017E-03 1.828E-06 3.606E-06 2.204E-10 1.646E-16
   7.650E+06 2.638E+00 9.906E+13 2.355E-01 5.294E+01 1.913E+04 1.668E-07 3.067E-08 4.548E-06 2.672E-03 3.870E-05 7.227E-08 1.175E-07 9.296E+11 1.675E+03 5.513E+01 4.266E-07 9.520E-08 1.691E-11 5.357E-13 3.467E-11 3.996E-17 1.828E-06 1.231E-13 9.849E-23 3.610E-35 8.583E-21 2.419E-03 1.880E-06 3.607E-06 1.972E-10 1.667E-16
   7.750E+06 2.221E+00 8.294E+13 1.978E-01 3.942E+01 1.356E+04 2.039E-07 3.284E-08 4.659E-06 2.683E-03 3.870E-05 6.093E-08 1.020E-07 7.592E+11 1.039E+03 6.381E+01 4.271E-07 9.574E-08 1.253E-11 3.796E-13 3.344E-11 3.220E-17 1.880E-06 6.788E-14 6.595E-23 1.022E-35 4.214E-21 2.868E-03 1.933E-06 3.609E-06 1.765E-10 1.732E-16
   7.850E+06 1.871E+00 6.950E+13 1.672E-01 2.934E+01 9.456E+03 2.495E-07 3.537E-08 4.768E-06 2.694E-03 3.871E-05 5.051E-08 8.853E-08 6.185E+11 6.418E+02 7.431E+01 4.275E-07 9.621E-08 9.235E-12 2.711E-13 3.236E-11 2.606E-17 1.933E-06 3.743E-14 4.438E-23 2.973E-36 2.074E-21 3.366E-03 1.988E-06 3.612E-06 1.582E-10 1.829E-16
   7.950E+06 1.578E+00 5.799E+13 1.416E-01 2.171E+01 6.305E+03 3.065E-07 3.864E-08 4.875E-06 2.712E-03 3.871E-05 4.009E-08 7.679E-08 5.000E+11 3.887E+02 8.730E+01 4.278E-07 9.660E-08 6.703E-12 1.940E-13 3.145E-11 2.102E-17 1.988E-06 2.058E-14 2.938E-23 8.866E-37 1.024E-21 3.914E-03 2.046E-06 3.614E-06 1.419E-10 1.945E-16
   8.050E+06 1.334E+00 4.843E+13 1.205E-01 1.605E+01 4.114E+03 3.772E-07 4.292E-08 4.977E-06 2.719E-03 3.871E-05 3.124E-08 6.659E-08 4.030E+11 2.345E+02 1.030E+02 4.281E-07 9.692E-08 4.841E-12 1.398E-13 3.072E-11 1.704E-17 2.046E-06 1.128E-14 1.954E-23 2.714E-37 5.067E-22 4.512E-03 2.109E-06 3.617E-06 1.274E-10 2.072E-16
   8.150E+06 1.130E+00 4.054E+13 1.027E-01 1.189E+01 2.655E+03 4.630E-07 4.835E-08 5.074E-06 2.723E-03 3.871E-05 2.405E-08 5.778E-08 3.244E+11 1.415E+02 1.212E+02 4.283E-07 9.719E-08 3.491E-12 1.015E-13 3.014E-11 1.391E-17 2.109E-06 6.157E-15 1.311E-23 8.550E-38 2.517E-22 5.156E-03 2.178E-06 3.620E-06 1.146E-10 2.199E-16
   8.250E+06 9.602E-01 3.369E+13 8.616E-02 8.729E+00 1.602E+03 5.633E-07 5.496E-08 5.165E-06 2.728E-03 3.871E-05 1.744E-08 5.017E-08 2.581E+11 8.327E+01 1.420E+02 4.285E-07 9.741E-08 2.472E-12 7.363E-14 2.971E-11 1.126E-17 2.178E-06 3.332E-15 8.527E-24 2.733E-38 1.257E-22 5.844E-03 2.255E-06 3.622E-06 1.033E-10 2.315E-16
   8.350E+06 8.187E-01 2.809E+13 7.134E-02 6.428E+00 9.605E+02 6.738E-07 6.239E-08 5.248E-06 2.732E-03 3.871E-05 1.252E-08 4.361E-08 2.054E+11 4.928E+01 1.634E+02 4.287E-07 9.759E-08 1.754E-12 5.389E-14 2.940E-11 9.172E-18 2.255E-06 1.785E-15 5.601E-24 8.863E-39 6.305E-23 6.571E-03 2.339E-06 3.623E-06 9.324E-11 2.411E-16
   8.450E+06 7.005E-01 2.352E+13 5.810E-02 4.753E+00 5.745E+02 7.898E-07 7.025E-08 5.322E-06 2.736E-03 3.871E-05 8.928E-09 3.798E-08 1.635E+11 2.947E+01 1.837E+02 4.288E-07 9.773E-08 1.253E-12 3.986E-14 2.918E-11 7.522E-18 2.339E-06 9.455E-16 3.721E-24 2.925E-39 3.183E-23 7.330E-03 2.432E-06 3.623E-06 8.437E-11 2.482E-16
   8.550E+06 6.020E-01 1.954E+13 4.606E-02 3.490E+00 3.206E+02 9.063E-07 7.822E-08 5.388E-06 2.743E-03 3.871E-05 5.983E-09 3.315E-08 1.287E+11 1.731E+01 2.029E+02 4.289E-07 9.785E-08 8.861E-13 2.941E-14 2.903E-11 6.086E-18 2.432E-06 4.909E-16 2.376E-24 9.638E-40 1.619E-23 8.116E-03 2.535E-06 3.620E-06 7.653E-11 2.523E-16
   8.650E+06 5.200E-01 1.631E+13 3.591E-02 2.576E+00 1.786E+02 1.017E-06 8.580E-08 5.445E-06 2.749E-03 3.871E-05 3.983E-09 2.901E-08 1.015E+11 1.042E+01 2.186E+02 4.290E-07 9.794E-08 6.391E-13 2.191E-14 2.892E-11 4.948E-18 2.535E-06 2.491E-16 1.531E-24 3.185E-40 8.300E-24 8.925E-03 2.647E-06 3.612E-06 6.961E-11 2.535E-16
   8.750E+06 4.514E-01 1.370E+13 2.764E-02 1.917E+00 1.003E+02 1.119E-06 9.278E-08 5.493E-06 2.755E-03 3.871E-05 2.659E-09 2.548E-08 8.040E+10 6.565E+00 2.302E+02 4.291E-07 9.801E-08 4.793E-13 1.652E-14 2.883E-11 4.050E-18 2.647E-06 1.235E-16 1.001E-24 1.062E-40 4.297E-24 9.748E-03 2.770E-06 3.599E-06 6.352E-11 2.519E-16
   8.850E+06 3.938E-01 1.149E+13 2.097E-02 1.428E+00 5.453E+01 1.211E-06 9.910E-08 5.534E-06 2.762E-03 3.871E-05 1.719E-09 2.247E-08 6.346E+10 4.424E+00 2.386E+02 4.291E-07 9.807E-08 3.851E-13 1.248E-14 2.876E-11 3.292E-18 2.770E-06 5.944E-17 6.425E-25 3.557E-41 2.251E-24 1.059E-02 2.902E-06 3.581E-06 5.816E-11 2.480E-16
   8.950E+06 3.455E-01 9.648E+12 1.575E-02 1.069E+00 2.907E+01 1.291E-06 1.046E-07 5.567E-06 2.770E-03 3.871E-05 1.087E-09 1.990E-08 5.009E+10 3.459E+00 2.437E+02 4.291E-07 9.812E-08 3.585E-13 9.467E-15 2.868E-11 2.668E-18 2.902E-06 2.758E-17 4.090E-25 1.195E-41 1.194E-24 1.143E-02 3.042E-06 3.554E-06 5.344E-11 2.423E-16
   9.050E+06 3.048E-01 8.162E+12 1.182E-02 8.093E-01 1.575E+01 1.360E-06 1.094E-07 5.595E-06 2.779E-03 3.871E-05 6.946E-10 1.772E-08 3.980E+10 3.295E+00 2.453E+02 4.292E-07 9.816E-08 4.038E-13 7.259E-15 2.861E-11 2.178E-18 3.042E-06 1.238E-17 2.649E-25 4.068E-42 6.429E-25 1.229E-02 3.188E-06 3.519E-06 4.929E-11 2.352E-16
   9.150E+06 2.703E-01 6.952E+12 8.890E-03 6.199E-01 8.679E+00 1.418E-06 1.135E-07 5.618E-06 2.782E-03 3.871E-05 4.488E-10 1.587E-08 3.183E+10 3.725E+00 2.441E+02 4.292E-07 9.819E-08 5.359E-13 5.621E-15 2.854E-11 1.790E-18 3.188E-06 5.394E-18 1.744E-25 1.410E-42 3.518E-25 1.315E-02 3.339E-06 3.475E-06 4.566E-11 2.273E-16
   9.250E+06 2.409E-01 5.929E+12 6.684E-03 4.780E-01 4.713E+00 1.468E-06 1.171E-07 5.637E-06 2.783E-03 3.871E-05 2.856E-10 1.430E-08 2.549E+10 4.931E+00 2.413E+02 4.292E-07 9.822E-08 8.317E-13 4.359E-15 2.846E-11 1.467E-18 3.339E-06 2.272E-18 1.139E-25 4.975E-43 1.960E-25 1.403E-02 3.490E-06 3.424E-06 4.247E-11 2.189E-16
   9.350E+06 2.157E-01 5.081E+12 5.041E-03 3.726E-01 2.577E+00 1.506E-06 8.633E-08 5.652E-06 2.785E-03 3.871E-05 1.821E-10 1.297E-08 2.052E+10 6.967E+00 2.363E+02 4.292E-07 9.823E-08 1.371E-12 3.400E-15 2.838E-11 1.206E-18 3.490E-06 9.286E-19 7.499E-26 1.794E-43 1.113E-25 1.490E-02 3.637E-06 3.365E-06 3.968E-11 2.103E-16
   9.450E+06 1.941E-01 4.384E+12 3.841E-03 2.942E-01 1.436E+00 1.540E-06 8.851E-08 5.665E-06 2.787E-03 3.871E-05 1.175E-10 1.185E-08 1.663E+10 9.865E+00 2.305E+02 4.292E-07 9.823E-08 2.250E-12 2.668E-15 2.830E-11 9.984E-19 3.637E-06 3.704E-19 5.019E-26 6.640E-44 6.458E-26 1.579E-02 3.775E-06 3.301E-06 3.722E-11 2.019E-16
   9.550E+06 1.755E-01 3.805E+12 2.954E-03 2.353E-01 8.152E-01 1.568E-06 9.034E-08 5.675E-06 2.788E-03 3.871E-05 7.685E-11 1.090E-08 1.357E+10 1.375E+01 2.238E+02 4.292E-07 9.823E-08 3.614E-12 2.104E-15 2.822E-11 8.319E-19 3.775E-06 1.452E-19 3.409E-26 2.531E-44 3.841E-26 1.668E-02 3.899E-06 3.234E-06 3.506E-11 1.936E-16
   9.650E+06 1.592E-01 3.321E+12 2.294E-03 1.906E-01 4.718E-01 1.592E-06 9.186E-08 5.684E-06 2.790E-03 3.871E-05 5.092E-11 1.010E-08 1.115E+10 1.874E+01 2.165E+02 4.292E-07 9.823E-08 5.643E-12 1.665E-15 2.814E-11 6.976E-19 3.899E-06 5.625E-20 2.349E-26 9.959E-45 2.357E-26 1.758E-02 4.002E-06 3.169E-06 3.316E-11 1.858E-16
   9.750E+06 1.450E-01 2.915E+12 1.801E-03 1.564E-01 2.789E-01 1.612E-06 9.313E-08 5.691E-06 2.792E-03 3.871E-05 3.427E-11 9.429E-09 9.214E+09 2.485E+01 2.088E+02 4.292E-07 9.823E-08 8.525E-12 1.321E-15 2.806E-11 5.890E-19 4.002E-06 2.180E-20 1.645E-26 4.077E-45 1.516E-26 1.848E-02 4.078E-06 3.109E-06 3.148E-11 1.784E-16
   9.850E+06 1.325E-01 2.571E+12 1.429E-03 1.299E-01 1.677E-01 1.629E-06 9.420E-08 5.697E-06 2.793E-03 3.871E-05 2.335E-11 8.868E-09 7.656E+09 3.241E+01 2.010E+02 4.292E-07 9.823E-08 1.260E-11 1.048E-15 2.797E-11 4.999E-19 4.078E-06 8.771E-21 1.165E-26 1.789E-45 1.053E-26 1.939E-02 4.117E-06 3.059E-06 3.000E-11 1.714E-16
   9.950E+06 1.214E-01 2.278E+12 1.145E-03 1.091E-01 1.040E-01 1.643E-06 9.510E-08 5.702E-06 2.795E-03 3.871E-05 1.634E-11 8.402E-09 6.393E+09 4.166E+01 1.930E+02 4.292E-07 9.823E-08 1.829E-11 8.293E-16 2.789E-11 4.264E-19 4.117E-06 4.397E-21 8.341E-27 9.497E-46 8.255E-27 2.031E-02 0.000E+00 3.025E-06 2.869E-11 1.649E-16
