Spectral Irradiance, W m-2 nm-1
values at z =      0.000 km
Columns: wavelength (nm), solar zenith angles (deg.)
    wc, nm      0.000      5.000     10.000     15.000     20.000     25.000     30.000     35.000     40.000     45.000     50.000     55.000     60.000     65.000     70.000     75.000     80.000     85.000
  280.5000  3.807E-06  3.652E-06  3.217E-06  2.593E-06  1.897E-06  1.245E-06  7.213E-07  3.604E-07  1.507E-07  5.066E-08  1.318E-08  2.713E-09  6.295E-10  2.987E-10  2.206E-10  1.783E-10  1.420E-10  1.005E-10
  281.5000  2.095E-05  2.016E-05  1.794E-05  1.471E-05  1.103E-05  7.485E-06  4.530E-06  2.395E-06  1.075E-06  3.962E-07  1.156E-07  2.719E-08  6.810E-09  3.119E-09  2.248E-09  1.805E-09  1.435E-09  1.016E-09
  282.5000  6.203E-05  5.986E-05  5.373E-05  4.469E-05  3.424E-05  2.392E-05  1.504E-05  8.343E-06  3.986E-06  1.588E-06  5.115E-07  1.347E-07  3.624E-08  1.614E-08  1.133E-08  9.031E-09  7.166E-09  5.073E-09
  283.5000  1.137E-04  1.099E-04  9.923E-05  8.335E-05  6.474E-05  4.609E-05  2.969E-05  1.701E-05  8.457E-06  3.545E-06  1.217E-06  3.445E-07  9.716E-08  4.252E-08  2.927E-08  2.318E-08  1.836E-08  1.300E-08
  284.5000  2.080E-04  2.018E-04  1.840E-04  1.573E-04  1.253E-04  9.233E-05  6.221E-05  3.774E-05  2.019E-05  9.291E-06  3.583E-06  1.161E-06  3.617E-07  1.553E-07  1.024E-07  7.985E-08  6.294E-08  4.455E-08
  285.5000  2.033E-04  1.977E-04  1.817E-04  1.573E-04  1.277E-04  9.653E-05  6.724E-05  4.257E-05  2.405E-05  1.185E-05  4.977E-06  1.780E-06  5.991E-07  2.555E-07  1.623E-07  1.246E-07  9.771E-08  6.909E-08
  286.5000  9.012E-04  8.781E-04  8.116E-04  7.097E-04  5.846E-04  4.507E-04  3.221E-04  2.107E-04  1.241E-04  6.446E-05  2.890E-05  1.114E-05  3.989E-06  1.703E-06  1.047E-06  7.912E-07  6.173E-07  4.361E-07
  287.5000  1.744E-03  1.703E-03  1.584E-03  1.401E-03  1.173E-03  9.240E-04  6.795E-04  4.611E-04  2.845E-04  1.566E-04  7.546E-05  3.163E-05  1.218E-05  5.255E-06  3.110E-06  2.299E-06  1.779E-06  1.254E-06
  288.5000  2.684E-03  2.627E-03  2.461E-03  2.203E-03  1.877E-03  1.514E-03  1.149E-03  8.108E-04  5.259E-04  3.083E-04  1.606E-04  7.371E-05  3.087E-05  1.363E-05  7.749E-06  5.547E-06  4.240E-06  2.977E-06
  289.5000  6.330E-03  6.206E-03  5.844E-03  5.276E-03  4.552E-03  3.736E-03  2.897E-03  2.104E-03  1.415E-03  8.674E-04  4.775E-04  2.337E-04  1.041E-04  4.709E-05  2.605E-05  1.811E-05  1.367E-05  9.559E-06
  290.5000  1.245E-02  1.223E-02  1.156E-02  1.051E-02  9.170E-03  7.635E-03  6.033E-03  4.487E-03  3.109E-03  1.979E-03  1.141E-03  5.894E-04  2.767E-04  1.285E-04  6.968E-05  4.705E-05  3.503E-05  2.438E-05
  291.5000  1.754E-02  1.724E-02  1.639E-02  1.503E-02  1.326E-02  1.122E-02  9.058E-03  6.922E-03  4.961E-03  3.295E-03  2.001E-03  1.099E-03  5.493E-04  2.649E-04  1.414E-04  9.194E-05  6.704E-05  4.627E-05
  292.5000  2.169E-02  2.135E-02  2.037E-02  1.881E-02  1.677E-02  1.438E-02  1.181E-02  9.224E-03  6.797E-03  4.673E-03  2.961E-03  1.710E-03  9.005E-04  4.502E-04  2.388E-04  1.501E-04  1.069E-04  7.314E-05
  293.5000  3.345E-02  3.298E-02  3.158E-02  2.934E-02  2.640E-02  2.293E-02  1.914E-02  1.526E-02  1.154E-02  8.199E-03  5.406E-03  3.273E-03  1.813E-03  9.428E-04  5.011E-04  3.047E-04  2.111E-04  1.426E-04
  294.5000  3.886E-02  3.835E-02  3.683E-02  3.440E-02  3.117E-02  2.734E-02  2.311E-02  1.873E-02  1.446E-02  1.053E-02  7.162E-03  4.497E-03  2.593E-03  1.394E-03  7.462E-04  4.425E-04  2.983E-04  1.989E-04
  295.5000  5.798E-02  5.727E-02  5.518E-02  5.181E-02  4.733E-02  4.194E-02  3.595E-02  2.964E-02  2.338E-02  1.749E-02  1.229E-02  8.029E-03  4.837E-03  2.706E-03  1.471E-03  8.522E-04  5.549E-04  3.629E-04
  296.5000  6.561E-02  6.487E-02  6.266E-02  5.910E-02  5.433E-02  4.857E-02  4.210E-02  3.522E-02  2.827E-02  2.163E-02  1.562E-02  1.054E-02  6.586E-03  3.816E-03  2.112E-03  1.206E-03  7.597E-04  4.863E-04
  297.5000  8.607E-02  8.516E-02  8.246E-02  7.808E-02  7.218E-02  6.503E-02  5.692E-02  4.822E-02  3.932E-02  3.067E-02  2.268E-02  1.575E-02  1.017E-02  6.090E-03  3.443E-03  1.950E-03  1.190E-03  7.430E-04
  298.5000  7.458E-02  7.384E-02  7.163E-02  6.805E-02  6.322E-02  5.732E-02  5.059E-02  4.331E-02  3.579E-02  2.837E-02  2.140E-02  1.523E-02  1.011E-02  6.232E-03  3.598E-03  2.034E-03  1.208E-03  7.344E-04
  299.5000  1.232E-01  1.221E-01  1.186E-01  1.131E-01  1.055E-01  9.626E-02  8.563E-02  7.404E-02  6.195E-02  4.987E-02  3.835E-02  2.792E-02  1.905E-02  1.208E-02  7.143E-03  4.053E-03  2.347E-03  1.383E-03
  300.5000  9.179E-02  9.097E-02  8.854E-02  8.458E-02  7.921E-02  7.260E-02  6.498E-02  5.661E-02  4.782E-02  3.895E-02  3.039E-02  2.251E-02  1.568E-02  1.017E-02  6.131E-03  3.500E-03  1.991E-03  1.141E-03
  301.5000  1.422E-01  1.410E-01  1.375E-01  1.317E-01  1.238E-01  1.140E-01  1.027E-01  9.024E-02  7.702E-02  6.355E-02  5.037E-02  3.803E-02  2.710E-02  1.804E-02  1.114E-02  6.437E-03  3.604E-03  1.994E-03
  302.5000  1.507E-01  1.495E-01  1.459E-01  1.400E-01  1.319E-01  1.219E-01  1.103E-01  9.746E-02  8.375E-02  6.969E-02  5.581E-02  4.268E-02  3.087E-02  2.090E-02  1.312E-02  7.655E-03  4.252E-03  2.293E-03
  303.5000  2.126E-01  2.109E-01  2.061E-01  1.981E-01  1.873E-01  1.738E-01  1.580E-01  1.405E-01  1.217E-01  1.023E-01  8.294E-02  6.439E-02  4.743E-02  3.278E-02  2.104E-02  1.246E-02  6.884E-03  3.596E-03
  304.5000  2.084E-01  2.069E-01  2.022E-01  1.947E-01  1.843E-01  1.714E-01  1.564E-01  1.396E-01  1.215E-01  1.027E-01  8.385E-02  6.565E-02  4.886E-02  3.418E-02  2.221E-02  1.328E-02  7.324E-03  3.752E-03
  305.5000  2.342E-01  2.326E-01  2.276E-01  2.195E-01  2.083E-01  1.945E-01  1.782E-01  1.599E-01  1.402E-01  1.195E-01  9.862E-02  7.824E-02  5.916E-02  4.217E-02  2.797E-02  1.702E-02  9.415E-03  4.691E-03
  306.5000  2.283E-01  2.267E-01  2.219E-01  2.142E-01  2.035E-01  1.903E-01  1.747E-01  1.572E-01  1.382E-01  1.183E-01  9.804E-02  7.822E-02  5.954E-02  4.278E-02  2.862E-02  1.755E-02  9.723E-03  4.784E-03
  307.5000  2.885E-01  2.866E-01  2.809E-01  2.715E-01  2.585E-01  2.424E-01  2.233E-01  2.019E-01  1.785E-01  1.539E-01  1.287E-01  1.038E-01  8.011E-02  5.849E-02  3.985E-02  2.489E-02  1.391E-02  6.705E-03
  308.5000  3.070E-01  3.050E-01  2.990E-01  2.892E-01  2.756E-01  2.587E-01  2.388E-01  2.162E-01  1.916E-01  1.657E-01  1.390E-01  1.126E-01  8.733E-02  6.415E-02  4.400E-02  2.766E-02  1.550E-02  7.417E-03
  309.5000  2.481E-01  2.465E-01  2.418E-01  2.341E-01  2.234E-01  2.095E-01  1.944E-01  1.766E-01  1.571E-01  1.365E-01  1.152E-01  9.403E-02  7.357E-02  5.462E-02  3.795E-02  2.417E-02  1.367E-02  6.474E-03
  310.5000  3.175E-01  3.155E-01  3.096E-01  2.999E-01  2.866E-01  2.699E-01  2.501E-01  2.277E-01  2.032E-01  1.771E-01  1.502E-01  1.232E-01  9.700E-02  7.258E-02  5.088E-02  3.272E-02  1.864E-02  8.777E-03
  311.5000  3.921E-01  3.897E-01  3.826E-01  3.708E-01  3.546E-01  3.342E-01  3.101E-01  2.828E-01  2.528E-01  2.209E-01  1.878E-01  1.546E-01  1.222E-01  9.194E-02  6.484E-02  4.197E-02  2.403E-02  1.128E-02
  312.5000  3.556E-01  3.535E-01  3.472E-01  3.367E-01  3.224E-01  3.044E-01  2.830E-01  2.588E-01  2.321E-01  2.036E-01  1.740E-01  1.441E-01  1.148E-01  8.717E-02  6.217E-02  4.077E-02  2.361E-02  1.106E-02
  313.5000  3.962E-01  3.939E-01  3.869E-01  3.754E-01  3.595E-01  3.396E-01  3.159E-01  2.891E-01  2.595E-01  2.279E-01  1.950E-01  1.617E-01  1.291E-01  9.821E-02  7.021E-02  4.614E-02  2.678E-02  1.253E-02
  314.5000  3.719E-01  3.698E-01  3.634E-01  3.528E-01  3.382E-01  3.199E-01  2.982E-01  2.735E-01  2.462E-01  2.169E-01  1.864E-01  1.555E-01  1.249E-01  9.580E-02  6.917E-02  4.600E-02  2.701E-02  1.266E-02
  315.5000  3.799E-01  3.778E-01  3.712E-01  3.605E-01  3.457E-01  3.271E-01  3.050E-01  2.798E-01  2.520E-01  2.223E-01  1.912E-01  1.595E-01  1.283E-01  9.853E-02  7.124E-02  4.743E-02  2.788E-02  1.306E-02
  316.5000  3.603E-01  3.583E-01  3.523E-01  3.423E-01  3.285E-01  3.111E-01  2.905E-01  2.670E-01  2.410E-01  2.131E-01  1.839E-01  1.541E-01  1.246E-01  9.628E-02  7.015E-02  4.715E-02  2.799E-02  1.317E-02
  317.5000  5.091E-01  5.062E-01  4.977E-01  4.836E-01  4.641E-01  4.397E-01  4.106E-01  3.774E-01  3.407E-01  3.013E-01  2.601E-01  2.180E-01  1.762E-01  1.362E-01  9.918E-02  6.663E-02  3.952E-02  1.857E-02
  318.5000  3.828E-01  3.807E-01  3.744E-01  3.639E-01  3.496E-01  3.315E-01  3.099E-01  2.854E-01  2.581E-01  2.289E-01  1.981E-01  1.667E-01  1.354E-01  1.052E-01  7.722E-02  5.233E-02  3.136E-02  1.482E-02
  319.5000  4.628E-01  4.603E-01  4.527E-01  4.401E-01  4.228E-01  4.010E-01  3.751E-01  3.455E-01  3.127E-01  2.774E-01  2.403E-01  2.023E-01  1.645E-01  1.280E-01  9.402E-02  6.380E-02  3.828E-02  1.810E-02
  320.5000  5.571E-01  5.540E-01  5.449E-01  5.299E-01  5.092E-01  4.831E-01  4.520E-01  4.165E-01  3.772E-01  3.348E-01  2.903E-01  2.447E-01  1.992E-01  1.552E-01  1.142E-01  7.761E-02  4.666E-02  2.209E-02
  321.5000  4.537E-01  4.513E-01  4.440E-01  4.319E-01  4.153E-01  3.944E-01  3.695E-01  3.409E-01  3.093E-01  2.752E-01  2.393E-01  2.023E-01  1.654E-01  1.295E-01  9.595E-02  6.578E-02  3.995E-02  1.907E-02
  322.5000  4.713E-01  4.687E-01  4.611E-01  4.485E-01  4.310E-01  4.091E-01  3.830E-01  3.531E-01  3.200E-01  2.842E-01  2.467E-01  2.081E-01  1.696E-01  1.323E-01  9.743E-02  6.632E-02  3.992E-02  1.890E-02
  323.5000  4.614E-01  4.590E-01  4.516E-01  4.395E-01  4.228E-01  4.017E-01  3.765E-01  3.478E-01  3.158E-01  2.813E-01  2.449E-01  2.075E-01  1.700E-01  1.334E-01  9.912E-02  6.819E-02  4.158E-02  1.992E-02
  324.5000  5.422E-01  5.393E-01  5.307E-01  5.165E-01  4.969E-01  4.721E-01  4.426E-01  4.088E-01  3.712E-01  3.307E-01  2.879E-01  2.439E-01  1.998E-01  1.568E-01  1.164E-01  8.003E-02  4.875E-02  2.332E-02
  325.5000  6.116E-01  6.083E-01  5.986E-01  5.825E-01  5.604E-01  5.324E-01  4.991E-01  4.609E-01  4.186E-01  3.728E-01  3.245E-01  2.748E-01  2.249E-01  1.764E-01  1.308E-01  8.977E-02  5.457E-02  2.605E-02
  326.5000  7.144E-01  7.107E-01  6.995E-01  6.810E-01  6.554E-01  6.232E-01  5.847E-01  5.407E-01  4.917E-01  4.387E-01  3.828E-01  3.251E-01  2.670E-01  2.104E-01  1.569E-01  1.084E-01  6.651E-02  3.205E-02
  327.5000  6.726E-01  6.691E-01  6.585E-01  6.410E-01  6.169E-01  5.865E-01  5.502E-01  5.086E-01  4.624E-01  4.124E-01  3.596E-01  3.052E-01  2.505E-01  1.970E-01  1.466E-01  1.011E-01  6.178E-02  2.966E-02
  328.5000  6.206E-01  6.174E-01  6.076E-01  5.915E-01  5.693E-01  5.413E-01  5.079E-01  4.695E-01  4.270E-01  3.809E-01  3.322E-01  2.819E-01  2.314E-01  1.821E-01  1.355E-01  9.341E-02  5.709E-02  2.741E-02
  329.5000  7.831E-01  7.790E-01  7.668E-01  7.467E-01  7.190E-01  6.840E-01  6.422E-01  5.943E-01  5.410E-01  4.833E-01  4.222E-01  3.591E-01  2.955E-01  2.333E-01  1.744E-01  1.208E-01  7.436E-02  3.597E-02
  330.5000  7.196E-01  7.158E-01  7.046E-01  6.861E-01  6.606E-01  6.283E-01  5.899E-01  5.457E-01  4.967E-01  4.435E-01  3.873E-01  3.292E-01  2.706E-01  2.134E-01  1.592E-01  1.100E-01  6.748E-02  3.252E-02
  331.5000  7.125E-01  7.088E-01  6.977E-01  6.794E-01  6.541E-01  6.222E-01  5.841E-01  5.404E-01  4.919E-01  4.392E-01  3.836E-01  3.260E-01  2.680E-01  2.112E-01  1.575E-01  1.088E-01  6.669E-02  3.211E-02
  332.5000  6.878E-01  6.842E-01  6.736E-01  6.561E-01  6.319E-01  6.013E-01  5.648E-01  5.230E-01  4.764E-01  4.258E-01  3.723E-01  3.170E-01  2.611E-01  2.063E-01  1.543E-01  1.070E-01  6.591E-02  3.192E-02
  333.5000  6.515E-01  6.481E-01  6.381E-01  6.214E-01  5.985E-01  5.695E-01  5.349E-01  4.952E-01  4.510E-01  4.030E-01  3.523E-01  2.998E-01  2.468E-01  1.948E-01  1.455E-01  1.007E-01  6.186E-02  2.988E-02
  334.5000  7.245E-01  7.208E-01  7.096E-01  6.912E-01  6.657E-01  6.336E-01  5.952E-01  5.511E-01  5.021E-01  4.489E-01  3.925E-01  3.341E-01  2.752E-01  2.174E-01  1.625E-01  1.125E-01  6.921E-02  3.347E-02
  335.5000  7.272E-01  7.234E-01  7.123E-01  6.939E-01  6.684E-01  6.363E-01  5.979E-01  5.539E-01  5.048E-01  4.516E-01  3.951E-01  3.367E-01  2.776E-01  2.195E-01  1.643E-01  1.140E-01  7.028E-02  3.409E-02
  336.5000  5.698E-01  5.669E-01  5.582E-01  5.438E-01  5.239E-01  4.987E-01  4.686E-01  4.341E-01  3.957E-01  3.540E-01  3.097E-01  2.639E-01  2.175E-01  1.720E-01  1.287E-01  8.921E-02  5.494E-02  2.662E-02
  337.5000  6.294E-01  6.262E-01  6.166E-01  6.006E-01  5.786E-01  5.508E-01  5.176E-01  4.794E-01  4.369E-01  3.908E-01  3.419E-01  2.912E-01  2.399E-01  1.895E-01  1.417E-01  9.806E-02  6.026E-02  2.913E-02
  338.5000  6.575E-01  6.542E-01  6.442E-01  6.276E-01  6.047E-01  5.758E-01  5.412E-01  5.015E-01  4.573E-01  4.092E-01  3.583E-01  3.054E-01  2.519E-01  1.993E-01  1.492E-01  1.035E-01  6.375E-02  3.092E-02
  339.5000  7.136E-01  7.100E-01  6.991E-01  6.812E-01  6.564E-01  6.250E-01  5.876E-01  5.446E-01  4.966E-01  4.445E-01  3.893E-01  3.319E-01  2.739E-01  2.167E-01  1.622E-01  1.125E-01  6.936E-02  3.365E-02
  340.5000  7.654E-01  7.615E-01  7.499E-01  7.306E-01  7.040E-01  6.704E-01  6.303E-01  5.841E-01  5.327E-01  4.768E-01  4.175E-01  3.560E-01  2.936E-01  2.322E-01  1.738E-01  1.204E-01  7.413E-02  3.592E-02
  341.5000  6.761E-01  6.726E-01  6.624E-01  6.455E-01  6.220E-01  5.924E-01  5.571E-01  5.164E-01  4.711E-01  4.218E-01  3.695E-01  3.152E-01  2.602E-01  2.059E-01  1.542E-01  1.070E-01  6.593E-02  3.200E-02
  342.5000  7.480E-01  7.442E-01  7.329E-01  7.142E-01  6.883E-01  6.556E-01  6.165E-01  5.716E-01  5.215E-01  4.671E-01  4.093E-01  3.492E-01  2.883E-01  2.282E-01  1.709E-01  1.186E-01  7.309E-02  3.548E-02
  343.5000  7.780E-01  7.741E-01  7.623E-01  7.429E-01  7.160E-01  6.820E-01  6.414E-01  5.947E-01  5.426E-01  4.860E-01  4.259E-01  3.634E-01  3.000E-01  2.375E-01  1.778E-01  1.233E-01  7.593E-02  3.684E-02
  344.5000  5.461E-01  5.434E-01  5.351E-01  5.215E-01  5.026E-01  4.788E-01  4.503E-01  4.175E-01  3.810E-01  3.413E-01  2.990E-01  2.552E-01  2.107E-01  1.667E-01  1.248E-01  8.649E-02  5.322E-02  2.580E-02
  345.5000  7.443E-01  7.405E-01  7.293E-01  7.108E-01  6.852E-01  6.528E-01  6.141E-01  5.695E-01  5.199E-01  4.658E-01  4.084E-01  3.486E-01  2.880E-01  2.281E-01  1.709E-01  1.185E-01  7.302E-02  3.546E-02
  346.5000  6.980E-01  6.945E-01  6.840E-01  6.666E-01  6.426E-01  6.122E-01  5.759E-01  5.342E-01  4.876E-01  4.369E-01  3.830E-01  3.270E-01  2.701E-01  2.138E-01  1.601E-01  1.110E-01  6.829E-02  3.312E-02
  347.5000  6.815E-01  6.781E-01  6.678E-01  6.509E-01  6.275E-01  5.979E-01  5.625E-01  5.218E-01  4.763E-01  4.269E-01  3.743E-01  3.196E-01  2.640E-01  2.091E-01  1.566E-01  1.085E-01  6.677E-02  3.238E-02
  348.5000  7.479E-01  7.441E-01  7.329E-01  7.143E-01  6.887E-01  6.563E-01  6.175E-01  5.729E-01  5.231E-01  4.689E-01  4.112E-01  3.512E-01  2.902E-01  2.298E-01  1.722E-01  1.193E-01  7.343E-02  3.563E-02
  349.5000  6.266E-01  6.234E-01  6.141E-01  5.985E-01  5.771E-01  5.500E-01  5.175E-01  4.802E-01  4.385E-01  3.931E-01  3.448E-01  2.945E-01  2.434E-01  1.928E-01  1.444E-01  1.001E-01  6.156E-02  2.987E-02
  350.5000  8.767E-01  8.723E-01  8.592E-01  8.375E-01  8.076E-01  7.696E-01  7.243E-01  6.721E-01  6.138E-01  5.504E-01  4.828E-01  4.125E-01  3.409E-01  2.701E-01  2.023E-01  1.402E-01  8.624E-02  4.184E-02
  351.5000  7.556E-01  7.518E-01  7.406E-01  7.219E-01  6.961E-01  6.635E-01  6.244E-01  5.795E-01  5.293E-01  4.746E-01  4.164E-01  3.558E-01  2.941E-01  2.331E-01  1.746E-01  1.209E-01  7.436E-02  3.607E-02
  352.5000  6.809E-01  6.776E-01  6.674E-01  6.506E-01  6.274E-01  5.980E-01  5.629E-01  5.224E-01  4.772E-01  4.280E-01  3.756E-01  3.210E-01  2.654E-01  2.103E-01  1.575E-01  1.091E-01  6.710E-02  3.255E-02
  353.5000  8.189E-01  8.148E-01  8.026E-01  7.825E-01  7.546E-01  7.193E-01  6.771E-01  6.285E-01  5.742E-01  5.151E-01  4.521E-01  3.864E-01  3.196E-01  2.533E-01  1.898E-01  1.315E-01  8.082E-02  3.921E-02
  354.5000  8.855E-01  8.811E-01  8.680E-01  8.462E-01  8.161E-01  7.780E-01  7.324E-01  6.799E-01  6.213E-01  5.574E-01  4.893E-01  4.183E-01  3.460E-01  2.743E-01  2.055E-01  1.424E-01  8.752E-02  4.246E-02
  355.5000  8.272E-01  8.231E-01  8.108E-01  7.905E-01  7.624E-01  7.269E-01  6.843E-01  6.354E-01  5.807E-01  5.210E-01  4.574E-01  3.911E-01  3.236E-01  2.566E-01  1.922E-01  1.332E-01  8.183E-02  3.970E-02
  356.5000  7.674E-01  7.635E-01  7.522E-01  7.334E-01  7.073E-01  6.744E-01  6.350E-01  5.896E-01  5.389E-01  4.836E-01  4.247E-01  3.632E-01  3.005E-01  2.383E-01  1.786E-01  1.237E-01  7.597E-02  3.685E-02
  357.5000  6.523E-01  6.491E-01  6.394E-01  6.235E-01  6.014E-01  5.734E-01  5.400E-01  5.014E-01  4.584E-01  4.114E-01  3.613E-01  3.090E-01  2.557E-01  2.028E-01  1.520E-01  1.052E-01  6.463E-02  3.135E-02
  358.5000  5.031E-01  5.006E-01  4.931E-01  4.808E-01  4.638E-01  4.423E-01  4.165E-01  3.868E-01  3.536E-01  3.175E-01  2.788E-01  2.386E-01  1.974E-01  1.566E-01  1.174E-01  8.127E-02  4.990E-02  2.420E-02
  359.5000  8.463E-01  8.421E-01  8.296E-01  8.089E-01  7.804E-01  7.442E-01  7.009E-01  6.510E-01  5.952E-01  5.344E-01  4.695E-01  4.017E-01  3.325E-01  2.638E-01  1.977E-01  1.369E-01  8.402E-02  4.075E-02
  360.5000  7.841E-01  7.802E-01  7.687E-01  7.495E-01  7.231E-01  6.896E-01  6.495E-01  6.034E-01  5.517E-01  4.954E-01  4.353E-01  3.725E-01  3.084E-01  2.447E-01  1.834E-01  1.270E-01  7.792E-02  3.778E-02
  361.5000  7.065E-01  7.030E-01  6.926E-01  6.754E-01  6.516E-01  6.215E-01  5.854E-01  5.439E-01  4.974E-01  4.467E-01  3.925E-01  3.360E-01  2.782E-01  2.208E-01  1.655E-01  1.146E-01  7.029E-02  3.408E-02
  362.5000  8.293E-01  8.252E-01  8.130E-01  7.928E-01  7.649E-01  7.296E-01  6.874E-01  6.386E-01  5.841E-01  5.246E-01  4.611E-01  3.947E-01  3.269E-01  2.595E-01  1.945E-01  1.346E-01  8.258E-02  4.004E-02
  363.5000  7.374E-01  7.338E-01  7.229E-01  7.050E-01  6.803E-01  6.489E-01  6.113E-01  5.681E-01  5.196E-01  4.668E-01  4.103E-01  3.513E-01  2.910E-01  2.310E-01  1.732E-01  1.199E-01  7.350E-02  3.563E-02
  364.5000  8.041E-01  8.002E-01  7.884E-01  7.689E-01  7.419E-01  7.077E-01  6.668E-01  6.197E-01  5.669E-01  5.093E-01  4.478E-01  3.835E-01  3.177E-01  2.522E-01  1.891E-01  1.308E-01  8.022E-02  3.888E-02
  365.5000  9.795E-01  9.747E-01  9.604E-01  9.367E-01  9.038E-01  8.623E-01  8.125E-01  7.551E-01  6.909E-01  6.208E-01  5.459E-01  4.675E-01  3.874E-01  3.076E-01  2.306E-01  1.596E-01  9.779E-02  4.739E-02
  366.5000  1.036E+00  1.031E+00  1.016E+00  9.909E-01  9.562E-01  9.123E-01  8.597E-01  7.991E-01  7.312E-01  6.571E-01  5.779E-01  4.950E-01  4.102E-01  3.258E-01  2.442E-01  1.690E-01  1.035E-01  5.018E-02
  367.5000  9.834E-01  9.785E-01  9.642E-01  9.404E-01  9.076E-01  8.660E-01  8.161E-01  7.586E-01  6.943E-01  6.240E-01  5.488E-01  4.702E-01  3.898E-01  3.095E-01  2.321E-01  1.606E-01  9.837E-02  4.766E-02
  368.5000  8.635E-01  8.593E-01  8.467E-01  8.259E-01  7.971E-01  7.606E-01  7.168E-01  6.664E-01  6.099E-01  5.482E-01  4.823E-01  4.133E-01  3.426E-01  2.721E-01  2.041E-01  1.412E-01  8.646E-02  4.188E-02
  369.5000  1.035E+00  1.030E+00  1.015E+00  9.903E-01  9.558E-01  9.121E-01  8.597E-01  7.993E-01  7.317E-01  6.577E-01  5.787E-01  4.960E-01  4.113E-01  3.267E-01  2.450E-01  1.695E-01  1.038E-01  5.026E-02
  370.5000  9.390E-01  9.345E-01  9.208E-01  8.982E-01  8.669E-01  8.273E-01  7.799E-01  7.252E-01  6.639E-01  5.969E-01  5.252E-01  4.502E-01  3.734E-01  2.966E-01  2.225E-01  1.539E-01  9.419E-02  4.561E-02
  371.5000  1.074E+00  1.069E+00  1.053E+00  1.027E+00  9.917E-01  9.464E-01  8.922E-01  8.297E-01  7.596E-01  6.831E-01  6.012E-01  5.154E-01  4.275E-01  3.397E-01  2.548E-01  1.762E-01  1.078E-01  5.221E-02
  372.5000  7.931E-01  7.892E-01  7.777E-01  7.587E-01  7.323E-01  6.990E-01  6.590E-01  6.128E-01  5.612E-01  5.047E-01  4.442E-01  3.809E-01  3.160E-01  2.511E-01  1.884E-01  1.303E-01  7.969E-02  3.858E-02
  373.5000  7.166E-01  7.131E-01  7.027E-01  6.856E-01  6.618E-01  6.317E-01  5.956E-01  5.539E-01  5.073E-01  4.563E-01  4.017E-01  3.445E-01  2.858E-01  2.272E-01  1.704E-01  1.179E-01  7.207E-02  3.488E-02
  374.5000  7.862E-01  7.824E-01  7.710E-01  7.522E-01  7.261E-01  6.931E-01  6.536E-01  6.079E-01  5.568E-01  5.009E-01  4.410E-01  3.783E-01  3.139E-01  2.495E-01  1.872E-01  1.295E-01  7.914E-02  3.830E-02
  375.5000  8.868E-01  8.825E-01  8.697E-01  8.485E-01  8.191E-01  7.819E-01  7.373E-01  6.859E-01  6.283E-01  5.652E-01  4.978E-01  4.270E-01  3.544E-01  2.818E-01  2.114E-01  1.462E-01  8.935E-02  4.323E-02
  376.5000  8.852E-01  8.809E-01  8.681E-01  8.470E-01  8.177E-01  7.806E-01  7.362E-01  6.849E-01  6.274E-01  5.645E-01  4.972E-01  4.266E-01  3.541E-01  2.816E-01  2.113E-01  1.461E-01  8.927E-02  4.318E-02
  377.5000  1.054E+00  1.049E+00  1.033E+00  1.008E+00  9.735E-01  9.294E-01  8.765E-01  8.155E-01  7.472E-01  6.724E-01  5.923E-01  5.083E-01  4.220E-01  3.356E-01  2.518E-01  1.741E-01  1.064E-01  5.144E-02
  378.5000  1.148E+00  1.143E+00  1.126E+00  1.099E+00  1.061E+00  1.013E+00  9.553E-01  8.889E-01  8.144E-01  7.330E-01  6.458E-01  5.542E-01  4.603E-01  3.661E-01  2.747E-01  1.899E-01  1.160E-01  5.608E-02
  379.5000  8.491E-01  8.450E-01  8.328E-01  8.126E-01  7.846E-01  7.492E-01  7.067E-01  6.576E-01  6.026E-01  5.424E-01  4.779E-01  4.103E-01  3.407E-01  2.711E-01  2.035E-01  1.406E-01  8.586E-02  4.150E-02
  380.5000  1.021E+00  1.016E+00  1.001E+00  9.770E-01  9.434E-01  9.008E-01  8.498E-01  7.909E-01  7.248E-01  6.525E-01  5.750E-01  4.937E-01  4.101E-01  3.263E-01  2.449E-01  1.693E-01  1.033E-01  4.993E-02
  381.5000  9.589E-01  9.543E-01  9.406E-01  9.178E-01  8.863E-01  8.463E-01  7.984E-01  7.431E-01  6.811E-01  6.132E-01  5.405E-01  4.641E-01  3.856E-01  3.069E-01  2.303E-01  1.592E-01  9.714E-02  4.694E-02
  382.5000  6.388E-01  6.357E-01  6.265E-01  6.114E-01  5.904E-01  5.638E-01  5.320E-01  4.952E-01  4.539E-01  4.087E-01  3.603E-01  3.094E-01  2.571E-01  2.046E-01  1.536E-01  1.062E-01  6.477E-02  3.129E-02
  383.5000  5.607E-01  5.580E-01  5.500E-01  5.367E-01  5.184E-01  4.950E-01  4.671E-01  4.348E-01  3.986E-01  3.590E-01  3.165E-01  2.718E-01  2.259E-01  1.798E-01  1.350E-01  9.333E-02  5.691E-02  2.748E-02
  384.5000  8.412E-01  8.372E-01  8.252E-01  8.053E-01  7.777E-01  7.428E-01  7.009E-01  6.525E-01  5.983E-01  5.388E-01  4.751E-01  4.082E-01  3.393E-01  2.701E-01  2.028E-01  1.402E-01  8.545E-02  4.126E-02
  385.5000  8.320E-01  8.280E-01  8.162E-01  7.965E-01  7.693E-01  7.348E-01  6.934E-01  6.456E-01  5.919E-01  5.332E-01  4.702E-01  4.040E-01  3.359E-01  2.675E-01  2.009E-01  1.388E-01  8.459E-02  4.083E-02
  386.5000  8.479E-01  8.438E-01  8.317E-01  8.117E-01  7.840E-01  7.489E-01  7.067E-01  6.581E-01  6.034E-01  5.436E-01  4.795E-01  4.120E-01  3.426E-01  2.729E-01  2.049E-01  1.416E-01  8.628E-02  4.164E-02
  387.5000  7.877E-01  7.840E-01  7.728E-01  7.542E-01  7.285E-01  6.959E-01  6.568E-01  6.116E-01  5.609E-01  5.053E-01  4.458E-01  3.831E-01  3.186E-01  2.538E-01  1.906E-01  1.317E-01  8.024E-02  3.871E-02
  388.5000  7.894E-01  7.856E-01  7.744E-01  7.558E-01  7.300E-01  6.974E-01  6.582E-01  6.130E-01  5.623E-01  5.066E-01  4.470E-01  3.842E-01  3.196E-01  2.546E-01  1.913E-01  1.322E-01  8.048E-02  3.881E-02
  389.5000  9.952E-01  9.904E-01  9.763E-01  9.529E-01  9.204E-01  8.793E-01  8.300E-01  7.731E-01  7.091E-01  6.391E-01  5.639E-01  4.848E-01  4.033E-01  3.213E-01  2.414E-01  1.668E-01  1.015E-01  4.896E-02
  390.5000  9.772E-01  9.725E-01  9.587E-01  9.357E-01  9.039E-01  8.636E-01  8.152E-01  7.593E-01  6.966E-01  6.278E-01  5.540E-01  4.764E-01  3.964E-01  3.159E-01  2.374E-01  1.640E-01  9.981E-02  4.811E-02
  391.5000  1.159E+00  1.153E+00  1.137E+00  1.110E+00  1.072E+00  1.024E+00  9.671E-01  9.008E-01  8.265E-01  7.450E-01  6.575E-01  5.655E-01  4.706E-01  3.751E-01  2.819E-01  1.948E-01  1.185E-01  5.710E-02
  392.5000  8.689E-01  8.647E-01  8.524E-01  8.321E-01  8.038E-01  7.681E-01  7.251E-01  6.755E-01  6.198E-01  5.588E-01  4.932E-01  4.243E-01  3.531E-01  2.815E-01  2.116E-01  1.462E-01  8.891E-02  4.283E-02
  393.5000  3.776E-01  3.759E-01  3.705E-01  3.617E-01  3.494E-01  3.339E-01  3.152E-01  2.937E-01  2.695E-01  2.430E-01  2.145E-01  1.845E-01  1.536E-01  1.225E-01  9.207E-02  6.361E-02  3.868E-02  1.863E-02
  394.5000  8.884E-01  8.842E-01  8.717E-01  8.509E-01  8.221E-01  7.856E-01  7.418E-01  6.911E-01  6.343E-01  5.719E-01  5.050E-01  4.345E-01  3.617E-01  2.885E-01  2.168E-01  1.498E-01  9.107E-02  4.385E-02
  395.5000  1.143E+00  1.137E+00  1.121E+00  1.095E+00  1.058E+00  1.011E+00  9.543E-01  8.893E-01  8.162E-01  7.360E-01  6.500E-01  5.593E-01  4.658E-01  3.715E-01  2.793E-01  1.929E-01  1.173E-01  5.644E-02
  396.5000  6.709E-01  6.677E-01  6.582E-01  6.426E-01  6.209E-01  5.934E-01  5.604E-01  5.222E-01  4.793E-01  4.323E-01  3.818E-01  3.286E-01  2.737E-01  2.183E-01  1.641E-01  1.134E-01  6.890E-02  3.315E-02
  397.5000  7.740E-01  7.703E-01  7.594E-01  7.414E-01  7.163E-01  6.846E-01  6.466E-01  6.026E-01  5.532E-01  4.990E-01  4.407E-01  3.794E-01  3.160E-01  2.521E-01  1.896E-01  1.310E-01  7.956E-02  3.827E-02
  398.5000  1.330E+00  1.323E+00  1.305E+00  1.274E+00  1.231E+00  1.176E+00  1.111E+00  1.035E+00  9.506E-01  8.576E-01  7.576E-01  6.522E-01  5.434E-01  4.336E-01  3.261E-01  2.253E-01  1.368E-01  6.578E-02
  399.5000  1.383E+00  1.376E+00  1.357E+00  1.325E+00  1.280E+00  1.223E+00  1.156E+00  1.077E+00  9.889E-01  8.922E-01  7.883E-01  6.787E-01  5.656E-01  4.514E-01  3.395E-01  2.346E-01  1.424E-01  6.845E-02
  400.5000  1.453E+00  1.446E+00  1.426E+00  1.392E+00  1.345E+00  1.286E+00  1.215E+00  1.132E+00  1.040E+00  9.383E-01  8.291E-01  7.140E-01  5.950E-01  4.750E-01  3.573E-01  2.468E-01  1.498E-01  7.199E-02
  401.5000  1.495E+00  1.488E+00  1.467E+00  1.432E+00  1.384E+00  1.323E+00  1.250E+00  1.165E+00  1.070E+00  9.655E-01  8.533E-01  7.349E-01  6.126E-01  4.891E-01  3.680E-01  2.542E-01  1.542E-01  7.409E-02
  402.5000  1.552E+00  1.544E+00  1.523E+00  1.487E+00  1.437E+00  1.373E+00  1.297E+00  1.210E+00  1.111E+00  1.003E+00  8.862E-01  7.634E-01  6.364E-01  5.081E-01  3.824E-01  2.642E-01  1.602E-01  7.694E-02
  403.5000  1.420E+00  1.413E+00  1.393E+00  1.360E+00  1.315E+00  1.257E+00  1.188E+00  1.107E+00  1.017E+00  9.179E-01  8.114E-01  6.991E-01  5.829E-01  4.655E-01  3.503E-01  2.420E-01  1.468E-01  7.045E-02
  404.5000  1.392E+00  1.386E+00  1.366E+00  1.334E+00  1.289E+00  1.233E+00  1.165E+00  1.086E+00  9.976E-01  9.005E-01  7.961E-01  6.860E-01  5.721E-01  4.569E-01  3.439E-01  2.376E-01  1.441E-01  6.912E-02
  405.5000  1.446E+00  1.439E+00  1.419E+00  1.386E+00  1.339E+00  1.280E+00  1.210E+00  1.128E+00  1.036E+00  9.357E-01  8.273E-01  7.130E-01  5.947E-01  4.751E-01  3.576E-01  2.471E-01  1.498E-01  7.183E-02
  406.5000  1.362E+00  1.355E+00  1.336E+00  1.305E+00  1.261E+00  1.206E+00  1.140E+00  1.063E+00  9.764E-01  8.816E-01  7.795E-01  6.719E-01  5.605E-01  4.478E-01  3.372E-01  2.330E-01  1.412E-01  6.768E-02
  407.5000  1.373E+00  1.366E+00  1.347E+00  1.315E+00  1.271E+00  1.216E+00  1.149E+00  1.071E+00  9.845E-01  8.890E-01  7.862E-01  6.778E-01  5.655E-01  4.519E-01  3.403E-01  2.351E-01  1.424E-01  6.826E-02
  408.5000  1.528E+00  1.521E+00  1.500E+00  1.465E+00  1.416E+00  1.354E+00  1.280E+00  1.193E+00  1.097E+00  9.904E-01  8.760E-01  7.552E-01  6.302E-01  5.037E-01  3.793E-01  2.621E-01  1.587E-01  7.605E-02
  409.5000  1.498E+00  1.491E+00  1.470E+00  1.436E+00  1.388E+00  1.327E+00  1.254E+00  1.170E+00  1.075E+00  9.711E-01  8.591E-01  7.407E-01  6.182E-01  4.942E-01  3.722E-01  2.572E-01  1.557E-01  7.458E-02
  410.5000  1.299E+00  1.293E+00  1.275E+00  1.245E+00  1.203E+00  1.151E+00  1.088E+00  1.015E+00  9.326E-01  8.424E-01  7.453E-01  6.427E-01  5.365E-01  4.289E-01  3.231E-01  2.233E-01  1.352E-01  6.470E-02
  411.5000  1.561E+00  1.554E+00  1.532E+00  1.496E+00  1.446E+00  1.383E+00  1.307E+00  1.220E+00  1.121E+00  1.013E+00  8.961E-01  7.729E-01  6.453E-01  5.160E-01  3.887E-01  2.686E-01  1.626E-01  7.779E-02
  412.5000  1.547E+00  1.540E+00  1.518E+00  1.483E+00  1.433E+00  1.371E+00  1.296E+00  1.209E+00  1.111E+00  1.004E+00  8.885E-01  7.664E-01  6.400E-01  5.118E-01  3.857E-01  2.665E-01  1.613E-01  7.713E-02
  413.5000  1.500E+00  1.493E+00  1.472E+00  1.438E+00  1.390E+00  1.329E+00  1.257E+00  1.173E+00  1.078E+00  9.740E-01  8.620E-01  7.437E-01  6.211E-01  4.968E-01  3.744E-01  2.587E-01  1.565E-01  7.483E-02
  414.5000  1.541E+00  1.534E+00  1.513E+00  1.477E+00  1.428E+00  1.366E+00  1.292E+00  1.205E+00  1.108E+00  1.001E+00  8.863E-01  7.647E-01  6.388E-01  5.110E-01  3.852E-01  2.662E-01  1.610E-01  7.694E-02
  415.5000  1.474E+00  1.467E+00  1.447E+00  1.413E+00  1.366E+00  1.307E+00  1.235E+00  1.153E+00  1.060E+00  9.579E-01  8.480E-01  7.318E-01  6.114E-01  4.892E-01  3.688E-01  2.549E-01  1.541E-01  7.362E-02
  416.5000  1.604E+00  1.596E+00  1.574E+00  1.538E+00  1.487E+00  1.422E+00  1.345E+00  1.255E+00  1.154E+00  1.043E+00  9.233E-01  7.969E-01  6.658E-01  5.329E-01  4.017E-01  2.776E-01  1.678E-01  8.015E-02
  417.5000  1.466E+00  1.459E+00  1.439E+00  1.405E+00  1.359E+00  1.300E+00  1.229E+00  1.147E+00  1.055E+00  9.536E-01  8.444E-01  7.289E-01  6.091E-01  4.875E-01  3.676E-01  2.541E-01  1.536E-01  7.329E-02
  418.5000  1.477E+00  1.470E+00  1.450E+00  1.416E+00  1.370E+00  1.310E+00  1.239E+00  1.156E+00  1.063E+00  9.613E-01  8.513E-01  7.350E-01  6.143E-01  4.918E-01  3.709E-01  2.563E-01  1.549E-01  7.389E-02
  419.5000  1.526E+00  1.519E+00  1.498E+00  1.463E+00  1.415E+00  1.353E+00  1.280E+00  1.194E+00  1.099E+00  9.932E-01  8.797E-01  7.596E-01  6.349E-01  5.084E-01  3.835E-01  2.650E-01  1.601E-01  7.636E-02
------------------------------------------------------------
Dose rates, W m-2
   1 = UV-B, 280-315 nm                                  
   2 = UV-B*, 280-320 nm                                 
   3 = UV-A, 315-400 nm                                  
   4 = DNA damage, in vitro (Setlow, 1974)               
   5 = UV index (WMO, 1994; Webb et al., 2011)           
   6 = Plant damage (Caldwell, 1971)                     
   7 = Plant damage,Flint&Caldwell,2003,orig.            
   8 = Plant damage,Flint&Caldwell,2003,ext390           
values at z =      0.000 km
Columns: sza, weighting spectra
 sza, deg.          1          2          3          4          5          6          7          8
    0.0000  4.489E+00  6.584E+00  6.514E+01  7.310E-02  4.510E+01  1.785E+00  2.589E+00  3.042E+00
    5.0000  4.456E+00  6.540E+00  6.481E+01  7.221E-02  4.468E+01  1.768E+00  2.568E+00  3.018E+00
   10.0000  4.360E+00  6.408E+00  6.385E+01  6.957E-02  4.344E+01  1.717E+00  2.504E+00  2.948E+00
   15.0000  4.201E+00  6.192E+00  6.225E+01  6.535E-02  4.144E+01  1.634E+00  2.400E+00  2.834E+00
   20.0000  3.985E+00  5.896E+00  6.004E+01  5.977E-02  3.874E+01  1.523E+00  2.260E+00  2.679E+00
   25.0000  3.717E+00  5.527E+00  5.725E+01  5.314E-02  3.544E+01  1.389E+00  2.089E+00  2.489E+00
   30.0000  3.405E+00  5.096E+00  5.390E+01  4.584E-02  3.170E+01  1.236E+00  1.893E+00  2.270E+00
   35.0000  3.057E+00  4.612E+00  5.005E+01  3.825E-02  2.764E+01  1.072E+00  1.680E+00  2.031E+00
   40.0000  2.683E+00  4.088E+00  4.575E+01  3.078E-02  2.344E+01  9.025E-01  1.457E+00  1.778E+00
   45.0000  2.296E+00  3.539E+00  4.106E+01  2.378E-02  1.927E+01  7.354E-01  1.231E+00  1.521E+00
   50.0000  1.906E+00  2.980E+00  3.606E+01  1.758E-02  1.528E+01  5.771E-01  1.012E+00  1.267E+00
   55.0000  1.528E+00  2.429E+00  3.084E+01  1.238E-02  1.165E+01  4.340E-01  8.064E-01  1.025E+00
   60.0000  1.175E+00  1.904E+00  2.552E+01  8.278E-03  8.486E+00  3.107E-01  6.197E-01  8.011E-01
   65.0000  8.581E-01  1.422E+00  2.023E+01  5.266E-03  5.878E+00  2.105E-01  4.568E-01  6.011E-01
   70.0000  5.888E-01  1.001E+00  1.515E+01  3.211E-03  3.854E+00  1.343E-01  3.203E-01  4.285E-01
   75.0000  3.734E-01  6.507E-01  1.047E+01  1.909E-03  2.384E+00  8.070E-02  2.106E-01  2.855E-01
   80.0000  2.131E-01  3.782E-01  6.400E+00  1.127E-03  1.379E+00  4.584E-02  1.261E-01  1.718E-01
   85.0000  1.034E-01  1.811E-01  3.091E+00  6.400E-04  7.141E-01  2.426E-02  6.292E-02  8.503E-02
------------------------------------------------------------
