Spectral Irradiance, W m-2 nm-1
values at z =      0.000 km
Columns: wavelength (nm), solar zenith angles (deg.)
    wc, nm      0.000      5.000     10.000     15.000     20.000     25.000     30.000     35.000     40.000     45.000     50.000     55.000     60.000     65.000     70.000     75.000     80.000     85.000
  120.7000  0.000E+00  0.000E+00  0.000E+00  0.000E+00  0.000E+00  0.000E+00  0.000E+00  0.000E+00  0.000E+00  0.000E+00  0.000E+00  0.000E+00  0.000E+00  0.000E+00  0.000E+00  0.000E+00  0.000E+00  0.000E+00
  121.6500  0.000E+00  0.000E+00  0.000E+00  0.000E+00  0.000E+00  0.000E+00  0.000E+00  0.000E+00  0.000E+00  0.000E+00  0.000E+00  0.000E+00  0.000E+00  0.000E+00  0.000E+00  0.000E+00  0.000E+00  0.000E+00
  122.1000  0.000E+00  0.000E+00  0.000E+00  0.000E+00  0.000E+00  0.000E+00  0.000E+00  0.000E+00  0.000E+00  0.000E+00  0.000E+00  0.000E+00  0.000E+00  0.000E+00  0.000E+00  0.000E+00  0.000E+00  0.000E+00
  122.7000  0.000E+00  0.000E+00  0.000E+00  0.000E+00  0.000E+00  0.000E+00  0.000E+00  0.000E+00  0.000E+00  0.000E+00  0.000E+00  0.000E+00  0.000E+00  0.000E+00  0.000E+00  0.000E+00  0.000E+00  0.000E+00
  123.4500  0.000E+00  0.000E+00  0.000E+00  0.000E+00  0.000E+00  0.000E+00  0.000E+00  0.000E+00  0.000E+00  0.000E+00  0.000E+00  0.000E+00  0.000E+00  0.000E+00  0.000E+00  0.000E+00  0.000E+00  0.000E+00
  124.2000  0.000E+00  0.000E+00  0.000E+00  0.000E+00  0.000E+00  0.000E+00  0.000E+00  0.000E+00  0.000E+00  0.000E+00  0.000E+00  0.000E+00  0.000E+00  0.000E+00  0.000E+00  0.000E+00  0.000E+00  0.000E+00
  125.0000  0.000E+00  0.000E+00  0.000E+00  0.000E+00  0.000E+00  0.000E+00  0.000E+00  0.000E+00  0.000E+00  0.000E+00  0.000E+00  0.000E+00  0.000E+00  0.000E+00  0.000E+00  0.000E+00  0.000E+00  0.000E+00
  125.8000  0.000E+00  0.000E+00  0.000E+00  0.000E+00  0.000E+00  0.000E+00  0.000E+00  0.000E+00  0.000E+00  0.000E+00  0.000E+00  0.000E+00  0.000E+00  0.000E+00  0.000E+00  0.000E+00  0.000E+00  0.000E+00
  126.6000  0.000E+00  0.000E+00  0.000E+00  0.000E+00  0.000E+00  0.000E+00  0.000E+00  0.000E+00  0.000E+00  0.000E+00  0.000E+00  0.000E+00  0.000E+00  0.000E+00  0.000E+00  0.000E+00  0.000E+00  0.000E+00
  127.8000  0.000E+00  0.000E+00  0.000E+00  0.000E+00  0.000E+00  0.000E+00  0.000E+00  0.000E+00  0.000E+00  0.000E+00  0.000E+00  0.000E+00  0.000E+00  0.000E+00  0.000E+00  0.000E+00  0.000E+00  0.000E+00
  129.0000  0.000E+00  0.000E+00  0.000E+00  0.000E+00  0.000E+00  0.000E+00  0.000E+00  0.000E+00  0.000E+00  0.000E+00  0.000E+00  0.000E+00  0.000E+00  0.000E+00  0.000E+00  0.000E+00  0.000E+00  0.000E+00
  129.8500  0.000E+00  0.000E+00  0.000E+00  0.000E+00  0.000E+00  0.000E+00  0.000E+00  0.000E+00  0.000E+00  0.000E+00  0.000E+00  0.000E+00  0.000E+00  0.000E+00  0.000E+00  0.000E+00  0.000E+00  0.000E+00
  131.1500  0.000E+00  0.000E+00  0.000E+00  0.000E+00  0.000E+00  0.000E+00  0.000E+00  0.000E+00  0.000E+00  0.000E+00  0.000E+00  0.000E+00  0.000E+00  0.000E+00  0.000E+00  0.000E+00  0.000E+00  0.000E+00
  133.5000  0.000E+00  0.000E+00  0.000E+00  0.000E+00  0.000E+00  0.000E+00  0.000E+00  0.000E+00  0.000E+00  0.000E+00  0.000E+00  0.000E+00  0.000E+00  0.000E+00  0.000E+00  0.000E+00  0.000E+00  0.000E+00
  136.0000  0.000E+00  0.000E+00  0.000E+00  0.000E+00  0.000E+00  0.000E+00  0.000E+00  0.000E+00  0.000E+00  0.000E+00  0.000E+00  0.000E+00  0.000E+00  0.000E+00  0.000E+00  0.000E+00  0.000E+00  0.000E+00
  141.0000  0.000E+00  0.000E+00  0.000E+00  0.000E+00  0.000E+00  0.000E+00  0.000E+00  0.000E+00  0.000E+00  0.000E+00  0.000E+00  0.000E+00  0.000E+00  0.000E+00  0.000E+00  0.000E+00  0.000E+00  0.000E+00
  150.0000  0.000E+00  0.000E+00  0.000E+00  0.000E+00  0.000E+00  0.000E+00  0.000E+00  0.000E+00  0.000E+00  0.000E+00  0.000E+00  0.000E+00  0.000E+00  0.000E+00  0.000E+00  0.000E+00  0.000E+00  0.000E+00
  160.0000  0.000E+00  0.000E+00  0.000E+00  0.000E+00  0.000E+00  0.000E+00  0.000E+00  0.000E+00  0.000E+00  0.000E+00  0.000E+00  0.000E+00  0.000E+00  0.000E+00  0.000E+00  0.000E+00  0.000E+00  0.000E+00
  167.5000  0.000E+00  0.000E+00  0.000E+00  0.000E+00  0.000E+00  0.000E+00  0.000E+00  0.000E+00  0.000E+00  0.000E+00  0.000E+00  0.000E+00  0.000E+00  0.000E+00  0.000E+00  0.000E+00  0.000E+00  0.000E+00
  172.7000  0.000E+00  0.000E+00  0.000E+00  0.000E+00  0.000E+00  0.000E+00  0.000E+00  0.000E+00  0.000E+00  0.000E+00  0.000E+00  0.000E+00  0.000E+00  0.000E+00  0.000E+00  0.000E+00  0.000E+00  0.000E+00
  176.2000  0.000E+00  0.000E+00  0.000E+00  0.000E+00  0.000E+00  0.000E+00  0.000E+00  0.000E+00  0.000E+00  0.000E+00  0.000E+00  0.000E+00  0.000E+00  0.000E+00  0.000E+00  0.000E+00  0.000E+00  0.000E+00
  177.8000  0.000E+00  0.000E+00  0.000E+00  0.000E+00  0.000E+00  0.000E+00  0.000E+00  0.000E+00  0.000E+00  0.000E+00  0.000E+00  0.000E+00  0.000E+00  0.000E+00  0.000E+00  0.000E+00  0.000E+00  0.000E+00
  179.4000  0.000E+00  0.000E+00  0.000E+00  0.000E+00  0.000E+00  0.000E+00  0.000E+00  0.000E+00  0.000E+00  0.000E+00  0.000E+00  0.000E+00  0.000E+00  0.000E+00  0.000E+00  0.000E+00  0.000E+00  0.000E+00
  181.0000  0.000E+00  0.000E+00  0.000E+00  0.000E+00  0.000E+00  0.000E+00  0.000E+00  0.000E+00  0.000E+00  0.000E+00  0.000E+00  0.000E+00  0.000E+00  0.000E+00  0.000E+00  0.000E+00  0.000E+00  0.000E+00
  182.6500  0.000E+00  0.000E+00  0.000E+00  0.000E+00  0.000E+00  0.000E+00  0.000E+00  0.000E+00  0.000E+00  0.000E+00  0.000E+00  0.000E+00  0.000E+00  0.000E+00  0.000E+00  0.000E+00  0.000E+00  0.000E+00
  184.3500  0.000E+00  0.000E+00  0.000E+00  0.000E+00  0.000E+00  0.000E+00  0.000E+00  0.000E+00  0.000E+00  0.000E+00  0.000E+00  0.000E+00  0.000E+00  0.000E+00  0.000E+00  0.000E+00  0.000E+00  0.000E+00
  186.0500  0.000E+00  0.000E+00  0.000E+00  0.000E+00  0.000E+00  0.000E+00  0.000E+00  0.000E+00  0.000E+00  0.000E+00  0.000E+00  0.000E+00  0.000E+00  0.000E+00  0.000E+00  0.000E+00  0.000E+00  0.000E+00
  187.8000  0.000E+00  0.000E+00  0.000E+00  0.000E+00  0.000E+00  0.000E+00  0.000E+00  0.000E+00  0.000E+00  0.000E+00  0.000E+00  0.000E+00  0.000E+00  0.000E+00  0.000E+00  0.000E+00  0.000E+00  0.000E+00
  189.6000  0.000E+00  0.000E+00  0.000E+00  0.000E+00  0.000E+00  0.000E+00  0.000E+00  0.000E+00  0.000E+00  0.000E+00  0.000E+00  0.000E+00  0.000E+00  0.000E+00  0.000E+00  0.000E+00  0.000E+00  0.000E+00
  191.4000  0.000E+00  0.000E+00  0.000E+00  0.000E+00  0.000E+00  0.000E+00  0.000E+00  0.000E+00  0.000E+00  0.000E+00  0.000E+00  0.000E+00  0.000E+00  0.000E+00  0.000E+00  0.000E+00  0.000E+00  0.000E+00
  193.2500  0.000E+00  0.000E+00  0.000E+00  0.000E+00  0.000E+00  0.000E+00  0.000E+00  0.000E+00  0.000E+00  0.000E+00  0.000E+00  0.000E+00  0.000E+00  0.000E+00  0.000E+00  0.000E+00  0.000E+00  0.000E+00
  195.1500  0.000E+00  0.000E+00  0.000E+00  0.000E+00  0.000E+00  0.000E+00  0.000E+00  0.000E+00  0.000E+00  0.000E+00  0.000E+00  0.000E+00  0.000E+00  0.000E+00  0.000E+00  0.000E+00  0.000E+00  0.000E+00
  197.0500  0.000E+00  0.000E+00  0.000E+00  0.000E+00  0.000E+00  0.000E+00  0.000E+00  0.000E+00  0.000E+00  0.000E+00  0.000E+00  0.000E+00  0.000E+00  0.000E+00  0.000E+00  0.000E+00  0.000E+00  0.000E+00
  199.0000  0.000E+00  0.000E+00  0.000E+00  0.000E+00  0.000E+00  0.000E+00  0.000E+00  0.000E+00  0.000E+00  0.000E+00  0.000E+00  0.000E+00  0.000E+00  0.000E+00  0.000E+00  0.000E+00  0.000E+00  0.000E+00
  201.0000  0.000E+00  0.000E+00  0.000E+00  0.000E+00  0.000E+00  0.000E+00  0.000E+00  0.000E+00  0.000E+00  0.000E+00  0.000E+00  0.000E+00  0.000E+00  0.000E+00  0.000E+00  0.000E+00  0.000E+00  0.000E+00
  203.0500  0.000E+00  0.000E+00  0.000E+00  0.000E+00  0.000E+00  0.000E+00  0.000E+00  0.000E+00  0.000E+00  0.000E+00  0.000E+00  0.000E+00  0.000E+00  0.000E+00  0.000E+00  0.000E+00  0.000E+00  0.000E+00
  205.1500  0.000E+00  0.000E+00  0.000E+00  0.000E+00  0.000E+00  0.000E+00  0.000E+00  0.000E+00  0.000E+00  0.000E+00  0.000E+00  0.000E+00  0.000E+00  0.000E+00  0.000E+00  0.000E+00  0.000E+00  0.000E+00
  207.2665  2.644E-19  2.277E-19  1.446E-19  6.656E-20  2.156E-20  4.697E-21  6.443E-22  5.089E-23  2.059E-24  3.827E-26  4.718E-28  4.336E-29  1.742E-29  9.364E-30  5.485E-30  3.241E-30  1.801E-30  8.285E-31
  209.4295  3.221E-18  2.795E-18  1.816E-18  8.702E-19  2.987E-19  7.036E-20  1.070E-20  9.641E-22  4.621E-23  1.068E-24  1.701E-26  1.686E-27  6.784E-28  3.650E-28  2.139E-28  1.264E-28  7.022E-29  3.225E-29
  211.6460  5.584E-17  4.890E-17  3.268E-17  1.642E-17  6.043E-18  1.564E-18  2.691E-19  2.846E-20  1.675E-21  5.055E-23  1.120E-24  1.261E-25  5.121E-26  2.765E-26  1.624E-26  9.600E-27  5.332E-27  2.444E-27
  213.9100  4.342E-16  3.830E-16  2.618E-16  1.367E-16  5.318E-17  1.485E-17  2.821E-18  3.390E-19  2.351E-20  8.764E-22  2.486E-23  3.031E-24  1.233E-24  6.665E-25  3.918E-25  2.318E-25  1.287E-25  5.886E-26
  216.2225  3.467E-15  3.084E-15  2.162E-15  1.178E-15  4.881E-16  1.484E-16  3.153E-17  4.376E-18  3.653E-19  1.734E-20  6.573E-22  8.952E-23  3.666E-23  1.987E-23  1.171E-23  6.936E-24  3.850E-24  1.756E-24
  218.5855  6.023E-14  5.412E-14  3.912E-14  2.248E-14  1.006E-14  3.395E-15  8.272E-16  1.371E-16  1.441E-17  9.266E-19  4.924E-20  8.190E-21  3.409E-21  1.859E-21  1.101E-21  6.541E-22  3.634E-22  1.653E-22
  221.0010  5.889E-13  5.338E-13  3.961E-13  2.381E-13  1.137E-13  4.196E-14  1.149E-14  2.216E-15  2.834E-16  2.356E-17  1.739E-18  3.185E-19  1.339E-19  7.330E-20  4.356E-20  2.598E-20  1.445E-20  6.548E-21
  223.4705  6.882E-12  6.292E-12  4.792E-12  3.011E-12  1.535E-12  6.185E-13  1.902E-13  4.265E-14  6.634E-15  7.126E-16  7.069E-17  1.458E-17  6.189E-18  3.398E-18  2.028E-18  1.215E-18  6.776E-19  3.059E-19
  225.9960  6.947E-11  6.414E-11  5.035E-11  3.332E-11  1.831E-11  8.179E-12  2.881E-12  7.707E-13  1.510E-13  2.194E-14  3.051E-15  7.357E-16  3.182E-16  1.755E-16  1.055E-16  6.362E-17  3.565E-17  1.604E-17
  228.5790  7.166E-10  6.676E-10  5.386E-10  3.735E-10  2.198E-10  1.078E-10  4.297E-11  1.350E-11  3.263E-12  6.207E-13  1.145E-13  3.142E-14  1.377E-14  7.610E-15  4.598E-15  2.796E-15  1.577E-15  7.080E-16
  231.2215  5.425E-09  5.094E-09  4.208E-09  3.038E-09  1.898E-09  1.009E-09  4.473E-10  1.615E-10  4.671E-11  1.110E-11  2.548E-12  7.712E-13  3.400E-13  1.874E-13  1.137E-13  6.969E-14  3.960E-14  1.777E-14
  233.9260  2.567E-08  2.428E-08  2.049E-08  1.535E-08  1.012E-08  5.789E-09  2.828E-09  1.158E-09  3.927E-10  1.129E-10  3.098E-11  1.016E-11  4.485E-12  2.456E-12  1.494E-12  9.234E-13  5.292E-13  2.376E-13
  236.6945  1.635E-07  1.556E-07  1.340E-07  1.040E-07  7.208E-08  4.420E-08  2.364E-08  1.087E-08  4.265E-09  1.450E-09  4.628E-10  1.629E-10  7.182E-11  3.895E-11  2.373E-11  1.479E-11  8.557E-12  3.852E-12
  239.5295  2.494E-06  2.402E-06  2.145E-06  1.770E-06  1.343E-06  9.303E-07  5.833E-07  3.281E-07  1.646E-07  7.399E-08  3.072E-08  1.281E-08  5.898E-09  3.183E-09  1.943E-09  1.229E-09  7.267E-10  3.333E-10
  242.4330  1.637E-04  1.598E-04  1.488E-04  1.317E-04  1.107E-04  8.774E-05  6.529E-05  4.525E-05  2.897E-05  1.701E-05  9.150E-06  4.614E-06  2.298E-06  1.237E-06  7.499E-07  4.823E-07  2.942E-07  1.405E-07
  245.4080  1.065E-04  1.038E-04  9.620E-05  8.452E-05  7.017E-05  5.476E-05  3.990E-05  2.691E-05  1.664E-05  9.345E-06  4.763E-06  2.251E-06  1.059E-06  5.522E-07  3.326E-07  2.137E-07  1.299E-07  6.129E-08
  248.4570  7.795E-05  7.592E-05  7.008E-05  6.117E-05  5.031E-05  3.875E-05  2.775E-05  1.829E-05  1.098E-05  5.936E-06  2.883E-06  1.288E-06  5.748E-07  2.914E-07  1.746E-07  1.121E-07  6.784E-08  3.168E-08
  251.5825  6.507E-05  6.333E-05  5.835E-05  5.076E-05  4.154E-05  3.178E-05  2.255E-05  1.468E-05  8.668E-06  4.583E-06  2.160E-06  9.302E-07  3.999E-07  1.983E-07  1.181E-07  7.565E-08  4.569E-08  2.122E-08
  254.7875  8.935E-05  8.695E-05  8.006E-05  6.958E-05  5.685E-05  4.339E-05  3.068E-05  1.988E-05  1.166E-05  6.099E-06  2.831E-06  1.192E-06  4.990E-07  2.427E-07  1.435E-07  9.177E-08  5.536E-08  2.566E-08
  258.0750  2.030E-04  1.977E-04  1.824E-04  1.591E-04  1.306E-04  1.004E-04  7.157E-05  4.686E-05  2.780E-05  1.474E-05  6.933E-06  2.946E-06  1.232E-06  5.914E-07  3.462E-07  2.207E-07  1.333E-07  6.218E-08
  261.4490  2.147E-04  2.093E-04  1.938E-04  1.701E-04  1.409E-04  1.095E-04  7.929E-05  5.289E-05  3.210E-05  1.749E-05  8.476E-06  3.704E-06  1.571E-06  7.488E-07  4.327E-07  2.748E-07  1.664E-07  7.841E-08
  264.9125  9.366E-04  9.148E-04  8.518E-04  7.546E-04  6.336E-04  5.017E-04  3.718E-04  2.555E-04  1.609E-04  9.163E-05  4.676E-05  2.154E-05  9.483E-06  4.529E-06  2.575E-06  1.623E-06  9.862E-07  4.724E-07
  268.4685  1.926E-03  1.886E-03  1.769E-03  1.586E-03  1.356E-03  1.100E-03  8.415E-04  6.016E-04  3.979E-04  2.407E-04  1.318E-04  6.548E-05  3.064E-05  1.489E-05  8.310E-06  5.173E-06  3.152E-06  1.541E-06
  272.1215  3.640E-03  3.573E-03  3.379E-03  3.072E-03  2.680E-03  2.233E-03  1.768E-03  1.320E-03  9.223E-04  5.962E-04  3.533E-04  1.914E-04  9.672E-05  4.868E-05  2.677E-05  1.634E-05  9.944E-06  4.966E-06
  275.8755  7.087E-03  6.977E-03  6.653E-03  6.139E-03  5.468E-03  4.687E-03  3.849E-03  3.011E-03  2.227E-03  1.545E-03  9.951E-04  5.922E-04  3.276E-04  1.745E-04  9.589E-05  5.695E-05  3.435E-05  1.746E-05
  279.7340  9.745E-03  9.619E-03  9.245E-03  8.646E-03  7.853E-03  6.909E-03  5.869E-03  4.790E-03  3.735E-03  2.762E-03  1.922E-03  1.249E-03  7.565E-04  4.327E-04  2.429E-04  1.408E-04  8.313E-05  4.260E-05
  283.7020  3.660E-02  3.620E-02  3.504E-02  3.316E-02  2.990E-02  2.757E-02  2.412E-02  2.043E-02  1.667E-02  1.304E-02  9.704E-03  6.819E-03  4.497E-03  2.781E-03  1.634E-03  9.411E-04  5.387E-04  2.741E-04
  287.7845  8.650E-02  8.572E-02  8.343E-02  7.969E-02  7.463E-02  6.841E-02  6.126E-02  5.343E-02  4.523E-02  3.698E-02  2.904E-02  2.174E-02  1.540E-02  1.026E-02  6.399E-03  3.764E-03  2.103E-03  1.044E-03
  291.9865  2.066E-01  2.050E-01  2.004E-01  1.927E-01  1.823E-01  1.694E-01  1.544E-01  1.376E-01  1.197E-01  1.011E-01  8.264E-02  6.491E-02  4.862E-02  3.442E-02  2.280E-02  1.398E-02  7.812E-03  3.752E-03
  296.3090  2.456E-01  2.440E-01  2.391E-01  2.311E-01  2.201E-01  2.064E-01  1.903E-01  1.722E-01  1.525E-01  1.318E-01  1.106E-01  8.976E-02  6.988E-02  5.173E-02  3.594E-02  2.302E-02  1.315E-02  6.190E-03
  300.5000  2.499E-01  2.484E-01  2.439E-01  2.364E-01  2.261E-01  2.132E-01  1.980E-01  1.807E-01  1.618E-01  1.416E-01  1.209E-01  9.998E-02  7.967E-02  6.060E-02  4.344E-02  2.874E-02  1.684E-02  7.915E-03
  303.0000  3.590E-01  3.569E-01  3.506E-01  3.402E-01  3.260E-01  3.081E-01  2.869E-01  2.628E-01  2.363E-01  2.081E-01  1.787E-01  1.490E-01  1.199E-01  9.224E-02  6.700E-02  4.497E-02  2.673E-02  1.261E-02
  304.0000  3.373E-01  3.354E-01  3.295E-01  3.199E-01  3.066E-01  2.900E-01  2.702E-01  2.478E-01  2.231E-01  1.967E-01  1.692E-01  1.413E-01  1.140E-01  8.792E-02  6.406E-02  4.315E-02  2.573E-02  1.216E-02
  305.0000  3.805E-01  3.783E-01  3.718E-01  3.610E-01  3.462E-01  3.277E-01  3.056E-01  2.805E-01  2.529E-01  2.234E-01  1.925E-01  1.613E-01  1.304E-01  1.010E-01  7.386E-02  4.999E-02  2.995E-02  1.418E-02
  306.0000  3.164E-01  3.146E-01  3.093E-01  3.004E-01  2.882E-01  2.729E-01  2.547E-01  2.339E-01  2.111E-01  1.866E-01  1.611E-01  1.351E-01  1.095E-01  8.496E-02  6.232E-02  4.230E-02  2.542E-02  1.206E-02
  307.0000  3.577E-01  3.556E-01  3.496E-01  3.397E-01  3.260E-01  3.088E-01  2.884E-01  2.652E-01  2.395E-01  2.120E-01  1.833E-01  1.540E-01  1.250E-01  9.723E-02  7.152E-02  4.870E-02  2.937E-02  1.396E-02
  308.0000  3.722E-01  3.701E-01  3.639E-01  3.536E-01  3.395E-01  3.218E-01  3.007E-01  2.766E-01  2.501E-01  2.216E-01  1.918E-01  1.614E-01  1.313E-01  1.023E-01  7.547E-02  5.155E-02  3.119E-02  1.486E-02
  309.0000  3.616E-01  3.596E-01  3.536E-01  3.437E-01  3.300E-01  3.129E-01  2.925E-01  2.692E-01  2.435E-01  2.159E-01  1.870E-01  1.575E-01  1.283E-01  1.001E-01  7.392E-02  5.057E-02  3.065E-02  1.462E-02
  310.0000  3.145E-01  3.128E-01  3.076E-01  2.990E-01  2.873E-01  2.725E-01  2.549E-01  2.348E-01  2.126E-01  1.887E-01  1.636E-01  1.381E-01  1.126E-01  8.810E-02  6.524E-02  4.477E-02  2.723E-02  1.302E-02
  311.0000  5.033E-01  5.005E-01  4.923E-01  4.787E-01  4.599E-01  4.363E-01  4.083E-01  3.762E-01  3.408E-01  3.026E-01  2.627E-01  2.218E-01  1.811E-01  1.417E-01  1.051E-01  7.219E-02  4.397E-02  2.105E-02
  312.0000  4.184E-01  4.161E-01  4.093E-01  3.980E-01  3.825E-01  3.630E-01  3.398E-01  3.132E-01  2.839E-01  2.523E-01  2.192E-01  1.852E-01  1.514E-01  1.187E-01  8.811E-02  6.065E-02  3.702E-02  1.775E-02
  313.0000  4.363E-01  4.340E-01  4.269E-01  4.152E-01  3.991E-01  3.789E-01  3.548E-01  3.272E-01  2.967E-01  2.639E-01  2.294E-01  1.941E-01  1.588E-01  1.246E-01  9.267E-02  6.390E-02  3.909E-02  1.878E-02
  314.0000  4.642E-01  4.617E-01  4.542E-01  4.418E-01  4.247E-01  4.032E-01  3.777E-01  3.484E-01  3.161E-01  2.812E-01  2.445E-01  2.070E-01  1.694E-01  1.331E-01  9.897E-02  6.829E-02  4.179E-02  2.009E-02
  316.0000  4.307E-01  4.284E-01  4.215E-01  4.101E-01  3.944E-01  3.746E-01  3.511E-01  3.241E-01  2.943E-01  2.621E-01  2.282E-01  1.934E-01  1.586E-01  1.248E-01  9.301E-02  6.433E-02  3.949E-02  1.903E-02
  320.0000  4.980E-01  4.954E-01  4.875E-01  4.745E-01  4.566E-01  4.340E-01  4.070E-01  3.761E-01  3.419E-01  3.049E-01  2.659E-01  2.257E-01  1.855E-01  1.462E-01  1.092E-01  7.572E-02  4.662E-02  2.254E-02
  325.0000  5.891E-01  5.861E-01  5.769E-01  5.617E-01  5.407E-01  5.142E-01  4.827E-01  4.465E-01  4.063E-01  3.628E-01  3.169E-01  2.695E-01  2.218E-01  1.751E-01  1.310E-01  9.098E-02  5.613E-02  2.721E-02
  330.0000  7.085E-01  7.049E-01  6.939E-01  6.758E-01  6.508E-01  6.193E-01  5.817E-01  5.385E-01  4.904E-01  4.384E-01  3.833E-01  3.263E-01  2.688E-01  2.125E-01  1.591E-01  1.105E-01  6.819E-02  3.309E-02
  335.0000  6.624E-01  6.590E-01  6.489E-01  6.321E-01  6.089E-01  5.797E-01  5.447E-01  5.046E-01  4.600E-01  4.115E-01  3.601E-01  3.069E-01  2.531E-01  2.002E-01  1.499E-01  1.041E-01  6.426E-02  3.120E-02
  340.0000  7.153E-01  7.116E-01  7.008E-01  6.828E-01  6.580E-01  6.266E-01  5.892E-01  5.461E-01  4.981E-01  4.460E-01  3.906E-01  3.332E-01  2.750E-01  2.176E-01  1.630E-01  1.132E-01  6.979E-02  3.389E-02
  345.0000  7.034E-01  6.999E-01  6.893E-01  6.717E-01  6.475E-01  6.169E-01  5.803E-01  5.382E-01  4.912E-01  4.401E-01  3.858E-01  3.293E-01  2.720E-01  2.154E-01  1.614E-01  1.120E-01  6.898E-02  3.350E-02
  350.0000  7.363E-01  7.326E-01  7.216E-01  7.034E-01  6.782E-01  6.463E-01  6.082E-01  5.644E-01  5.155E-01  4.622E-01  4.054E-01  3.464E-01  2.863E-01  2.269E-01  1.700E-01  1.178E-01  7.251E-02  3.520E-02
  355.0000  7.784E-01  7.745E-01  7.629E-01  7.438E-01  7.174E-01  6.839E-01  6.439E-01  5.978E-01  5.463E-01  4.902E-01  4.303E-01  3.679E-01  3.044E-01  2.413E-01  1.808E-01  1.253E-01  7.701E-02  3.737E-02
  360.0000  7.120E-01  7.085E-01  6.980E-01  6.806E-01  6.566E-01  6.262E-01  5.898E-01  5.478E-01  5.009E-01  4.497E-01  3.951E-01  3.381E-01  2.799E-01  2.221E-01  1.665E-01  1.153E-01  7.075E-02  3.432E-02
  365.0000  9.057E-01  9.013E-01  8.880E-01  8.661E-01  8.357E-01  7.973E-01  7.512E-01  6.981E-01  6.387E-01  5.739E-01  5.046E-01  4.321E-01  3.581E-01  2.843E-01  2.131E-01  1.475E-01  9.041E-02  4.382E-02
  370.0000  9.422E-01  9.376E-01  9.239E-01  9.012E-01  8.698E-01  8.301E-01  7.824E-01  7.275E-01  6.659E-01  5.987E-01  5.268E-01  4.515E-01  3.744E-01  2.975E-01  2.231E-01  1.543E-01  9.447E-02  4.575E-02
  375.0000  8.516E-01  8.475E-01  8.352E-01  8.148E-01  7.866E-01  7.509E-01  7.081E-01  6.586E-01  6.033E-01  5.427E-01  4.779E-01  4.099E-01  3.402E-01  2.705E-01  2.029E-01  1.403E-01  8.577E-02  4.150E-02
  380.0000  9.795E-01  9.748E-01  9.608E-01  9.375E-01  9.052E-01  8.643E-01  8.153E-01  7.588E-01  6.953E-01  6.259E-01  5.516E-01  4.735E-01  3.933E-01  3.129E-01  2.349E-01  1.624E-01  9.910E-02  4.790E-02
  385.0000  7.389E-01  7.353E-01  7.248E-01  7.073E-01  6.831E-01  6.524E-01  6.157E-01  5.732E-01  5.256E-01  4.734E-01  4.174E-01  3.586E-01  2.981E-01  2.374E-01  1.783E-01  1.232E-01  7.509E-02  3.625E-02
  390.0000  9.653E-01  9.607E-01  9.470E-01  9.243E-01  8.928E-01  8.530E-01  8.052E-01  7.500E-01  6.880E-01  6.200E-01  5.471E-01  4.704E-01  3.914E-01  3.119E-01  2.343E-01  1.619E-01  9.855E-02  4.751E-02
  395.0000  7.491E-01  7.456E-01  7.350E-01  7.175E-01  6.932E-01  6.625E-01  6.255E-01  5.829E-01  5.349E-01  4.824E-01  4.260E-01  3.665E-01  3.052E-01  2.434E-01  1.830E-01  1.264E-01  7.684E-02  3.699E-02
  400.0000  1.391E+00  1.385E+00  1.365E+00  1.333E+00  1.288E+00  1.231E+00  1.163E+00  1.084E+00  9.954E-01  8.981E-01  7.935E-01  6.833E-01  5.694E-01  4.545E-01  3.419E-01  2.362E-01  1.434E-01  6.891E-02
  405.0000  1.419E+00  1.412E+00  1.393E+00  1.360E+00  1.314E+00  1.257E+00  1.187E+00  1.107E+00  1.017E+00  9.181E-01  8.117E-01  6.995E-01  5.834E-01  4.660E-01  3.508E-01  2.423E-01  1.469E-01  7.048E-02
  410.0000  1.464E+00  1.457E+00  1.437E+00  1.403E+00  1.356E+00  1.297E+00  1.226E+00  1.143E+00  1.051E+00  9.491E-01  8.397E-01  7.241E-01  6.044E-01  4.832E-01  3.640E-01  2.515E-01  1.523E-01  7.291E-02
  415.0000  1.526E+00  1.519E+00  1.497E+00  1.462E+00  1.414E+00  1.352E+00  1.279E+00  1.193E+00  1.097E+00  9.913E-01  8.775E-01  7.573E-01  6.326E-01  5.061E-01  3.815E-01  2.637E-01  1.595E-01  7.620E-02
  420.0000  1.540E+00  1.533E+00  1.512E+00  1.477E+00  1.428E+00  1.366E+00  1.292E+00  1.206E+00  1.109E+00  1.003E+00  8.883E-01  7.671E-01  6.413E-01  5.135E-01  3.874E-01  2.678E-01  1.618E-01  7.714E-02
  425.0000  1.471E+00  1.464E+00  1.444E+00  1.410E+00  1.364E+00  1.305E+00  1.235E+00  1.153E+00  1.061E+00  9.596E-01  8.504E-01  7.349E-01  6.148E-01  4.927E-01  3.720E-01  2.572E-01  1.552E-01  7.385E-02
  430.0000  1.357E+00  1.351E+00  1.332E+00  1.302E+00  1.259E+00  1.205E+00  1.140E+00  1.065E+00  9.802E-01  8.871E-01  7.866E-01  6.801E-01  5.695E-01  4.568E-01  3.451E-01  2.387E-01  1.439E-01  6.831E-02
  435.0000  1.576E+00  1.568E+00  1.547E+00  1.511E+00  1.462E+00  1.400E+00  1.325E+00  1.238E+00  1.140E+00  1.032E+00  9.155E-01  7.921E-01  6.637E-01  5.328E-01  4.028E-01  2.787E-01  1.679E-01  7.951E-02
  440.0000  1.621E+00  1.614E+00  1.592E+00  1.556E+00  1.505E+00  1.441E+00  1.364E+00  1.275E+00  1.174E+00  1.064E+00  9.442E-01  8.175E-01  6.854E-01  5.507E-01  4.166E-01  2.884E-01  1.736E-01  8.201E-02
  445.0000  1.742E+00  1.734E+00  1.710E+00  1.671E+00  1.617E+00  1.549E+00  1.466E+00  1.371E+00  1.263E+00  1.145E+00  1.017E+00  8.806E-01  7.389E-01  5.941E-01  4.499E-01  3.116E-01  1.874E-01  8.831E-02
  450.0000  1.853E+00  1.844E+00  1.819E+00  1.778E+00  1.721E+00  1.648E+00  1.561E+00  1.460E+00  1.345E+00  1.220E+00  1.084E+00  9.393E-01  7.887E-01  6.346E-01  4.809E-01  3.333E-01  2.003E-01  9.415E-02
  455.0000  1.813E+00  1.805E+00  1.781E+00  1.741E+00  1.685E+00  1.614E+00  1.529E+00  1.430E+00  1.319E+00  1.196E+00  1.063E+00  9.218E-01  7.746E-01  6.237E-01  4.731E-01  3.280E-01  1.970E-01  9.237E-02
  460.0000  1.867E+00  1.859E+00  1.834E+00  1.793E+00  1.735E+00  1.663E+00  1.575E+00  1.474E+00  1.359E+00  1.233E+00  1.097E+00  9.516E-01  8.001E-01  6.448E-01  4.894E-01  3.395E-01  2.038E-01  9.530E-02
  465.0000  1.846E+00  1.838E+00  1.813E+00  1.773E+00  1.716E+00  1.645E+00  1.558E+00  1.458E+00  1.346E+00  1.221E+00  1.086E+00  9.433E-01  7.936E-01  6.400E-01  4.862E-01  3.375E-01  2.025E-01  9.444E-02
  470.0000  1.836E+00  1.828E+00  1.804E+00  1.764E+00  1.708E+00  1.637E+00  1.551E+00  1.452E+00  1.340E+00  1.216E+00  1.083E+00  9.406E-01  7.918E-01  6.390E-01  4.858E-01  3.374E-01  2.024E-01  9.415E-02
  475.0000  1.859E+00  1.850E+00  1.826E+00  1.785E+00  1.729E+00  1.657E+00  1.571E+00  1.470E+00  1.357E+00  1.233E+00  1.098E+00  9.540E-01  8.036E-01  6.491E-01  4.938E-01  3.432E-01  2.059E-01  9.548E-02
  480.0000  1.914E+00  1.905E+00  1.880E+00  1.838E+00  1.780E+00  1.707E+00  1.618E+00  1.515E+00  1.399E+00  1.271E+00  1.132E+00  9.844E-01  8.297E-01  6.706E-01  5.106E-01  3.551E-01  2.129E-01  9.847E-02
  485.0000  1.739E+00  1.731E+00  1.708E+00  1.670E+00  1.618E+00  1.551E+00  1.471E+00  1.378E+00  1.272E+00  1.156E+00  1.030E+00  8.964E-01  7.559E-01  6.114E-01  4.659E-01  3.242E-01  1.943E-01  8.965E-02
  490.0000  1.811E+00  1.803E+00  1.779E+00  1.740E+00  1.685E+00  1.616E+00  1.532E+00  1.436E+00  1.326E+00  1.206E+00  1.075E+00  9.355E-01  7.894E-01  6.389E-01  4.872E-01  3.393E-01  2.034E-01  9.358E-02
  495.0000  1.845E+00  1.837E+00  1.813E+00  1.773E+00  1.718E+00  1.647E+00  1.562E+00  1.464E+00  1.353E+00  1.230E+00  1.097E+00  9.552E-01  8.064E-01  6.531E-01  4.984E-01  3.473E-01  2.082E-01  9.555E-02
  500.0000  1.762E+00  1.754E+00  1.731E+00  1.693E+00  1.640E+00  1.573E+00  1.492E+00  1.398E+00  1.293E+00  1.176E+00  1.049E+00  9.136E-01  7.718E-01  6.254E-01  4.776E-01  3.330E-01  1.996E-01  9.136E-02
  505.0000  1.792E+00  1.784E+00  1.761E+00  1.722E+00  1.669E+00  1.601E+00  1.519E+00  1.424E+00  1.316E+00  1.197E+00  1.069E+00  9.311E-01  7.869E-01  6.380E-01  4.876E-01  3.402E-01  2.039E-01  9.305E-02
  510.0000  1.777E+00  1.769E+00  1.746E+00  1.708E+00  1.655E+00  1.588E+00  1.506E+00  1.412E+00  1.306E+00  1.188E+00  1.061E+00  9.250E-01  7.821E-01  6.345E-01  4.853E-01  3.388E-01  2.031E-01  9.247E-02
  515.0000  1.648E+00  1.641E+00  1.619E+00  1.584E+00  1.535E+00  1.473E+00  1.397E+00  1.310E+00  1.212E+00  1.103E+00  9.852E-01  8.592E-01  7.269E-01  5.901E-01  4.516E-01  3.156E-01  1.892E-01  8.593E-02
  520.0000  1.695E+00  1.687E+00  1.666E+00  1.629E+00  1.579E+00  1.515E+00  1.438E+00  1.349E+00  1.248E+00  1.136E+00  1.015E+00  8.853E-01  7.493E-01  6.086E-01  4.661E-01  3.259E-01  1.954E-01  8.854E-02
  525.0000  1.702E+00  1.695E+00  1.673E+00  1.637E+00  1.586E+00  1.522E+00  1.445E+00  1.355E+00  1.254E+00  1.142E+00  1.020E+00  8.906E-01  7.541E-01  6.129E-01  4.697E-01  3.286E-01  1.970E-01  8.905E-02
  530.0000  1.796E+00  1.788E+00  1.765E+00  1.727E+00  1.673E+00  1.606E+00  1.525E+00  1.430E+00  1.324E+00  1.206E+00  1.078E+00  9.408E-01  7.969E-01  6.480E-01  4.969E-01  3.479E-01  2.086E-01  9.402E-02
  535.0000  1.741E+00  1.734E+00  1.711E+00  1.674E+00  1.623E+00  1.558E+00  1.479E+00  1.388E+00  1.284E+00  1.170E+00  1.046E+00  9.137E-01  7.743E-01  6.300E-01  4.834E-01  3.386E-01  2.031E-01  9.133E-02
  540.0000  1.743E+00  1.736E+00  1.713E+00  1.676E+00  1.625E+00  1.560E+00  1.481E+00  1.390E+00  1.287E+00  1.172E+00  1.049E+00  9.161E-01  7.766E-01  6.322E-01  4.854E-01  3.403E-01  2.041E-01  9.162E-02
  545.0000  1.770E+00  1.762E+00  1.740E+00  1.702E+00  1.650E+00  1.584E+00  1.504E+00  1.412E+00  1.307E+00  1.191E+00  1.066E+00  9.315E-01  7.900E-01  6.434E-01  4.943E-01  3.468E-01  2.081E-01  9.318E-02
  550.0000  1.776E+00  1.769E+00  1.746E+00  1.708E+00  1.656E+00  1.590E+00  1.510E+00  1.417E+00  1.313E+00  1.197E+00  1.071E+00  9.360E-01  7.942E-01  6.471E-01  4.975E-01  3.492E-01  2.096E-01  9.368E-02
  555.0000  1.764E+00  1.756E+00  1.734E+00  1.697E+00  1.645E+00  1.579E+00  1.500E+00  1.408E+00  1.304E+00  1.190E+00  1.065E+00  9.311E-01  7.904E-01  6.445E-01  4.958E-01  3.484E-01  2.092E-01  9.325E-02
  560.0000  1.721E+00  1.714E+00  1.692E+00  1.656E+00  1.605E+00  1.542E+00  1.464E+00  1.375E+00  1.274E+00  1.162E+00  1.040E+00  9.098E-01  7.726E-01  6.302E-01  4.851E-01  3.410E-01  2.048E-01  9.110E-02
  565.0000  1.726E+00  1.719E+00  1.697E+00  1.660E+00  1.610E+00  1.546E+00  1.469E+00  1.379E+00  1.278E+00  1.166E+00  1.044E+00  9.133E-01  7.758E-01  6.331E-01  4.876E-01  3.430E-01  2.060E-01  9.145E-02
  570.0000  1.717E+00  1.710E+00  1.688E+00  1.652E+00  1.602E+00  1.539E+00  1.462E+00  1.373E+00  1.272E+00  1.161E+00  1.039E+00  9.099E-01  7.732E-01  6.312E-01  4.864E-01  3.423E-01  2.057E-01  9.114E-02
  575.0000  1.747E+00  1.740E+00  1.718E+00  1.681E+00  1.630E+00  1.566E+00  1.488E+00  1.397E+00  1.295E+00  1.182E+00  1.058E+00  9.267E-01  7.878E-01  6.434E-01  4.961E-01  3.494E-01  2.101E-01  9.290E-02
  580.0000  1.718E+00  1.710E+00  1.689E+00  1.653E+00  1.603E+00  1.539E+00  1.463E+00  1.374E+00  1.274E+00  1.163E+00  1.042E+00  9.122E-01  7.758E-01  6.339E-01  4.890E-01  3.447E-01  2.074E-01  9.159E-02
  585.0000  1.718E+00  1.710E+00  1.689E+00  1.653E+00  1.603E+00  1.540E+00  1.463E+00  1.375E+00  1.274E+00  1.163E+00  1.043E+00  9.133E-01  7.769E-01  6.352E-01  4.903E-01  3.458E-01  2.082E-01  9.185E-02
  590.0000  1.657E+00  1.650E+00  1.629E+00  1.595E+00  1.547E+00  1.486E+00  1.412E+00  1.327E+00  1.230E+00  1.123E+00  1.007E+00  8.821E-01  7.507E-01  6.140E-01  4.742E-01  3.347E-01  2.016E-01  8.883E-02
  595.0000  1.692E+00  1.684E+00  1.663E+00  1.628E+00  1.579E+00  1.517E+00  1.442E+00  1.355E+00  1.256E+00  1.147E+00  1.028E+00  9.014E-01  7.673E-01  6.278E-01  4.851E-01  3.426E-01  2.065E-01  9.082E-02
  600.0000  1.652E+00  1.646E+00  1.625E+00  1.590E+00  1.543E+00  1.482E+00  1.409E+00  1.324E+00  1.228E+00  1.121E+00  1.005E+00  8.814E-01  7.505E-01  6.143E-01  4.749E-01  3.356E-01  2.023E-01  8.883E-02
  605.0000  1.672E+00  1.665E+00  1.644E+00  1.609E+00  1.561E+00  1.499E+00  1.425E+00  1.340E+00  1.242E+00  1.135E+00  1.018E+00  8.925E-01  7.602E-01  6.225E-01  4.815E-01  3.404E-01  2.053E-01  9.006E-02
  610.0000  1.648E+00  1.641E+00  1.621E+00  1.586E+00  1.539E+00  1.479E+00  1.406E+00  1.321E+00  1.226E+00  1.120E+00  1.004E+00  8.810E-01  7.506E-01  6.149E-01  4.759E-01  3.368E-01  2.033E-01  8.911E-02
  615.0000  1.607E+00  1.600E+00  1.580E+00  1.546E+00  1.500E+00  1.442E+00  1.371E+00  1.288E+00  1.195E+00  1.092E+00  9.799E-01  8.597E-01  7.327E-01  6.005E-01  4.651E-01  3.293E-01  1.990E-01  8.718E-02
  620.0000  1.628E+00  1.621E+00  1.601E+00  1.567E+00  1.520E+00  1.461E+00  1.389E+00  1.306E+00  1.212E+00  1.107E+00  9.937E-01  8.720E-01  7.435E-01  6.096E-01  4.723E-01  3.347E-01  2.024E-01  8.864E-02
  625.0000  1.591E+00  1.585E+00  1.565E+00  1.532E+00  1.486E+00  1.428E+00  1.358E+00  1.277E+00  1.185E+00  1.083E+00  9.722E-01  8.534E-01  7.278E-01  5.970E-01  4.628E-01  3.282E-01  1.986E-01  8.693E-02
  630.0000  1.592E+00  1.585E+00  1.565E+00  1.533E+00  1.487E+00  1.429E+00  1.359E+00  1.278E+00  1.186E+00  1.084E+00  9.732E-01  8.545E-01  7.289E-01  5.982E-01  4.640E-01  3.293E-01  1.994E-01  8.723E-02
  635.0000  1.579E+00  1.572E+00  1.553E+00  1.520E+00  1.475E+00  1.418E+00  1.348E+00  1.268E+00  1.177E+00  1.076E+00  9.660E-01  8.484E-01  7.240E-01  5.943E-01  4.612E-01  3.276E-01  1.985E-01  8.681E-02
  640.0000  1.559E+00  1.552E+00  1.533E+00  1.501E+00  1.456E+00  1.400E+00  1.331E+00  1.252E+00  1.162E+00  1.063E+00  9.545E-01  8.384E-01  7.157E-01  5.877E-01  4.564E-01  3.243E-01  1.967E-01  8.599E-02
  644.8000  1.548E+00  1.542E+00  1.523E+00  1.491E+00  1.447E+00  1.391E+00  1.323E+00  1.244E+00  1.155E+00  1.056E+00  9.487E-01  8.335E-01  7.117E-01  5.846E-01  4.542E-01  3.230E-01  1.961E-01  8.568E-02
  651.0500  1.527E+00  1.521E+00  1.502E+00  1.471E+00  1.427E+00  1.372E+00  1.305E+00  1.228E+00  1.140E+00  1.042E+00  9.366E-01  8.231E-01  7.030E-01  5.778E-01  4.492E-01  3.197E-01  1.942E-01  8.484E-02
  660.0000  1.447E+00  1.441E+00  1.423E+00  1.394E+00  1.353E+00  1.300E+00  1.237E+00  1.164E+00  1.081E+00  9.886E-01  8.885E-01  7.811E-01  6.675E-01  5.489E-01  4.271E-01  3.043E-01  1.851E-01  8.082E-02
  670.0000  1.483E+00  1.477E+00  1.459E+00  1.428E+00  1.386E+00  1.333E+00  1.268E+00  1.193E+00  1.108E+00  1.014E+00  9.117E-01  8.018E-01  6.855E-01  5.641E-01  4.393E-01  3.134E-01  1.910E-01  8.333E-02
  680.0000  1.454E+00  1.448E+00  1.431E+00  1.401E+00  1.360E+00  1.307E+00  1.244E+00  1.171E+00  1.088E+00  9.954E-01  8.951E-01  7.874E-01  6.736E-01  5.547E-01  4.323E-01  3.088E-01  1.884E-01  8.218E-02
  690.0000  1.432E+00  1.426E+00  1.409E+00  1.380E+00  1.339E+00  1.288E+00  1.225E+00  1.153E+00  1.071E+00  9.809E-01  8.823E-01  7.765E-01  6.645E-01  5.475E-01  4.271E-01  3.054E-01  1.866E-01  8.137E-02
  700.0000  1.406E+00  1.400E+00  1.383E+00  1.354E+00  1.315E+00  1.264E+00  1.203E+00  1.133E+00  1.052E+00  9.637E-01  8.670E-01  7.633E-01  6.535E-01  5.388E-01  4.206E-01  3.011E-01  1.842E-01  8.031E-02
  710.0000  1.372E+00  1.367E+00  1.350E+00  1.322E+00  1.283E+00  1.234E+00  1.175E+00  1.106E+00  1.028E+00  9.413E-01  8.471E-01  7.459E-01  6.389E-01  5.270E-01  4.117E-01  2.950E-01  1.807E-01  7.877E-02
  720.0000  1.326E+00  1.321E+00  1.305E+00  1.278E+00  1.241E+00  1.193E+00  1.136E+00  1.069E+00  9.941E-01  9.105E-01  8.196E-01  7.220E-01  6.186E-01  5.105E-01  3.991E-01  2.862E-01  1.756E-01  7.652E-02
  730.0000  1.295E+00  1.290E+00  1.274E+00  1.248E+00  1.211E+00  1.165E+00  1.109E+00  1.044E+00  9.709E-01  8.895E-01  8.008E-01  7.056E-01  6.048E-01  4.994E-01  3.907E-01  2.805E-01  1.723E-01  7.507E-02
------------------------------------------------------------
Dose rates, W m-2
   1 = UV-B, 280-315 nm                                  
   2 = UV-B*, 280-320 nm                                 
   3 = UV-A, 315-400 nm                                  
   4 = DNA damage, in vitro (Setlow, 1974)               
   5 = UV index (WMO, 1994; Webb et al., 2011)           
   6 = Plant damage (Caldwell, 1971)                     
   7 = Plant damage,Flint&Caldwell,2003,orig.            
   8 = Plant damage,Flint&Caldwell,2003,ext390           
values at z =      0.000 km
Columns: sza, weighting spectra
 sza, deg.          1          2          3          4          5          6          7          8
    0.0000  8.083E+00  9.376E+00  6.247E+01  6.911E-01  1.524E+02  7.487E+00  8.448E+00  8.918E+00
    5.0000  8.033E+00  9.318E+00  6.216E+01  6.848E-01  1.513E+02  7.427E+00  8.386E+00  8.853E+00
   10.0000  7.882E+00  9.147E+00  6.124E+01  6.660E-01  1.480E+02  7.250E+00  8.199E+00  8.659E+00
   15.0000  7.635E+00  8.865E+00  5.971E+01  6.355E-01  1.427E+02  6.962E+00  7.893E+00  8.343E+00
   20.0000  7.292E+00  8.475E+00  5.759E+01  5.927E-01  1.353E+02  6.562E+00  7.468E+00  7.902E+00
   25.0000  6.870E+00  7.994E+00  5.491E+01  5.448E-01  1.264E+02  6.094E+00  6.965E+00  7.380E+00
   30.0000  6.369E+00  7.422E+00  5.171E+01  4.882E-01  1.159E+02  5.543E+00  6.370E+00  6.761E+00
   35.0000  5.803E+00  6.776E+00  4.802E+01  4.270E-01  1.041E+02  4.937E+00  5.711E+00  6.074E+00
   40.0000  5.186E+00  6.069E+00  4.389E+01  3.637E-01  9.158E+01  4.297E+00  5.007E+00  5.341E+00
   45.0000  4.534E+00  5.320E+00  3.940E+01  3.006E-01  7.855E+01  3.645E+00  4.282E+00  4.582E+00
   50.0000  3.863E+00  4.547E+00  3.461E+01  2.402E-01  6.546E+01  3.002E+00  3.559E+00  3.823E+00
   55.0000  3.193E+00  3.773E+00  2.961E+01  1.848E-01  5.275E+01  2.389E+00  2.861E+00  3.088E+00
   60.0000  2.546E+00  3.022E+00  2.451E+01  1.360E-01  4.085E+01  1.827E+00  2.212E+00  2.401E+00
   65.0000  1.941E+00  2.316E+00  1.945E+01  9.525E-02  3.016E+01  1.333E+00  1.633E+00  1.783E+00
   70.0000  1.400E+00  1.679E+00  1.458E+01  6.301E-02  2.101E+01  9.184E-01  1.139E+00  1.251E+00
   75.0000  9.358E-01  1.129E+00  1.010E+01  3.903E-02  1.357E+01  5.887E-01  7.387E-01  8.165E-01
   80.0000  5.573E-01  6.758E-01  6.191E+00  2.219E-02  7.875E+00  3.403E-01  4.314E-01  4.790E-01
   85.0000  2.653E-01  3.224E-01  2.997E+00  1.069E-02  3.744E+00  1.621E-01  2.064E-01  2.293E-01
------------------------------------------------------------
