Spectral Irradiance, W m-2 nm-1
values at z =      0.000 km
Columns: wavelength (nm), solar zenith angles (deg.)
    wc, nm      0.000      5.000     10.000     15.000     20.000     25.000     30.000     35.000     40.000     45.000     50.000     55.000     60.000     65.000     70.000     75.000     80.000     85.000
  120.7000  0.000E+00  0.000E+00  0.000E+00  0.000E+00  0.000E+00  0.000E+00  0.000E+00  0.000E+00  0.000E+00  0.000E+00  0.000E+00  0.000E+00  0.000E+00  0.000E+00  0.000E+00  0.000E+00  0.000E+00  0.000E+00
  121.6500  0.000E+00  0.000E+00  0.000E+00  0.000E+00  0.000E+00  0.000E+00  0.000E+00  0.000E+00  0.000E+00  0.000E+00  0.000E+00  0.000E+00  0.000E+00  0.000E+00  0.000E+00  0.000E+00  0.000E+00  0.000E+00
  122.1000  0.000E+00  0.000E+00  0.000E+00  0.000E+00  0.000E+00  0.000E+00  0.000E+00  0.000E+00  0.000E+00  0.000E+00  0.000E+00  0.000E+00  0.000E+00  0.000E+00  0.000E+00  0.000E+00  0.000E+00  0.000E+00
  122.7000  0.000E+00  0.000E+00  0.000E+00  0.000E+00  0.000E+00  0.000E+00  0.000E+00  0.000E+00  0.000E+00  0.000E+00  0.000E+00  0.000E+00  0.000E+00  0.000E+00  0.000E+00  0.000E+00  0.000E+00  0.000E+00
  123.4500  0.000E+00  0.000E+00  0.000E+00  0.000E+00  0.000E+00  0.000E+00  0.000E+00  0.000E+00  0.000E+00  0.000E+00  0.000E+00  0.000E+00  0.000E+00  0.000E+00  0.000E+00  0.000E+00  0.000E+00  0.000E+00
  124.2000  0.000E+00  0.000E+00  0.000E+00  0.000E+00  0.000E+00  0.000E+00  0.000E+00  0.000E+00  0.000E+00  0.000E+00  0.000E+00  0.000E+00  0.000E+00  0.000E+00  0.000E+00  0.000E+00  0.000E+00  0.000E+00
  125.0000  0.000E+00  0.000E+00  0.000E+00  0.000E+00  0.000E+00  0.000E+00  0.000E+00  0.000E+00  0.000E+00  0.000E+00  0.000E+00  0.000E+00  0.000E+00  0.000E+00  0.000E+00  0.000E+00  0.000E+00  0.000E+00
  125.8000  0.000E+00  0.000E+00  0.000E+00  0.000E+00  0.000E+00  0.000E+00  0.000E+00  0.000E+00  0.000E+00  0.000E+00  0.000E+00  0.000E+00  0.000E+00  0.000E+00  0.000E+00  0.000E+00  0.000E+00  0.000E+00
  126.6000  0.000E+00  0.000E+00  0.000E+00  0.000E+00  0.000E+00  0.000E+00  0.000E+00  0.000E+00  0.000E+00  0.000E+00  0.000E+00  0.000E+00  0.000E+00  0.000E+00  0.000E+00  0.000E+00  0.000E+00  0.000E+00
  127.8000  0.000E+00  0.000E+00  0.000E+00  0.000E+00  0.000E+00  0.000E+00  0.000E+00  0.000E+00  0.000E+00  0.000E+00  0.000E+00  0.000E+00  0.000E+00  0.000E+00  0.000E+00  0.000E+00  0.000E+00  0.000E+00
  129.0000  0.000E+00  0.000E+00  0.000E+00  0.000E+00  0.000E+00  0.000E+00  0.000E+00  0.000E+00  0.000E+00  0.000E+00  0.000E+00  0.000E+00  0.000E+00  0.000E+00  0.000E+00  0.000E+00  0.000E+00  0.000E+00
  129.8500  0.000E+00  0.000E+00  0.000E+00  0.000E+00  0.000E+00  0.000E+00  0.000E+00  0.000E+00  0.000E+00  0.000E+00  0.000E+00  0.000E+00  0.000E+00  0.000E+00  0.000E+00  0.000E+00  0.000E+00  0.000E+00
  131.1500  0.000E+00  0.000E+00  0.000E+00  0.000E+00  0.000E+00  0.000E+00  0.000E+00  0.000E+00  0.000E+00  0.000E+00  0.000E+00  0.000E+00  0.000E+00  0.000E+00  0.000E+00  0.000E+00  0.000E+00  0.000E+00
  133.5000  0.000E+00  0.000E+00  0.000E+00  0.000E+00  0.000E+00  0.000E+00  0.000E+00  0.000E+00  0.000E+00  0.000E+00  0.000E+00  0.000E+00  0.000E+00  0.000E+00  0.000E+00  0.000E+00  0.000E+00  0.000E+00
  136.0000  0.000E+00  0.000E+00  0.000E+00  0.000E+00  0.000E+00  0.000E+00  0.000E+00  0.000E+00  0.000E+00  0.000E+00  0.000E+00  0.000E+00  0.000E+00  0.000E+00  0.000E+00  0.000E+00  0.000E+00  0.000E+00
  141.0000  0.000E+00  0.000E+00  0.000E+00  0.000E+00  0.000E+00  0.000E+00  0.000E+00  0.000E+00  0.000E+00  0.000E+00  0.000E+00  0.000E+00  0.000E+00  0.000E+00  0.000E+00  0.000E+00  0.000E+00  0.000E+00
  150.0000  0.000E+00  0.000E+00  0.000E+00  0.000E+00  0.000E+00  0.000E+00  0.000E+00  0.000E+00  0.000E+00  0.000E+00  0.000E+00  0.000E+00  0.000E+00  0.000E+00  0.000E+00  0.000E+00  0.000E+00  0.000E+00
  160.0000  0.000E+00  0.000E+00  0.000E+00  0.000E+00  0.000E+00  0.000E+00  0.000E+00  0.000E+00  0.000E+00  0.000E+00  0.000E+00  0.000E+00  0.000E+00  0.000E+00  0.000E+00  0.000E+00  0.000E+00  0.000E+00
  167.5000  0.000E+00  0.000E+00  0.000E+00  0.000E+00  0.000E+00  0.000E+00  0.000E+00  0.000E+00  0.000E+00  0.000E+00  0.000E+00  0.000E+00  0.000E+00  0.000E+00  0.000E+00  0.000E+00  0.000E+00  0.000E+00
  172.7000  0.000E+00  0.000E+00  0.000E+00  0.000E+00  0.000E+00  0.000E+00  0.000E+00  0.000E+00  0.000E+00  0.000E+00  0.000E+00  0.000E+00  0.000E+00  0.000E+00  0.000E+00  0.000E+00  0.000E+00  0.000E+00
  176.2000  0.000E+00  0.000E+00  0.000E+00  0.000E+00  0.000E+00  0.000E+00  0.000E+00  0.000E+00  0.000E+00  0.000E+00  0.000E+00  0.000E+00  0.000E+00  0.000E+00  0.000E+00  0.000E+00  0.000E+00  0.000E+00
  177.8000  0.000E+00  0.000E+00  0.000E+00  0.000E+00  0.000E+00  0.000E+00  0.000E+00  0.000E+00  0.000E+00  0.000E+00  0.000E+00  0.000E+00  0.000E+00  0.000E+00  0.000E+00  0.000E+00  0.000E+00  0.000E+00
  179.4000  0.000E+00  0.000E+00  0.000E+00  0.000E+00  0.000E+00  0.000E+00  0.000E+00  0.000E+00  0.000E+00  0.000E+00  0.000E+00  0.000E+00  0.000E+00  0.000E+00  0.000E+00  0.000E+00  0.000E+00  0.000E+00
  181.0000  0.000E+00  0.000E+00  0.000E+00  0.000E+00  0.000E+00  0.000E+00  0.000E+00  0.000E+00  0.000E+00  0.000E+00  0.000E+00  0.000E+00  0.000E+00  0.000E+00  0.000E+00  0.000E+00  0.000E+00  0.000E+00
  182.6500  0.000E+00  0.000E+00  0.000E+00  0.000E+00  0.000E+00  0.000E+00  0.000E+00  0.000E+00  0.000E+00  0.000E+00  0.000E+00  0.000E+00  0.000E+00  0.000E+00  0.000E+00  0.000E+00  0.000E+00  0.000E+00
  184.3500  0.000E+00  0.000E+00  0.000E+00  0.000E+00  0.000E+00  0.000E+00  0.000E+00  0.000E+00  0.000E+00  0.000E+00  0.000E+00  0.000E+00  0.000E+00  0.000E+00  0.000E+00  0.000E+00  0.000E+00  0.000E+00
  186.0500  0.000E+00  0.000E+00  0.000E+00  0.000E+00  0.000E+00  0.000E+00  0.000E+00  0.000E+00  0.000E+00  0.000E+00  0.000E+00  0.000E+00  0.000E+00  0.000E+00  0.000E+00  0.000E+00  0.000E+00  0.000E+00
  187.8000  0.000E+00  0.000E+00  0.000E+00  0.000E+00  0.000E+00  0.000E+00  0.000E+00  0.000E+00  0.000E+00  0.000E+00  0.000E+00  0.000E+00  0.000E+00  0.000E+00  0.000E+00  0.000E+00  0.000E+00  0.000E+00
  189.6000  0.000E+00  0.000E+00  0.000E+00  0.000E+00  0.000E+00  0.000E+00  0.000E+00  0.000E+00  0.000E+00  0.000E+00  0.000E+00  0.000E+00  0.000E+00  0.000E+00  0.000E+00  0.000E+00  0.000E+00  0.000E+00
  191.4000  0.000E+00  0.000E+00  0.000E+00  0.000E+00  0.000E+00  0.000E+00  0.000E+00  0.000E+00  0.000E+00  0.000E+00  0.000E+00  0.000E+00  0.000E+00  0.000E+00  0.000E+00  0.000E+00  0.000E+00  0.000E+00
  193.2500  0.000E+00  0.000E+00  0.000E+00  0.000E+00  0.000E+00  0.000E+00  0.000E+00  0.000E+00  0.000E+00  0.000E+00  0.000E+00  0.000E+00  0.000E+00  0.000E+00  0.000E+00  0.000E+00  0.000E+00  0.000E+00
  195.1500  0.000E+00  0.000E+00  0.000E+00  0.000E+00  0.000E+00  0.000E+00  0.000E+00  0.000E+00  0.000E+00  0.000E+00  0.000E+00  0.000E+00  0.000E+00  0.000E+00  0.000E+00  0.000E+00  0.000E+00  0.000E+00
  197.0500  0.000E+00  0.000E+00  0.000E+00  0.000E+00  0.000E+00  0.000E+00  0.000E+00  0.000E+00  0.000E+00  0.000E+00  0.000E+00  0.000E+00  0.000E+00  0.000E+00  0.000E+00  0.000E+00  0.000E+00  0.000E+00
  199.0000  0.000E+00  0.000E+00  0.000E+00  0.000E+00  0.000E+00  0.000E+00  0.000E+00  0.000E+00  0.000E+00  0.000E+00  0.000E+00  0.000E+00  0.000E+00  0.000E+00  0.000E+00  0.000E+00  0.000E+00  0.000E+00
  201.0000  0.000E+00  0.000E+00  0.000E+00  0.000E+00  0.000E+00  0.000E+00  0.000E+00  0.000E+00  0.000E+00  0.000E+00  0.000E+00  0.000E+00  0.000E+00  0.000E+00  0.000E+00  0.000E+00  0.000E+00  0.000E+00
  203.0500  0.000E+00  0.000E+00  0.000E+00  0.000E+00  0.000E+00  0.000E+00  0.000E+00  0.000E+00  0.000E+00  0.000E+00  0.000E+00  0.000E+00  0.000E+00  0.000E+00  0.000E+00  0.000E+00  0.000E+00  0.000E+00
  205.1500  0.000E+00  0.000E+00  0.000E+00  0.000E+00  0.000E+00  0.000E+00  0.000E+00  0.000E+00  0.000E+00  0.000E+00  0.000E+00  0.000E+00  0.000E+00  0.000E+00  0.000E+00  0.000E+00  0.000E+00  0.000E+00
  207.2665  2.135E-19  1.837E-19  1.163E-19  5.334E-20  1.717E-20  3.710E-21  5.034E-22  3.921E-23  1.558E-24  2.829E-26  3.372E-28  2.986E-29  1.188E-29  6.402E-30  3.773E-30  2.242E-30  1.253E-30  5.790E-31
  209.4295  2.465E-18  2.137E-18  1.384E-18  6.597E-19  2.247E-19  5.238E-20  7.854E-21  6.957E-22  3.260E-23  7.316E-25  1.117E-26  1.057E-27  4.199E-28  2.266E-28  1.339E-28  7.971E-29  4.458E-29  2.061E-29
  211.6460  3.960E-17  3.463E-17  2.305E-17  1.150E-17  4.192E-18  1.071E-18  1.810E-19  1.871E-20  1.070E-21  3.110E-23  6.528E-25  6.926E-26  2.762E-26  1.496E-26  8.875E-27  5.305E-27  2.974E-27  1.376E-27
  213.9100  2.775E-16  2.444E-16  1.661E-16  8.598E-17  3.303E-17  9.062E-18  1.683E-18  1.963E-19  1.311E-20  4.655E-22  1.230E-23  1.388E-24  5.508E-25  2.988E-25  1.781E-25  1.070E-25  6.017E-26  2.788E-26
  216.2225  1.929E-15  1.712E-15  1.192E-15  6.421E-16  2.616E-16  7.773E-17  1.603E-17  2.140E-18  1.701E-19  7.570E-21  2.614E-22  3.220E-23  1.273E-23  6.931E-24  4.160E-24  2.516E-24  1.423E-24  6.613E-25
  218.5855  2.794E-14  2.504E-14  1.794E-14  1.015E-14  4.443E-15  1.455E-15  3.410E-16  5.374E-17  5.294E-18  3.126E-19  1.521E-20  2.146E-21  8.509E-22  4.657E-22  2.825E-22  1.728E-22  9.863E-23  4.609E-23
  221.0010  2.181E-13  1.970E-13  1.445E-13  8.516E-14  3.953E-14  1.403E-14  3.653E-15  6.599E-16  7.759E-17  5.774E-18  3.658E-19  5.638E-20  2.217E-20  1.217E-20  7.471E-21  4.630E-21  2.674E-21  1.259E-21
  223.4705  1.936E-12  1.762E-12  1.322E-12  8.102E-13  3.981E-13  1.527E-13  4.402E-14  9.080E-15  1.268E-15  1.181E-16  9.576E-18  1.598E-18  6.200E-19  3.414E-19  2.124E-19  1.338E-19  7.850E-20  3.740E-20
  225.9960  1.405E-11  1.289E-11  9.932E-12  6.368E-12  3.342E-12  1.403E-12  4.552E-13  1.096E-13  1.872E-14  2.265E-15  2.445E-16  4.533E-17  1.739E-17  9.613E-18  6.087E-18  3.919E-18  2.349E-18  1.140E-18
  228.5790  9.740E-11  9.005E-11  7.099E-11  4.732E-11  2.630E-11  1.193E-11  4.290E-12  1.181E-12  2.401E-13  3.626E-14  4.886E-15  9.696E-16  3.635E-16  2.013E-16  1.300E-16  8.573E-17  5.274E-17  2.625E-17
  231.2215  4.739E-10  4.408E-10  3.540E-10  2.435E-10  1.418E-10  6.849E-11  2.678E-11  8.215E-12  1.920E-12  3.436E-13  5.401E-14  1.103E-14  3.995E-15  2.214E-15  1.458E-15  9.855E-16  6.232E-16  3.196E-16
  233.9260  1.380E-09  1.290E-09  1.053E-09  7.441E-10  4.506E-10  2.297E-10  9.644E-11  3.242E-11  8.506E-12  1.739E-12  3.051E-13  6.261E-14  2.170E-14  1.203E-14  8.086E-15  5.602E-15  3.646E-15  1.936E-15
  236.6945  5.232E-09  4.915E-09  4.066E-09  2.945E-09  1.847E-09  9.883E-10  4.418E-10  1.609E-10  4.655E-11  1.060E-11  2.016E-12  4.095E-13  1.350E-13  7.497E-14  5.145E-14  3.651E-14  2.447E-14  1.352E-14
  239.5295  4.587E-08  4.351E-08  3.706E-08  2.821E-08  1.903E-08  1.123E-08  5.699E-09  2.437E-09  8.564E-10  2.429E-10  5.648E-11  1.257E-11  4.049E-12  2.250E-12  1.586E-12  1.165E-12  8.179E-13  4.837E-13
  242.4330  1.628E-06  1.562E-06  1.377E-06  1.111E-06  8.147E-07  5.372E-07  3.139E-07  1.592E-07  6.839E-08  2.415E-08  6.916E-09  1.744E-09  5.584E-10  3.085E-10  2.238E-10  1.711E-10  1.270E-10  8.259E-11
  245.4080  6.797E-07  6.499E-07  5.675E-07  4.504E-07  3.224E-07  2.057E-07  1.151E-07  5.520E-08  2.204E-08  7.082E-09  1.792E-09  3.899E-10  1.141E-10  6.328E-11  4.629E-11  3.553E-11  2.650E-11  1.736E-11
  248.4570  3.404E-07  3.246E-07  2.811E-07  2.201E-07  1.544E-07  9.583E-08  5.170E-08  2.366E-08  8.884E-09  2.634E-09  5.989E-10  1.144E-10  3.089E-11  1.719E-11  1.265E-11  9.735E-12  7.286E-12  4.803E-12
  251.5825  2.293E-07  2.184E-07  1.883E-07  1.463E-07  1.015E-07  6.210E-08  3.285E-08  1.465E-08  5.317E-09  1.506E-09  3.218E-10  5.657E-11  1.439E-11  7.985E-12  5.889E-12  4.541E-12  3.406E-12  2.256E-12
  254.7875  2.864E-07  2.726E-07  2.347E-07  1.819E-07  1.257E-07  7.643E-08  4.011E-08  1.770E-08  6.333E-09  1.758E-09  3.645E-10  6.115E-11  1.487E-11  8.182E-12  6.035E-12  4.657E-12  3.499E-12  2.327E-12
  258.0750  7.570E-07  7.214E-07  6.236E-07  4.863E-07  3.393E-07  2.090E-07  1.115E-07  5.022E-08  1.844E-08  5.280E-09  1.134E-09  1.958E-10  4.697E-11  2.531E-11  1.859E-11  1.433E-11  1.078E-11  7.185E-12
  261.4490  1.075E-06  1.027E-06  8.937E-07  7.054E-07  5.008E-07  3.157E-07  1.736E-07  8.128E-08  3.132E-08  9.530E-09  2.204E-09  4.094E-10  9.902E-11  5.178E-11  3.773E-11  2.904E-11  2.183E-11  1.457E-11
  264.9125  7.522E-06  7.211E-06  6.346E-06  5.105E-06  3.724E-06  2.436E-06  1.406E-06  6.998E-07  2.914E-07  9.780E-08  2.553E-08  5.401E-09  1.364E-09  6.834E-10  4.907E-10  3.761E-10  2.824E-10  1.886E-10
  268.4685  2.922E-05  2.790E-05  2.514E-05  2.073E-05  1.569E-05  1.078E-05  6.634E-06  3.585E-06  1.657E-06  6.346E-07  1.953E-07  4.953E-08  1.363E-08  6.476E-09  4.526E-09  3.444E-09  2.578E-09  1.719E-09
  272.1215  1.120E-04  1.085E-04  9.849E-05  8.353E-05  6.581E-05  4.778E-05  3.158E-05  1.870E-05  9.709E-06  4.141E-06  1.590E-06  4.947E-07  1.538E-07  6.965E-08  4.653E-08  3.495E-08  2.602E-08  1.729E-08
  275.8755  4.619E-04  4.500E-04  4.156E-04  3.562E-04  2.986E-04  2.298E-04  1.639E-04  1.069E-04  6.280E-05  3.253E-05  1.456E-05  5.634E-06  2.057E-06  9.110E-07  5.668E-07  4.150E-07  3.059E-07  2.021E-07
  279.7340  1.272E-03  1.246E-03  1.169E-03  1.050E-03  8.989E-04  7.301E-04  5.585E-04  3.988E-04  2.624E-04  1.567E-04  8.364E-05  3.958E-05  1.719E-05  7.842E-06  4.491E-06  3.130E-06  2.266E-06  1.481E-06
  283.7020  8.764E-03  8.623E-03  8.209E-03  7.551E-03  6.694E-03  5.700E-03  4.637E-03  3.581E-03  2.601E-03  1.757E-03  1.090E-03  6.149E-04  3.170E-04  1.574E-04  8.525E-05  5.475E-05  3.819E-05  2.449E-05
  287.7845  3.363E-02  3.322E-02  3.198E-02  2.999E-02  2.734E-02  2.417E-02  2.065E-02  1.697E-02  1.332E-02  9.910E-03  6.921E-03  4.490E-03  2.687E-03  1.499E-03  8.209E-04  4.838E-04  3.141E-04  1.946E-04
  291.9865  1.150E-01  1.138E-01  1.105E-01  1.051E-01  9.784E-02  8.894E-02  7.875E-02  6.770E-02  5.625E-02  4.490E-02  3.417E-02  2.458E-02  1.655E-02  1.036E-02  6.076E-03  3.473E-03  2.052E-03  1.190E-03
  296.3090  1.740E-01  1.726E-01  1.685E-01  1.618E-01  1.527E-01  1.414E-01  1.282E-01  1.136E-01  9.802E-02  8.197E-02  6.606E-02  5.093E-02  3.722E-02  2.552E-02  1.625E-02  9.608E-03  5.370E-03  2.829E-03
  300.5000  2.046E-01  2.032E-01  1.991E-01  1.922E-01  1.829E-01  1.712E-01  1.575E-01  1.420E-01  1.253E-01  1.077E-01  8.974E-02  7.210E-02  5.538E-02  4.024E-02  2.729E-02  1.699E-02  9.520E-03  4.650E-03
  303.0000  3.120E-01  3.100E-01  3.041E-01  2.944E-01  2.810E-01  2.642E-01  2.444E-01  2.221E-01  1.976E-01  1.718E-01  1.451E-01  1.186E-01  9.296E-02  6.924E-02  4.831E-02  3.094E-02  1.762E-02  8.397E-03
  304.0000  2.974E-01  2.956E-01  2.900E-01  2.809E-01  2.683E-01  2.526E-01  2.340E-01  2.130E-01  1.900E-01  1.655E-01  1.403E-01  1.151E-01  9.070E-02  6.796E-02  4.774E-02  3.080E-02  1.762E-02  8.359E-03
  305.0000  3.417E-01  3.396E-01  3.334E-01  3.231E-01  3.090E-01  2.913E-01  2.703E-01  2.466E-01  2.206E-01  1.928E-01  1.642E-01  1.354E-01  1.073E-01  8.102E-02  5.744E-02  3.743E-02  2.159E-02  1.020E-02
  306.0000  2.876E-01  2.858E-01  2.807E-01  2.721E-01  2.604E-01  2.457E-01  2.283E-01  2.086E-01  1.869E-01  1.638E-01  1.398E-01  1.156E-01  9.206E-02  6.984E-02  4.980E-02  3.266E-02  1.894E-02  8.927E-03
  307.0000  3.292E-01  3.272E-01  3.214E-01  3.118E-01  2.986E-01  2.820E-01  2.624E-01  2.400E-01  2.155E-01  1.893E-01  1.621E-01  1.345E-01  1.076E-01  8.204E-02  5.887E-02  3.889E-02  2.270E-02  1.069E-02
  308.0000  3.465E-01  3.445E-01  3.385E-01  3.285E-01  3.148E-01  2.976E-01  2.772E-01  2.539E-01  2.284E-01  2.010E-01  1.726E-01  1.437E-01  1.154E-01  8.841E-02  6.381E-02  4.243E-02  2.493E-02  1.174E-02
  309.0000  3.388E-01  3.369E-01  3.310E-01  3.214E-01  3.081E-01  2.914E-01  2.716E-01  2.490E-01  2.242E-01  1.976E-01  1.699E-01  1.417E-01  1.140E-01  8.761E-02  6.344E-02  4.234E-02  2.496E-02  1.175E-02
  310.0000  2.983E-01  2.966E-01  2.915E-01  2.831E-01  2.716E-01  2.571E-01  2.399E-01  2.203E-01  1.987E-01  1.755E-01  1.513E-01  1.267E-01  1.023E-01  7.902E-02  5.757E-02  3.871E-02  2.299E-02  1.085E-02
  311.0000  4.796E-01  4.769E-01  4.688E-01  4.554E-01  4.370E-01  4.139E-01  3.864E-01  3.551E-01  3.205E-01  2.834E-01  2.446E-01  2.050E-01  1.659E-01  1.284E-01  9.376E-02  6.322E-02  3.766E-02  1.779E-02
  312.0000  4.014E-01  3.992E-01  3.925E-01  3.814E-01  3.661E-01  3.469E-01  3.241E-01  2.981E-01  2.693E-01  2.385E-01  2.061E-01  1.732E-01  1.405E-01  1.090E-01  7.990E-02  5.410E-02  3.238E-02  1.533E-02
  313.0000  4.214E-01  4.191E-01  4.121E-01  4.006E-01  3.847E-01  3.647E-01  3.410E-01  3.139E-01  2.839E-01  2.517E-01  2.179E-01  1.834E-01  1.491E-01  1.161E-01  8.536E-02  5.804E-02  3.490E-02  1.656E-02
  314.0000  4.495E-01  4.470E-01  4.396E-01  4.274E-01  4.105E-01  3.893E-01  3.640E-01  3.352E-01  3.034E-01  2.691E-01  2.331E-01  1.964E-01  1.598E-01  1.245E-01  9.170E-02  6.244E-02  3.761E-02  1.786E-02
  316.0000  4.210E-01  4.187E-01  4.118E-01  4.006E-01  3.850E-01  3.654E-01  3.420E-01  3.154E-01  2.858E-01  2.540E-01  2.206E-01  1.863E-01  1.521E-01  1.190E-01  8.809E-02  6.035E-02  3.661E-02  1.747E-02
  320.0000  4.915E-01  4.889E-01  4.811E-01  4.681E-01  4.503E-01  4.278E-01  4.009E-01  3.702E-01  3.362E-01  2.995E-01  2.607E-01  2.209E-01  1.811E-01  1.423E-01  1.058E-01  7.295E-02  4.458E-02  2.140E-02
  325.0000  5.856E-01  5.826E-01  5.734E-01  5.582E-01  5.373E-01  5.109E-01  4.794E-01  4.433E-01  4.032E-01  3.599E-01  3.141E-01  2.668E-01  2.193E-01  1.730E-01  1.291E-01  8.942E-02  5.497E-02  2.654E-02
  330.0000  7.065E-01  7.028E-01  6.919E-01  6.738E-01  6.488E-01  6.173E-01  5.797E-01  5.366E-01  4.886E-01  4.366E-01  3.816E-01  3.247E-01  2.674E-01  2.112E-01  1.579E-01  1.095E-01  6.748E-02  3.267E-02
  335.0000  6.616E-01  6.582E-01  6.481E-01  6.313E-01  6.082E-01  5.789E-01  5.440E-01  5.039E-01  4.593E-01  4.108E-01  3.595E-01  3.063E-01  2.525E-01  1.997E-01  1.495E-01  1.038E-01  6.398E-02  3.104E-02
  340.0000  7.149E-01  7.113E-01  7.004E-01  6.825E-01  6.577E-01  6.263E-01  5.888E-01  5.458E-01  4.978E-01  4.457E-01  3.903E-01  3.329E-01  2.747E-01  2.174E-01  1.628E-01  1.130E-01  6.966E-02  3.382E-02
  345.0000  7.033E-01  6.998E-01  6.892E-01  6.717E-01  6.474E-01  6.168E-01  5.802E-01  5.381E-01  4.911E-01  4.400E-01  3.857E-01  3.292E-01  2.719E-01  2.153E-01  1.613E-01  1.119E-01  6.893E-02  3.347E-02
  350.0000  7.362E-01  7.325E-01  7.215E-01  7.033E-01  6.781E-01  6.462E-01  6.081E-01  5.643E-01  5.154E-01  4.621E-01  4.053E-01  3.463E-01  2.862E-01  2.268E-01  1.699E-01  1.178E-01  7.246E-02  3.517E-02
  355.0000  7.783E-01  7.745E-01  7.629E-01  7.438E-01  7.174E-01  6.839E-01  6.439E-01  5.978E-01  5.463E-01  4.901E-01  4.303E-01  3.679E-01  3.043E-01  2.413E-01  1.808E-01  1.253E-01  7.699E-02  3.736E-02
  360.0000  7.119E-01  7.084E-01  6.979E-01  6.806E-01  6.565E-01  6.261E-01  5.897E-01  5.478E-01  5.009E-01  4.497E-01  3.951E-01  3.381E-01  2.799E-01  2.221E-01  1.664E-01  1.153E-01  7.074E-02  3.431E-02
  365.0000  9.058E-01  9.013E-01  8.881E-01  8.661E-01  8.357E-01  7.973E-01  7.512E-01  6.981E-01  6.387E-01  5.739E-01  5.046E-01  4.321E-01  3.581E-01  2.843E-01  2.131E-01  1.475E-01  9.041E-02  4.382E-02
  370.0000  9.424E-01  9.378E-01  9.241E-01  9.014E-01  8.700E-01  8.302E-01  7.825E-01  7.276E-01  6.661E-01  5.988E-01  5.269E-01  4.516E-01  3.745E-01  2.975E-01  2.231E-01  1.544E-01  9.449E-02  4.576E-02
  375.0000  8.518E-01  8.477E-01  8.353E-01  8.150E-01  7.867E-01  7.510E-01  7.082E-01  6.587E-01  6.034E-01  5.428E-01  4.780E-01  4.100E-01  3.403E-01  2.705E-01  2.030E-01  1.403E-01  8.579E-02  4.151E-02
  380.0000  9.797E-01  9.750E-01  9.609E-01  9.376E-01  9.053E-01  8.645E-01  8.155E-01  7.589E-01  6.954E-01  6.260E-01  5.516E-01  4.736E-01  3.934E-01  3.130E-01  2.349E-01  1.624E-01  9.911E-02  4.791E-02
  385.0000  7.390E-01  7.354E-01  7.249E-01  7.074E-01  6.832E-01  6.525E-01  6.158E-01  5.733E-01  5.256E-01  4.735E-01  4.175E-01  3.587E-01  2.982E-01  2.374E-01  1.783E-01  1.232E-01  7.510E-02  3.626E-02
  390.0000  9.654E-01  9.608E-01  9.471E-01  9.244E-01  8.930E-01  8.531E-01  8.053E-01  7.501E-01  6.881E-01  6.201E-01  5.472E-01  4.705E-01  3.914E-01  3.119E-01  2.344E-01  1.619E-01  9.856E-02  4.752E-02
  395.0000  7.493E-01  7.457E-01  7.351E-01  7.176E-01  6.933E-01  6.626E-01  6.256E-01  5.829E-01  5.350E-01  4.825E-01  4.260E-01  3.666E-01  3.052E-01  2.434E-01  1.830E-01  1.264E-01  7.685E-02  3.699E-02
  400.0000  1.392E+00  1.385E+00  1.365E+00  1.333E+00  1.288E+00  1.231E+00  1.163E+00  1.084E+00  9.955E-01  8.982E-01  7.936E-01  6.834E-01  5.695E-01  4.545E-01  3.419E-01  2.362E-01  1.434E-01  6.891E-02
  405.0000  1.419E+00  1.413E+00  1.393E+00  1.360E+00  1.314E+00  1.257E+00  1.187E+00  1.107E+00  1.017E+00  9.182E-01  8.118E-01  6.995E-01  5.834E-01  4.661E-01  3.508E-01  2.424E-01  1.469E-01  7.049E-02
  410.0000  1.464E+00  1.457E+00  1.437E+00  1.403E+00  1.356E+00  1.297E+00  1.226E+00  1.144E+00  1.051E+00  9.493E-01  8.398E-01  7.242E-01  6.045E-01  4.832E-01  3.640E-01  2.515E-01  1.523E-01  7.292E-02
  415.0000  1.526E+00  1.519E+00  1.498E+00  1.463E+00  1.414E+00  1.353E+00  1.279E+00  1.193E+00  1.097E+00  9.914E-01  8.776E-01  7.573E-01  6.326E-01  5.062E-01  3.815E-01  2.637E-01  1.595E-01  7.620E-02
  420.0000  1.540E+00  1.533E+00  1.512E+00  1.477E+00  1.428E+00  1.366E+00  1.292E+00  1.206E+00  1.109E+00  1.003E+00  8.884E-01  7.671E-01  6.413E-01  5.135E-01  3.874E-01  2.678E-01  1.618E-01  7.713E-02
  425.0000  1.471E+00  1.464E+00  1.444E+00  1.410E+00  1.364E+00  1.305E+00  1.235E+00  1.153E+00  1.061E+00  9.596E-01  8.504E-01  7.348E-01  6.148E-01  4.927E-01  3.719E-01  2.572E-01  1.552E-01  7.383E-02
  430.0000  1.357E+00  1.351E+00  1.332E+00  1.302E+00  1.259E+00  1.205E+00  1.140E+00  1.065E+00  9.802E-01  8.871E-01  7.866E-01  6.801E-01  5.694E-01  4.567E-01  3.450E-01  2.387E-01  1.439E-01  6.829E-02
  435.0000  1.575E+00  1.568E+00  1.547E+00  1.511E+00  1.462E+00  1.400E+00  1.325E+00  1.238E+00  1.140E+00  1.032E+00  9.154E-01  7.920E-01  6.636E-01  5.327E-01  4.027E-01  2.787E-01  1.679E-01  7.948E-02
  440.0000  1.621E+00  1.614E+00  1.592E+00  1.555E+00  1.505E+00  1.441E+00  1.364E+00  1.275E+00  1.174E+00  1.064E+00  9.441E-01  8.173E-01  6.853E-01  5.506E-01  4.166E-01  2.884E-01  1.735E-01  8.197E-02
  445.0000  1.742E+00  1.734E+00  1.710E+00  1.671E+00  1.617E+00  1.549E+00  1.466E+00  1.371E+00  1.263E+00  1.145E+00  1.016E+00  8.805E-01  7.388E-01  5.940E-01  4.498E-01  3.115E-01  1.873E-01  8.825E-02
  450.0000  1.852E+00  1.844E+00  1.819E+00  1.778E+00  1.721E+00  1.648E+00  1.561E+00  1.459E+00  1.345E+00  1.219E+00  1.084E+00  9.391E-01  7.885E-01  6.345E-01  4.808E-01  3.332E-01  2.002E-01  9.409E-02
  455.0000  1.813E+00  1.805E+00  1.781E+00  1.740E+00  1.685E+00  1.614E+00  1.529E+00  1.430E+00  1.318E+00  1.196E+00  1.063E+00  9.217E-01  7.744E-01  6.236E-01  4.729E-01  3.279E-01  1.969E-01  9.229E-02
  460.0000  1.867E+00  1.859E+00  1.834E+00  1.792E+00  1.735E+00  1.662E+00  1.575E+00  1.473E+00  1.359E+00  1.233E+00  1.096E+00  9.513E-01  7.998E-01  6.445E-01  4.892E-01  3.393E-01  2.037E-01  9.517E-02
  465.0000  1.846E+00  1.838E+00  1.813E+00  1.772E+00  1.716E+00  1.644E+00  1.558E+00  1.458E+00  1.345E+00  1.221E+00  1.086E+00  9.430E-01  7.933E-01  6.397E-01  4.859E-01  3.372E-01  2.024E-01  9.431E-02
  470.0000  1.836E+00  1.828E+00  1.804E+00  1.763E+00  1.707E+00  1.636E+00  1.551E+00  1.451E+00  1.340E+00  1.216E+00  1.082E+00  9.402E-01  7.915E-01  6.387E-01  4.855E-01  3.372E-01  2.022E-01  9.401E-02
  475.0000  1.858E+00  1.850E+00  1.825E+00  1.785E+00  1.728E+00  1.656E+00  1.570E+00  1.470E+00  1.357E+00  1.232E+00  1.097E+00  9.536E-01  8.033E-01  6.487E-01  4.935E-01  3.429E-01  2.056E-01  9.531E-02
  480.0000  1.913E+00  1.904E+00  1.879E+00  1.837E+00  1.779E+00  1.706E+00  1.617E+00  1.514E+00  1.398E+00  1.270E+00  1.132E+00  9.838E-01  8.291E-01  6.700E-01  5.100E-01  3.546E-01  2.125E-01  9.818E-02
  485.0000  1.738E+00  1.730E+00  1.707E+00  1.670E+00  1.617E+00  1.550E+00  1.470E+00  1.377E+00  1.272E+00  1.156E+00  1.030E+00  8.957E-01  7.553E-01  6.108E-01  4.653E-01  3.237E-01  1.939E-01  8.937E-02
  490.0000  1.810E+00  1.802E+00  1.778E+00  1.739E+00  1.685E+00  1.615E+00  1.532E+00  1.435E+00  1.326E+00  1.205E+00  1.074E+00  9.348E-01  7.887E-01  6.383E-01  4.866E-01  3.388E-01  2.030E-01  9.328E-02
  495.0000  1.844E+00  1.836E+00  1.812E+00  1.772E+00  1.717E+00  1.646E+00  1.561E+00  1.463E+00  1.352E+00  1.229E+00  1.096E+00  9.544E-01  8.057E-01  6.524E-01  4.978E-01  3.468E-01  2.077E-01  9.521E-02
  500.0000  1.760E+00  1.753E+00  1.730E+00  1.692E+00  1.639E+00  1.572E+00  1.491E+00  1.397E+00  1.292E+00  1.175E+00  1.048E+00  9.127E-01  7.708E-01  6.245E-01  4.768E-01  3.323E-01  1.990E-01  9.092E-02
  505.0000  1.791E+00  1.783E+00  1.760E+00  1.721E+00  1.667E+00  1.599E+00  1.517E+00  1.422E+00  1.315E+00  1.196E+00  1.067E+00  9.298E-01  7.856E-01  6.368E-01  4.865E-01  3.392E-01  2.030E-01  9.246E-02
  510.0000  1.775E+00  1.768E+00  1.745E+00  1.706E+00  1.653E+00  1.586E+00  1.505E+00  1.411E+00  1.305E+00  1.187E+00  1.060E+00  9.237E-01  7.808E-01  6.333E-01  4.842E-01  3.379E-01  2.023E-01  9.189E-02
  515.0000  1.646E+00  1.639E+00  1.618E+00  1.582E+00  1.533E+00  1.471E+00  1.396E+00  1.309E+00  1.211E+00  1.102E+00  9.839E-01  8.579E-01  7.256E-01  5.889E-01  4.505E-01  3.146E-01  1.884E-01  8.536E-02
  520.0000  1.693E+00  1.686E+00  1.664E+00  1.628E+00  1.577E+00  1.513E+00  1.436E+00  1.347E+00  1.246E+00  1.134E+00  1.013E+00  8.838E-01  7.479E-01  6.073E-01  4.649E-01  3.248E-01  1.945E-01  8.789E-02
  525.0000  1.700E+00  1.693E+00  1.671E+00  1.635E+00  1.584E+00  1.520E+00  1.443E+00  1.353E+00  1.252E+00  1.140E+00  1.019E+00  8.888E-01  7.524E-01  6.113E-01  4.682E-01  3.273E-01  1.959E-01  8.826E-02
  530.0000  1.793E+00  1.785E+00  1.762E+00  1.724E+00  1.671E+00  1.604E+00  1.522E+00  1.428E+00  1.321E+00  1.203E+00  1.075E+00  9.386E-01  7.948E-01  6.460E-01  4.950E-01  3.462E-01  2.071E-01  9.301E-02
  535.0000  1.739E+00  1.731E+00  1.709E+00  1.672E+00  1.620E+00  1.555E+00  1.476E+00  1.385E+00  1.282E+00  1.168E+00  1.044E+00  9.114E-01  7.720E-01  6.278E-01  4.814E-01  3.368E-01  2.016E-01  9.026E-02
  540.0000  1.740E+00  1.733E+00  1.711E+00  1.674E+00  1.622E+00  1.557E+00  1.478E+00  1.387E+00  1.284E+00  1.170E+00  1.046E+00  9.136E-01  7.743E-01  6.300E-01  4.833E-01  3.384E-01  2.026E-01  9.052E-02
  545.0000  1.767E+00  1.759E+00  1.737E+00  1.699E+00  1.647E+00  1.581E+00  1.501E+00  1.409E+00  1.304E+00  1.189E+00  1.063E+00  9.288E-01  7.874E-01  6.410E-01  4.920E-01  3.447E-01  2.064E-01  9.197E-02
  550.0000  1.773E+00  1.765E+00  1.743E+00  1.705E+00  1.653E+00  1.587E+00  1.507E+00  1.414E+00  1.310E+00  1.194E+00  1.068E+00  9.332E-01  7.915E-01  6.445E-01  4.951E-01  3.470E-01  2.078E-01  9.238E-02
  555.0000  1.761E+00  1.753E+00  1.731E+00  1.693E+00  1.642E+00  1.576E+00  1.497E+00  1.405E+00  1.301E+00  1.186E+00  1.062E+00  9.282E-01  7.876E-01  6.417E-01  4.933E-01  3.460E-01  2.073E-01  9.188E-02
  560.0000  1.718E+00  1.710E+00  1.688E+00  1.652E+00  1.602E+00  1.538E+00  1.461E+00  1.371E+00  1.270E+00  1.158E+00  1.037E+00  9.065E-01  7.695E-01  6.272E-01  4.823E-01  3.385E-01  2.027E-01  8.962E-02
  565.0000  1.722E+00  1.715E+00  1.693E+00  1.656E+00  1.606E+00  1.542E+00  1.465E+00  1.375E+00  1.274E+00  1.162E+00  1.040E+00  9.097E-01  7.724E-01  6.298E-01  4.845E-01  3.402E-01  2.037E-01  8.980E-02
  570.0000  1.713E+00  1.706E+00  1.684E+00  1.648E+00  1.598E+00  1.534E+00  1.458E+00  1.369E+00  1.268E+00  1.157E+00  1.036E+00  9.061E-01  7.695E-01  6.277E-01  4.831E-01  3.394E-01  2.032E-01  8.938E-02
  575.0000  1.743E+00  1.735E+00  1.713E+00  1.677E+00  1.626E+00  1.561E+00  1.483E+00  1.393E+00  1.291E+00  1.177E+00  1.054E+00  9.228E-01  7.839E-01  6.398E-01  4.926E-01  3.463E-01  2.074E-01  9.105E-02
  580.0000  1.714E+00  1.706E+00  1.685E+00  1.649E+00  1.599E+00  1.535E+00  1.459E+00  1.370E+00  1.270E+00  1.159E+00  1.038E+00  9.085E-01  7.721E-01  6.304E-01  4.858E-01  3.417E-01  2.049E-01  8.983E-02
  585.0000  1.714E+00  1.706E+00  1.685E+00  1.649E+00  1.599E+00  1.536E+00  1.459E+00  1.371E+00  1.270E+00  1.159E+00  1.039E+00  9.097E-01  7.734E-01  6.318E-01  4.871E-01  3.430E-01  2.058E-01  9.015E-02
  590.0000  1.653E+00  1.646E+00  1.625E+00  1.591E+00  1.543E+00  1.482E+00  1.408E+00  1.323E+00  1.226E+00  1.119E+00  1.003E+00  8.786E-01  7.473E-01  6.107E-01  4.712E-01  3.319E-01  1.993E-01  8.718E-02
  595.0000  1.687E+00  1.680E+00  1.659E+00  1.624E+00  1.575E+00  1.513E+00  1.438E+00  1.351E+00  1.252E+00  1.143E+00  1.025E+00  8.976E-01  7.636E-01  6.243E-01  4.818E-01  3.396E-01  2.039E-01  8.902E-02
  600.0000  1.648E+00  1.641E+00  1.620E+00  1.586E+00  1.538E+00  1.478E+00  1.405E+00  1.320E+00  1.223E+00  1.117E+00  1.001E+00  8.774E-01  7.466E-01  6.105E-01  4.714E-01  3.324E-01  1.996E-01  8.693E-02
  605.0000  1.667E+00  1.660E+00  1.639E+00  1.604E+00  1.556E+00  1.495E+00  1.421E+00  1.335E+00  1.238E+00  1.131E+00  1.014E+00  8.884E-01  7.562E-01  6.187E-01  4.779E-01  3.372E-01  2.026E-01  8.812E-02
  610.0000  1.644E+00  1.637E+00  1.617E+00  1.582E+00  1.535E+00  1.475E+00  1.402E+00  1.317E+00  1.222E+00  1.116E+00  1.001E+00  8.772E-01  7.470E-01  6.114E-01  4.726E-01  3.338E-01  2.008E-01  8.732E-02
  615.0000  1.603E+00  1.596E+00  1.576E+00  1.543E+00  1.497E+00  1.438E+00  1.367E+00  1.285E+00  1.192E+00  1.089E+00  9.765E-01  8.564E-01  7.295E-01  5.974E-01  4.621E-01  3.267E-01  1.967E-01  8.557E-02
  620.0000  1.624E+00  1.618E+00  1.597E+00  1.564E+00  1.517E+00  1.457E+00  1.386E+00  1.302E+00  1.208E+00  1.104E+00  9.904E-01  8.688E-01  7.404E-01  6.066E-01  4.696E-01  3.322E-01  2.003E-01  8.711E-02
  625.0000  1.588E+00  1.582E+00  1.562E+00  1.529E+00  1.483E+00  1.425E+00  1.355E+00  1.274E+00  1.182E+00  1.080E+00  9.692E-01  8.505E-01  7.250E-01  5.943E-01  4.603E-01  3.259E-01  1.966E-01  8.552E-02
  630.0000  1.589E+00  1.582E+00  1.562E+00  1.530E+00  1.484E+00  1.426E+00  1.356E+00  1.275E+00  1.183E+00  1.081E+00  9.705E-01  8.518E-01  7.263E-01  5.956E-01  4.616E-01  3.271E-01  1.976E-01  8.591E-02
  635.0000  1.576E+00  1.570E+00  1.550E+00  1.518E+00  1.472E+00  1.415E+00  1.346E+00  1.265E+00  1.174E+00  1.073E+00  9.635E-01  8.459E-01  7.216E-01  5.920E-01  4.590E-01  3.256E-01  1.968E-01  8.560E-02
  640.0000  1.556E+00  1.550E+00  1.531E+00  1.499E+00  1.454E+00  1.397E+00  1.329E+00  1.250E+00  1.160E+00  1.060E+00  9.522E-01  8.362E-01  7.135E-01  5.856E-01  4.544E-01  3.225E-01  1.952E-01  8.491E-02
  644.8000  1.546E+00  1.540E+00  1.521E+00  1.489E+00  1.445E+00  1.388E+00  1.321E+00  1.242E+00  1.153E+00  1.054E+00  9.466E-01  8.314E-01  7.097E-01  5.827E-01  4.524E-01  3.214E-01  1.947E-01  8.469E-02
  651.0500  1.525E+00  1.519E+00  1.500E+00  1.469E+00  1.425E+00  1.370E+00  1.303E+00  1.226E+00  1.138E+00  1.041E+00  9.348E-01  8.213E-01  7.013E-01  5.761E-01  4.475E-01  3.182E-01  1.930E-01  8.394E-02
  660.0000  1.446E+00  1.440E+00  1.422E+00  1.392E+00  1.351E+00  1.299E+00  1.236E+00  1.162E+00  1.079E+00  9.871E-01  8.870E-01  7.796E-01  6.660E-01  5.475E-01  4.258E-01  3.031E-01  1.841E-01  8.009E-02
  670.0000  1.482E+00  1.476E+00  1.457E+00  1.427E+00  1.385E+00  1.332E+00  1.267E+00  1.192E+00  1.107E+00  1.013E+00  9.104E-01  8.005E-01  6.843E-01  5.630E-01  4.382E-01  3.124E-01  1.901E-01  8.272E-02
  680.0000  1.453E+00  1.447E+00  1.430E+00  1.400E+00  1.359E+00  1.306E+00  1.243E+00  1.170E+00  1.087E+00  9.944E-01  8.941E-01  7.865E-01  6.726E-01  5.537E-01  4.314E-01  3.080E-01  1.877E-01  8.169E-02
  690.0000  1.431E+00  1.425E+00  1.408E+00  1.379E+00  1.338E+00  1.287E+00  1.225E+00  1.152E+00  1.071E+00  9.801E-01  8.815E-01  7.757E-01  6.637E-01  5.468E-01  4.264E-01  3.047E-01  1.860E-01  8.097E-02
  700.0000  1.405E+00  1.400E+00  1.382E+00  1.354E+00  1.314E+00  1.264E+00  1.203E+00  1.132E+00  1.052E+00  9.631E-01  8.664E-01  7.627E-01  6.529E-01  5.382E-01  4.200E-01  3.006E-01  1.838E-01  8.000E-02
  710.0000  1.372E+00  1.366E+00  1.349E+00  1.321E+00  1.283E+00  1.234E+00  1.174E+00  1.105E+00  1.027E+00  9.408E-01  8.466E-01  7.455E-01  6.384E-01  5.265E-01  4.112E-01  2.946E-01  1.804E-01  7.852E-02
  720.0000  1.326E+00  1.321E+00  1.304E+00  1.278E+00  1.240E+00  1.193E+00  1.136E+00  1.069E+00  9.936E-01  9.101E-01  8.192E-01  7.216E-01  6.182E-01  5.101E-01  3.987E-01  2.859E-01  1.753E-01  7.631E-02
  730.0000  1.295E+00  1.289E+00  1.274E+00  1.247E+00  1.211E+00  1.165E+00  1.109E+00  1.044E+00  9.706E-01  8.892E-01  8.005E-01  7.053E-01  6.045E-01  4.991E-01  3.904E-01  2.802E-01  1.720E-01  7.491E-02
------------------------------------------------------------
Dose rates, W m-2
   1 = UV-B, 280-315 nm                                  
   2 = UV-B*, 280-320 nm                                 
   3 = UV-A, 315-400 nm                                  
   4 = DNA damage, in vitro (Setlow, 1974)               
   5 = UV index (WMO, 1994; Webb et al., 2011)           
   6 = Plant damage (Caldwell, 1971)                     
   7 = Plant damage,Flint&Caldwell,2003,orig.            
   8 = Plant damage,Flint&Caldwell,2003,ext390           
values at z =      0.000 km
Columns: sza, weighting spectra
 sza, deg.          1          2          3          4          5          6          7          8
    0.0000  6.549E+00  7.812E+00  6.238E+01  3.153E-01  1.012E+02  4.459E+00  5.442E+00  5.912E+00
    5.0000  6.505E+00  7.761E+00  6.207E+01  3.121E-01  1.004E+02  4.422E+00  5.399E+00  5.866E+00
   10.0000  6.375E+00  7.610E+00  6.114E+01  3.026E-01  9.796E+01  4.310E+00  5.270E+00  5.731E+00
   15.0000  6.161E+00  7.363E+00  5.962E+01  2.872E-01  9.404E+01  4.127E+00  5.060E+00  5.509E+00
   20.0000  5.868E+00  7.023E+00  5.750E+01  2.667E-01  8.873E+01  3.881E+00  4.775E+00  5.209E+00
   25.0000  5.503E+00  6.599E+00  5.482E+01  2.418E-01  8.217E+01  3.578E+00  4.424E+00  4.839E+00
   30.0000  5.075E+00  6.102E+00  5.162E+01  2.138E-01  7.458E+01  3.231E+00  4.019E+00  4.410E+00
   35.0000  4.595E+00  5.541E+00  4.793E+01  1.837E-01  6.621E+01  2.850E+00  3.573E+00  3.937E+00
   40.0000  4.075E+00  4.932E+00  4.381E+01  1.530E-01  5.733E+01  2.449E+00  3.102E+00  3.435E+00
   45.0000  3.529E+00  4.291E+00  3.932E+01  1.230E-01  4.825E+01  2.045E+00  2.621E+00  2.921E+00
   50.0000  2.974E+00  3.636E+00  3.453E+01  9.498E-02  3.930E+01  1.650E+00  2.147E+00  2.412E+00
   55.0000  2.427E+00  2.986E+00  2.954E+01  7.005E-02  3.082E+01  1.282E+00  1.699E+00  1.926E+00
   60.0000  1.905E+00  2.362E+00  2.445E+01  4.907E-02  2.312E+01  9.513E-01  1.290E+00  1.479E+00
   65.0000  1.427E+00  1.784E+00  1.939E+01  3.252E-02  1.646E+01  6.703E-01  9.347E-01  1.085E+00
   70.0000  1.008E+00  1.272E+00  1.453E+01  2.040E-02  1.103E+01  4.451E-01  6.410E-01  7.535E-01
   75.0000  6.591E-01  8.401E-01  1.006E+01  1.222E-02  6.902E+00  2.764E-01  4.116E-01  4.894E-01
   80.0000  3.857E-01  4.955E-01  6.160E+00  7.078E-03  3.971E+00  1.585E-01  2.421E-01  2.897E-01
   85.0000  1.854E-01  2.378E-01  2.980E+00  3.802E-03  1.992E+00  7.990E-02  1.210E-01  1.440E-01
------------------------------------------------------------
