Spectral Irradiance, W m-2 nm-1
values at z =      0.000 km
Columns: wavelength (nm), solar zenith angles (deg.)
    wc, nm      0.000      5.000     10.000     15.000     20.000     25.000     30.000     35.000     40.000     45.000     50.000     55.000     60.000     65.000     70.000     75.000     80.000     85.000
  120.7000  0.000E+00  0.000E+00  0.000E+00  0.000E+00  0.000E+00  0.000E+00  0.000E+00  0.000E+00  0.000E+00  0.000E+00  0.000E+00  0.000E+00  0.000E+00  0.000E+00  0.000E+00  0.000E+00  0.000E+00  0.000E+00
  121.6500  0.000E+00  0.000E+00  0.000E+00  0.000E+00  0.000E+00  0.000E+00  0.000E+00  0.000E+00  0.000E+00  0.000E+00  0.000E+00  0.000E+00  0.000E+00  0.000E+00  0.000E+00  0.000E+00  0.000E+00  0.000E+00
  122.1000  0.000E+00  0.000E+00  0.000E+00  0.000E+00  0.000E+00  0.000E+00  0.000E+00  0.000E+00  0.000E+00  0.000E+00  0.000E+00  0.000E+00  0.000E+00  0.000E+00  0.000E+00  0.000E+00  0.000E+00  0.000E+00
  122.7000  0.000E+00  0.000E+00  0.000E+00  0.000E+00  0.000E+00  0.000E+00  0.000E+00  0.000E+00  0.000E+00  0.000E+00  0.000E+00  0.000E+00  0.000E+00  0.000E+00  0.000E+00  0.000E+00  0.000E+00  0.000E+00
  123.4500  0.000E+00  0.000E+00  0.000E+00  0.000E+00  0.000E+00  0.000E+00  0.000E+00  0.000E+00  0.000E+00  0.000E+00  0.000E+00  0.000E+00  0.000E+00  0.000E+00  0.000E+00  0.000E+00  0.000E+00  0.000E+00
  124.2000  0.000E+00  0.000E+00  0.000E+00  0.000E+00  0.000E+00  0.000E+00  0.000E+00  0.000E+00  0.000E+00  0.000E+00  0.000E+00  0.000E+00  0.000E+00  0.000E+00  0.000E+00  0.000E+00  0.000E+00  0.000E+00
  125.0000  0.000E+00  0.000E+00  0.000E+00  0.000E+00  0.000E+00  0.000E+00  0.000E+00  0.000E+00  0.000E+00  0.000E+00  0.000E+00  0.000E+00  0.000E+00  0.000E+00  0.000E+00  0.000E+00  0.000E+00  0.000E+00
  125.8000  0.000E+00  0.000E+00  0.000E+00  0.000E+00  0.000E+00  0.000E+00  0.000E+00  0.000E+00  0.000E+00  0.000E+00  0.000E+00  0.000E+00  0.000E+00  0.000E+00  0.000E+00  0.000E+00  0.000E+00  0.000E+00
  126.6000  0.000E+00  0.000E+00  0.000E+00  0.000E+00  0.000E+00  0.000E+00  0.000E+00  0.000E+00  0.000E+00  0.000E+00  0.000E+00  0.000E+00  0.000E+00  0.000E+00  0.000E+00  0.000E+00  0.000E+00  0.000E+00
  127.8000  0.000E+00  0.000E+00  0.000E+00  0.000E+00  0.000E+00  0.000E+00  0.000E+00  0.000E+00  0.000E+00  0.000E+00  0.000E+00  0.000E+00  0.000E+00  0.000E+00  0.000E+00  0.000E+00  0.000E+00  0.000E+00
  129.0000  0.000E+00  0.000E+00  0.000E+00  0.000E+00  0.000E+00  0.000E+00  0.000E+00  0.000E+00  0.000E+00  0.000E+00  0.000E+00  0.000E+00  0.000E+00  0.000E+00  0.000E+00  0.000E+00  0.000E+00  0.000E+00
  129.8500  0.000E+00  0.000E+00  0.000E+00  0.000E+00  0.000E+00  0.000E+00  0.000E+00  0.000E+00  0.000E+00  0.000E+00  0.000E+00  0.000E+00  0.000E+00  0.000E+00  0.000E+00  0.000E+00  0.000E+00  0.000E+00
  131.1500  0.000E+00  0.000E+00  0.000E+00  0.000E+00  0.000E+00  0.000E+00  0.000E+00  0.000E+00  0.000E+00  0.000E+00  0.000E+00  0.000E+00  0.000E+00  0.000E+00  0.000E+00  0.000E+00  0.000E+00  0.000E+00
  133.5000  0.000E+00  0.000E+00  0.000E+00  0.000E+00  0.000E+00  0.000E+00  0.000E+00  0.000E+00  0.000E+00  0.000E+00  0.000E+00  0.000E+00  0.000E+00  0.000E+00  0.000E+00  0.000E+00  0.000E+00  0.000E+00
  136.0000  0.000E+00  0.000E+00  0.000E+00  0.000E+00  0.000E+00  0.000E+00  0.000E+00  0.000E+00  0.000E+00  0.000E+00  0.000E+00  0.000E+00  0.000E+00  0.000E+00  0.000E+00  0.000E+00  0.000E+00  0.000E+00
  141.0000  0.000E+00  0.000E+00  0.000E+00  0.000E+00  0.000E+00  0.000E+00  0.000E+00  0.000E+00  0.000E+00  0.000E+00  0.000E+00  0.000E+00  0.000E+00  0.000E+00  0.000E+00  0.000E+00  0.000E+00  0.000E+00
  150.0000  0.000E+00  0.000E+00  0.000E+00  0.000E+00  0.000E+00  0.000E+00  0.000E+00  0.000E+00  0.000E+00  0.000E+00  0.000E+00  0.000E+00  0.000E+00  0.000E+00  0.000E+00  0.000E+00  0.000E+00  0.000E+00
  160.0000  0.000E+00  0.000E+00  0.000E+00  0.000E+00  0.000E+00  0.000E+00  0.000E+00  0.000E+00  0.000E+00  0.000E+00  0.000E+00  0.000E+00  0.000E+00  0.000E+00  0.000E+00  0.000E+00  0.000E+00  0.000E+00
  167.5000  0.000E+00  0.000E+00  0.000E+00  0.000E+00  0.000E+00  0.000E+00  0.000E+00  0.000E+00  0.000E+00  0.000E+00  0.000E+00  0.000E+00  0.000E+00  0.000E+00  0.000E+00  0.000E+00  0.000E+00  0.000E+00
  172.7000  0.000E+00  0.000E+00  0.000E+00  0.000E+00  0.000E+00  0.000E+00  0.000E+00  0.000E+00  0.000E+00  0.000E+00  0.000E+00  0.000E+00  0.000E+00  0.000E+00  0.000E+00  0.000E+00  0.000E+00  0.000E+00
  176.2000  0.000E+00  0.000E+00  0.000E+00  0.000E+00  0.000E+00  0.000E+00  0.000E+00  0.000E+00  0.000E+00  0.000E+00  0.000E+00  0.000E+00  0.000E+00  0.000E+00  0.000E+00  0.000E+00  0.000E+00  0.000E+00
  177.8000  0.000E+00  0.000E+00  0.000E+00  0.000E+00  0.000E+00  0.000E+00  0.000E+00  0.000E+00  0.000E+00  0.000E+00  0.000E+00  0.000E+00  0.000E+00  0.000E+00  0.000E+00  0.000E+00  0.000E+00  0.000E+00
  179.4000  0.000E+00  0.000E+00  0.000E+00  0.000E+00  0.000E+00  0.000E+00  0.000E+00  0.000E+00  0.000E+00  0.000E+00  0.000E+00  0.000E+00  0.000E+00  0.000E+00  0.000E+00  0.000E+00  0.000E+00  0.000E+00
  181.0000  0.000E+00  0.000E+00  0.000E+00  0.000E+00  0.000E+00  0.000E+00  0.000E+00  0.000E+00  0.000E+00  0.000E+00  0.000E+00  0.000E+00  0.000E+00  0.000E+00  0.000E+00  0.000E+00  0.000E+00  0.000E+00
  182.6500  0.000E+00  0.000E+00  0.000E+00  0.000E+00  0.000E+00  0.000E+00  0.000E+00  0.000E+00  0.000E+00  0.000E+00  0.000E+00  0.000E+00  0.000E+00  0.000E+00  0.000E+00  0.000E+00  0.000E+00  0.000E+00
  184.3500  0.000E+00  0.000E+00  0.000E+00  0.000E+00  0.000E+00  0.000E+00  0.000E+00  0.000E+00  0.000E+00  0.000E+00  0.000E+00  0.000E+00  0.000E+00  0.000E+00  0.000E+00  0.000E+00  0.000E+00  0.000E+00
  186.0500  0.000E+00  0.000E+00  0.000E+00  0.000E+00  0.000E+00  0.000E+00  0.000E+00  0.000E+00  0.000E+00  0.000E+00  0.000E+00  0.000E+00  0.000E+00  0.000E+00  0.000E+00  0.000E+00  0.000E+00  0.000E+00
  187.8000  0.000E+00  0.000E+00  0.000E+00  0.000E+00  0.000E+00  0.000E+00  0.000E+00  0.000E+00  0.000E+00  0.000E+00  0.000E+00  0.000E+00  0.000E+00  0.000E+00  0.000E+00  0.000E+00  0.000E+00  0.000E+00
  189.6000  0.000E+00  0.000E+00  0.000E+00  0.000E+00  0.000E+00  0.000E+00  0.000E+00  0.000E+00  0.000E+00  0.000E+00  0.000E+00  0.000E+00  0.000E+00  0.000E+00  0.000E+00  0.000E+00  0.000E+00  0.000E+00
  191.4000  0.000E+00  0.000E+00  0.000E+00  0.000E+00  0.000E+00  0.000E+00  0.000E+00  0.000E+00  0.000E+00  0.000E+00  0.000E+00  0.000E+00  0.000E+00  0.000E+00  0.000E+00  0.000E+00  0.000E+00  0.000E+00
  193.2500  0.000E+00  0.000E+00  0.000E+00  0.000E+00  0.000E+00  0.000E+00  0.000E+00  0.000E+00  0.000E+00  0.000E+00  0.000E+00  0.000E+00  0.000E+00  0.000E+00  0.000E+00  0.000E+00  0.000E+00  0.000E+00
  195.1500  0.000E+00  0.000E+00  0.000E+00  0.000E+00  0.000E+00  0.000E+00  0.000E+00  0.000E+00  0.000E+00  0.000E+00  0.000E+00  0.000E+00  0.000E+00  0.000E+00  0.000E+00  0.000E+00  0.000E+00  0.000E+00
  197.0500  0.000E+00  0.000E+00  0.000E+00  0.000E+00  0.000E+00  0.000E+00  0.000E+00  0.000E+00  0.000E+00  0.000E+00  0.000E+00  0.000E+00  0.000E+00  0.000E+00  0.000E+00  0.000E+00  0.000E+00  0.000E+00
  199.0000  0.000E+00  0.000E+00  0.000E+00  0.000E+00  0.000E+00  0.000E+00  0.000E+00  0.000E+00  0.000E+00  0.000E+00  0.000E+00  0.000E+00  0.000E+00  0.000E+00  0.000E+00  0.000E+00  0.000E+00  0.000E+00
  201.0000  0.000E+00  0.000E+00  0.000E+00  0.000E+00  0.000E+00  0.000E+00  0.000E+00  0.000E+00  0.000E+00  0.000E+00  0.000E+00  0.000E+00  0.000E+00  0.000E+00  0.000E+00  0.000E+00  0.000E+00  0.000E+00
  203.0500  0.000E+00  0.000E+00  0.000E+00  0.000E+00  0.000E+00  0.000E+00  0.000E+00  0.000E+00  0.000E+00  0.000E+00  0.000E+00  0.000E+00  0.000E+00  0.000E+00  0.000E+00  0.000E+00  0.000E+00  0.000E+00
  205.1500  0.000E+00  0.000E+00  0.000E+00  0.000E+00  0.000E+00  0.000E+00  0.000E+00  0.000E+00  0.000E+00  0.000E+00  0.000E+00  0.000E+00  0.000E+00  0.000E+00  0.000E+00  0.000E+00  0.000E+00  0.000E+00
  207.2665  1.920E-19  1.651E-19  1.045E-19  4.780E-20  1.534E-20  3.300E-21  4.454E-22  3.444E-23  1.357E-24  2.434E-26  2.845E-28  2.483E-29  9.858E-30  5.300E-30  3.117E-30  1.852E-30  1.037E-30  4.804E-31
  209.4295  2.159E-18  1.870E-18  1.210E-18  5.750E-19  1.951E-19  4.525E-20  6.739E-21  5.917E-22  2.742E-23  6.059E-25  9.035E-27  8.397E-28  3.326E-28  1.789E-28  1.054E-28  6.272E-29  3.516E-29  1.631E-29
  211.6460  3.339E-17  2.918E-17  1.939E-17  9.643E-18  3.496E-18  8.870E-19  1.486E-19  1.520E-20  8.562E-22  2.440E-23  4.965E-25  5.148E-26  2.046E-26  1.103E-26  6.521E-27  3.894E-27  2.189E-27  1.018E-27
  213.9100  2.221E-16  1.955E-16  1.326E-16  6.830E-17  2.607E-17  7.091E-18  1.302E-18  1.496E-19  9.804E-21  3.391E-22  8.608E-24  9.431E-25  3.724E-25  2.010E-25  1.191E-25  7.140E-26  4.030E-26  1.881E-26
  216.2225  1.442E-15  1.278E-15  8.868E-16  4.751E-16  1.919E-16  5.638E-17  1.145E-17  1.500E-18  1.162E-19  4.998E-21  1.638E-22  1.941E-23  7.629E-24  4.122E-24  2.455E-24  1.480E-24  8.404E-25  3.944E-25
  218.5855  1.909E-14  1.708E-14  1.218E-14  6.844E-15  2.962E-15  9.559E-16  2.196E-16  3.374E-17  3.215E-18  1.813E-19  8.236E-21  1.107E-21  4.350E-22  2.359E-22  1.416E-22  8.611E-23  4.935E-23  2.337E-23
  221.0010  1.333E-13  1.202E-13  8.765E-14  5.115E-14  2.341E-14  8.148E-15  2.068E-15  3.614E-16  4.068E-17  2.850E-18  1.615E-19  2.395E-20  9.311E-21  5.051E-21  3.055E-21  1.877E-21  1.088E-21  5.215E-22
  223.4705  1.033E-12  9.379E-13  6.988E-13  4.229E-13  2.041E-13  7.635E-14  2.130E-14  4.210E-15  5.557E-16  4.786E-17  3.475E-18  5.362E-19  2.050E-19  1.112E-19  6.782E-20  4.221E-20  2.482E-20  1.209E-20
  225.9960  6.368E-12  5.826E-12  4.448E-12  2.807E-12  1.440E-12  5.854E-13  1.822E-13  4.154E-14  6.600E-15  7.225E-16  6.804E-17  1.146E-17  4.311E-18  2.338E-18  1.443E-18  9.125E-19  5.470E-19  2.723E-19
  228.5790  3.624E-11  3.338E-11  2.601E-11  1.699E-11  9.172E-12  3.998E-12  1.364E-12  3.503E-13  6.495E-14  8.637E-15  9.870E-16  1.741E-16  6.361E-17  3.441E-17  2.150E-17  1.384E-17  8.479E-18  4.339E-18
  231.2215  1.409E-10  1.305E-10  1.033E-10  6.931E-11  3.891E-11  1.789E-11  6.552E-12  1.844E-12  3.842E-13  5.881E-14  7.604E-15  1.347E-15  4.721E-16  2.543E-16  1.609E-16  1.054E-16  6.603E-17  3.482E-17
  233.9260  3.198E-10  2.973E-10  2.383E-10  1.635E-10  9.471E-11  4.547E-11  1.762E-11  5.329E-12  1.216E-12  2.064E-13  2.885E-14  4.997E-15  1.663E-15  8.920E-16  5.716E-16  3.811E-16  2.442E-16  1.329E-16
  236.6945  9.267E-10  8.645E-10  7.004E-10  4.893E-10  2.912E-10  1.449E-10  5.886E-11  1.890E-11  4.635E-12  8.515E-13  1.253E-13  2.083E-14  6.538E-15  3.494E-15  2.268E-15  1.538E-15  1.008E-15  5.672E-16
  239.5295  5.920E-09  5.568E-09  4.624E-09  3.371E-09  2.133E-09  1.154E-09  5.226E-10  1.926E-10  5.596E-11  1.249E-11  2.206E-12  3.927E-13  1.189E-13  6.338E-14  4.187E-14  2.907E-14  1.965E-14  1.162E-14
  242.4330  1.300E-07  1.235E-07  1.057E-07  8.105E-08  5.522E-08  3.297E-08  1.693E-08  7.294E-09  2.555E-09  7.047E-10  1.525E-10  3.020E-11  8.930E-12  4.734E-12  3.186E-12  2.269E-12  1.590E-12  9.997E-13
  245.4080  4.414E-08  4.176E-08  3.531E-08  2.653E-08  1.753E-08  1.004E-08  4.885E-09  1.960E-09  6.262E-10  1.530E-10  2.823E-11  4.649E-12  1.250E-12  6.622E-13  4.477E-13  3.200E-13  2.253E-13  1.428E-13
  248.4570  1.856E-08  1.750E-08  1.465E-08  1.082E-08  6.970E-09  3.857E-09  1.792E-09  6.776E-10  2.003E-10  4.417E-11  7.104E-12  9.923E-13  2.450E-13  1.298E-13  8.801E-14  6.307E-14  4.457E-14  2.842E-14
  251.5825  1.138E-08  1.071E-08  8.120E-09  6.524E-09  4.148E-09  2.253E-09  1.021E-09  3.738E-10  1.059E-10  2.204E-11  3.270E-12  4.108E-13  9.519E-14  5.023E-14  3.409E-14  2.445E-14  1.731E-14  1.109E-14
  254.7875  1.371E-08  1.290E-08  1.072E-08  7.813E-09  4.941E-09  2.665E-09  1.197E-09  4.323E-10  1.202E-10  2.440E-11  3.481E-12  4.111E-13  9.073E-14  4.755E-14  3.225E-14  2.313E-14  1.639E-14  1.052E-14
  258.0750  3.942E-08  3.714E-08  3.101E-08  2.280E-08  1.460E-08  8.002E-09  3.669E-09  1.361E-09  3.912E-10  8.259E-11  1.232E-11  1.502E-12  3.261E-13  1.683E-13  1.137E-13  8.141E-14  5.763E-14  3.699E-14
  261.4490  6.530E-08  6.171E-08  5.199E-08  3.880E-08  2.539E-08  1.434E-08  6.834E-09  2.663E-09  8.142E-10  1.857E-10  3.040E-11  4.047E-12  8.829E-13  4.461E-13  2.994E-13  2.137E-13  1.509E-13  9.668E-14
  264.9125  5.829E-07  5.534E-07  4.727E-07  3.613E-07  2.448E-07  1.449E-07  7.337E-08  3.091E-08  1.043E-08  2.695E-09  5.149E-10  8.029E-11  1.822E-11  8.931E-12  5.930E-12  4.209E-12  2.960E-12  1.888E-12
  268.4685  3.137E-06  2.997E-06  2.608E-06  2.058E-06  1.460E-06  9.198E-07  5.054E-07  2.364E-07  9.111E-08  2.785E-08  6.557E-09  1.277E-09  3.150E-10  1.483E-10  9.671E-11  6.808E-11  4.755E-11  3.009E-11
  272.1215  1.729E-05  1.663E-05  1.477E-05  1.207E-05  9.015E-06  6.088E-06  3.662E-06  1.924E-06  8.597E-07  3.168E-07  9.407E-08  2.353E-08  6.561E-09  2.967E-09  1.880E-09  1.307E-09  9.044E-10  5.663E-10
  275.8755  1.049E-04  1.016E-04  9.229E-05  7.831E-05  6.176E-05  4.490E-05  2.974E-05  1.768E-05  9.242E-06  4.152E-06  1.573E-06  5.141E-07  1.692E-07  7.467E-08  4.520E-08  3.081E-08  2.103E-08  1.297E-08
  279.7340  4.146E-04  4.044E-04  3.748E-04  3.293E-04  2.732E-04  2.127E-04  1.541E-04  1.027E-04  6.207E-05  3.343E-05  1.582E-05  6.611E-06  2.621E-06  1.176E-06  6.716E-07  4.431E-07  2.966E-07  1.794E-07
  283.7020  3.937E-03  3.862E-03  3.644E-03  3.302E-03  2.865E-03  2.369E-03  1.856E-03  1.367E-03  9.367E-04  5.900E-04  3.376E-04  1.747E-04  8.370E-05  4.034E-05  2.198E-05  1.375E-05  8.934E-06  5.263E-06
  287.7845  1.962E-02  1.933E-02  1.851E-02  1.719E-02  1.545E-02  1.340E-02  1.118E-02  8.906E-03  6.737E-03  4.794E-03  3.180E-03  1.949E-03  1.106E-03  5.965E-04  3.257E-04  1.919E-04  1.188E-04  6.746E-05
  291.9865  8.177E-02  8.088E-02  7.825E-02  7.399E-02  6.827E-02  6.135E-02  5.354E-02  4.520E-02  3.673E-02  2.855E-02  2.106E-02  1.464E-02  9.511E-03  5.784E-03  3.351E-03  1.923E-03  1.118E-03  6.023E-04
  296.3090  1.420E-01  1.408E-01  1.372E-01  1.313E-01  1.233E-01  1.134E-01  1.020E-01  8.944E-02  7.618E-02  6.275E-02  4.969E-02  3.754E-02  2.685E-02  1.804E-02  1.133E-02  6.689E-03  3.739E-03  1.885E-03
  300.5000  1.817E-01  1.804E-01  1.765E-01  1.701E-01  1.614E-01  1.505E-01  1.378E-01  1.221E-01  1.082E-01  9.218E-02  7.606E-02  6.039E-02  4.579E-02  3.285E-02  2.204E-02  1.366E-02  7.669E-03  3.677E-03
  303.0000  2.869E-01  2.850E-01  2.794E-01  2.700E-01  2.569E-01  2.413E-01  2.225E-01  2.013E-01  1.783E-01  1.540E-01  1.292E-01  1.047E-01  8.135E-02  6.001E-02  4.152E-02  2.647E-02  1.509E-02  7.125E-03
  304.0000  2.759E-01  2.741E-01  2.688E-01  2.600E-01  2.480E-01  2.329E-01  2.151E-01  1.951E-01  1.732E-01  1.501E-01  1.265E-01  1.030E-01  8.048E-02  5.977E-02  4.167E-02  2.676E-02  1.532E-02  7.215E-03
  305.0000  3.205E-01  3.184E-01  3.101E-01  3.025E-01  2.888E-01  2.717E-01  2.516E-01  2.287E-01  2.038E-01  1.774E-01  1.502E-01  1.231E-01  9.688E-02  7.259E-02  5.111E-02  3.316E-02  1.914E-02  8.993E-03
  306.0000  2.716E-01  2.699E-01  2.649E-01  2.566E-01  2.452E-01  2.310E-01  2.142E-01  1.951E-01  1.742E-01  1.521E-01  1.292E-01  1.063E-01  8.405E-02  6.334E-02  4.488E-02  2.931E-02  1.700E-02  7.982E-03
  307.0000  3.132E-01  3.113E-01  3.056E-01  2.963E-01  2.834E-01  2.673E-01  2.482E-01  2.265E-01  2.028E-01  1.775E-01  1.513E-01  1.250E-01  9.937E-02  7.534E-02  5.376E-02  3.538E-02  2.065E-02  9.698E-03
  308.0000  3.320E-01  3.300E-01  3.241E-01  3.143E-01  3.009E-01  2.841E-01  2.642E-01  2.415E-01  2.167E-01  1.901E-01  1.626E-01  1.349E-01  1.077E-01  8.214E-02  5.900E-02  3.910E-02  2.296E-02  1.079E-02
  309.0000  3.259E-01  3.240E-01  3.182E-01  3.087E-01  2.957E-01  2.794E-01  2.600E-01  2.379E-01  2.137E-01  1.878E-01  1.610E-01  1.338E-01  1.071E-01  8.194E-02  5.905E-02  3.928E-02  2.315E-02  1.089E-02
  310.0000  2.889E-01  2.872E-01  2.822E-01  2.740E-01  2.626E-01  2.484E-01  2.315E-01  2.122E-01  1.910E-01  1.684E-01  1.447E-01  1.208E-01  9.722E-02  7.478E-02  5.427E-02  3.639E-02  2.161E-02  1.019E-02
  311.0000  4.659E-01  4.632E-01  4.552E-01  4.421E-01  4.239E-01  4.011E-01  3.740E-01  3.432E-01  3.093E-01  2.729E-01  2.349E-01  1.964E-01  1.584E-01  1.221E-01  8.886E-02  5.975E-02  3.558E-02  1.680E-02
  312.0000  3.915E-01  3.893E-01  3.827E-01  3.717E-01  3.566E-01  3.377E-01  3.152E-01  2.895E-01  2.612E-01  2.309E-01  1.991E-01  1.669E-01  1.350E-01  1.044E-01  7.628E-02  5.153E-02  3.082E-02  1.459E-02
  313.0000  4.127E-01  4.104E-01  4.034E-01  3.920E-01  3.763E-01  3.565E-01  3.331E-01  3.063E-01  2.767E-01  2.449E-01  2.117E-01  1.778E-01  1.442E-01  1.119E-01  8.208E-02  5.570E-02  3.348E-02  1.589E-02
  314.0000  4.408E-01  4.384E-01  4.310E-01  4.189E-01  4.022E-01  3.812E-01  3.562E-01  3.277E-01  2.962E-01  2.624E-01  2.270E-01  1.908E-01  1.549E-01  1.204E-01  8.843E-02  6.009E-02  3.618E-02  1.718E-02
  316.0000  4.152E-01  4.129E-01  4.061E-01  3.949E-01  3.794E-01  3.599E-01  3.368E-01  3.103E-01  2.810E-01  2.495E-01  2.164E-01  1.825E-01  1.488E-01  1.162E-01  8.583E-02  5.871E-02  3.560E-02  1.699E-02
  320.0000  4.876E-01  4.850E-01  4.772E-01  4.643E-01  4.465E-01  4.241E-01  3.974E-01  3.668E-01  3.329E-01  2.964E-01  2.579E-01  2.183E-01  1.787E-01  1.403E-01  1.042E-01  7.178E-02  4.385E-02  2.105E-02
  325.0000  5.835E-01  5.804E-01  5.712E-01  5.561E-01  5.352E-01  5.089E-01  4.774E-01  4.414E-01  4.014E-01  3.581E-01  3.125E-01  2.654E-01  2.180E-01  1.718E-01  1.282E-01  8.875E-02  5.454E-02  2.634E-02
  330.0000  7.052E-01  7.015E-01  6.906E-01  6.725E-01  6.476E-01  6.161E-01  5.785E-01  5.354E-01  4.875E-01  4.356E-01  3.806E-01  3.238E-01  2.666E-01  2.105E-01  1.574E-01  1.091E-01  6.721E-02  3.254E-02
  335.0000  6.611E-01  6.577E-01  6.476E-01  6.309E-01  6.077E-01  5.785E-01  5.436E-01  5.035E-01  4.588E-01  4.104E-01  3.591E-01  3.059E-01  2.522E-01  1.994E-01  1.493E-01  1.036E-01  6.387E-02  3.098E-02
  340.0000  7.147E-01  7.111E-01  7.002E-01  6.823E-01  6.574E-01  6.261E-01  5.886E-01  5.456E-01  4.976E-01  4.455E-01  3.901E-01  3.327E-01  2.746E-01  2.173E-01  1.627E-01  1.129E-01  6.961E-02  3.379E-02
  345.0000  7.032E-01  6.997E-01  6.891E-01  6.716E-01  6.473E-01  6.167E-01  5.801E-01  5.380E-01  4.910E-01  4.399E-01  3.856E-01  3.292E-01  2.719E-01  2.153E-01  1.613E-01  1.119E-01  6.891E-02  3.346E-02
  350.0000  7.361E-01  7.324E-01  7.214E-01  7.032E-01  6.780E-01  6.462E-01  6.081E-01  5.642E-01  5.153E-01  4.620E-01  4.053E-01  3.462E-01  2.862E-01  2.267E-01  1.699E-01  1.177E-01  7.245E-02  3.516E-02
  355.0000  7.783E-01  7.744E-01  7.629E-01  7.438E-01  7.173E-01  6.839E-01  6.438E-01  5.977E-01  5.462E-01  4.901E-01  4.303E-01  3.679E-01  3.043E-01  2.413E-01  1.808E-01  1.252E-01  7.698E-02  3.735E-02
  360.0000  7.119E-01  7.084E-01  6.979E-01  6.806E-01  6.565E-01  6.261E-01  5.897E-01  5.478E-01  5.009E-01  4.497E-01  3.951E-01  3.381E-01  2.799E-01  2.221E-01  1.664E-01  1.152E-01  7.074E-02  3.431E-02
  365.0000  9.057E-01  9.013E-01  8.880E-01  8.661E-01  8.357E-01  7.973E-01  7.512E-01  6.981E-01  6.387E-01  5.739E-01  5.046E-01  4.321E-01  3.580E-01  2.842E-01  2.131E-01  1.475E-01  9.041E-02  4.382E-02
  370.0000  9.422E-01  9.376E-01  9.239E-01  9.012E-01  8.698E-01  8.301E-01  7.824E-01  7.275E-01  6.660E-01  5.987E-01  5.268E-01  4.515E-01  3.744E-01  2.975E-01  2.231E-01  1.543E-01  9.447E-02  4.575E-02
  375.0000  8.516E-01  8.475E-01  8.352E-01  8.148E-01  7.866E-01  7.509E-01  7.080E-01  6.586E-01  6.032E-01  5.427E-01  4.779E-01  4.099E-01  3.402E-01  2.705E-01  2.029E-01  1.403E-01  8.577E-02  4.150E-02
  380.0000  9.795E-01  9.748E-01  9.607E-01  9.374E-01  9.052E-01  8.643E-01  8.153E-01  7.587E-01  6.953E-01  6.259E-01  5.515E-01  4.735E-01  3.933E-01  3.129E-01  2.349E-01  1.623E-01  9.909E-02  4.790E-02
  385.0000  7.388E-01  7.353E-01  7.247E-01  7.073E-01  6.831E-01  6.524E-01  6.156E-01  5.732E-01  5.255E-01  4.734E-01  4.174E-01  3.586E-01  2.981E-01  2.374E-01  1.782E-01  1.232E-01  7.508E-02  3.625E-02
  390.0000  9.652E-01  9.606E-01  9.469E-01  9.242E-01  8.928E-01  8.530E-01  8.052E-01  7.499E-01  6.879E-01  6.200E-01  5.471E-01  4.704E-01  3.914E-01  3.119E-01  2.343E-01  1.619E-01  9.854E-02  4.751E-02
  395.0000  7.491E-01  7.456E-01  7.350E-01  7.175E-01  6.932E-01  6.625E-01  6.255E-01  5.829E-01  5.349E-01  4.824E-01  4.259E-01  3.665E-01  3.052E-01  2.434E-01  1.830E-01  1.264E-01  7.683E-02  3.699E-02
  400.0000  1.391E+00  1.385E+00  1.365E+00  1.333E+00  1.288E+00  1.231E+00  1.163E+00  1.084E+00  9.953E-01  8.981E-01  7.935E-01  6.833E-01  5.694E-01  4.545E-01  3.419E-01  2.362E-01  1.434E-01  6.890E-02
  405.0000  1.419E+00  1.412E+00  1.393E+00  1.360E+00  1.314E+00  1.257E+00  1.187E+00  1.107E+00  1.017E+00  9.181E-01  8.117E-01  6.994E-01  5.834E-01  4.660E-01  3.508E-01  2.423E-01  1.469E-01  7.048E-02
  410.0000  1.464E+00  1.457E+00  1.437E+00  1.403E+00  1.356E+00  1.297E+00  1.226E+00  1.143E+00  1.051E+00  9.491E-01  8.397E-01  7.241E-01  6.044E-01  4.832E-01  3.639E-01  2.515E-01  1.523E-01  7.291E-02
  415.0000  1.526E+00  1.519E+00  1.497E+00  1.462E+00  1.414E+00  1.352E+00  1.279E+00  1.193E+00  1.097E+00  9.913E-01  8.775E-01  7.572E-01  6.326E-01  5.061E-01  3.815E-01  2.636E-01  1.594E-01  7.619E-02
  420.0000  1.540E+00  1.533E+00  1.512E+00  1.477E+00  1.428E+00  1.366E+00  1.292E+00  1.206E+00  1.109E+00  1.003E+00  8.883E-01  7.670E-01  6.412E-01  5.135E-01  3.873E-01  2.677E-01  1.617E-01  7.712E-02
  425.0000  1.471E+00  1.464E+00  1.444E+00  1.410E+00  1.364E+00  1.305E+00  1.235E+00  1.153E+00  1.061E+00  9.595E-01  8.504E-01  7.348E-01  6.148E-01  4.927E-01  3.719E-01  2.571E-01  1.552E-01  7.383E-02
  430.0000  1.357E+00  1.351E+00  1.332E+00  1.302E+00  1.259E+00  1.205E+00  1.140E+00  1.065E+00  9.802E-01  8.870E-01  7.865E-01  6.801E-01  5.694E-01  4.567E-01  3.450E-01  2.386E-01  1.439E-01  6.829E-02
  435.0000  1.575E+00  1.568E+00  1.547E+00  1.511E+00  1.462E+00  1.400E+00  1.325E+00  1.238E+00  1.140E+00  1.032E+00  9.154E-01  7.920E-01  6.636E-01  5.327E-01  4.027E-01  2.787E-01  1.678E-01  7.948E-02
  440.0000  1.621E+00  1.614E+00  1.592E+00  1.555E+00  1.505E+00  1.441E+00  1.364E+00  1.275E+00  1.174E+00  1.064E+00  9.441E-01  8.173E-01  6.853E-01  5.505E-01  4.165E-01  2.883E-01  1.735E-01  8.196E-02
  445.0000  1.741E+00  1.734E+00  1.710E+00  1.671E+00  1.617E+00  1.549E+00  1.466E+00  1.371E+00  1.263E+00  1.144E+00  1.016E+00  8.805E-01  7.387E-01  5.939E-01  4.497E-01  3.115E-01  1.873E-01  8.824E-02
  450.0000  1.852E+00  1.844E+00  1.819E+00  1.778E+00  1.721E+00  1.648E+00  1.561E+00  1.459E+00  1.345E+00  1.219E+00  1.083E+00  9.391E-01  7.885E-01  6.344E-01  4.808E-01  3.331E-01  2.002E-01  9.407E-02
  455.0000  1.813E+00  1.805E+00  1.781E+00  1.740E+00  1.685E+00  1.614E+00  1.528E+00  1.430E+00  1.318E+00  1.195E+00  1.063E+00  9.216E-01  7.743E-01  6.235E-01  4.729E-01  3.278E-01  1.969E-01  9.227E-02
  460.0000  1.867E+00  1.858E+00  1.833E+00  1.792E+00  1.735E+00  1.662E+00  1.575E+00  1.473E+00  1.359E+00  1.233E+00  1.096E+00  9.512E-01  7.996E-01  6.444E-01  4.890E-01  3.392E-01  2.036E-01  9.512E-02
  465.0000  1.846E+00  1.837E+00  1.813E+00  1.772E+00  1.716E+00  1.644E+00  1.558E+00  1.458E+00  1.345E+00  1.221E+00  1.086E+00  9.428E-01  7.931E-01  6.396E-01  4.858E-01  3.371E-01  2.023E-01  9.427E-02
  470.0000  1.836E+00  1.828E+00  1.803E+00  1.763E+00  1.707E+00  1.636E+00  1.550E+00  1.451E+00  1.339E+00  1.216E+00  1.082E+00  9.400E-01  7.913E-01  6.386E-01  4.854E-01  3.371E-01  2.021E-01  9.395E-02
  475.0000  1.858E+00  1.850E+00  1.825E+00  1.784E+00  1.728E+00  1.656E+00  1.570E+00  1.470E+00  1.357E+00  1.232E+00  1.097E+00  9.534E-01  8.030E-01  6.485E-01  4.933E-01  3.428E-01  2.055E-01  9.525E-02
  480.0000  1.912E+00  1.904E+00  1.879E+00  1.837E+00  1.779E+00  1.705E+00  1.617E+00  1.514E+00  1.398E+00  1.270E+00  1.131E+00  9.834E-01  8.288E-01  6.697E-01  5.098E-01  3.543E-01  2.123E-01  9.808E-02
  485.0000  1.738E+00  1.730E+00  1.707E+00  1.669E+00  1.617E+00  1.550E+00  1.470E+00  1.376E+00  1.271E+00  1.155E+00  1.029E+00  8.954E-01  7.550E-01  6.105E-01  4.651E-01  3.235E-01  1.938E-01  8.927E-02
  490.0000  1.810E+00  1.802E+00  1.778E+00  1.739E+00  1.684E+00  1.615E+00  1.531E+00  1.435E+00  1.325E+00  1.205E+00  1.074E+00  9.345E-01  7.884E-01  6.379E-01  4.863E-01  3.385E-01  2.028E-01  9.318E-02
  495.0000  1.844E+00  1.836E+00  1.812E+00  1.772E+00  1.716E+00  1.646E+00  1.561E+00  1.463E+00  1.352E+00  1.229E+00  1.096E+00  9.540E-01  8.053E-01  6.521E-01  4.975E-01  3.465E-01  2.075E-01  9.509E-02
  500.0000  1.760E+00  1.752E+00  1.729E+00  1.691E+00  1.638E+00  1.571E+00  1.491E+00  1.397E+00  1.291E+00  1.174E+00  1.047E+00  9.122E-01  7.703E-01  6.241E-01  4.764E-01  3.320E-01  1.987E-01  9.076E-02
  505.0000  1.790E+00  1.782E+00  1.759E+00  1.720E+00  1.667E+00  1.598E+00  1.516E+00  1.421E+00  1.314E+00  1.195E+00  1.066E+00  9.291E-01  7.850E-01  6.362E-01  4.859E-01  3.387E-01  2.027E-01  9.224E-02
  510.0000  1.775E+00  1.767E+00  1.744E+00  1.706E+00  1.653E+00  1.585E+00  1.504E+00  1.410E+00  1.304E+00  1.186E+00  1.059E+00  9.230E-01  7.802E-01  6.328E-01  4.836E-01  3.374E-01  2.019E-01  9.167E-02
  515.0000  1.645E+00  1.638E+00  1.617E+00  1.582E+00  1.533E+00  1.470E+00  1.395E+00  1.308E+00  1.210E+00  1.101E+00  9.832E-01  8.573E-01  7.250E-01  5.883E-01  4.500E-01  3.141E-01  1.880E-01  8.514E-02
  520.0000  1.692E+00  1.685E+00  1.663E+00  1.627E+00  1.577E+00  1.513E+00  1.436E+00  1.346E+00  1.245E+00  1.134E+00  1.012E+00  8.831E-01  7.472E-01  6.066E-01  4.643E-01  3.243E-01  1.941E-01  8.765E-02
  525.0000  1.699E+00  1.692E+00  1.670E+00  1.634E+00  1.583E+00  1.519E+00  1.442E+00  1.352E+00  1.251E+00  1.139E+00  1.018E+00  8.880E-01  7.516E-01  6.105E-01  4.675E-01  3.266E-01  1.954E-01  8.797E-02
  530.0000  1.792E+00  1.784E+00  1.761E+00  1.723E+00  1.670E+00  1.602E+00  1.521E+00  1.427E+00  1.320E+00  1.202E+00  1.074E+00  9.374E-01  7.937E-01  6.450E-01  4.941E-01  3.453E-01  2.065E-01  9.262E-02
  535.0000  1.737E+00  1.730E+00  1.707E+00  1.670E+00  1.619E+00  1.554E+00  1.475E+00  1.384E+00  1.281E+00  1.166E+00  1.043E+00  9.102E-01  7.709E-01  6.267E-01  4.804E-01  3.360E-01  2.009E-01  8.986E-02
  540.0000  1.739E+00  1.732E+00  1.709E+00  1.672E+00  1.621E+00  1.556E+00  1.477E+00  1.386E+00  1.283E+00  1.169E+00  1.045E+00  9.124E-01  7.732E-01  6.289E-01  4.823E-01  3.376E-01  2.019E-01  9.010E-02
  545.0000  1.765E+00  1.758E+00  1.735E+00  1.698E+00  1.646E+00  1.580E+00  1.500E+00  1.407E+00  1.303E+00  1.187E+00  1.062E+00  9.275E-01  7.862E-01  6.398E-01  4.909E-01  3.437E-01  2.056E-01  9.149E-02
  550.0000  1.771E+00  1.764E+00  1.741E+00  1.704E+00  1.652E+00  1.585E+00  1.506E+00  1.413E+00  1.308E+00  1.192E+00  1.066E+00  9.318E-01  7.901E-01  6.433E-01  4.939E-01  3.460E-01  2.070E-01  9.188E-02
  555.0000  1.759E+00  1.751E+00  1.729E+00  1.692E+00  1.640E+00  1.575E+00  1.495E+00  1.404E+00  1.300E+00  1.185E+00  1.060E+00  9.267E-01  7.862E-01  6.404E-01  4.920E-01  3.450E-01  2.064E-01  9.134E-02
  560.0000  1.716E+00  1.709E+00  1.687E+00  1.650E+00  1.600E+00  1.536E+00  1.459E+00  1.370E+00  1.269E+00  1.157E+00  1.035E+00  9.049E-01  7.679E-01  6.258E-01  4.809E-01  3.373E-01  2.018E-01  8.902E-02
  565.0000  1.720E+00  1.713E+00  1.691E+00  1.654E+00  1.604E+00  1.540E+00  1.463E+00  1.373E+00  1.272E+00  1.160E+00  1.038E+00  9.079E-01  7.707E-01  6.282E-01  4.830E-01  3.389E-01  2.026E-01  8.914E-02
  570.0000  1.711E+00  1.704E+00  1.682E+00  1.646E+00  1.596E+00  1.532E+00  1.456E+00  1.367E+00  1.266E+00  1.155E+00  1.034E+00  9.042E-01  7.677E-01  6.260E-01  4.815E-01  3.380E-01  2.021E-01  8.867E-02
  575.0000  1.741E+00  1.733E+00  1.711E+00  1.674E+00  1.624E+00  1.559E+00  1.481E+00  1.391E+00  1.289E+00  1.175E+00  1.052E+00  9.208E-01  7.820E-01  6.379E-01  4.910E-01  3.448E-01  2.063E-01  9.030E-02
  580.0000  1.711E+00  1.704E+00  1.682E+00  1.647E+00  1.597E+00  1.533E+00  1.457E+00  1.368E+00  1.268E+00  1.157E+00  1.036E+00  9.066E-01  7.703E-01  6.287E-01  4.842E-01  3.403E-01  2.037E-01  8.911E-02
  585.0000  1.712E+00  1.704E+00  1.683E+00  1.647E+00  1.597E+00  1.534E+00  1.457E+00  1.369E+00  1.269E+00  1.158E+00  1.037E+00  9.078E-01  7.717E-01  6.301E-01  4.856E-01  3.416E-01  2.047E-01  8.945E-02
  590.0000  1.651E+00  1.644E+00  1.623E+00  1.589E+00  1.541E+00  1.480E+00  1.406E+00  1.321E+00  1.224E+00  1.118E+00  1.001E+00  8.769E-01  7.456E-01  6.091E-01  4.697E-01  3.306E-01  1.982E-01  8.650E-02
  595.0000  1.685E+00  1.678E+00  1.657E+00  1.622E+00  1.573E+00  1.511E+00  1.436E+00  1.349E+00  1.250E+00  1.141E+00  1.023E+00  8.957E-01  7.618E-01  6.225E-01  4.802E-01  3.382E-01  2.027E-01  8.827E-02
  600.0000  1.646E+00  1.639E+00  1.618E+00  1.584E+00  1.536E+00  1.475E+00  1.402E+00  1.317E+00  1.221E+00  1.115E+00  9.992E-01  8.754E-01  7.447E-01  6.087E-01  4.697E-01  3.308E-01  1.983E-01  8.614E-02
  605.0000  1.665E+00  1.658E+00  1.637E+00  1.602E+00  1.554E+00  1.493E+00  1.419E+00  1.333E+00  1.236E+00  1.128E+00  1.012E+00  8.864E-01  7.543E-01  6.168E-01  4.761E-01  3.356E-01  2.013E-01  8.732E-02
  610.0000  1.642E+00  1.635E+00  1.614E+00  1.580E+00  1.533E+00  1.472E+00  1.400E+00  1.315E+00  1.220E+00  1.114E+00  9.987E-01  8.754E-01  7.452E-01  6.097E-01  4.710E-01  3.323E-01  1.996E-01  8.657E-02
  615.0000  1.601E+00  1.594E+00  1.574E+00  1.541E+00  1.495E+00  1.436E+00  1.365E+00  1.283E+00  1.190E+00  1.087E+00  9.748E-01  8.547E-01  7.279E-01  5.959E-01  4.607E-01  3.254E-01  1.956E-01  8.489E-02
  620.0000  1.623E+00  1.616E+00  1.596E+00  1.562E+00  1.515E+00  1.456E+00  1.384E+00  1.301E+00  1.207E+00  1.102E+00  9.888E-01  8.673E-01  7.389E-01  6.052E-01  4.682E-01  3.310E-01  1.993E-01  8.647E-02
  625.0000  1.587E+00  1.580E+00  1.560E+00  1.527E+00  1.482E+00  1.424E+00  1.354E+00  1.272E+00  1.180E+00  1.079E+00  9.678E-01  8.490E-01  7.236E-01  5.929E-01  4.590E-01  3.248E-01  1.957E-01  8.492E-02
  630.0000  1.587E+00  1.581E+00  1.561E+00  1.528E+00  1.483E+00  1.425E+00  1.355E+00  1.273E+00  1.182E+00  1.080E+00  9.691E-01  8.504E-01  7.250E-01  5.944E-01  4.604E-01  3.261E-01  1.967E-01  8.535E-02
  635.0000  1.575E+00  1.568E+00  1.549E+00  1.516E+00  1.471E+00  1.414E+00  1.344E+00  1.264E+00  1.173E+00  1.072E+00  9.623E-01  8.447E-01  7.204E-01  5.909E-01  4.580E-01  3.246E-01  1.960E-01  8.508E-02
  640.0000  1.555E+00  1.549E+00  1.529E+00  1.497E+00  1.453E+00  1.396E+00  1.328E+00  1.249E+00  1.159E+00  1.059E+00  9.511E-01  8.351E-01  7.124E-01  5.846E-01  4.534E-01  3.217E-01  1.945E-01  8.443E-02
  644.8000  1.545E+00  1.539E+00  1.519E+00  1.488E+00  1.443E+00  1.387E+00  1.320E+00  1.241E+00  1.152E+00  1.053E+00  9.456E-01  8.304E-01  7.087E-01  5.818E-01  4.515E-01  3.206E-01  1.940E-01  8.425E-02
  651.0500  1.524E+00  1.518E+00  1.499E+00  1.468E+00  1.424E+00  1.369E+00  1.302E+00  1.225E+00  1.137E+00  1.040E+00  9.338E-01  8.204E-01  7.004E-01  5.753E-01  4.468E-01  3.175E-01  1.924E-01  8.355E-02
  660.0000  1.445E+00  1.439E+00  1.421E+00  1.391E+00  1.350E+00  1.298E+00  1.235E+00  1.161E+00  1.078E+00  9.864E-01  8.862E-01  7.789E-01  6.653E-01  5.469E-01  4.251E-01  3.025E-01  1.836E-01  7.977E-02
  670.0000  1.481E+00  1.475E+00  1.457E+00  1.427E+00  1.384E+00  1.331E+00  1.266E+00  1.191E+00  1.106E+00  1.012E+00  9.098E-01  7.999E-01  6.837E-01  5.624E-01  4.377E-01  3.119E-01  1.897E-01  8.245E-02
  680.0000  1.453E+00  1.447E+00  1.429E+00  1.399E+00  1.358E+00  1.306E+00  1.243E+00  1.169E+00  1.086E+00  9.939E-01  8.936E-01  7.860E-01  6.722E-01  5.533E-01  4.310E-01  3.076E-01  1.874E-01  8.148E-02
  690.0000  1.431E+00  1.425E+00  1.407E+00  1.378E+00  1.338E+00  1.286E+00  1.224E+00  1.152E+00  1.070E+00  9.797E-01  8.811E-01  7.753E-01  6.634E-01  5.464E-01  4.260E-01  3.044E-01  1.858E-01  8.079E-02
  700.0000  1.405E+00  1.399E+00  1.382E+00  1.353E+00  1.314E+00  1.263E+00  1.202E+00  1.132E+00  1.052E+00  9.628E-01  8.661E-01  7.624E-01  6.526E-01  5.379E-01  4.198E-01  3.003E-01  1.836E-01  7.987E-02
  710.0000  1.371E+00  1.366E+00  1.349E+00  1.321E+00  1.283E+00  1.233E+00  1.174E+00  1.105E+00  1.027E+00  9.405E-01  8.463E-01  7.452E-01  6.382E-01  5.263E-01  4.110E-01  2.944E-01  1.802E-01  7.841E-02
  720.0000  1.326E+00  1.320E+00  1.304E+00  1.277E+00  1.240E+00  1.193E+00  1.135E+00  1.069E+00  9.934E-01  9.099E-01  8.190E-01  7.214E-01  6.180E-01  5.099E-01  3.985E-01  2.857E-01  1.752E-01  7.621E-02
  730.0000  1.294E+00  1.289E+00  1.273E+00  1.247E+00  1.211E+00  1.165E+00  1.109E+00  1.044E+00  9.705E-01  8.891E-01  8.004E-01  7.052E-01  6.044E-01  4.990E-01  3.902E-01  2.801E-01  1.719E-01  7.483E-02
------------------------------------------------------------
Dose rates, W m-2
   1 = UV-B, 280-315 nm                                  
   2 = UV-B*, 280-320 nm                                 
   3 = UV-A, 315-400 nm                                  
   4 = DNA damage, in vitro (Setlow, 1974)               
   5 = UV index (WMO, 1994; Webb et al., 2011)           
   6 = Plant damage (Caldwell, 1971)                     
   7 = Plant damage,Flint&Caldwell,2003,orig.            
   8 = Plant damage,Flint&Caldwell,2003,ext390           
values at z =      0.000 km
Columns: sza, weighting spectra
 sza, deg.          1          2          3          4          5          6          7          8
    0.0000  5.920E+00  7.166E+00  6.232E+01  2.232E-01  8.325E+01  3.562E+00  4.497E+00  4.966E+00
    5.0000  5.880E+00  7.119E+00  6.201E+01  2.209E-01  8.256E+01  3.530E+00  4.460E+00  4.928E+00
   10.0000  5.757E+00  6.976E+00  6.108E+01  2.138E-01  8.049E+01  3.437E+00  4.351E+00  4.812E+00
   15.0000  5.563E+00  6.747E+00  5.955E+01  2.025E-01  7.717E+01  3.288E+00  4.175E+00  4.625E+00
   20.0000  5.293E+00  6.431E+00  5.744E+01  1.873E-01  7.264E+01  3.086E+00  3.936E+00  4.370E+00
   25.0000  4.958E+00  6.038E+00  5.476E+01  1.691E-01  6.708E+01  2.838E+00  3.643E+00  4.057E+00
   30.0000  4.566E+00  5.576E+00  5.156E+01  1.487E-01  6.067E+01  2.555E+00  3.305E+00  3.696E+00
   35.0000  4.121E+00  5.052E+00  4.788E+01  1.268E-01  5.351E+01  2.240E+00  2.930E+00  3.293E+00
   40.0000  3.652E+00  4.495E+00  4.376E+01  1.049E-01  4.623E+01  1.922E+00  2.544E+00  2.878E+00
   45.0000  3.156E+00  3.905E+00  3.927E+01  8.369E-02  3.871E+01  1.598E+00  2.149E+00  2.449E+00
   50.0000  2.654E+00  3.303E+00  3.449E+01  6.410E-02  3.137E+01  1.284E+00  1.761E+00  2.025E+00
   55.0000  2.161E+00  2.708E+00  2.950E+01  4.694E-02  2.449E+01  9.935E-01  1.396E+00  1.623E+00
   60.0000  1.693E+00  2.139E+00  2.441E+01  3.274E-02  1.831E+01  7.356E-01  1.064E+00  1.253E+00
   65.0000  1.266E+00  1.615E+00  1.936E+01  2.171E-02  1.303E+01  5.184E-01  7.766E-01  9.265E-01
   70.0000  8.945E-01  1.152E+00  1.451E+01  1.370E-02  8.761E+00  3.453E-01  5.379E-01  6.505E-01
   75.0000  5.859E-01  7.620E-01  1.004E+01  8.258E-03  5.514E+00  2.154E-01  3.491E-01  4.269E-01
   80.0000  3.433E-01  4.501E-01  6.149E+00  4.718E-03  3.174E+00  1.232E-01  2.059E-01  2.534E-01
   85.0000  1.632E-01  2.141E-01  2.974E+00  2.379E-03  1.541E+00  5.985E-02  1.002E-01  1.231E-01
------------------------------------------------------------
