Spectral Irradiance, W m-2 nm-1
values at z =      0.000 km
Columns: wavelength (nm), solar zenith angles (deg.)
    wc, nm      0.000      5.000     10.000     15.000     20.000     25.000     30.000     35.000     40.000     45.000     50.000     55.000     60.000     65.000     70.000     75.000     80.000     85.000
  280.5000  4.152E-04  4.054E-04  3.773E-04  3.338E-04  2.797E-04  2.208E-04  1.628E-04  1.110E-04  6.899E-05  3.851E-05  1.903E-05  8.345E-06  3.447E-06  1.563E-06  8.822E-07  5.766E-07  3.840E-07  2.311E-07
  281.5000  1.493E-03  1.460E-03  1.366E-03  1.219E-03  1.034E-03  8.299E-04  6.256E-04  4.385E-04  2.824E-04  1.647E-04  8.584E-05  3.998E-05  1.740E-05  8.031E-06  4.468E-06  2.881E-06  1.904E-06  1.138E-06
  282.5000  3.065E-03  3.002E-03  2.820E-03  2.535E-03  2.174E-03  1.771E-03  1.360E-03  9.767E-04  6.484E-04  3.926E-04  2.142E-04  1.050E-04  4.785E-05  2.251E-05  1.238E-05  7.877E-06  5.167E-06  3.068E-06
  283.5000  4.431E-03  4.344E-03  4.092E-03  3.697E-03  3.193E-03  2.625E-03  2.041E-03  1.489E-03  1.008E-03  6.255E-04  3.513E-04  1.780E-04  8.356E-05  3.982E-05  2.175E-05  1.369E-05  8.932E-06  5.279E-06
  284.5000  5.247E-03  5.153E-03  4.879E-03  4.447E-03  3.890E-03  3.254E-03  2.587E-03  1.942E-03  1.362E-03  8.836E-04  5.220E-04  2.822E-04  1.406E-04  6.926E-05  3.757E-05  2.320E-05  1.494E-05  8.742E-06
  285.5000  3.718E-03  3.656E-03  3.475E-03  3.188E-03  2.815E-03  2.385E-03  1.928E-03  1.478E-03  1.065E-03  7.133E-04  4.398E-04  2.479E-04  1.291E-04  6.542E-05  3.542E-05  2.152E-05  1.370E-05  7.948E-06
  286.5000  1.287E-02  1.267E-02  1.208E-02  1.113E-02  9.905E-03  8.474E-03  6.939E-03  5.405E-03  3.973E-03  2.729E-03  1.734E-03  1.012E-03  5.456E-04  2.830E-04  1.533E-04  9.196E-05  5.795E-05  3.335E-05
  287.5000  1.892E-02  1.864E-02  1.783E-02  1.653E-02  1.482E-02  1.282E-02  1.065E-02  8.445E-03  6.348E-03  4.483E-03  2.945E-03  1.786E-03  1.002E-03  5.356E-04  2.918E-04  1.726E-04  1.072E-04  6.111E-05
  288.5000  2.161E-02  2.132E-02  1.979E-02  1.908E-02  1.726E-02  1.511E-02  1.274E-02  1.030E-02  7.934E-03  5.772E-03  3.932E-03  2.487E-03  1.459E-03  8.086E-04  4.458E-04  2.601E-04  1.588E-04  8.934E-05
  289.5000  4.113E-02  4.061E-02  3.908E-02  3.661E-02  3.333E-02  2.942E-02  2.509E-02  2.057E-02  1.611E-02  1.198E-02  8.371E-03  5.457E-03  3.306E-03  1.883E-03  1.051E-03  6.078E-04  3.658E-04  2.035E-04
  290.5000  6.759E-02  6.678E-02  6.440E-02  6.055E-02  5.542E-02  4.927E-02  4.240E-02  3.517E-02  2.796E-02  2.115E-02  1.511E-02  1.010E-02  6.289E-03  3.672E-03  2.074E-03  1.194E-03  7.089E-04  3.899E-04
  291.5000  7.759E-02  7.673E-02  7.417E-02  7.003E-02  6.449E-02  5.779E-02  5.026E-02  4.224E-02  3.413E-02  2.635E-02  1.929E-02  1.327E-02  8.532E-03  5.135E-03  2.955E-03  1.696E-03  9.915E-04  5.373E-04
  292.5000  8.114E-02  8.029E-02  7.777E-02  7.368E-02  6.818E-02  6.151E-02  5.395E-02  4.583E-02  3.754E-02  2.946E-02  2.200E-02  1.550E-02  1.023E-02  6.321E-03  3.704E-03  2.128E-03  1.227E-03  6.555E-04
  293.5000  1.068E-01  1.058E-01  1.026E-01  9.756E-02  9.070E-02  8.234E-02  7.280E-02  6.248E-02  5.183E-02  4.132E-02  3.144E-02  2.265E-02  1.534E-02  9.724E-03  5.811E-03  3.354E-03  1.911E-03  1.005E-03
  294.5000  1.096E-01  1.086E-01  1.055E-01  1.006E-01  9.385E-02  8.562E-02  7.618E-02  6.591E-02  5.521E-02  4.455E-02  3.440E-02  2.522E-02  1.743E-02  1.128E-02  6.855E-03  3.979E-03  2.248E-03  1.165E-03
  295.5000  1.433E-01  1.420E-01  1.382E-01  1.321E-01  1.237E-01  1.135E-01  1.016E-01  8.869E-02  7.508E-02  6.137E-02  4.814E-02  3.597E-02  2.540E-02  1.683E-02  1.044E-02  6.121E-03  3.433E-03  1.749E-03
  296.5000  1.452E-01  1.440E-01  1.403E-01  1.344E-01  1.263E-01  1.164E-01  1.048E-01  9.211E-02  7.866E-02  6.500E-02  5.166E-02  3.921E-02  2.820E-02  1.906E-02  1.204E-02  7.134E-03  3.984E-03  1.999E-03
  297.5000  1.729E-01  1.715E-01  1.674E-01  1.606E-01  1.514E-01  1.400E-01  1.267E-01  1.120E-01  9.643E-02  8.044E-02  6.467E-02  4.978E-02  3.638E-02  2.503E-02  1.610E-02  9.646E-03  5.380E-03  2.662E-03
  298.5000  1.380E-01  1.369E-01  1.338E-01  1.286E-01  1.215E-01  1.127E-01  1.025E-01  9.108E-02  7.890E-02  6.635E-02  5.387E-02  4.195E-02  3.109E-02  2.172E-02  1.419E-02  8.597E-03  4.798E-03  2.345E-03
  299.5000  2.109E-01  2.094E-01  2.047E-01  1.969E-01  1.866E-01  1.737E-01  1.585E-01  1.416E-01  1.235E-01  1.046E-01  8.573E-02  6.752E-02  5.070E-02  3.597E-02  2.386E-02  1.464E-02  8.195E-03  3.961E-03
  300.5000  1.480E-01  1.470E-01  1.438E-01  1.386E-01  1.315E-01  1.226E-01  1.123E-01  1.007E-01  8.822E-02  7.519E-02  6.205E-02  4.929E-02  3.739E-02  2.683E-02  1.802E-02  1.117E-02  6.273E-03  3.007E-03
  301.5000  2.148E-01  2.133E-01  2.089E-01  2.016E-01  1.917E-01  1.793E-01  1.647E-01  1.483E-01  1.306E-01  1.120E-01  9.316E-02  7.470E-02  5.731E-02  4.167E-02  2.837E-02  1.782E-02  1.007E-02  4.787E-03
  302.5000  2.181E-01  2.166E-01  2.122E-01  2.050E-01  1.951E-01  1.828E-01  1.683E-01  1.520E-01  1.343E-01  1.157E-01  9.671E-02  7.803E-02  6.031E-02  4.422E-02  3.039E-02  1.925E-02  1.093E-02  5.172E-03
  303.5000  2.917E-01  2.902E-01  2.845E-01  2.751E-01  2.623E-01  2.462E-01  2.273E-01  2.059E-01  1.827E-01  1.581E-01  1.330E-01  1.081E-01  8.432E-02  6.247E-02  4.344E-02  2.783E-02  1.591E-02  7.500E-03
  304.5000  2.779E-01  2.762E-01  2.708E-01  2.621E-01  2.501E-01  2.350E-01  2.173E-01  1.973E-01  1.754E-01  1.523E-01  1.286E-01  1.050E-01  8.226E-02  6.131E-02  4.291E-02  2.766E-02  1.589E-02  7.471E-03
  305.5000  2.987E-01  2.968E-01  2.912E-01  2.821E-01  2.695E-01  2.538E-01  2.352E-01  2.141E-01  1.911E-01  1.666E-01  1.414E-01  1.162E-01  9.174E-02  6.901E-02  4.881E-02  3.182E-02  1.843E-02  8.657E-03
  306.5000  2.854E-01  2.836E-01  2.784E-01  2.697E-01  2.579E-01  2.430E-01  2.254E-01  2.055E-01  1.837E-01  1.605E-01  1.365E-01  1.125E-01  8.911E-02  6.729E-02  4.780E-02  3.130E-02  1.819E-02  8.538E-03
  307.5000  3.474E-01  3.453E-01  3.390E-01  3.288E-01  3.147E-01  2.970E-01  2.760E-01  2.522E-01  2.261E-01  1.982E-01  1.694E-01  1.403E-01  1.119E-01  8.517E-02  6.105E-02  4.037E-02  2.367E-02  1.112E-02
  308.5000  3.642E-01  3.621E-01  3.556E-01  3.449E-01  3.303E-01  3.119E-01  2.901E-01  2.654E-01  2.382E-01  2.091E-01  1.790E-01  1.486E-01  1.188E-01  9.068E-02  6.521E-02  4.327E-02  2.544E-02  1.196E-02
  309.5000  2.869E-01  2.852E-01  2.802E-01  2.720E-01  2.606E-01  2.463E-01  2.294E-01  2.102E-01  1.890E-01  1.664E-01  1.428E-01  1.190E-01  9.556E-02  7.332E-02  5.305E-02  3.545E-02  2.098E-02  9.882E-03
  310.5000  3.605E-01  3.584E-01  3.522E-01  3.419E-01  3.278E-01  3.101E-01  2.891E-01  2.652E-01  2.388E-01  2.106E-01  1.812E-01  1.513E-01  1.219E-01  9.388E-02  6.822E-02  4.580E-02  2.723E-02  1.285E-02
  311.5000  4.399E-01  4.373E-01  4.298E-01  4.175E-01  4.004E-01  3.790E-01  3.535E-01  3.245E-01  2.925E-01  2.583E-01  2.225E-01  1.862E-01  1.503E-01  1.160E-01  8.456E-02  5.695E-02  3.396E-02  1.605E-02
  312.5000  3.904E-01  3.882E-01  3.816E-01  3.708E-01  3.558E-01  3.371E-01  3.148E-01  2.893E-01  2.613E-01  2.312E-01  1.997E-01  1.676E-01  1.358E-01  1.053E-01  7.713E-02  5.227E-02  3.137E-02  1.488E-02
  313.5000  4.327E-01  4.302E-01  4.230E-01  4.110E-01  3.946E-01  3.739E-01  3.493E-01  3.212E-01  2.902E-01  2.569E-01  2.220E-01  1.865E-01  1.512E-01  1.174E-01  8.609E-02  5.840E-02  3.509E-02  1.664E-02
  314.5000  3.987E-01  3.965E-01  3.899E-01  3.790E-01  3.640E-01  3.452E-01  3.227E-01  2.971E-01  2.688E-01  2.384E-01  2.065E-01  1.739E-01  1.415E-01  1.102E-01  8.123E-02  5.541E-02  3.349E-02  1.595E-02
  315.5000  4.059E-01  4.037E-01  3.970E-01  3.860E-01  3.708E-01  3.517E-01  3.289E-01  3.029E-01  2.741E-01  2.432E-01  2.108E-01  1.776E-01  1.446E-01  1.127E-01  8.309E-02  5.670E-02  3.429E-02  1.633E-02
  316.5000  3.795E-01  3.775E-01  3.713E-01  3.611E-01  3.470E-01  3.293E-01  3.082E-01  2.841E-01  2.574E-01  2.287E-01  1.985E-01  1.676E-01  1.368E-01  1.070E-01  7.914E-02  5.424E-02  3.296E-02  1.576E-02
  317.5000  5.361E-01  5.331E-01  5.244E-01  5.100E-01  4.902E-01  4.652E-01  4.355E-01  4.015E-01  3.638E-01  3.233E-01  2.806E-01  2.370E-01  1.934E-01  1.512E-01  1.119E-01  7.665E-02  4.656E-02  2.224E-02
  318.5000  3.978E-01  3.957E-01  3.893E-01  3.787E-01  3.641E-01  3.457E-01  3.238E-01  2.988E-01  2.711E-01  2.412E-01  2.097E-01  1.774E-01  1.451E-01  1.138E-01  8.447E-02  5.811E-02  3.546E-02  1.701E-02
  319.5000  4.798E-01  4.772E-01  4.695E-01  4.568E-01  4.392E-01  4.171E-01  3.908E-01  3.607E-01  3.273E-01  2.913E-01  2.534E-01  2.145E-01  1.755E-01  1.377E-01  1.023E-01  7.039E-02  4.297E-02  2.062E-02
  320.5000  5.757E-01  5.726E-01  5.634E-01  5.482E-01  5.273E-01  5.008E-01  4.693E-01  4.333E-01  3.933E-01  3.502E-01  3.048E-01  2.581E-01  2.113E-01  1.659E-01  1.233E-01  8.493E-02  5.189E-02  2.492E-02
  321.5000  4.634E-01  4.609E-01  4.536E-01  4.414E-01  4.247E-01  4.036E-01  3.784E-01  3.497E-01  3.177E-01  2.832E-01  2.468E-01  2.094E-01  1.718E-01  1.352E-01  1.008E-01  6.969E-02  4.277E-02  2.062E-02
  322.5000  4.856E-01  4.831E-01  4.753E-01  4.626E-01  4.450E-01  4.228E-01  3.963E-01  3.660E-01  3.324E-01  2.961E-01  2.578E-01  2.185E-01  1.790E-01  1.406E-01  1.046E-01  7.205E-02  4.405E-02  2.116E-02
  323.5000  4.688E-01  4.663E-01  4.589E-01  4.467E-01  4.299E-01  4.087E-01  3.834E-01  3.544E-01  3.222E-01  2.874E-01  2.507E-01  2.129E-01  1.749E-01  1.378E-01  1.029E-01  7.121E-02  4.378E-02  2.115E-02
  324.5000  5.511E-01  5.482E-01  5.395E-01  5.252E-01  5.055E-01  4.806E-01  4.508E-01  4.168E-01  3.790E-01  3.381E-01  2.949E-01  2.504E-01  2.057E-01  1.621E-01  1.210E-01  8.371E-02  5.144E-02  2.483E-02
  325.5000  6.227E-01  6.195E-01  6.097E-01  5.935E-01  5.712E-01  5.430E-01  5.095E-01  4.710E-01  4.283E-01  3.821E-01  3.333E-01  2.830E-01  2.324E-01  1.831E-01  1.365E-01  9.439E-02  5.794E-02  2.794E-02
  326.5000  7.206E-01  7.168E-01  7.056E-01  6.870E-01  6.614E-01  6.290E-01  5.904E-01  5.462E-01  4.971E-01  4.438E-01  3.876E-01  3.296E-01  2.712E-01  2.140E-01  1.600E-01  1.110E-01  6.841E-02  3.313E-02
  327.5000  6.804E-01  6.769E-01  6.662E-01  6.487E-01  6.245E-01  5.939E-01  5.575E-01  5.157E-01  4.693E-01  4.190E-01  3.658E-01  3.110E-01  2.558E-01  2.017E-01  1.507E-01  1.044E-01  6.423E-02  3.105E-02
  328.5000  6.277E-01  6.245E-01  6.147E-01  5.985E-01  5.762E-01  5.481E-01  5.145E-01  4.760E-01  4.332E-01  3.868E-01  3.378E-01  2.872E-01  2.363E-01  1.864E-01  1.392E-01  9.643E-02  5.932E-02  2.868E-02
  329.5000  7.865E-01  7.825E-01  7.703E-01  7.502E-01  7.224E-01  6.873E-01  6.454E-01  5.974E-01  5.440E-01  4.862E-01  4.250E-01  3.617E-01  2.979E-01  2.354E-01  1.762E-01  1.223E-01  7.546E-02  3.660E-02
  330.5000  7.248E-01  7.211E-01  7.098E-01  6.913E-01  6.657E-01  6.334E-01  5.948E-01  5.505E-01  5.013E-01  4.479E-01  3.915E-01  3.331E-01  2.742E-01  2.166E-01  1.620E-01  1.123E-01  6.917E-02  3.350E-02
  331.5000  7.181E-01  7.143E-01  7.032E-01  6.849E-01  6.595E-01  6.275E-01  5.894E-01  5.455E-01  4.968E-01  4.440E-01  3.880E-01  3.302E-01  2.719E-01  2.147E-01  1.605E-01  1.113E-01  6.850E-02  3.316E-02
  332.5000  6.897E-01  6.862E-01  6.756E-01  6.580E-01  6.338E-01  6.032E-01  5.667E-01  5.247E-01  4.781E-01  4.275E-01  3.739E-01  3.184E-01  2.624E-01  2.075E-01  1.553E-01  1.079E-01  6.655E-02  3.230E-02
  333.5000  6.547E-01  6.513E-01  6.413E-01  6.246E-01  6.016E-01  5.726E-01  5.379E-01  4.981E-01  4.538E-01  4.058E-01  3.549E-01  3.022E-01  2.490E-01  1.968E-01  1.472E-01  1.021E-01  6.293E-02  3.050E-02
  334.5000  7.273E-01  7.235E-01  7.124E-01  6.939E-01  6.684E-01  6.362E-01  5.978E-01  5.537E-01  5.045E-01  4.512E-01  3.947E-01  3.362E-01  2.771E-01  2.191E-01  1.640E-01  1.138E-01  7.013E-02  3.401E-02
  335.5000  7.282E-01  7.245E-01  7.134E-01  6.949E-01  6.695E-01  6.373E-01  5.990E-01  5.549E-01  5.058E-01  4.525E-01  3.960E-01  3.375E-01  2.783E-01  2.202E-01  1.649E-01  1.145E-01  7.064E-02  3.430E-02
  336.5000  5.711E-01  5.682E-01  5.594E-01  5.450E-01  5.251E-01  4.999E-01  4.698E-01  4.352E-01  3.968E-01  3.550E-01  3.107E-01  2.648E-01  2.184E-01  1.727E-01  1.293E-01  8.977E-02  5.536E-02  2.687E-02
  337.5000  6.318E-01  6.286E-01  6.189E-01  6.030E-01  5.809E-01  5.531E-01  5.198E-01  4.816E-01  4.390E-01  3.928E-01  3.438E-01  2.930E-01  2.416E-01  1.910E-01  1.430E-01  9.914E-02  6.108E-02  2.961E-02
  338.5000  6.584E-01  6.551E-01  6.450E-01  6.285E-01  6.056E-01  5.766E-01  5.420E-01  5.023E-01  4.581E-01  4.100E-01  3.590E-01  3.061E-01  2.525E-01  1.998E-01  1.496E-01  1.039E-01  6.405E-02  3.110E-02
  339.5000  7.143E-01  7.107E-01  6.998E-01  6.819E-01  6.571E-01  6.257E-01  5.883E-01  5.452E-01  4.973E-01  4.451E-01  3.898E-01  3.325E-01  2.743E-01  2.171E-01  1.626E-01  1.129E-01  6.960E-02  3.379E-02
  340.5000  7.668E-01  7.629E-01  7.513E-01  7.320E-01  7.054E-01  6.718E-01  6.316E-01  5.854E-01  5.340E-01  4.780E-01  4.187E-01  3.571E-01  2.946E-01  2.331E-01  1.746E-01  1.211E-01  7.462E-02  3.621E-02
  341.5000  6.765E-01  6.731E-01  6.628E-01  6.459E-01  6.224E-01  5.928E-01  5.574E-01  5.168E-01  4.715E-01  4.222E-01  3.699E-01  3.155E-01  2.605E-01  2.062E-01  1.544E-01  1.072E-01  6.607E-02  3.209E-02
  342.5000  7.483E-01  7.445E-01  7.332E-01  7.145E-01  6.886E-01  6.559E-01  6.168E-01  5.719E-01  5.218E-01  4.673E-01  4.095E-01  3.494E-01  2.885E-01  2.284E-01  1.711E-01  1.187E-01  7.319E-02  3.554E-02
  343.5000  7.786E-01  7.747E-01  7.629E-01  7.435E-01  7.166E-01  6.826E-01  6.420E-01  5.953E-01  5.432E-01  4.865E-01  4.264E-01  3.638E-01  3.004E-01  2.379E-01  1.782E-01  1.236E-01  7.615E-02  3.697E-02
  344.5000  5.468E-01  5.440E-01  5.358E-01  5.222E-01  5.033E-01  4.795E-01  4.509E-01  4.182E-01  3.816E-01  3.419E-01  2.996E-01  2.557E-01  2.112E-01  1.672E-01  1.252E-01  8.681E-02  5.346E-02  2.595E-02
  345.5000  7.444E-01  7.406E-01  7.294E-01  7.109E-01  6.852E-01  6.529E-01  6.141E-01  5.696E-01  5.199E-01  4.659E-01  4.084E-01  3.487E-01  2.880E-01  2.281E-01  1.709E-01  1.186E-01  7.304E-02  3.547E-02
  346.5000  6.985E-01  6.950E-01  6.845E-01  6.671E-01  6.431E-01  6.128E-01  5.764E-01  5.347E-01  4.881E-01  4.374E-01  3.835E-01  3.274E-01  2.704E-01  2.142E-01  1.604E-01  1.112E-01  6.849E-02  3.324E-02
  347.5000  6.819E-01  6.785E-01  6.683E-01  6.513E-01  6.279E-01  5.983E-01  5.629E-01  5.222E-01  4.767E-01  4.273E-01  3.747E-01  3.199E-01  2.643E-01  2.094E-01  1.568E-01  1.087E-01  6.694E-02  3.249E-02
  348.5000  7.482E-01  7.444E-01  7.332E-01  7.146E-01  6.890E-01  6.566E-01  6.178E-01  5.732E-01  5.233E-01  4.691E-01  4.114E-01  3.514E-01  2.904E-01  2.300E-01  1.723E-01  1.195E-01  7.354E-02  3.570E-02
  349.5000  6.269E-01  6.237E-01  6.143E-01  5.988E-01  5.774E-01  5.502E-01  5.178E-01  4.804E-01  4.387E-01  3.933E-01  3.450E-01  2.947E-01  2.436E-01  1.930E-01  1.446E-01  1.002E-01  6.167E-02  2.993E-02
  350.5000  8.771E-01  8.727E-01  8.596E-01  8.379E-01  8.079E-01  7.700E-01  7.246E-01  6.724E-01  6.141E-01  5.507E-01  4.831E-01  4.127E-01  3.412E-01  2.703E-01  2.025E-01  1.404E-01  8.637E-02  4.192E-02
  351.5000  7.560E-01  7.522E-01  7.409E-01  7.223E-01  6.964E-01  6.638E-01  6.247E-01  5.798E-01  5.296E-01  4.749E-01  4.167E-01  3.561E-01  2.944E-01  2.333E-01  1.748E-01  1.211E-01  7.449E-02  3.615E-02
  352.5000  6.812E-01  6.778E-01  6.677E-01  6.509E-01  6.276E-01  5.983E-01  5.631E-01  5.227E-01  4.775E-01  4.282E-01  3.758E-01  3.212E-01  2.656E-01  2.105E-01  1.577E-01  1.093E-01  6.720E-02  3.261E-02
  353.5000  8.191E-01  8.150E-01  8.028E-01  7.827E-01  7.548E-01  7.195E-01  6.773E-01  6.287E-01  5.744E-01  5.153E-01  4.523E-01  3.866E-01  3.197E-01  2.534E-01  1.899E-01  1.316E-01  8.090E-02  3.926E-02
  354.5000  8.856E-01  8.812E-01  8.681E-01  8.463E-01  8.162E-01  7.781E-01  7.325E-01  6.801E-01  6.214E-01  5.575E-01  4.894E-01  4.184E-01  3.461E-01  2.744E-01  2.056E-01  1.425E-01  8.757E-02  4.249E-02
  355.5000  8.273E-01  8.232E-01  8.109E-01  7.906E-01  7.625E-01  7.270E-01  6.844E-01  6.355E-01  5.808E-01  5.211E-01  4.575E-01  3.912E-01  3.237E-01  2.566E-01  1.923E-01  1.332E-01  8.187E-02  3.973E-02
  356.5000  7.675E-01  7.636E-01  7.523E-01  7.335E-01  7.074E-01  6.745E-01  6.351E-01  5.897E-01  5.390E-01  4.837E-01  4.248E-01  3.633E-01  3.006E-01  2.384E-01  1.786E-01  1.237E-01  7.601E-02  3.688E-02
  357.5000  6.524E-01  6.492E-01  6.395E-01  6.236E-01  6.015E-01  5.735E-01  5.401E-01  5.015E-01  4.584E-01  4.115E-01  3.614E-01  3.091E-01  2.558E-01  2.029E-01  1.520E-01  1.053E-01  6.467E-02  3.137E-02
  358.5000  5.031E-01  5.006E-01  4.932E-01  4.809E-01  4.639E-01  4.423E-01  4.166E-01  3.869E-01  3.537E-01  3.175E-01  2.789E-01  2.386E-01  1.975E-01  1.566E-01  1.174E-01  8.130E-02  4.992E-02  2.422E-02
  359.5000  8.464E-01  8.422E-01  8.297E-01  8.090E-01  7.805E-01  7.443E-01  7.010E-01  6.511E-01  5.953E-01  5.345E-01  4.695E-01  4.018E-01  3.326E-01  2.638E-01  1.977E-01  1.369E-01  8.406E-02  4.077E-02
  360.5000  7.842E-01  7.803E-01  7.687E-01  7.496E-01  7.232E-01  6.897E-01  6.496E-01  6.035E-01  5.518E-01  4.955E-01  4.354E-01  3.726E-01  3.085E-01  2.448E-01  1.834E-01  1.270E-01  7.795E-02  3.780E-02
  361.5000  7.065E-01  7.031E-01  6.927E-01  6.755E-01  6.517E-01  6.216E-01  5.855E-01  5.439E-01  4.974E-01  4.467E-01  3.926E-01  3.360E-01  2.783E-01  2.208E-01  1.655E-01  1.146E-01  7.030E-02  3.409E-02
  362.5000  8.293E-01  8.252E-01  8.130E-01  7.929E-01  7.650E-01  7.297E-01  6.874E-01  6.386E-01  5.841E-01  5.246E-01  4.611E-01  3.948E-01  3.270E-01  2.595E-01  1.945E-01  1.346E-01  8.259E-02  4.005E-02
  363.5000  7.374E-01  7.338E-01  7.230E-01  7.051E-01  6.803E-01  6.489E-01  6.114E-01  5.681E-01  5.197E-01  4.668E-01  4.103E-01  3.513E-01  2.910E-01  2.310E-01  1.732E-01  1.199E-01  7.351E-02  3.564E-02
  364.5000  8.041E-01  8.002E-01  7.884E-01  7.689E-01  7.419E-01  7.078E-01  6.669E-01  6.197E-01  5.669E-01  5.093E-01  4.478E-01  3.835E-01  3.177E-01  2.522E-01  1.891E-01  1.309E-01  8.023E-02  3.889E-02
  365.5000  9.795E-01  9.747E-01  9.604E-01  9.367E-01  9.039E-01  8.623E-01  8.125E-01  7.551E-01  6.909E-01  6.208E-01  5.459E-01  4.675E-01  3.874E-01  3.076E-01  2.306E-01  1.596E-01  9.781E-02  4.740E-02
  366.5000  1.036E+00  1.031E+00  1.016E+00  9.909E-01  9.562E-01  9.123E-01  8.597E-01  7.991E-01  7.312E-01  6.571E-01  5.779E-01  4.950E-01  4.103E-01  3.258E-01  2.443E-01  1.690E-01  1.036E-01  5.019E-02
  367.5000  9.834E-01  9.786E-01  9.642E-01  9.405E-01  9.076E-01  8.660E-01  8.161E-01  7.586E-01  6.943E-01  6.240E-01  5.488E-01  4.702E-01  3.898E-01  3.095E-01  2.321E-01  1.606E-01  9.838E-02  4.767E-02
  368.5000  8.635E-01  8.593E-01  8.467E-01  8.259E-01  7.971E-01  7.606E-01  7.168E-01  6.664E-01  6.099E-01  5.483E-01  4.823E-01  4.133E-01  3.426E-01  2.722E-01  2.041E-01  1.412E-01  8.647E-02  4.189E-02
  369.5000  1.035E+00  1.030E+00  1.015E+00  9.903E-01  9.558E-01  9.121E-01  8.597E-01  7.993E-01  7.317E-01  6.578E-01  5.787E-01  4.960E-01  4.113E-01  3.267E-01  2.450E-01  1.695E-01  1.038E-01  5.026E-02
  370.5000  9.391E-01  9.345E-01  9.208E-01  8.982E-01  8.670E-01  8.274E-01  7.799E-01  7.252E-01  6.639E-01  5.969E-01  5.253E-01  4.502E-01  3.734E-01  2.967E-01  2.225E-01  1.539E-01  9.419E-02  4.562E-02
  371.5000  1.074E+00  1.069E+00  1.053E+00  1.027E+00  9.917E-01  9.464E-01  8.922E-01  8.297E-01  7.596E-01  6.831E-01  6.012E-01  5.154E-01  4.275E-01  3.397E-01  2.548E-01  1.762E-01  1.078E-01  5.221E-02
  372.5000  7.930E-01  7.892E-01  7.777E-01  7.586E-01  7.323E-01  6.989E-01  6.589E-01  6.128E-01  5.611E-01  5.046E-01  4.442E-01  3.809E-01  3.160E-01  2.511E-01  1.884E-01  1.303E-01  7.969E-02  3.858E-02
  373.5000  7.166E-01  7.131E-01  7.027E-01  6.856E-01  6.618E-01  6.317E-01  5.956E-01  5.539E-01  5.073E-01  4.563E-01  4.017E-01  3.445E-01  2.858E-01  2.272E-01  1.704E-01  1.179E-01  7.207E-02  3.488E-02
  374.5000  7.862E-01  7.824E-01  7.710E-01  7.522E-01  7.261E-01  6.931E-01  6.536E-01  6.079E-01  5.568E-01  5.009E-01  4.410E-01  3.783E-01  3.139E-01  2.495E-01  1.872E-01  1.295E-01  7.915E-02  3.830E-02
  375.5000  8.867E-01  8.824E-01  8.696E-01  8.484E-01  8.190E-01  7.819E-01  7.373E-01  6.859E-01  6.282E-01  5.652E-01  4.977E-01  4.270E-01  3.544E-01  2.818E-01  2.114E-01  1.462E-01  8.934E-02  4.323E-02
  376.5000  8.851E-01  8.808E-01  8.680E-01  8.469E-01  8.176E-01  7.806E-01  7.361E-01  6.848E-01  6.274E-01  5.645E-01  4.972E-01  4.266E-01  3.541E-01  2.816E-01  2.113E-01  1.461E-01  8.926E-02  4.318E-02
  377.5000  1.054E+00  1.049E+00  1.033E+00  1.008E+00  9.734E-01  9.294E-01  8.765E-01  8.155E-01  7.472E-01  6.724E-01  5.923E-01  5.082E-01  4.220E-01  3.356E-01  2.518E-01  1.741E-01  1.064E-01  5.144E-02
  378.5000  1.148E+00  1.142E+00  1.126E+00  1.099E+00  1.061E+00  1.013E+00  9.552E-01  8.888E-01  8.144E-01  7.329E-01  6.457E-01  5.542E-01  4.602E-01  3.661E-01  2.747E-01  1.899E-01  1.160E-01  5.608E-02
  379.5000  8.490E-01  8.450E-01  8.327E-01  8.125E-01  7.846E-01  7.491E-01  7.066E-01  6.576E-01  6.026E-01  5.424E-01  4.779E-01  4.102E-01  3.407E-01  2.711E-01  2.034E-01  1.406E-01  8.586E-02  4.150E-02
  380.5000  1.021E+00  1.016E+00  1.001E+00  9.769E-01  9.433E-01  9.007E-01  8.497E-01  7.908E-01  7.247E-01  6.524E-01  5.749E-01  4.936E-01  4.100E-01  3.263E-01  2.449E-01  1.693E-01  1.033E-01  4.993E-02
  381.5000  9.589E-01  9.543E-01  9.405E-01  9.177E-01  8.862E-01  8.463E-01  7.984E-01  7.431E-01  6.811E-01  6.132E-01  5.405E-01  4.641E-01  3.856E-01  3.068E-01  2.303E-01  1.592E-01  9.714E-02  4.694E-02
  382.5000  6.387E-01  6.357E-01  6.265E-01  6.114E-01  5.904E-01  5.638E-01  5.320E-01  4.952E-01  4.539E-01  4.087E-01  3.603E-01  3.094E-01  2.571E-01  2.046E-01  1.536E-01  1.062E-01  6.477E-02  3.129E-02
  383.5000  5.607E-01  5.580E-01  5.500E-01  5.367E-01  5.183E-01  4.950E-01  4.670E-01  4.348E-01  3.986E-01  3.589E-01  3.165E-01  2.718E-01  2.259E-01  1.798E-01  1.350E-01  9.332E-02  5.690E-02  2.748E-02
  384.5000  8.412E-01  8.371E-01  8.251E-01  8.052E-01  7.777E-01  7.427E-01  7.008E-01  6.525E-01  5.982E-01  5.388E-01  4.751E-01  4.081E-01  3.392E-01  2.701E-01  2.028E-01  1.402E-01  8.545E-02  4.126E-02
  385.5000  8.320E-01  8.280E-01  8.161E-01  7.965E-01  7.692E-01  7.347E-01  6.933E-01  6.455E-01  5.919E-01  5.332E-01  4.702E-01  4.040E-01  3.359E-01  2.675E-01  2.008E-01  1.388E-01  8.459E-02  4.083E-02
  386.5000  8.478E-01  8.438E-01  8.317E-01  8.117E-01  7.840E-01  7.488E-01  7.067E-01  6.580E-01  6.034E-01  5.436E-01  4.795E-01  4.120E-01  3.426E-01  2.729E-01  2.049E-01  1.416E-01  8.628E-02  4.164E-02
  387.5000  7.877E-01  7.839E-01  7.727E-01  7.541E-01  7.284E-01  6.958E-01  6.567E-01  6.115E-01  5.608E-01  5.053E-01  4.457E-01  3.831E-01  3.186E-01  2.538E-01  1.906E-01  1.317E-01  8.023E-02  3.871E-02
  388.5000  7.893E-01  7.855E-01  7.743E-01  7.557E-01  7.300E-01  6.973E-01  6.582E-01  6.130E-01  5.622E-01  5.066E-01  4.469E-01  3.842E-01  3.196E-01  2.546E-01  1.913E-01  1.322E-01  8.047E-02  3.881E-02
  389.5000  9.951E-01  9.904E-01  9.762E-01  9.528E-01  9.204E-01  8.793E-01  8.300E-01  7.730E-01  7.091E-01  6.390E-01  5.638E-01  4.848E-01  4.033E-01  3.213E-01  2.414E-01  1.668E-01  1.015E-01  4.896E-02
  390.5000  9.771E-01  9.725E-01  9.586E-01  9.357E-01  9.038E-01  8.635E-01  8.152E-01  7.593E-01  6.965E-01  6.278E-01  5.540E-01  4.764E-01  3.964E-01  3.159E-01  2.373E-01  1.640E-01  9.980E-02  4.811E-02
  391.5000  1.159E+00  1.153E+00  1.137E+00  1.110E+00  1.072E+00  1.024E+00  9.670E-01  9.008E-01  8.264E-01  7.450E-01  6.575E-01  5.654E-01  4.706E-01  3.751E-01  2.818E-01  1.947E-01  1.185E-01  5.709E-02
  392.5000  8.688E-01  8.647E-01  8.524E-01  8.320E-01  8.038E-01  7.680E-01  7.251E-01  6.755E-01  6.198E-01  5.588E-01  4.932E-01  4.242E-01  3.531E-01  2.815E-01  2.116E-01  1.462E-01  8.890E-02  4.283E-02
  393.5000  3.776E-01  3.758E-01  3.705E-01  3.616E-01  3.494E-01  3.339E-01  3.152E-01  2.937E-01  2.695E-01  2.430E-01  2.145E-01  1.845E-01  1.536E-01  1.225E-01  9.206E-02  6.361E-02  3.868E-02  1.863E-02
  394.5000  8.884E-01  8.842E-01  8.716E-01  8.508E-01  8.220E-01  7.855E-01  7.417E-01  6.911E-01  6.342E-01  5.719E-01  5.050E-01  4.345E-01  3.617E-01  2.885E-01  2.168E-01  1.498E-01  9.107E-02  4.385E-02
  395.5000  1.143E+00  1.137E+00  1.121E+00  1.094E+00  1.057E+00  1.011E+00  9.543E-01  8.892E-01  8.161E-01  7.360E-01  6.499E-01  5.593E-01  4.657E-01  3.715E-01  2.793E-01  1.929E-01  1.173E-01  5.644E-02
  396.5000  6.708E-01  6.677E-01  6.582E-01  6.426E-01  6.209E-01  5.933E-01  5.603E-01  5.222E-01  4.793E-01  4.323E-01  3.818E-01  3.286E-01  2.737E-01  2.183E-01  1.641E-01  1.134E-01  6.890E-02  3.315E-02
  397.5000  7.739E-01  7.703E-01  7.594E-01  7.413E-01  7.163E-01  6.846E-01  6.465E-01  6.025E-01  5.531E-01  4.989E-01  4.407E-01  3.794E-01  3.160E-01  2.521E-01  1.896E-01  1.310E-01  7.956E-02  3.827E-02
  398.5000  1.330E+00  1.323E+00  1.305E+00  1.274E+00  1.231E+00  1.176E+00  1.111E+00  1.035E+00  9.506E-01  8.576E-01  7.576E-01  6.522E-01  5.434E-01  4.336E-01  3.261E-01  2.253E-01  1.368E-01  6.578E-02
  399.5000  1.383E+00  1.376E+00  1.357E+00  1.324E+00  1.280E+00  1.223E+00  1.155E+00  1.077E+00  9.889E-01  8.922E-01  7.883E-01  6.787E-01  5.656E-01  4.514E-01  3.395E-01  2.346E-01  1.424E-01  6.845E-02
  400.5000  1.453E+00  1.446E+00  1.426E+00  1.392E+00  1.345E+00  1.286E+00  1.215E+00  1.132E+00  1.040E+00  9.382E-01  8.290E-01  7.139E-01  5.950E-01  4.749E-01  3.573E-01  2.468E-01  1.498E-01  7.199E-02
  401.5000  1.495E+00  1.488E+00  1.467E+00  1.432E+00  1.384E+00  1.323E+00  1.250E+00  1.165E+00  1.070E+00  9.655E-01  8.533E-01  7.349E-01  6.126E-01  4.891E-01  3.680E-01  2.542E-01  1.542E-01  7.409E-02
  402.5000  1.552E+00  1.544E+00  1.523E+00  1.487E+00  1.437E+00  1.373E+00  1.297E+00  1.210E+00  1.111E+00  1.003E+00  8.862E-01  7.634E-01  6.364E-01  5.082E-01  3.824E-01  2.642E-01  1.603E-01  7.695E-02
  403.5000  1.420E+00  1.413E+00  1.393E+00  1.360E+00  1.315E+00  1.257E+00  1.188E+00  1.107E+00  1.017E+00  9.180E-01  8.114E-01  6.991E-01  5.829E-01  4.655E-01  3.503E-01  2.420E-01  1.468E-01  7.046E-02
  404.5000  1.392E+00  1.386E+00  1.366E+00  1.334E+00  1.289E+00  1.233E+00  1.165E+00  1.086E+00  9.976E-01  9.005E-01  7.961E-01  6.860E-01  5.721E-01  4.570E-01  3.439E-01  2.376E-01  1.441E-01  6.913E-02
  405.5000  1.446E+00  1.439E+00  1.419E+00  1.386E+00  1.339E+00  1.280E+00  1.210E+00  1.128E+00  1.036E+00  9.357E-01  8.273E-01  7.130E-01  5.947E-01  4.751E-01  3.576E-01  2.471E-01  1.498E-01  7.184E-02
  406.5000  1.362E+00  1.355E+00  1.336E+00  1.305E+00  1.261E+00  1.206E+00  1.140E+00  1.063E+00  9.764E-01  8.816E-01  7.796E-01  6.719E-01  5.605E-01  4.479E-01  3.372E-01  2.330E-01  1.412E-01  6.769E-02
  407.5000  1.373E+00  1.366E+00  1.347E+00  1.315E+00  1.271E+00  1.216E+00  1.149E+00  1.072E+00  9.845E-01  8.890E-01  7.863E-01  6.778E-01  5.655E-01  4.519E-01  3.403E-01  2.351E-01  1.424E-01  6.827E-02
  408.5000  1.528E+00  1.521E+00  1.500E+00  1.465E+00  1.416E+00  1.354E+00  1.280E+00  1.193E+00  1.097E+00  9.904E-01  8.760E-01  7.553E-01  6.303E-01  5.037E-01  3.794E-01  2.621E-01  1.588E-01  7.606E-02
  409.5000  1.498E+00  1.491E+00  1.470E+00  1.436E+00  1.388E+00  1.327E+00  1.254E+00  1.170E+00  1.075E+00  9.712E-01  8.591E-01  7.408E-01  6.183E-01  4.942E-01  3.723E-01  2.572E-01  1.558E-01  7.459E-02
  410.5000  1.299E+00  1.293E+00  1.275E+00  1.245E+00  1.203E+00  1.151E+00  1.088E+00  1.015E+00  9.326E-01  8.424E-01  7.453E-01  6.427E-01  5.365E-01  4.290E-01  3.231E-01  2.233E-01  1.352E-01  6.471E-02
  411.5000  1.561E+00  1.554E+00  1.532E+00  1.496E+00  1.446E+00  1.383E+00  1.307E+00  1.220E+00  1.121E+00  1.013E+00  8.961E-01  7.729E-01  6.453E-01  5.160E-01  3.888E-01  2.686E-01  1.626E-01  7.781E-02
  412.5000  1.547E+00  1.540E+00  1.518E+00  1.483E+00  1.433E+00  1.371E+00  1.296E+00  1.209E+00  1.111E+00  1.004E+00  8.885E-01  7.665E-01  6.400E-01  5.119E-01  3.857E-01  2.665E-01  1.613E-01  7.715E-02
  413.5000  1.500E+00  1.493E+00  1.472E+00  1.438E+00  1.390E+00  1.329E+00  1.257E+00  1.173E+00  1.078E+00  9.740E-01  8.620E-01  7.437E-01  6.211E-01  4.969E-01  3.744E-01  2.588E-01  1.565E-01  7.485E-02
  414.5000  1.541E+00  1.534E+00  1.513E+00  1.477E+00  1.428E+00  1.366E+00  1.292E+00  1.205E+00  1.108E+00  1.001E+00  8.863E-01  7.648E-01  6.388E-01  5.111E-01  3.852E-01  2.662E-01  1.610E-01  7.696E-02
  415.5000  1.474E+00  1.467E+00  1.447E+00  1.413E+00  1.366E+00  1.307E+00  1.235E+00  1.153E+00  1.060E+00  9.580E-01  8.481E-01  7.319E-01  6.114E-01  4.892E-01  3.688E-01  2.549E-01  1.541E-01  7.363E-02
  416.5000  1.604E+00  1.597E+00  1.574E+00  1.538E+00  1.487E+00  1.422E+00  1.345E+00  1.255E+00  1.154E+00  1.043E+00  9.233E-01  7.970E-01  6.659E-01  5.329E-01  4.018E-01  2.777E-01  1.679E-01  8.017E-02
  417.5000  1.466E+00  1.459E+00  1.439E+00  1.406E+00  1.359E+00  1.300E+00  1.229E+00  1.147E+00  1.055E+00  9.536E-01  8.444E-01  7.289E-01  6.091E-01  4.876E-01  3.677E-01  2.541E-01  1.536E-01  7.332E-02
  418.5000  1.477E+00  1.471E+00  1.450E+00  1.416E+00  1.370E+00  1.310E+00  1.239E+00  1.156E+00  1.063E+00  9.614E-01  8.513E-01  7.350E-01  6.143E-01  4.918E-01  3.709E-01  2.564E-01  1.549E-01  7.392E-02
  419.5000  1.526E+00  1.519E+00  1.498E+00  1.463E+00  1.415E+00  1.353E+00  1.280E+00  1.195E+00  1.099E+00  9.933E-01  8.797E-01  7.596E-01  6.350E-01  5.084E-01  3.835E-01  2.651E-01  1.602E-01  7.638E-02
------------------------------------------------------------
Dose rates, W m-2
   1 = UV-B, 280-315 nm                                  
   2 = UV-B*, 280-320 nm                                 
   3 = UV-A, 315-400 nm                                  
   4 = DNA damage, in vitro (Setlow, 1974)               
   5 = UV index (WMO, 1994; Webb et al., 2011)           
   6 = Plant damage (Caldwell, 1971)                     
   7 = Plant damage,Flint&Caldwell,2003,orig.            
   8 = Plant damage,Flint&Caldwell,2003,ext390           
values at z =      0.000 km
Columns: sza, weighting spectra
 sza, deg.          1          2          3          4          5          6          7          8
    0.0000  6.121E+00  8.320E+00  6.537E+01  2.192E-01  8.407E+01  3.567E+00  4.465E+00  4.918E+00
    5.0000  6.080E+00  8.267E+00  6.504E+01  2.169E-01  8.338E+01  3.537E+00  4.428E+00  4.879E+00
   10.0000  5.956E+00  8.107E+00  6.408E+01  2.097E-01  8.129E+01  3.443E+00  4.319E+00  4.763E+00
   15.0000  5.754E+00  7.846E+00  6.248E+01  1.989E-01  7.796E+01  3.295E+00  4.146E+00  4.579E+00
   20.0000  5.477E+00  7.488E+00  6.027E+01  1.842E-01  7.341E+01  3.094E+00  3.909E+00  4.327E+00
   25.0000  5.133E+00  7.042E+00  5.747E+01  1.663E-01  6.781E+01  2.847E+00  3.618E+00  4.017E+00
   30.0000  4.729E+00  6.516E+00  5.412E+01  1.463E-01  6.136E+01  2.564E+00  3.282E+00  3.659E+00
   35.0000  4.277E+00  5.925E+00  5.026E+01  1.250E-01  5.428E+01  2.255E+00  2.914E+00  3.265E+00
   40.0000  3.789E+00  5.283E+00  4.595E+01  1.034E-01  4.681E+01  1.932E+00  2.526E+00  2.848E+00
   45.0000  3.278E+00  4.605E+00  4.125E+01  8.246E-02  3.922E+01  1.607E+00  2.133E+00  2.422E+00
   50.0000  2.759E+00  3.912E+00  3.624E+01  6.318E-02  3.181E+01  1.292E+00  1.748E+00  2.002E+00
   55.0000  2.250E+00  3.224E+00  3.101E+01  4.628E-02  2.485E+01  1.001E+00  1.384E+00  1.603E+00
   60.0000  1.766E+00  2.561E+00  2.567E+01  3.228E-02  1.859E+01  7.416E-01  1.055E+00  1.236E+00
   65.0000  1.323E+00  1.946E+00  2.037E+01  2.141E-02  1.324E+01  5.231E-01  7.692E-01  9.135E-01
   70.0000  9.363E-01  1.397E+00  1.526E+01  1.351E-02  8.907E+00  3.488E-01  5.324E-01  6.407E-01
   75.0000  6.144E-01  9.305E-01  1.056E+01  8.150E-03  5.607E+00  2.178E-01  3.452E-01  4.201E-01
   80.0000  3.605E-01  5.527E-01  6.467E+00  4.658E-03  3.227E+00  1.246E-01  2.035E-01  2.492E-01
   85.0000  1.713E-01  2.633E-01  3.127E+00  2.349E-03  1.566E+00  6.049E-02  9.900E-02  1.211E-01
------------------------------------------------------------
