Spectral Irradiance, W m-2 nm-1
values at z =      0.000 km
Columns: wavelength (nm), solar zenith angles (deg.)
    wc, nm      0.000      5.000     10.000     15.000     20.000     25.000     30.000     35.000     40.000     45.000     50.000     55.000     60.000     65.000     70.000     75.000     80.000     85.000
  280.5000  7.252E-03  7.160E-03  6.889E-03  6.452E-03  5.874E-03  5.186E-03  4.424E-03  3.633E-03  2.856E-03  2.136E-03  1.510E-03  1.003E-03  6.257E-04  3.714E-04  2.164E-04  1.282E-04  7.595E-05  3.906E-05
  281.5000  2.026E-02  2.001E-02  1.929E-02  1.813E-02  1.659E-02  1.474E-02  1.268E-02  1.053E-02  8.385E-03  6.371E-03  4.588E-03  3.114E-03  1.987E-03  1.203E-03  7.078E-04  4.183E-04  2.462E-04  1.264E-04
  282.5000  3.347E-02  3.308E-02  3.195E-02  3.011E-02  2.767E-02  2.472E-02  2.142E-02  1.795E-02  1.445E-02  1.114E-02  8.150E-03  5.634E-03  3.667E-03  2.258E-03  1.343E-03  7.928E-04  4.637E-04  2.373E-04
  283.5000  4.198E-02  4.152E-02  4.014E-02  3.791E-02  3.492E-02  3.133E-02  2.728E-02  2.299E-02  1.865E-02  1.449E-02  1.072E-02  7.499E-03  4.942E-03  3.078E-03  1.842E-03  1.087E-03  6.327E-04  3.231E-04
  284.5000  3.836E-02  3.795E-02  3.677E-02  3.484E-02  3.226E-02  2.913E-02  2.559E-02  2.179E-02  1.792E-02  1.415E-02  1.067E-02  7.632E-03  5.154E-03  3.287E-03  1.999E-03  1.184E-03  6.839E-04  3.473E-04
  285.5000  2.243E-02  2.220E-02  2.154E-02  2.047E-02  1.902E-02  1.726E-02  1.526E-02  1.310E-02  1.088E-02  8.693E-03  6.648E-03  4.835E-03  3.325E-03  2.158E-03  1.330E-03  7.907E-04  4.543E-04  2.295E-04
  286.5000  6.691E-02  6.627E-02  6.437E-02  6.129E-02  5.712E-02  5.204E-02  4.623E-02  3.993E-02  3.341E-02  2.695E-02  2.084E-02  1.535E-02  1.070E-02  7.045E-03  4.390E-03  2.619E-03  1.498E-03  7.531E-04
  287.5000  8.336E-02  8.260E-02  8.034E-02  7.665E-02  7.167E-02  6.557E-02  5.857E-02  5.094E-02  4.298E-02  3.502E-02  2.741E-02  2.048E-02  1.451E-02  9.711E-03  6.135E-03  3.682E-03  2.099E-03  1.048E-03
  288.5000  7.952E-02  7.883E-02  7.678E-02  7.343E-02  6.890E-02  6.333E-02  5.690E-02  4.985E-02  4.245E-02  3.498E-02  2.774E-02  2.105E-02  1.519E-02  1.035E-02  6.649E-03  4.027E-03  2.290E-03  1.134E-03
  289.5000  1.330E-01  1.319E-01  1.286E-01  1.232E-01  1.159E-01  1.068E-01  9.643E-02  8.495E-02  7.281E-02  6.047E-02  4.843E-02  3.717E-02  2.716E-02  1.876E-02  1.220E-02  7.445E-03  4.230E-03  2.081E-03
  290.5000  1.958E-01  1.943E-01  1.896E-01  1.819E-01  1.715E-01  1.586E-01  1.436E-01  1.271E-01  1.095E-01  9.158E-02  7.394E-02  5.729E-02  4.231E-02  2.958E-02  1.944E-02  1.195E-02  6.789E-03  3.321E-03
  291.5000  1.985E-01  1.969E-01  1.924E-01  1.849E-01  1.747E-01  1.621E-01  1.474E-01  1.311E-01  1.137E-01  9.580E-02  7.806E-02  6.115E-02  4.573E-02  3.241E-02  2.159E-02  1.340E-02  7.627E-03  3.705E-03
  292.5000  1.873E-01  1.859E-01  1.817E-01  1.749E-01  1.656E-01  1.540E-01  1.405E-01  1.255E-01  1.094E-01  9.280E-02  7.619E-02  6.022E-02  4.551E-02  3.262E-02  2.198E-02  1.377E-02  7.854E-03  3.794E-03
  293.5000  2.236E-01  2.220E-01  2.172E-01  2.093E-01  1.985E-01  1.852E-01  1.695E-01  1.520E-01  1.332E-01  1.136E-01  9.393E-02  7.488E-02  5.715E-02  4.143E-02  2.823E-02  1.785E-02  1.022E-02  4.912E-03
  294.5000  2.126E-01  2.111E-01  2.066E-01  1.993E-01  1.893E-01  1.769E-01  1.624E-01  1.461E-01  1.285E-01  1.101E-01  9.156E-02  7.348E-02  5.653E-02  4.133E-02  2.842E-02  1.811E-02  1.041E-02  4.981E-03
  295.5000  2.557E-01  2.530E-01  2.488E-01  2.403E-01  2.286E-01  2.140E-01  1.970E-01  1.778E-01  1.570E-01  1.353E-01  1.132E-01  9.148E-02  7.097E-02  5.240E-02  3.640E-02  2.341E-02  1.352E-02  6.450E-03
  296.5000  2.419E-01  2.403E-01  2.355E-01  2.276E-01  2.169E-01  2.034E-01  1.876E-01  1.698E-01  1.505E-01  1.302E-01  1.095E-01  8.904E-02  6.957E-02  5.178E-02  3.629E-02  2.353E-02  1.365E-02  6.499E-03
  297.5000  2.708E-01  2.690E-01  2.638E-01  2.552E-01  2.434E-01  2.287E-01  2.114E-01  1.918E-01  1.705E-01  1.480E-01  1.251E-01  1.022E-01  8.039E-02  6.026E-02  4.256E-02  2.781E-02  1.622E-02  7.709E-03
  298.5000  2.052E-01  2.039E-01  2.000E-01  1.936E-01  1.848E-01  1.739E-01  1.610E-01  1.464E-01  1.305E-01  1.136E-01  9.636E-02  7.915E-02  6.256E-02  4.719E-02  3.355E-02  2.207E-02  1.293E-02  6.141E-03
  299.5000  2.982E-01  2.964E-01  2.908E-01  2.817E-01  2.693E-01  2.536E-01  2.352E-01  2.143E-01  1.915E-01  1.673E-01  1.423E-01  1.174E-01  9.329E-02  7.078E-02  5.066E-02  3.354E-02  1.976E-02  9.382E-03
  300.5000  2.013E-01  2.001E-01  1.964E-01  1.904E-01  1.821E-01  1.717E-01  1.594E-01  1.455E-01  1.302E-01  1.140E-01  9.732E-02  8.055E-02  6.424E-02  4.896E-02  3.522E-02  2.344E-02  1.387E-02  6.583E-03
  301.5000  2.800E-01  2.783E-01  2.733E-01  2.651E-01  2.537E-01  2.395E-01  2.226E-01  2.035E-01  1.826E-01  1.603E-01  1.372E-01  1.140E-01  9.130E-02  6.993E-02  5.059E-02  3.387E-02  2.014E-02  9.570E-03
  302.5000  2.763E-01  2.747E-01  2.698E-01  2.617E-01  2.507E-01  2.368E-01  2.203E-01  2.017E-01  1.812E-01  1.593E-01  1.366E-01  1.138E-01  9.140E-02  7.024E-02  5.099E-02  3.427E-02  2.045E-02  9.722E-03
  303.5000  3.579E-01  3.558E-01  3.495E-01  3.393E-01  3.251E-01  3.074E-01  2.863E-01  2.624E-01  2.361E-01  2.081E-01  1.789E-01  1.494E-01  1.204E-01  9.289E-02  6.775E-02  4.575E-02  2.742E-02  1.306E-02
  304.5000  3.339E-01  3.320E-01  3.262E-01  3.167E-01  3.036E-01  2.872E-01  2.677E-01  2.456E-01  2.212E-01  1.951E-01  1.680E-01  1.405E-01  1.135E-01  8.776E-02  6.417E-02  4.345E-02  2.610E-02  1.244E-02
  305.5000  3.484E-01  3.464E-01  3.405E-01  3.307E-01  3.172E-01  3.003E-01  2.802E-01  2.573E-01  2.321E-01  2.051E-01  1.770E-01  1.484E-01  1.202E-01  9.326E-02  6.846E-02  4.656E-02  2.809E-02  1.341E-02
  306.5000  3.287E-01  3.268E-01  3.212E-01  3.121E-01  2.994E-01  2.835E-01  2.647E-01  2.432E-01  2.195E-01  1.941E-01  1.677E-01  1.408E-01  1.142E-01  8.871E-02  6.523E-02  4.444E-02  2.686E-02  1.283E-02
  307.5000  3.903E-01  3.881E-01  3.816E-01  3.708E-01  3.560E-01  3.373E-01  3.151E-01  2.898E-01  2.619E-01  2.320E-01  2.007E-01  1.688E-01  1.373E-01  1.070E-01  7.893E-02  5.398E-02  3.275E-02  1.568E-02
  308.5000  4.054E-01  4.031E-01  3.964E-01  3.852E-01  3.699E-01  3.506E-01  3.276E-01  3.015E-01  2.726E-01  2.416E-01  2.092E-01  1.761E-01  1.434E-01  1.118E-01  8.261E-02  5.656E-02  3.436E-02  1.646E-02
  309.5000  3.142E-01  3.124E-01  3.072E-01  2.987E-01  2.868E-01  2.720E-01  2.543E-01  2.342E-01  2.119E-01  1.880E-01  1.630E-01  1.374E-01  1.120E-01  8.758E-02  6.483E-02  4.450E-02  2.711E-02  1.301E-02
  310.5000  3.901E-01  3.880E-01  3.815E-01  3.710E-01  3.564E-01  3.380E-01  3.162E-01  2.913E-01  2.638E-01  2.342E-01  2.032E-01  1.715E-01  1.400E-01  1.096E-01  8.126E-02  5.588E-02  3.410E-02  1.638E-02
  311.5000  4.723E-01  4.697E-01  4.620E-01  4.493E-01  4.317E-01  4.096E-01  3.833E-01  3.532E-01  3.200E-01  2.843E-01  2.468E-01  2.085E-01  1.703E-01  1.334E-01  9.903E-02  6.817E-02  4.165E-02  2.002E-02
  312.5000  4.134E-01  4.112E-01  4.045E-01  3.934E-01  3.781E-01  3.589E-01  3.360E-01  3.098E-01  2.809E-01  2.498E-01  2.171E-01  1.836E-01  1.502E-01  1.179E-01  8.764E-02  6.046E-02  3.703E-02  1.783E-02
  313.5000  4.568E-01  4.543E-01  4.469E-01  4.347E-01  4.178E-01  3.966E-01  3.714E-01  3.426E-01  3.107E-01  2.763E-01  2.402E-01  2.032E-01  1.663E-01  1.306E-01  9.714E-02  6.704E-02  4.107E-02  1.978E-02
  314.5000  4.160E-01  4.137E-01  4.070E-01  3.960E-01  3.807E-01  3.615E-01  3.387E-01  3.126E-01  2.836E-01  2.525E-01  2.197E-01  1.860E-01  1.525E-01  1.199E-01  8.930E-02  6.175E-02  3.791E-02  1.830E-02
  315.5000  4.227E-01  4.205E-01  4.137E-01  4.025E-01  3.870E-01  3.675E-01  3.444E-01  3.179E-01  2.885E-01  2.569E-01  2.236E-01  1.894E-01  1.552E-01  1.221E-01  9.097E-02  6.291E-02  3.863E-02  1.864E-02
  316.5000  3.917E-01  3.896E-01  3.833E-01  3.730E-01  3.588E-01  3.408E-01  3.194E-01  2.950E-01  2.679E-01  2.386E-01  2.078E-01  1.762E-01  1.446E-01  1.138E-01  8.493E-02  5.882E-02  3.618E-02  1.749E-02
  317.5000  5.532E-01  5.502E-01  5.414E-01  5.269E-01  5.068E-01  4.814E-01  4.513E-01  4.168E-01  3.785E-01  3.373E-01  2.938E-01  2.491E-01  2.044E-01  1.610E-01  1.201E-01  8.315E-02  5.113E-02  2.471E-02
  318.5000  4.072E-01  4.051E-01  3.986E-01  3.879E-01  3.732E-01  3.546E-01  3.325E-01  3.072E-01  2.792E-01  2.489E-01  2.170E-01  1.841E-01  1.512E-01  1.192E-01  8.902E-02  6.172E-02  3.802E-02  1.840E-02
  319.5000  4.903E-01  4.877E-01  4.800E-01  4.672E-01  4.495E-01  4.272E-01  4.006E-01  3.702E-01  3.364E-01  3.000E-01  2.616E-01  2.220E-01  1.824E-01  1.438E-01  1.074E-01  7.449E-02  4.589E-02  2.221E-02
  320.5000  5.873E-01  5.842E-01  5.749E-01  5.596E-01  5.385E-01  5.118E-01  4.801E-01  4.437E-01  4.033E-01  3.597E-01  3.137E-01  2.664E-01  2.189E-01  1.726E-01  1.290E-01  8.945E-02  5.512E-02  2.668E-02
  321.5000  4.693E-01  4.668E-01  4.594E-01  4.472E-01  4.304E-01  4.092E-01  3.839E-01  3.550E-01  3.228E-01  2.881E-01  2.514E-01  2.136E-01  1.757E-01  1.387E-01  1.037E-01  7.203E-02  4.445E-02  2.155E-02
  322.5000  4.946E-01  4.920E-01  4.842E-01  4.713E-01  4.536E-01  4.312E-01  4.046E-01  3.740E-01  3.401E-01  3.035E-01  2.648E-01  2.249E-01  1.849E-01  1.458E-01  1.090E-01  7.558E-02  4.657E-02  2.254E-02
  323.5000  4.732E-01  4.707E-01  4.633E-01  4.511E-01  4.342E-01  4.129E-01  3.875E-01  3.584E-01  3.261E-01  2.911E-01  2.542E-01  2.161E-01  1.778E-01  1.404E-01  1.051E-01  7.299E-02  4.506E-02  2.186E-02
  324.5000  5.565E-01  5.536E-01  5.449E-01  5.306E-01  5.107E-01  4.857E-01  4.559E-01  4.217E-01  3.837E-01  3.426E-01  2.992E-01  2.544E-01  2.093E-01  1.653E-01  1.237E-01  8.590E-02  5.301E-02  2.571E-02
  325.5000  6.295E-01  6.262E-01  6.164E-01  6.002E-01  5.778E-01  5.495E-01  5.158E-01  4.771E-01  4.342E-01  3.877E-01  3.386E-01  2.879E-01  2.369E-01  1.871E-01  1.400E-01  9.716E-02  5.993E-02  2.905E-02
  326.5000  7.242E-01  7.204E-01  7.092E-01  6.906E-01  6.649E-01  6.325E-01  5.938E-01  5.495E-01  5.002E-01  4.469E-01  3.905E-01  3.323E-01  2.736E-01  2.162E-01  1.619E-01  1.125E-01  6.949E-02  3.373E-02
  327.5000  6.851E-01  6.816E-01  6.709E-01  6.534E-01  6.291E-01  5.984E-01  5.619E-01  5.200E-01  4.734E-01  4.229E-01  3.696E-01  3.144E-01  2.589E-01  2.046E-01  1.531E-01  1.063E-01  6.564E-02  3.185E-02
  328.5000  6.320E-01  6.288E-01  6.190E-01  6.028E-01  5.804E-01  5.522E-01  5.185E-01  4.799E-01  4.369E-01  3.904E-01  3.412E-01  2.904E-01  2.391E-01  1.890E-01  1.414E-01  9.821E-02  6.061E-02  2.941E-02
  329.5000  7.886E-01  7.845E-01  7.723E-01  7.522E-01  7.244E-01  6.893E-01  6.474E-01  5.993E-01  5.458E-01  4.879E-01  4.266E-01  3.632E-01  2.993E-01  2.366E-01  1.772E-01  1.232E-01  7.608E-02  3.695E-02
  330.5000  7.280E-01  7.242E-01  7.130E-01  6.944E-01  6.688E-01  6.364E-01  5.977E-01  5.534E-01  5.040E-01  4.506E-01  3.940E-01  3.354E-01  2.764E-01  2.185E-01  1.636E-01  1.136E-01  7.014E-02  3.405E-02
  331.5000  7.214E-01  7.177E-01  7.066E-01  6.882E-01  6.628E-01  6.308E-01  5.925E-01  5.486E-01  4.998E-01  4.468E-01  3.907E-01  3.327E-01  2.742E-01  2.167E-01  1.623E-01  1.127E-01  6.954E-02  3.375E-02
  332.5000  6.909E-01  6.873E-01  6.767E-01  6.592E-01  6.349E-01  6.043E-01  5.677E-01  5.258E-01  4.791E-01  4.285E-01  3.748E-01  3.193E-01  2.632E-01  2.082E-01  1.559E-01  1.083E-01  6.690E-02  3.250E-02
  333.5000  6.567E-01  6.533E-01  6.432E-01  6.265E-01  6.035E-01  5.744E-01  5.397E-01  4.999E-01  4.555E-01  4.074E-01  3.564E-01  3.036E-01  2.503E-01  1.980E-01  1.482E-01  1.029E-01  6.354E-02  3.085E-02
  334.5000  7.289E-01  7.252E-01  7.140E-01  6.956E-01  6.701E-01  6.378E-01  5.994E-01  5.552E-01  5.060E-01  4.526E-01  3.961E-01  3.375E-01  2.783E-01  2.201E-01  1.649E-01  1.145E-01  7.065E-02  3.431E-02
  335.5000  7.289E-01  7.251E-01  7.140E-01  6.956E-01  6.701E-01  6.379E-01  5.995E-01  5.554E-01  5.063E-01  4.530E-01  3.965E-01  3.380E-01  2.788E-01  2.205E-01  1.652E-01  1.148E-01  7.083E-02  3.441E-02
  336.5000  5.718E-01  5.689E-01  5.602E-01  5.457E-01  5.258E-01  5.006E-01  4.705E-01  4.359E-01  3.974E-01  3.556E-01  3.113E-01  2.654E-01  2.189E-01  1.732E-01  1.297E-01  9.008E-02  5.559E-02  2.700E-02
  337.5000  6.332E-01  6.300E-01  6.203E-01  6.044E-01  5.823E-01  5.544E-01  5.211E-01  4.829E-01  4.403E-01  3.940E-01  3.449E-01  2.941E-01  2.426E-01  1.919E-01  1.437E-01  9.977E-02  6.153E-02  2.988E-02
  338.5000  6.589E-01  6.556E-01  6.455E-01  6.290E-01  6.061E-01  5.771E-01  5.425E-01  5.028E-01  4.585E-01  4.104E-01  3.594E-01  3.065E-01  2.529E-01  2.001E-01  1.499E-01  1.041E-01  6.421E-02  3.119E-02
  339.5000  7.147E-01  7.111E-01  7.002E-01  6.823E-01  6.575E-01  6.261E-01  5.886E-01  5.456E-01  4.976E-01  4.455E-01  3.902E-01  3.328E-01  2.746E-01  2.174E-01  1.628E-01  1.130E-01  6.973E-02  3.387E-02
  340.5000  7.677E-01  7.638E-01  7.521E-01  7.329E-01  7.062E-01  6.726E-01  6.324E-01  5.862E-01  5.347E-01  4.788E-01  4.194E-01  3.577E-01  2.952E-01  2.337E-01  1.750E-01  1.215E-01  7.490E-02  3.638E-02
  341.5000  6.767E-01  6.733E-01  6.630E-01  6.461E-01  6.227E-01  5.931E-01  5.577E-01  5.170E-01  4.717E-01  4.224E-01  3.701E-01  3.157E-01  2.606E-01  2.063E-01  1.546E-01  1.073E-01  6.615E-02  3.213E-02
  342.5000  7.484E-01  7.446E-01  7.333E-01  7.146E-01  6.887E-01  6.560E-01  6.170E-01  5.720E-01  5.219E-01  4.675E-01  4.096E-01  3.495E-01  2.886E-01  2.285E-01  1.712E-01  1.188E-01  7.324E-02  3.557E-02
  343.5000  7.790E-01  7.750E-01  7.633E-01  7.438E-01  7.169E-01  6.829E-01  6.423E-01  5.956E-01  5.435E-01  4.869E-01  4.267E-01  3.641E-01  3.007E-01  2.381E-01  1.784E-01  1.237E-01  7.627E-02  3.704E-02
  344.5000  5.472E-01  5.445E-01  5.362E-01  5.226E-01  5.037E-01  4.798E-01  4.513E-01  4.186E-01  3.820E-01  3.422E-01  2.999E-01  2.560E-01  2.114E-01  1.674E-01  1.254E-01  8.700E-02  5.360E-02  2.603E-02
  345.5000  7.444E-01  7.406E-01  7.294E-01  7.109E-01  6.853E-01  6.529E-01  6.142E-01  5.696E-01  5.199E-01  4.659E-01  4.084E-01  3.487E-01  2.880E-01  2.281E-01  1.709E-01  1.186E-01  7.305E-02  3.548E-02
  346.5000  6.989E-01  6.953E-01  6.848E-01  6.675E-01  6.434E-01  6.131E-01  5.767E-01  5.350E-01  4.884E-01  4.377E-01  3.837E-01  3.276E-01  2.707E-01  2.144E-01  1.606E-01  1.114E-01  6.860E-02  3.331E-02
  347.5000  6.822E-01  6.788E-01  6.686E-01  6.516E-01  6.282E-01  5.986E-01  5.632E-01  5.224E-01  4.770E-01  4.275E-01  3.749E-01  3.202E-01  2.645E-01  2.095E-01  1.570E-01  1.089E-01  6.703E-02  3.255E-02
  348.5000  7.484E-01  7.446E-01  7.334E-01  7.148E-01  6.892E-01  6.567E-01  6.180E-01  5.733E-01  5.235E-01  4.693E-01  4.116E-01  3.515E-01  2.905E-01  2.302E-01  1.724E-01  1.196E-01  7.361E-02  3.574E-02
  349.5000  6.270E-01  6.239E-01  6.145E-01  5.990E-01  5.775E-01  5.504E-01  5.179E-01  4.806E-01  4.389E-01  3.935E-01  3.451E-01  2.948E-01  2.437E-01  1.931E-01  1.447E-01  1.003E-01  6.173E-02  2.997E-02
  350.5000  8.772E-01  8.729E-01  8.597E-01  8.381E-01  8.081E-01  7.702E-01  7.248E-01  6.726E-01  6.143E-01  5.508E-01  4.833E-01  4.129E-01  3.413E-01  2.705E-01  2.026E-01  1.405E-01  8.644E-02  4.196E-02
  351.5000  7.562E-01  7.524E-01  7.411E-01  7.225E-01  6.966E-01  6.640E-01  6.249E-01  5.800E-01  5.298E-01  4.751E-01  4.169E-01  3.562E-01  2.945E-01  2.334E-01  1.749E-01  1.212E-01  7.457E-02  3.620E-02
  352.5000  6.814E-01  6.780E-01  6.678E-01  6.510E-01  6.278E-01  5.984E-01  5.633E-01  5.228E-01  4.776E-01  4.284E-01  3.759E-01  3.213E-01  2.657E-01  2.106E-01  1.578E-01  1.094E-01  6.725E-02  3.264E-02
  353.5000  8.192E-01  8.152E-01  8.030E-01  7.828E-01  7.549E-01  7.196E-01  6.774E-01  6.288E-01  5.745E-01  5.154E-01  4.524E-01  3.867E-01  3.198E-01  2.535E-01  1.900E-01  1.316E-01  8.094E-02  3.928E-02
  354.5000  8.857E-01  8.813E-01  8.681E-01  8.464E-01  8.163E-01  7.782E-01  7.326E-01  6.801E-01  6.215E-01  5.576E-01  4.895E-01  4.185E-01  3.462E-01  2.744E-01  2.057E-01  1.425E-01  8.759E-02  4.251E-02
  355.5000  8.273E-01  8.232E-01  8.110E-01  7.907E-01  7.626E-01  7.270E-01  6.845E-01  6.355E-01  5.808E-01  5.212E-01  4.576E-01  3.913E-01  3.237E-01  2.567E-01  1.923E-01  1.333E-01  8.189E-02  3.974E-02
  356.5000  7.675E-01  7.637E-01  7.523E-01  7.335E-01  7.075E-01  6.746E-01  6.352E-01  5.898E-01  5.391E-01  4.838E-01  4.248E-01  3.633E-01  3.006E-01  2.384E-01  1.787E-01  1.238E-01  7.604E-02  3.689E-02
  357.5000  6.525E-01  6.492E-01  6.396E-01  6.236E-01  6.015E-01  5.736E-01  5.401E-01  5.016E-01  4.585E-01  4.115E-01  3.614E-01  3.092E-01  2.559E-01  2.029E-01  1.521E-01  1.053E-01  6.470E-02  3.139E-02
  358.5000  5.031E-01  5.006E-01  4.932E-01  4.809E-01  4.639E-01  4.424E-01  4.166E-01  3.869E-01  3.537E-01  3.175E-01  2.789E-01  2.386E-01  1.975E-01  1.567E-01  1.174E-01  8.131E-02  4.993E-02  2.422E-02
  359.5000  8.464E-01  8.422E-01  8.297E-01  8.091E-01  7.805E-01  7.443E-01  7.010E-01  6.511E-01  5.953E-01  5.345E-01  4.696E-01  4.018E-01  3.326E-01  2.639E-01  1.978E-01  1.370E-01  8.408E-02  4.078E-02
  360.5000  7.842E-01  7.803E-01  7.688E-01  7.497E-01  7.232E-01  6.897E-01  6.497E-01  6.035E-01  5.519E-01  4.955E-01  4.354E-01  3.726E-01  3.085E-01  2.448E-01  1.835E-01  1.270E-01  7.797E-02  3.781E-02
  361.5000  7.066E-01  7.031E-01  6.927E-01  6.755E-01  6.517E-01  6.216E-01  5.855E-01  5.439E-01  4.975E-01  4.467E-01  3.926E-01  3.360E-01  2.783E-01  2.208E-01  1.655E-01  1.146E-01  7.031E-02  3.410E-02
  362.5000  8.293E-01  8.252E-01  8.130E-01  7.929E-01  7.650E-01  7.297E-01  6.874E-01  6.386E-01  5.841E-01  5.246E-01  4.611E-01  3.948E-01  3.270E-01  2.595E-01  1.945E-01  1.347E-01  8.260E-02  4.005E-02
  363.5000  7.374E-01  7.338E-01  7.229E-01  7.050E-01  6.803E-01  6.489E-01  6.114E-01  5.681E-01  5.196E-01  4.668E-01  4.103E-01  3.513E-01  2.910E-01  2.310E-01  1.732E-01  1.199E-01  7.351E-02  3.564E-02
  364.5000  8.041E-01  8.002E-01  7.884E-01  7.689E-01  7.419E-01  7.078E-01  6.669E-01  6.197E-01  5.669E-01  5.093E-01  4.478E-01  3.835E-01  3.177E-01  2.522E-01  1.891E-01  1.309E-01  8.023E-02  3.889E-02
  365.5000  9.796E-01  9.748E-01  9.604E-01  9.367E-01  9.039E-01  8.623E-01  8.125E-01  7.552E-01  6.909E-01  6.208E-01  5.459E-01  4.676E-01  3.874E-01  3.076E-01  2.306E-01  1.596E-01  9.782E-02  4.741E-02
  366.5000  1.036E+00  1.031E+00  1.016E+00  9.909E-01  9.562E-01  9.123E-01  8.597E-01  7.991E-01  7.312E-01  6.571E-01  5.779E-01  4.950E-01  4.103E-01  3.258E-01  2.443E-01  1.690E-01  1.036E-01  5.019E-02
  367.5000  9.833E-01  9.785E-01  9.642E-01  9.404E-01  9.076E-01  8.659E-01  8.161E-01  7.586E-01  6.942E-01  6.240E-01  5.488E-01  4.702E-01  3.898E-01  3.095E-01  2.321E-01  1.606E-01  9.838E-02  4.767E-02
  368.5000  8.635E-01  8.593E-01  8.467E-01  8.259E-01  7.970E-01  7.605E-01  7.168E-01  6.664E-01  6.099E-01  5.482E-01  4.823E-01  4.133E-01  3.426E-01  2.721E-01  2.041E-01  1.412E-01  8.647E-02  4.189E-02
  369.5000  1.035E+00  1.030E+00  1.015E+00  9.903E-01  9.558E-01  9.121E-01  8.597E-01  7.993E-01  7.317E-01  6.577E-01  5.787E-01  4.960E-01  4.113E-01  3.267E-01  2.450E-01  1.695E-01  1.038E-01  5.026E-02
  370.5000  9.390E-01  9.345E-01  9.208E-01  8.982E-01  8.669E-01  8.273E-01  7.799E-01  7.251E-01  6.639E-01  5.969E-01  5.252E-01  4.502E-01  3.734E-01  2.967E-01  2.225E-01  1.539E-01  9.420E-02  4.562E-02
  371.5000  1.074E+00  1.069E+00  1.053E+00  1.027E+00  9.917E-01  9.464E-01  8.922E-01  8.297E-01  7.596E-01  6.831E-01  6.012E-01  5.154E-01  4.275E-01  3.397E-01  2.548E-01  1.762E-01  1.078E-01  5.221E-02
  372.5000  7.930E-01  7.892E-01  7.777E-01  7.587E-01  7.323E-01  6.989E-01  6.589E-01  6.128E-01  5.611E-01  5.047E-01  4.442E-01  3.809E-01  3.160E-01  2.511E-01  1.884E-01  1.303E-01  7.969E-02  3.858E-02
  373.5000  7.166E-01  7.131E-01  7.027E-01  6.856E-01  6.618E-01  6.317E-01  5.956E-01  5.539E-01  5.073E-01  4.563E-01  4.017E-01  3.445E-01  2.858E-01  2.272E-01  1.704E-01  1.179E-01  7.207E-02  3.488E-02
  374.5000  7.862E-01  7.824E-01  7.710E-01  7.522E-01  7.261E-01  6.931E-01  6.536E-01  6.079E-01  5.568E-01  5.009E-01  4.410E-01  3.783E-01  3.139E-01  2.496E-01  1.872E-01  1.295E-01  7.915E-02  3.830E-02
  375.5000  8.867E-01  8.824E-01  8.696E-01  8.484E-01  8.191E-01  7.819E-01  7.373E-01  6.859E-01  6.282E-01  5.652E-01  4.977E-01  4.270E-01  3.544E-01  2.818E-01  2.114E-01  1.462E-01  8.935E-02  4.323E-02
  376.5000  8.851E-01  8.809E-01  8.681E-01  8.470E-01  8.177E-01  7.806E-01  7.362E-01  6.849E-01  6.274E-01  5.645E-01  4.972E-01  4.266E-01  3.541E-01  2.816E-01  2.113E-01  1.461E-01  8.927E-02  4.318E-02
  377.5000  1.054E+00  1.049E+00  1.033E+00  1.008E+00  9.734E-01  9.294E-01  8.765E-01  8.155E-01  7.472E-01  6.724E-01  5.923E-01  5.082E-01  4.220E-01  3.356E-01  2.518E-01  1.741E-01  1.064E-01  5.144E-02
  378.5000  1.148E+00  1.142E+00  1.126E+00  1.099E+00  1.061E+00  1.013E+00  9.552E-01  8.888E-01  8.144E-01  7.330E-01  6.457E-01  5.542E-01  4.602E-01  3.661E-01  2.747E-01  1.899E-01  1.160E-01  5.608E-02
  379.5000  8.491E-01  8.450E-01  8.328E-01  8.126E-01  7.846E-01  7.492E-01  7.066E-01  6.576E-01  6.026E-01  5.424E-01  4.779E-01  4.103E-01  3.407E-01  2.711E-01  2.035E-01  1.406E-01  8.586E-02  4.151E-02
  380.5000  1.021E+00  1.016E+00  1.001E+00  9.770E-01  9.434E-01  9.008E-01  8.497E-01  7.908E-01  7.248E-01  6.524E-01  5.750E-01  4.936E-01  4.101E-01  3.263E-01  2.449E-01  1.693E-01  1.033E-01  4.993E-02
  381.5000  9.589E-01  9.543E-01  9.405E-01  9.178E-01  8.862E-01  8.463E-01  7.984E-01  7.431E-01  6.811E-01  6.132E-01  5.405E-01  4.641E-01  3.856E-01  3.068E-01  2.303E-01  1.592E-01  9.714E-02  4.694E-02
  382.5000  6.387E-01  6.357E-01  6.265E-01  6.114E-01  5.904E-01  5.638E-01  5.320E-01  4.952E-01  4.539E-01  4.087E-01  3.603E-01  3.094E-01  2.571E-01  2.046E-01  1.536E-01  1.062E-01  6.477E-02  3.129E-02
  383.5000  5.607E-01  5.580E-01  5.500E-01  5.367E-01  5.183E-01  4.950E-01  4.671E-01  4.348E-01  3.986E-01  3.590E-01  3.165E-01  2.718E-01  2.259E-01  1.798E-01  1.350E-01  9.332E-02  5.691E-02  2.748E-02
  384.5000  8.412E-01  8.372E-01  8.252E-01  8.053E-01  7.777E-01  7.428E-01  7.009E-01  6.525E-01  5.982E-01  5.388E-01  4.751E-01  4.081E-01  3.393E-01  2.701E-01  2.028E-01  1.402E-01  8.545E-02  4.126E-02
  385.5000  8.320E-01  8.280E-01  8.161E-01  7.965E-01  7.693E-01  7.347E-01  6.934E-01  6.455E-01  5.919E-01  5.332E-01  4.702E-01  4.040E-01  3.359E-01  2.675E-01  2.009E-01  1.388E-01  8.459E-02  4.083E-02
  386.5000  8.478E-01  8.438E-01  8.317E-01  8.117E-01  7.840E-01  7.488E-01  7.067E-01  6.580E-01  6.034E-01  5.436E-01  4.795E-01  4.120E-01  3.426E-01  2.729E-01  2.049E-01  1.416E-01  8.628E-02  4.164E-02
  387.5000  7.877E-01  7.840E-01  7.727E-01  7.542E-01  7.284E-01  6.958E-01  6.567E-01  6.116E-01  5.609E-01  5.053E-01  4.458E-01  3.831E-01  3.186E-01  2.538E-01  1.906E-01  1.317E-01  8.024E-02  3.871E-02
  388.5000  7.893E-01  7.856E-01  7.743E-01  7.558E-01  7.300E-01  6.974E-01  6.582E-01  6.130E-01  5.622E-01  5.066E-01  4.470E-01  3.842E-01  3.196E-01  2.546E-01  1.913E-01  1.322E-01  8.048E-02  3.882E-02
  389.5000  9.951E-01  9.904E-01  9.763E-01  9.529E-01  9.204E-01  8.793E-01  8.300E-01  7.730E-01  7.091E-01  6.390E-01  5.639E-01  4.848E-01  4.033E-01  3.213E-01  2.414E-01  1.668E-01  1.016E-01  4.897E-02
  390.5000  9.772E-01  9.725E-01  9.587E-01  9.357E-01  9.039E-01  8.636E-01  8.152E-01  7.593E-01  6.966E-01  6.278E-01  5.540E-01  4.764E-01  3.964E-01  3.159E-01  2.374E-01  1.640E-01  9.981E-02  4.811E-02
  391.5000  1.159E+00  1.153E+00  1.137E+00  1.110E+00  1.072E+00  1.024E+00  9.670E-01  9.008E-01  8.265E-01  7.450E-01  6.575E-01  5.655E-01  4.706E-01  3.751E-01  2.819E-01  1.948E-01  1.185E-01  5.710E-02
  392.5000  8.688E-01  8.647E-01  8.524E-01  8.321E-01  8.038E-01  7.681E-01  7.251E-01  6.755E-01  6.198E-01  5.588E-01  4.932E-01  4.243E-01  3.531E-01  2.815E-01  2.116E-01  1.462E-01  8.891E-02  4.283E-02
  393.5000  3.776E-01  3.758E-01  3.705E-01  3.617E-01  3.494E-01  3.339E-01  3.152E-01  2.937E-01  2.695E-01  2.430E-01  2.145E-01  1.845E-01  1.536E-01  1.225E-01  9.207E-02  6.361E-02  3.868E-02  1.863E-02
  394.5000  8.884E-01  8.842E-01  8.716E-01  8.509E-01  8.221E-01  7.856E-01  7.417E-01  6.911E-01  6.343E-01  5.719E-01  5.050E-01  4.345E-01  3.617E-01  2.885E-01  2.168E-01  1.498E-01  9.108E-02  4.385E-02
  395.5000  1.143E+00  1.137E+00  1.121E+00  1.095E+00  1.058E+00  1.011E+00  9.543E-01  8.892E-01  8.162E-01  7.360E-01  6.500E-01  5.593E-01  4.658E-01  3.715E-01  2.793E-01  1.930E-01  1.173E-01  5.644E-02
  396.5000  6.709E-01  6.677E-01  6.582E-01  6.426E-01  6.209E-01  5.934E-01  5.603E-01  5.222E-01  4.793E-01  4.323E-01  3.818E-01  3.286E-01  2.737E-01  2.183E-01  1.641E-01  1.134E-01  6.890E-02  3.315E-02
  397.5000  7.739E-01  7.703E-01  7.594E-01  7.413E-01  7.163E-01  6.846E-01  6.466E-01  6.026E-01  5.532E-01  4.990E-01  4.407E-01  3.794E-01  3.160E-01  2.521E-01  1.896E-01  1.310E-01  7.957E-02  3.827E-02
  398.5000  1.330E+00  1.323E+00  1.305E+00  1.274E+00  1.231E+00  1.176E+00  1.111E+00  1.035E+00  9.506E-01  8.576E-01  7.576E-01  6.522E-01  5.434E-01  4.336E-01  3.261E-01  2.253E-01  1.368E-01  6.579E-02
  399.5000  1.383E+00  1.376E+00  1.357E+00  1.324E+00  1.280E+00  1.223E+00  1.156E+00  1.077E+00  9.889E-01  8.922E-01  7.883E-01  6.787E-01  5.656E-01  4.514E-01  3.395E-01  2.346E-01  1.424E-01  6.845E-02
  400.5000  1.453E+00  1.446E+00  1.426E+00  1.392E+00  1.345E+00  1.286E+00  1.215E+00  1.132E+00  1.040E+00  9.382E-01  8.291E-01  7.139E-01  5.950E-01  4.750E-01  3.573E-01  2.469E-01  1.498E-01  7.199E-02
  401.5000  1.495E+00  1.488E+00  1.467E+00  1.432E+00  1.384E+00  1.323E+00  1.250E+00  1.165E+00  1.070E+00  9.656E-01  8.533E-01  7.349E-01  6.126E-01  4.891E-01  3.680E-01  2.542E-01  1.543E-01  7.410E-02
  402.5000  1.552E+00  1.544E+00  1.523E+00  1.487E+00  1.437E+00  1.373E+00  1.297E+00  1.210E+00  1.111E+00  1.003E+00  8.862E-01  7.634E-01  6.364E-01  5.082E-01  3.824E-01  2.642E-01  1.603E-01  7.695E-02
  403.5000  1.420E+00  1.413E+00  1.393E+00  1.360E+00  1.315E+00  1.257E+00  1.188E+00  1.107E+00  1.017E+00  9.180E-01  8.114E-01  6.991E-01  5.829E-01  4.655E-01  3.503E-01  2.421E-01  1.468E-01  7.046E-02
  404.5000  1.392E+00  1.386E+00  1.366E+00  1.334E+00  1.289E+00  1.233E+00  1.165E+00  1.086E+00  9.976E-01  9.005E-01  7.961E-01  6.860E-01  5.721E-01  4.570E-01  3.439E-01  2.376E-01  1.441E-01  6.913E-02
  405.5000  1.446E+00  1.439E+00  1.419E+00  1.386E+00  1.339E+00  1.280E+00  1.210E+00  1.128E+00  1.036E+00  9.357E-01  8.274E-01  7.130E-01  5.947E-01  4.751E-01  3.576E-01  2.471E-01  1.498E-01  7.184E-02
  406.5000  1.362E+00  1.355E+00  1.336E+00  1.305E+00  1.261E+00  1.206E+00  1.140E+00  1.063E+00  9.764E-01  8.816E-01  7.796E-01  6.719E-01  5.605E-01  4.479E-01  3.372E-01  2.330E-01  1.412E-01  6.769E-02
  407.5000  1.373E+00  1.366E+00  1.347E+00  1.315E+00  1.271E+00  1.216E+00  1.149E+00  1.072E+00  9.845E-01  8.890E-01  7.863E-01  6.778E-01  5.655E-01  4.519E-01  3.403E-01  2.351E-01  1.424E-01  6.827E-02
  408.5000  1.528E+00  1.521E+00  1.500E+00  1.465E+00  1.416E+00  1.354E+00  1.280E+00  1.193E+00  1.097E+00  9.904E-01  8.760E-01  7.553E-01  6.303E-01  5.037E-01  3.794E-01  2.621E-01  1.588E-01  7.607E-02
  409.5000  1.498E+00  1.491E+00  1.470E+00  1.436E+00  1.388E+00  1.327E+00  1.254E+00  1.170E+00  1.075E+00  9.712E-01  8.591E-01  7.408E-01  6.183E-01  4.943E-01  3.723E-01  2.572E-01  1.558E-01  7.460E-02
  410.5000  1.299E+00  1.293E+00  1.275E+00  1.245E+00  1.203E+00  1.151E+00  1.088E+00  1.015E+00  9.326E-01  8.424E-01  7.453E-01  6.427E-01  5.365E-01  4.290E-01  3.231E-01  2.233E-01  1.352E-01  6.472E-02
  411.5000  1.561E+00  1.554E+00  1.532E+00  1.496E+00  1.446E+00  1.383E+00  1.307E+00  1.220E+00  1.121E+00  1.013E+00  8.961E-01  7.729E-01  6.453E-01  5.160E-01  3.888E-01  2.687E-01  1.626E-01  7.781E-02
  412.5000  1.547E+00  1.540E+00  1.518E+00  1.483E+00  1.433E+00  1.371E+00  1.296E+00  1.209E+00  1.111E+00  1.004E+00  8.885E-01  7.665E-01  6.400E-01  5.119E-01  3.857E-01  2.665E-01  1.613E-01  7.715E-02
  413.5000  1.500E+00  1.493E+00  1.472E+00  1.438E+00  1.390E+00  1.329E+00  1.257E+00  1.173E+00  1.078E+00  9.740E-01  8.620E-01  7.437E-01  6.211E-01  4.969E-01  3.744E-01  2.588E-01  1.565E-01  7.485E-02
  414.5000  1.541E+00  1.534E+00  1.513E+00  1.477E+00  1.428E+00  1.366E+00  1.292E+00  1.205E+00  1.108E+00  1.001E+00  8.863E-01  7.648E-01  6.388E-01  5.111E-01  3.852E-01  2.662E-01  1.610E-01  7.696E-02
  415.5000  1.474E+00  1.467E+00  1.447E+00  1.413E+00  1.366E+00  1.307E+00  1.235E+00  1.153E+00  1.060E+00  9.580E-01  8.481E-01  7.319E-01  6.114E-01  4.893E-01  3.688E-01  2.549E-01  1.541E-01  7.364E-02
  416.5000  1.604E+00  1.597E+00  1.574E+00  1.538E+00  1.487E+00  1.422E+00  1.345E+00  1.255E+00  1.154E+00  1.043E+00  9.234E-01  7.970E-01  6.659E-01  5.329E-01  4.018E-01  2.777E-01  1.679E-01  8.018E-02
  417.5000  1.466E+00  1.459E+00  1.439E+00  1.406E+00  1.359E+00  1.300E+00  1.229E+00  1.147E+00  1.055E+00  9.537E-01  8.444E-01  7.290E-01  6.092E-01  4.876E-01  3.677E-01  2.541E-01  1.536E-01  7.333E-02
  418.5000  1.477E+00  1.471E+00  1.450E+00  1.416E+00  1.370E+00  1.310E+00  1.239E+00  1.156E+00  1.063E+00  9.614E-01  8.514E-01  7.350E-01  6.143E-01  4.918E-01  3.709E-01  2.564E-01  1.549E-01  7.393E-02
  419.5000  1.526E+00  1.519E+00  1.498E+00  1.463E+00  1.415E+00  1.353E+00  1.280E+00  1.195E+00  1.099E+00  9.933E-01  8.798E-01  7.597E-01  6.350E-01  5.085E-01  3.835E-01  2.651E-01  1.602E-01  7.640E-02
------------------------------------------------------------
Dose rates, W m-2
   1 = UV-B, 280-315 nm                                  
   2 = UV-B*, 280-320 nm                                 
   3 = UV-A, 315-400 nm                                  
   4 = DNA damage, in vitro (Setlow, 1974)               
   5 = UV index (WMO, 1994; Webb et al., 2011)           
   6 = Plant damage (Caldwell, 1971)                     
   7 = Plant damage,Flint&Caldwell,2003,orig.            
   8 = Plant damage,Flint&Caldwell,2003,ext390           
values at z =      0.000 km
Columns: sza, weighting spectra
 sza, deg.          1          2          3          4          5          6          7          8
    0.0000  8.201E+00  1.047E+01  6.551E+01  5.910E-01  1.470E+02  6.871E+00  7.940E+00  8.393E+00
    5.0000  8.149E+00  1.040E+01  6.519E+01  5.860E-01  1.459E+02  6.819E+00  7.882E+00  8.333E+00
   10.0000  7.997E+00  1.021E+01  6.422E+01  5.715E-01  1.429E+02  6.669E+00  7.715E+00  8.159E+00
   15.0000  7.746E+00  9.904E+00  6.262E+01  5.476E-01  1.378E+02  6.422E+00  7.438E+00  7.871E+00
   20.0000  7.402E+00  9.477E+00  6.040E+01  5.153E-01  1.310E+02  6.086E+00  7.061E+00  7.479E+00
   25.0000  6.971E+00  8.943E+00  5.760E+01  4.755E-01  1.224E+02  5.669E+00  6.592E+00  6.992E+00
   30.0000  6.464E+00  8.312E+00  5.425E+01  4.297E-01  1.124E+02  5.185E+00  6.046E+00  6.423E+00
   35.0000  5.892E+00  7.599E+00  5.039E+01  3.793E-01  1.013E+02  4.645E+00  5.437E+00  5.788E+00
   40.0000  5.268E+00  6.818E+00  4.607E+01  3.263E-01  8.925E+01  4.069E+00  4.784E+00  5.105E+00
   45.0000  4.608E+00  5.989E+00  4.137E+01  2.725E-01  7.674E+01  3.473E+00  4.106E+00  4.395E+00
   50.0000  3.929E+00  5.133E+00  3.635E+01  2.201E-01  6.413E+01  2.879E+00  3.425E+00  3.680E+00
   55.0000  3.253E+00  4.274E+00  3.111E+01  1.712E-01  5.185E+01  2.306E+00  2.765E+00  2.983E+00
   60.0000  2.598E+00  3.436E+00  2.576E+01  1.274E-01  4.032E+01  1.776E+00  2.148E+00  2.329E+00
   65.0000  1.988E+00  2.647E+00  2.045E+01  9.029E-02  2.993E+01  1.306E+00  1.594E+00  1.738E+00
   70.0000  1.439E+00  1.932E+00  1.533E+01  6.055E-02  2.100E+01  9.078E-01  1.120E+00  1.228E+00
   75.0000  9.677E-01  1.309E+00  1.062E+01  3.809E-02  1.370E+01  5.883E-01  7.328E-01  8.077E-01
   80.0000  5.806E-01  7.904E-01  6.507E+00  2.198E-02  8.044E+00  3.443E-01  4.323E-01  4.780E-01
   85.0000  2.783E-01  3.797E-01  3.150E+00  1.067E-02  3.856E+00  1.654E-01  2.082E-01  2.303E-01
------------------------------------------------------------
