Spectral Irradiance, W m-2 nm-1
values at z =      0.000 km
Columns: wavelength (nm), solar zenith angles (deg.)
    wc, nm      0.000      5.000     10.000     15.000     20.000     25.000     30.000     35.000     40.000     45.000     50.000     55.000     60.000     65.000     70.000     75.000     80.000     85.000
  120.7000  0.000E+00  0.000E+00  0.000E+00  0.000E+00  0.000E+00  0.000E+00  0.000E+00  0.000E+00  0.000E+00  0.000E+00  0.000E+00  0.000E+00  0.000E+00  0.000E+00  0.000E+00  0.000E+00  0.000E+00  0.000E+00
  121.6500  0.000E+00  0.000E+00  0.000E+00  0.000E+00  0.000E+00  0.000E+00  0.000E+00  0.000E+00  0.000E+00  0.000E+00  0.000E+00  0.000E+00  0.000E+00  0.000E+00  0.000E+00  0.000E+00  0.000E+00  0.000E+00
  122.1000  0.000E+00  0.000E+00  0.000E+00  0.000E+00  0.000E+00  0.000E+00  0.000E+00  0.000E+00  0.000E+00  0.000E+00  0.000E+00  0.000E+00  0.000E+00  0.000E+00  0.000E+00  0.000E+00  0.000E+00  0.000E+00
  122.7000  0.000E+00  0.000E+00  0.000E+00  0.000E+00  0.000E+00  0.000E+00  0.000E+00  0.000E+00  0.000E+00  0.000E+00  0.000E+00  0.000E+00  0.000E+00  0.000E+00  0.000E+00  0.000E+00  0.000E+00  0.000E+00
  123.4500  0.000E+00  0.000E+00  0.000E+00  0.000E+00  0.000E+00  0.000E+00  0.000E+00  0.000E+00  0.000E+00  0.000E+00  0.000E+00  0.000E+00  0.000E+00  0.000E+00  0.000E+00  0.000E+00  0.000E+00  0.000E+00
  124.2000  0.000E+00  0.000E+00  0.000E+00  0.000E+00  0.000E+00  0.000E+00  0.000E+00  0.000E+00  0.000E+00  0.000E+00  0.000E+00  0.000E+00  0.000E+00  0.000E+00  0.000E+00  0.000E+00  0.000E+00  0.000E+00
  125.0000  0.000E+00  0.000E+00  0.000E+00  0.000E+00  0.000E+00  0.000E+00  0.000E+00  0.000E+00  0.000E+00  0.000E+00  0.000E+00  0.000E+00  0.000E+00  0.000E+00  0.000E+00  0.000E+00  0.000E+00  0.000E+00
  125.8000  0.000E+00  0.000E+00  0.000E+00  0.000E+00  0.000E+00  0.000E+00  0.000E+00  0.000E+00  0.000E+00  0.000E+00  0.000E+00  0.000E+00  0.000E+00  0.000E+00  0.000E+00  0.000E+00  0.000E+00  0.000E+00
  126.6000  0.000E+00  0.000E+00  0.000E+00  0.000E+00  0.000E+00  0.000E+00  0.000E+00  0.000E+00  0.000E+00  0.000E+00  0.000E+00  0.000E+00  0.000E+00  0.000E+00  0.000E+00  0.000E+00  0.000E+00  0.000E+00
  127.8000  0.000E+00  0.000E+00  0.000E+00  0.000E+00  0.000E+00  0.000E+00  0.000E+00  0.000E+00  0.000E+00  0.000E+00  0.000E+00  0.000E+00  0.000E+00  0.000E+00  0.000E+00  0.000E+00  0.000E+00  0.000E+00
  129.0000  0.000E+00  0.000E+00  0.000E+00  0.000E+00  0.000E+00  0.000E+00  0.000E+00  0.000E+00  0.000E+00  0.000E+00  0.000E+00  0.000E+00  0.000E+00  0.000E+00  0.000E+00  0.000E+00  0.000E+00  0.000E+00
  129.8500  0.000E+00  0.000E+00  0.000E+00  0.000E+00  0.000E+00  0.000E+00  0.000E+00  0.000E+00  0.000E+00  0.000E+00  0.000E+00  0.000E+00  0.000E+00  0.000E+00  0.000E+00  0.000E+00  0.000E+00  0.000E+00
  131.1500  0.000E+00  0.000E+00  0.000E+00  0.000E+00  0.000E+00  0.000E+00  0.000E+00  0.000E+00  0.000E+00  0.000E+00  0.000E+00  0.000E+00  0.000E+00  0.000E+00  0.000E+00  0.000E+00  0.000E+00  0.000E+00
  133.5000  0.000E+00  0.000E+00  0.000E+00  0.000E+00  0.000E+00  0.000E+00  0.000E+00  0.000E+00  0.000E+00  0.000E+00  0.000E+00  0.000E+00  0.000E+00  0.000E+00  0.000E+00  0.000E+00  0.000E+00  0.000E+00
  136.0000  0.000E+00  0.000E+00  0.000E+00  0.000E+00  0.000E+00  0.000E+00  0.000E+00  0.000E+00  0.000E+00  0.000E+00  0.000E+00  0.000E+00  0.000E+00  0.000E+00  0.000E+00  0.000E+00  0.000E+00  0.000E+00
  141.0000  0.000E+00  0.000E+00  0.000E+00  0.000E+00  0.000E+00  0.000E+00  0.000E+00  0.000E+00  0.000E+00  0.000E+00  0.000E+00  0.000E+00  0.000E+00  0.000E+00  0.000E+00  0.000E+00  0.000E+00  0.000E+00
  150.0000  0.000E+00  0.000E+00  0.000E+00  0.000E+00  0.000E+00  0.000E+00  0.000E+00  0.000E+00  0.000E+00  0.000E+00  0.000E+00  0.000E+00  0.000E+00  0.000E+00  0.000E+00  0.000E+00  0.000E+00  0.000E+00
  160.0000  0.000E+00  0.000E+00  0.000E+00  0.000E+00  0.000E+00  0.000E+00  0.000E+00  0.000E+00  0.000E+00  0.000E+00  0.000E+00  0.000E+00  0.000E+00  0.000E+00  0.000E+00  0.000E+00  0.000E+00  0.000E+00
  167.5000  0.000E+00  0.000E+00  0.000E+00  0.000E+00  0.000E+00  0.000E+00  0.000E+00  0.000E+00  0.000E+00  0.000E+00  0.000E+00  0.000E+00  0.000E+00  0.000E+00  0.000E+00  0.000E+00  0.000E+00  0.000E+00
  172.7000  0.000E+00  0.000E+00  0.000E+00  0.000E+00  0.000E+00  0.000E+00  0.000E+00  0.000E+00  0.000E+00  0.000E+00  0.000E+00  0.000E+00  0.000E+00  0.000E+00  0.000E+00  0.000E+00  0.000E+00  0.000E+00
  176.2000  0.000E+00  0.000E+00  0.000E+00  0.000E+00  0.000E+00  0.000E+00  0.000E+00  0.000E+00  0.000E+00  0.000E+00  0.000E+00  0.000E+00  0.000E+00  0.000E+00  0.000E+00  0.000E+00  0.000E+00  0.000E+00
  177.8000  0.000E+00  0.000E+00  0.000E+00  0.000E+00  0.000E+00  0.000E+00  0.000E+00  0.000E+00  0.000E+00  0.000E+00  0.000E+00  0.000E+00  0.000E+00  0.000E+00  0.000E+00  0.000E+00  0.000E+00  0.000E+00
  179.4000  0.000E+00  0.000E+00  0.000E+00  0.000E+00  0.000E+00  0.000E+00  0.000E+00  0.000E+00  0.000E+00  0.000E+00  0.000E+00  0.000E+00  0.000E+00  0.000E+00  0.000E+00  0.000E+00  0.000E+00  0.000E+00
  181.0000  0.000E+00  0.000E+00  0.000E+00  0.000E+00  0.000E+00  0.000E+00  0.000E+00  0.000E+00  0.000E+00  0.000E+00  0.000E+00  0.000E+00  0.000E+00  0.000E+00  0.000E+00  0.000E+00  0.000E+00  0.000E+00
  182.6500  0.000E+00  0.000E+00  0.000E+00  0.000E+00  0.000E+00  0.000E+00  0.000E+00  0.000E+00  0.000E+00  0.000E+00  0.000E+00  0.000E+00  0.000E+00  0.000E+00  0.000E+00  0.000E+00  0.000E+00  0.000E+00
  184.3500  0.000E+00  0.000E+00  0.000E+00  0.000E+00  0.000E+00  0.000E+00  0.000E+00  0.000E+00  0.000E+00  0.000E+00  0.000E+00  0.000E+00  0.000E+00  0.000E+00  0.000E+00  0.000E+00  0.000E+00  0.000E+00
  186.0500  0.000E+00  0.000E+00  0.000E+00  0.000E+00  0.000E+00  0.000E+00  0.000E+00  0.000E+00  0.000E+00  0.000E+00  0.000E+00  0.000E+00  0.000E+00  0.000E+00  0.000E+00  0.000E+00  0.000E+00  0.000E+00
  187.8000  0.000E+00  0.000E+00  0.000E+00  0.000E+00  0.000E+00  0.000E+00  0.000E+00  0.000E+00  0.000E+00  0.000E+00  0.000E+00  0.000E+00  0.000E+00  0.000E+00  0.000E+00  0.000E+00  0.000E+00  0.000E+00
  189.6000  0.000E+00  0.000E+00  0.000E+00  0.000E+00  0.000E+00  0.000E+00  0.000E+00  0.000E+00  0.000E+00  0.000E+00  0.000E+00  0.000E+00  0.000E+00  0.000E+00  0.000E+00  0.000E+00  0.000E+00  0.000E+00
  191.4000  0.000E+00  0.000E+00  0.000E+00  0.000E+00  0.000E+00  0.000E+00  0.000E+00  0.000E+00  0.000E+00  0.000E+00  0.000E+00  0.000E+00  0.000E+00  0.000E+00  0.000E+00  0.000E+00  0.000E+00  0.000E+00
  193.2500  0.000E+00  0.000E+00  0.000E+00  0.000E+00  0.000E+00  0.000E+00  0.000E+00  0.000E+00  0.000E+00  0.000E+00  0.000E+00  0.000E+00  0.000E+00  0.000E+00  0.000E+00  0.000E+00  0.000E+00  0.000E+00
  195.1500  0.000E+00  0.000E+00  0.000E+00  0.000E+00  0.000E+00  0.000E+00  0.000E+00  0.000E+00  0.000E+00  0.000E+00  0.000E+00  0.000E+00  0.000E+00  0.000E+00  0.000E+00  0.000E+00  0.000E+00  0.000E+00
  197.0500  0.000E+00  0.000E+00  0.000E+00  0.000E+00  0.000E+00  0.000E+00  0.000E+00  0.000E+00  0.000E+00  0.000E+00  0.000E+00  0.000E+00  0.000E+00  0.000E+00  0.000E+00  0.000E+00  0.000E+00  0.000E+00
  199.0000  0.000E+00  0.000E+00  0.000E+00  0.000E+00  0.000E+00  0.000E+00  0.000E+00  0.000E+00  0.000E+00  0.000E+00  0.000E+00  0.000E+00  0.000E+00  0.000E+00  0.000E+00  0.000E+00  0.000E+00  0.000E+00
  201.0000  0.000E+00  0.000E+00  0.000E+00  0.000E+00  0.000E+00  0.000E+00  0.000E+00  0.000E+00  0.000E+00  0.000E+00  0.000E+00  0.000E+00  0.000E+00  0.000E+00  0.000E+00  0.000E+00  0.000E+00  0.000E+00
  203.0500  0.000E+00  0.000E+00  0.000E+00  0.000E+00  0.000E+00  0.000E+00  0.000E+00  0.000E+00  0.000E+00  0.000E+00  0.000E+00  0.000E+00  0.000E+00  0.000E+00  0.000E+00  0.000E+00  0.000E+00  0.000E+00
  205.1500  0.000E+00  0.000E+00  0.000E+00  0.000E+00  0.000E+00  0.000E+00  0.000E+00  0.000E+00  0.000E+00  0.000E+00  0.000E+00  0.000E+00  0.000E+00  0.000E+00  0.000E+00  0.000E+00  0.000E+00  0.000E+00
  207.2665  1.519E-19  1.306E-19  8.238E-20  3.752E-20  1.196E-20  2.550E-21  3.401E-22  2.590E-23  1.000E-24  1.750E-26  1.980E-28  1.651E-29  6.384E-30  3.418E-30  2.026E-30  1.218E-30  6.873E-31  3.198E-31
  209.4295  1.611E-18  1.394E-18  8.989E-19  4.248E-19  1.429E-19  3.277E-20  4.809E-21  4.142E-22  1.873E-23  4.012E-25  5.740E-27  5.041E-28  1.929E-28  1.031E-28  6.135E-29  3.705E-29  2.101E-29  9.804E-30
  211.6460  2.293E-17  2.001E-17  1.324E-17  6.536E-18  2.344E-18  5.862E-19  9.637E-20  9.612E-21  5.249E-22  1.437E-23  2.773E-25  2.674E-26  1.015E-26  5.425E-27  3.246E-27  1.976E-27  1.129E-27  5.295E-28
  213.9100  1.362E-16  1.196E-16  8.068E-17  4.117E-17  1.549E-17  4.135E-18  7.404E-19  8.244E-20  5.185E-21  1.703E-22  4.033E-24  4.021E-25  1.494E-25  7.959E-26  4.793E-26  2.947E-26  1.700E-26  8.026E-27
  216.2225  7.599E-16  6.721E-16  4.628E-16  2.448E-16  9.709E-17  2.783E-17  5.470E-18  6.871E-19  5.048E-20  2.028E-21  6.070E-23  6.361E-24  2.304E-24  1.223E-24  7.437E-25  4.635E-25  2.711E-25  1.293E-25
  218.5855  8.251E-15  7.359E-15  5.198E-15  2.872E-15  1.213E-15  3.790E-16  8.344E-17  1.214E-17  1.078E-18  5.565E-20  2.244E-21  2.568E-22  9.049E-23  4.793E-23  2.953E-23  1.875E-23  1.118E-23  5.419E-24
  221.0010  4.504E-14  4.042E-14  2.912E-14  1.663E-14  7.378E-15  2.462E-15  5.914E-16  9.629E-17  9.904E-18  6.186E-19  3.077E-20  3.622E-21  1.221E-21  6.440E-22  4.031E-22  2.613E-22  1.591E-22  7.869E-23
  223.4705  2.581E-13  2.330E-13  1.708E-13  1.006E-13  4.665E-14  1.654E-14  4.301E-15  7.765E-16  9.137E-17  6.795E-18  4.054E-19  4.801E-20  1.530E-20  8.045E-21  5.132E-21  3.404E-21  2.124E-21  1.077E-21
  225.9960  1.107E-12  1.006E-12  7.531E-13  4.591E-13  2.240E-13  8.509E-14  2.424E-14  4.932E-15  6.783E-16  5.888E-17  4.537E-18  5.477E-19  1.639E-19  8.620E-20  5.629E-20  3.833E-20  2.462E-20  1.290E-20
  228.5790  4.085E-12  3.732E-12  2.836E-12  1.775E-12  9.001E-13  3.605E-13  1.102E-13  2.456E-14  3.806E-15  4.023E-16  3.372E-17  3.926E-18  1.083E-18  5.727E-19  3.837E-19  2.682E-19  1.775E-19  9.644E-20
  231.2215  9.827E-12  9.007E-12  6.914E-12  4.405E-12  2.292E-12  9.509E-13  3.045E-13  7.215E-14  1.208E-14  1.398E-15  1.239E-16  1.321E-17  3.320E-18  1.775E-18  1.219E-18  8.732E-19  5.937E-19  3.348E-19
  233.9260  1.319E-11  1.212E-11  9.365E-12  6.035E-12  3.193E-12  1.356E-12  4.476E-13  1.103E-13  1.702E-14  2.355E-15  2.094E-16  1.972E-17  4.475E-18  2.435E-18  1.713E-18  1.253E-18  8.741E-19  5.114E-19
  236.6945  2.186E-11  2.011E-11  1.561E-11  1.014E-11  5.423E-12  2.337E-12  7.868E-13  1.987E-13  3.589E-14  4.445E-15  3.836E-16  3.113E-17  6.362E-18  3.540E-18  2.545E-18  1.898E-18  1.355E-18  8.224E-19
  239.5295  7.862E-11  7.276E-11  5.753E-11  3.856E-11  2.160E-11  9.912E-12  3.619E-12  1.012E-12  2.065E-13  2.914E-14  2.761E-15  2.141E-16  4.006E-17  2.281E-17  1.680E-17  1.284E-17  9.477E-18  6.075E-18
  242.4330  1.019E-09  9.505E-10  7.699E-10  5.375E-10  3.193E-10  1.584E-10  6.380E-11  2.009E-11  4.701E-12  7.644E-13  8.088E-14  6.239E-15  1.081E-15  6.285E-16  4.737E-16  3.715E-16  2.845E-16  1.946E-16
  245.4080  2.083E-10  1.932E-10  1.537E-10  1.040E-10  5.911E-11  2.759E-11  1.026E-11  2.914E-12  5.968E-13  8.171E-14  6.901E-15  4.014E-16  6.239E-17  3.713E-17  2.815E-17  2.214E-17  1.700E-17  1.168E-17
  248.4570  5.689E-11  5.250E-11  4.114E-11  2.714E-11  1.485E-11  6.584E-12  2.289E-12  5.957E-13  1.090E-13  1.290E-14  8.983E-16  4.081E-17  5.773E-18  3.495E-18  2.660E-18  2.096E-18  1.612E-18  1.112E-18
  251.5825  2.726E-11  2.509E-11  1.950E-11  1.268E-11  6.797E-12  2.930E-12  9.810E-13  2.433E-13  4.179E-14  4.552E-15  2.836E-16  1.107E-17  1.458E-18  8.885E-19  6.774E-19  5.343E-19  4.115E-19  2.847E-19
  254.7875  2.938E-11  2.701E-11  2.092E-11  1.353E-11  7.192E-12  3.064E-12  1.010E-12  2.454E-13  4.103E-14  4.307E-15  2.548E-16  9.167E-18  1.140E-18  6.949E-19  5.300E-19  4.182E-19  3.224E-19  2.236E-19
  258.0750  9.925E-11  9.146E-11  7.132E-11  4.666E-11  2.521E-11  1.098E-11  3.727E-12  9.390E-13  1.643E-13  1.825E-14  1.156E-15  4.440E-17  5.371E-18  3.227E-18  2.456E-18  1.937E-18  1.494E-18  1.037E-18
  261.4490  2.256E-10  1.925E-10  1.648E-10  1.101E-10  6.136E-11  2.787E-11  9.984E-12  2.696E-12  5.149E-13  6.385E-14  4.640E-15  2.073E-16  2.490E-17  1.459E-17  1.106E-17  8.711E-18  6.717E-18  4.669E-18
  264.9125  3.373E-09  3.140E-09  2.529E-09  1.748E-09  1.023E-09  4.967E-10  1.941E-10  5.854E-11  1.287E-11  1.908E-12  1.738E-13  1.007E-14  1.246E-15  6.974E-16  5.248E-16  4.123E-16  3.177E-16  2.209E-16
  268.4685  3.636E-08  3.416E-08  2.825E-08  2.043E-08  1.277E-08  6.775E-09  2.973E-09  1.041E-09  2.765E-10  5.212E-11  6.447E-12  5.342E-13  7.192E-14  3.732E-14  2.770E-14  2.167E-14  1.667E-14  1.158E-14
  272.1215  4.348E-07  4.124E-07  3.512E-07  2.671E-07  1.796E-07  1.052E-07  5.253E-08  2.170E-08  7.116E-09  1.754E-09  3.050E-10  3.775E-11  5.885E-12  2.743E-12  1.986E-12  1.542E-12  1.182E-12  8.198E-13
  275.8755  5.998E-06  5.748E-06  5.051E-06  4.052E-06  2.945E-06  1.916E-06  1.097E-06  5.402E-07  2.216E-07  7.258E-08  1.811E-08  3.432E-09  6.708E-10  2.746E-10  1.889E-10  1.446E-10  1.102E-10  7.615E-11
  279.7340  5.042E-05  4.878E-05  4.412E-05  3.719E-05  2.904E-05  2.082E-05  1.354E-05  7.845E-06  3.957E-06  1.686E-06  5.814E-07  1.642E-07  4.235E-08  1.578E-08  9.842E-09  7.325E-09  5.519E-09  3.791E-09
  283.7020  9.201E-04  8.976E-04  8.327E-04  7.330E-04  6.095E-04  4.759E-04  3.458E-04  2.310E-04  1.396E-04  7.468E-05  3.455E-05  1.359E-05  4.718E-06  1.778E-06  9.561E-07  6.680E-07  4.918E-07  3.339E-07
  287.7845  7.682E-03  7.545E-03  7.143E-03  6.509E-03  5.692E-03  4.757E-03  3.776E-03  2.825E-03  1.969E-03  1.261E-03  7.298E-04  3.750E-04  1.709E-04  7.333E-05  3.529E-05  2.171E-05  1.518E-05  1.006E-05
  291.9865  4.656E-02  4.595E-02  4.416E-02  4.128E-02  3.746E-02  3.291E-02  2.788E-02  2.266E-02  1.753E-02  1.279E-02  8.698E-03  5.435E-03  3.080E-03  1.587E-03  7.819E-04  4.182E-04  2.605E-04  1.640E-04
  296.3090  1.031E-01  1.021E-01  9.906E-02  9.418E-02  8.760E-02  7.955E-02  7.035E-02  6.036E-02  5.001E-02  3.974E-02  3.004E-02  2.137E-02  1.411E-02  8.546E-03  4.729E-03  2.471E-03  1.333E-03  7.519E-04
  300.5000  1.513E-01  1.501E-01  1.465E-01  1.407E-01  1.328E-01  1.229E-01  1.115E-01  9.870E-02  8.508E-02  7.103E-02  5.709E-02  4.380E-02  3.173E-02  2.140E-02  1.323E-02  7.399E-03  3.795E-03  1.862E-03
  303.0000  2.522E-01  2.505E-01  2.452E-01  2.364E-01  2.244E-01  2.094E-01  1.918E-01  1.720E-01  1.507E-01  1.283E-01  1.057E-01  8.363E-02  6.292E-02  4.445E-02  2.897E-02  1.705E-02  8.880E-03  4.087E-03
  304.0000  2.458E-01  2.441E-01  2.390E-01  2.307E-01  2.192E-01  2.050E-01  1.882E-01  1.693E-01  1.489E-01  1.274E-01  1.056E-01  8.414E-02  6.388E-02  4.562E-02  3.013E-02  1.797E-02  9.431E-03  4.283E-03
  305.0000  2.903E-01  2.883E-01  2.825E-01  2.730E-01  2.599E-01  2.429E-01  2.243E-01  2.026E-01  1.790E-01  1.541E-01  1.287E-01  1.035E-01  7.952E-02  5.762E-02  3.872E-02  2.355E-02  1.253E-02  5.615E-03
  306.0000  2.486E-01  2.470E-01  2.422E-01  2.342E-01  2.232E-01  2.095E-01  1.934E-01  1.751E-01  1.552E-01  1.341E-01  1.125E-01  9.107E-02  7.048E-02  5.154E-02  3.503E-02  2.157E-02  1.159E-02  5.159E-03
  307.0000  2.901E-01  2.882E-01  2.827E-01  2.736E-01  2.612E-01  2.455E-01  2.271E-01  2.062E-01  1.834E-01  1.592E-01  1.342E-01  1.093E-01  8.529E-02  6.300E-02  4.335E-02  2.708E-02  1.473E-02  6.534E-03
  308.0000  3.107E-01  3.088E-01  3.030E-01  2.935E-01  2.804E-01  2.640E-01  2.447E-01  2.227E-01  1.987E-01  1.731E-01  1.467E-01  1.202E-01  9.443E-02  7.040E-02  4.899E-02  3.102E-02  1.710E-02  7.577E-03
  309.0000  3.068E-01  3.049E-01  2.993E-01  2.900E-01  2.773E-01  2.613E-01  2.424E-01  2.210E-01  1.974E-01  1.724E-01  1.465E-01  1.204E-01  9.500E-02  7.118E-02  4.984E-02  3.179E-02  1.765E-02  7.823E-03
  310.0000  2.749E-01  2.733E-01  2.684E-01  2.603E-01  2.491E-01  2.351E-01  2.186E-01  1.998E-01  1.791E-01  1.570E-01  1.340E-01  1.108E-01  8.811E-02  6.666E-02  4.724E-02  3.059E-02  1.726E-02  7.694E-03
  311.0000  4.453E-01  4.427E-01  4.348E-01  4.219E-01  4.040E-01  3.816E-01  3.550E-01  3.248E-01  2.915E-01  2.560E-01  2.190E-01  1.816E-01  1.448E-01  1.100E-01  7.830E-02  5.099E-02  2.896E-02  1.294E-02
  312.0000  3.766E-01  3.744E-01  3.679E-01  3.571E-01  3.422E-01  3.235E-01  3.014E-01  2.761E-01  2.483E-01  2.185E-01  1.875E-01  1.560E-01  1.250E-01  9.542E-02  6.842E-02  4.496E-02  2.580E-02  1.159E-02
  313.0000  3.994E-01  3.971E-01  3.903E-01  3.790E-01  3.635E-01  3.439E-01  3.207E-01  2.943E-01  2.651E-01  2.338E-01  2.012E-01  1.680E-01  1.351E-01  1.037E-01  7.490E-02  4.964E-02  2.879E-02  1.303E-02
  314.0000  4.276E-01  4.252E-01  4.179E-01  4.059E-01  3.894E-01  3.686E-01  3.439E-01  3.158E-01  2.847E-01  2.514E-01  2.165E-01  1.810E-01  1.459E-01  1.122E-01  8.122E-02  5.400E-02  3.143E-02  1.426E-02
  316.0000  4.063E-01  4.040E-01  3.973E-01  3.861E-01  3.708E-01  3.514E-01  3.285E-01  3.022E-01  2.732E-01  2.420E-01  2.093E-01  1.758E-01  1.425E-01  1.105E-01  8.078E-02  5.439E-02  3.217E-02  1.480E-02
  320.0000  4.815E-01  4.789E-01  4.711E-01  4.583E-01  4.405E-01  4.182E-01  3.916E-01  3.612E-01  3.275E-01  2.911E-01  2.529E-01  2.136E-01  1.743E-01  1.363E-01  1.006E-01  6.864E-02  4.130E-02  1.936E-02
  325.0000  5.801E-01  5.771E-01  5.679E-01  5.528E-01  5.319E-01  5.056E-01  4.742E-01  4.383E-01  3.984E-01  3.552E-01  3.097E-01  2.627E-01  2.156E-01  1.695E-01  1.262E-01  8.694E-02  5.304E-02  2.530E-02
  330.0000  7.032E-01  6.995E-01  6.886E-01  6.705E-01  6.456E-01  6.141E-01  5.766E-01  5.335E-01  4.857E-01  4.338E-01  3.789E-01  3.222E-01  2.651E-01  2.091E-01  1.561E-01  1.080E-01  6.627E-02  3.188E-02
  335.0000  6.604E-01  6.570E-01  6.468E-01  6.301E-01  6.070E-01  5.777E-01  5.428E-01  5.028E-01  4.582E-01  4.097E-01  3.584E-01  3.053E-01  2.516E-01  1.989E-01  1.488E-01  1.032E-01  6.350E-02  3.072E-02
  340.0000  7.144E-01  7.107E-01  6.999E-01  6.819E-01  6.571E-01  6.258E-01  5.883E-01  5.453E-01  4.973E-01  4.452E-01  3.899E-01  3.325E-01  2.743E-01  2.170E-01  1.625E-01  1.127E-01  6.944E-02  3.367E-02
  345.0000  7.031E-01  6.996E-01  6.890E-01  6.715E-01  6.472E-01  6.166E-01  5.800E-01  5.379E-01  4.909E-01  4.398E-01  3.855E-01  3.291E-01  2.718E-01  2.152E-01  1.612E-01  1.118E-01  6.885E-02  3.342E-02
  350.0000  7.360E-01  7.323E-01  7.213E-01  7.031E-01  6.779E-01  6.460E-01  6.079E-01  5.641E-01  5.152E-01  4.619E-01  4.052E-01  3.461E-01  2.861E-01  2.267E-01  1.698E-01  1.177E-01  7.238E-02  3.511E-02
  355.0000  7.783E-01  7.744E-01  7.628E-01  7.437E-01  7.173E-01  6.838E-01  6.438E-01  5.977E-01  5.462E-01  4.900E-01  4.302E-01  3.678E-01  3.043E-01  2.412E-01  1.808E-01  1.252E-01  7.695E-02  3.733E-02
  360.0000  7.119E-01  7.084E-01  6.979E-01  6.806E-01  6.565E-01  6.261E-01  5.897E-01  5.478E-01  5.009E-01  4.497E-01  3.951E-01  3.381E-01  2.799E-01  2.221E-01  1.664E-01  1.152E-01  7.073E-02  3.430E-02
  365.0000  9.057E-01  9.013E-01  8.880E-01  8.661E-01  8.357E-01  7.972E-01  7.512E-01  6.981E-01  6.387E-01  5.738E-01  5.046E-01  4.321E-01  3.580E-01  2.842E-01  2.131E-01  1.475E-01  9.040E-02  4.381E-02
  370.0000  9.423E-01  9.377E-01  9.240E-01  9.013E-01  8.699E-01  8.301E-01  7.825E-01  7.275E-01  6.660E-01  5.988E-01  5.269E-01  4.516E-01  3.745E-01  2.975E-01  2.231E-01  1.543E-01  9.447E-02  4.575E-02
  375.0000  8.517E-01  8.476E-01  8.353E-01  8.149E-01  7.867E-01  7.510E-01  7.081E-01  6.587E-01  6.033E-01  5.428E-01  4.779E-01  4.100E-01  3.403E-01  2.705E-01  2.029E-01  1.403E-01  8.578E-02  4.151E-02
  380.0000  9.796E-01  9.749E-01  9.609E-01  9.376E-01  9.053E-01  8.644E-01  8.154E-01  7.588E-01  6.954E-01  6.260E-01  5.516E-01  4.735E-01  3.933E-01  3.129E-01  2.349E-01  1.624E-01  9.911E-02  4.790E-02
  385.0000  7.390E-01  7.354E-01  7.249E-01  7.074E-01  6.832E-01  6.525E-01  6.158E-01  5.733E-01  5.256E-01  4.734E-01  4.175E-01  3.587E-01  2.982E-01  2.374E-01  1.783E-01  1.232E-01  7.510E-02  3.625E-02
  390.0000  9.654E-01  9.608E-01  9.471E-01  9.244E-01  8.929E-01  8.531E-01  8.053E-01  7.500E-01  6.880E-01  6.201E-01  5.472E-01  4.705E-01  3.914E-01  3.119E-01  2.343E-01  1.619E-01  9.856E-02  4.752E-02
  395.0000  7.492E-01  7.457E-01  7.351E-01  7.176E-01  6.933E-01  6.625E-01  6.256E-01  5.829E-01  5.350E-01  4.824E-01  4.260E-01  3.665E-01  3.052E-01  2.434E-01  1.830E-01  1.264E-01  7.684E-02  3.699E-02
  400.0000  1.391E+00  1.385E+00  1.365E+00  1.333E+00  1.288E+00  1.231E+00  1.163E+00  1.084E+00  9.954E-01  8.981E-01  7.936E-01  6.833E-01  5.695E-01  4.545E-01  3.419E-01  2.362E-01  1.434E-01  6.891E-02
  405.0000  1.419E+00  1.413E+00  1.393E+00  1.360E+00  1.314E+00  1.257E+00  1.187E+00  1.107E+00  1.017E+00  9.181E-01  8.117E-01  6.995E-01  5.834E-01  4.660E-01  3.508E-01  2.424E-01  1.469E-01  7.048E-02
  410.0000  1.464E+00  1.457E+00  1.437E+00  1.403E+00  1.356E+00  1.297E+00  1.226E+00  1.143E+00  1.051E+00  9.492E-01  8.397E-01  7.241E-01  6.044E-01  4.832E-01  3.640E-01  2.515E-01  1.523E-01  7.290E-02
  415.0000  1.526E+00  1.519E+00  1.497E+00  1.462E+00  1.414E+00  1.353E+00  1.279E+00  1.193E+00  1.097E+00  9.913E-01  8.775E-01  7.573E-01  6.326E-01  5.061E-01  3.815E-01  2.636E-01  1.594E-01  7.618E-02
  420.0000  1.540E+00  1.533E+00  1.512E+00  1.477E+00  1.428E+00  1.366E+00  1.292E+00  1.206E+00  1.109E+00  1.003E+00  8.883E-01  7.670E-01  6.412E-01  5.135E-01  3.873E-01  2.677E-01  1.617E-01  7.711E-02
  425.0000  1.471E+00  1.464E+00  1.444E+00  1.410E+00  1.364E+00  1.305E+00  1.235E+00  1.153E+00  1.061E+00  9.595E-01  8.503E-01  7.348E-01  6.147E-01  4.926E-01  3.719E-01  2.571E-01  1.551E-01  7.380E-02
  430.0000  1.357E+00  1.351E+00  1.332E+00  1.301E+00  1.259E+00  1.205E+00  1.140E+00  1.065E+00  9.801E-01  8.870E-01  7.865E-01  6.800E-01  5.694E-01  4.567E-01  3.450E-01  2.386E-01  1.438E-01  6.827E-02
  435.0000  1.575E+00  1.568E+00  1.547E+00  1.511E+00  1.462E+00  1.400E+00  1.325E+00  1.238E+00  1.140E+00  1.032E+00  9.153E-01  7.919E-01  6.635E-01  5.326E-01  4.027E-01  2.786E-01  1.678E-01  7.944E-02
  440.0000  1.621E+00  1.614E+00  1.592E+00  1.555E+00  1.505E+00  1.441E+00  1.364E+00  1.275E+00  1.174E+00  1.063E+00  9.440E-01  8.172E-01  6.852E-01  5.504E-01  4.164E-01  2.882E-01  1.735E-01  8.190E-02
  445.0000  1.741E+00  1.733E+00  1.710E+00  1.671E+00  1.617E+00  1.549E+00  1.466E+00  1.371E+00  1.263E+00  1.144E+00  1.016E+00  8.803E-01  7.386E-01  5.938E-01  4.496E-01  3.113E-01  1.872E-01  8.816E-02
  450.0000  1.852E+00  1.844E+00  1.819E+00  1.778E+00  1.720E+00  1.648E+00  1.560E+00  1.459E+00  1.345E+00  1.219E+00  1.083E+00  9.389E-01  7.883E-01  6.343E-01  4.806E-01  3.330E-01  2.001E-01  9.398E-02
  455.0000  1.813E+00  1.805E+00  1.780E+00  1.740E+00  1.684E+00  1.614E+00  1.528E+00  1.429E+00  1.318E+00  1.195E+00  1.062E+00  9.214E-01  7.741E-01  6.233E-01  4.727E-01  3.277E-01  1.968E-01  9.217E-02
  460.0000  1.866E+00  1.858E+00  1.833E+00  1.792E+00  1.735E+00  1.662E+00  1.574E+00  1.473E+00  1.358E+00  1.232E+00  1.096E+00  9.508E-01  7.993E-01  6.441E-01  4.887E-01  3.389E-01  2.034E-01  9.495E-02
  465.0000  1.845E+00  1.837E+00  1.813E+00  1.772E+00  1.715E+00  1.644E+00  1.557E+00  1.457E+00  1.345E+00  1.220E+00  1.086E+00  9.425E-01  7.928E-01  6.393E-01  4.855E-01  3.369E-01  2.021E-01  9.409E-02
  470.0000  1.835E+00  1.827E+00  1.803E+00  1.763E+00  1.707E+00  1.636E+00  1.550E+00  1.451E+00  1.339E+00  1.215E+00  1.082E+00  9.397E-01  7.909E-01  6.382E-01  4.851E-01  3.368E-01  2.019E-01  9.376E-02
  475.0000  1.857E+00  1.849E+00  1.825E+00  1.784E+00  1.727E+00  1.656E+00  1.569E+00  1.469E+00  1.356E+00  1.232E+00  1.097E+00  9.530E-01  8.026E-01  6.481E-01  4.930E-01  3.424E-01  2.052E-01  9.502E-02
  480.0000  1.912E+00  1.903E+00  1.878E+00  1.836E+00  1.778E+00  1.705E+00  1.616E+00  1.513E+00  1.397E+00  1.269E+00  1.130E+00  9.827E-01  8.281E-01  6.690E-01  5.092E-01  3.538E-01  2.118E-01  9.771E-02
  485.0000  1.737E+00  1.729E+00  1.706E+00  1.668E+00  1.616E+00  1.549E+00  1.469E+00  1.376E+00  1.271E+00  1.154E+00  1.029E+00  8.947E-01  7.543E-01  6.098E-01  4.644E-01  3.229E-01  1.933E-01  8.890E-02
  490.0000  1.809E+00  1.801E+00  1.777E+00  1.738E+00  1.683E+00  1.614E+00  1.531E+00  1.434E+00  1.324E+00  1.204E+00  1.073E+00  9.338E-01  7.877E-01  6.373E-01  4.857E-01  3.380E-01  2.023E-01  9.280E-02
  495.0000  1.843E+00  1.835E+00  1.811E+00  1.771E+00  1.715E+00  1.645E+00  1.560E+00  1.462E+00  1.351E+00  1.228E+00  1.095E+00  9.532E-01  8.045E-01  6.513E-01  4.967E-01  3.458E-01  2.069E-01  9.466E-02
  500.0000  1.759E+00  1.751E+00  1.728E+00  1.690E+00  1.637E+00  1.570E+00  1.489E+00  1.396E+00  1.290E+00  1.173E+00  1.046E+00  9.111E-01  7.693E-01  6.231E-01  4.755E-01  3.311E-01  1.980E-01  9.022E-02
  505.0000  1.788E+00  1.780E+00  1.757E+00  1.719E+00  1.665E+00  1.597E+00  1.515E+00  1.420E+00  1.312E+00  1.194E+00  1.065E+00  9.277E-01  7.836E-01  6.349E-01  4.847E-01  3.376E-01  2.017E-01  9.151E-02
  510.0000  1.773E+00  1.765E+00  1.742E+00  1.704E+00  1.651E+00  1.584E+00  1.503E+00  1.409E+00  1.302E+00  1.185E+00  1.058E+00  9.216E-01  7.788E-01  6.315E-01  4.824E-01  3.363E-01  2.010E-01  9.095E-02
  515.0000  1.644E+00  1.637E+00  1.616E+00  1.580E+00  1.531E+00  1.469E+00  1.394E+00  1.307E+00  1.208E+00  1.100E+00  9.818E-01  8.559E-01  7.237E-01  5.871E-01  4.488E-01  3.131E-01  1.871E-01  8.444E-02
  520.0000  1.691E+00  1.683E+00  1.661E+00  1.625E+00  1.575E+00  1.511E+00  1.434E+00  1.345E+00  1.244E+00  1.132E+00  1.011E+00  8.815E-01  7.456E-01  6.052E-01  4.629E-01  3.231E-01  1.930E-01  8.685E-02
  525.0000  1.697E+00  1.690E+00  1.668E+00  1.632E+00  1.581E+00  1.517E+00  1.440E+00  1.350E+00  1.249E+00  1.137E+00  1.016E+00  8.861E-01  7.497E-01  6.087E-01  4.658E-01  3.252E-01  1.942E-01  8.702E-02
  530.0000  1.789E+00  1.781E+00  1.758E+00  1.720E+00  1.667E+00  1.600E+00  1.518E+00  1.424E+00  1.317E+00  1.200E+00  1.072E+00  9.350E-01  7.914E-01  6.427E-01  4.920E-01  3.435E-01  2.049E-01  9.141E-02
  535.0000  1.734E+00  1.727E+00  1.705E+00  1.668E+00  1.616E+00  1.551E+00  1.472E+00  1.381E+00  1.278E+00  1.164E+00  1.040E+00  9.076E-01  7.685E-01  6.244E-01  4.782E-01  3.340E-01  1.992E-01  8.858E-02
  540.0000  1.736E+00  1.729E+00  1.706E+00  1.669E+00  1.618E+00  1.553E+00  1.474E+00  1.383E+00  1.280E+00  1.166E+00  1.042E+00  9.098E-01  7.706E-01  6.265E-01  4.801E-01  3.355E-01  2.002E-01  8.879E-02
  545.0000  1.762E+00  1.755E+00  1.732E+00  1.695E+00  1.643E+00  1.577E+00  1.497E+00  1.404E+00  1.300E+00  1.184E+00  1.059E+00  9.246E-01  7.834E-01  6.371E-01  4.884E-01  3.415E-01  2.037E-01  9.006E-02
  550.0000  1.768E+00  1.760E+00  1.738E+00  1.700E+00  1.648E+00  1.582E+00  1.502E+00  1.410E+00  1.305E+00  1.189E+00  1.063E+00  9.288E-01  7.872E-01  6.404E-01  4.912E-01  3.436E-01  2.049E-01  9.035E-02
  555.0000  1.755E+00  1.748E+00  1.725E+00  1.688E+00  1.637E+00  1.571E+00  1.492E+00  1.400E+00  1.296E+00  1.182E+00  1.057E+00  9.235E-01  7.830E-01  6.374E-01  4.892E-01  3.424E-01  2.042E-01  8.973E-02
  560.0000  1.712E+00  1.705E+00  1.683E+00  1.647E+00  1.596E+00  1.532E+00  1.455E+00  1.366E+00  1.265E+00  1.153E+00  1.031E+00  9.015E-01  7.645E-01  6.225E-01  4.779E-01  3.346E-01  1.994E-01  8.729E-02
  565.0000  1.716E+00  1.708E+00  1.687E+00  1.650E+00  1.600E+00  1.536E+00  1.459E+00  1.369E+00  1.268E+00  1.156E+00  1.034E+00  9.041E-01  7.669E-01  6.246E-01  4.796E-01  3.358E-01  2.001E-01  8.722E-02
  570.0000  1.707E+00  1.699E+00  1.678E+00  1.642E+00  1.592E+00  1.528E+00  1.451E+00  1.362E+00  1.262E+00  1.150E+00  1.029E+00  9.001E-01  7.637E-01  6.222E-01  4.779E-01  3.347E-01  1.994E-01  8.665E-02
  575.0000  1.736E+00  1.728E+00  1.706E+00  1.670E+00  1.619E+00  1.554E+00  1.477E+00  1.386E+00  1.284E+00  1.171E+00  1.048E+00  9.165E-01  7.779E-01  6.340E-01  4.872E-01  3.414E-01  2.034E-01  8.818E-02
  580.0000  1.707E+00  1.700E+00  1.678E+00  1.642E+00  1.592E+00  1.529E+00  1.452E+00  1.364E+00  1.263E+00  1.152E+00  1.032E+00  9.025E-01  7.663E-01  6.249E-01  4.806E-01  3.371E-01  2.010E-01  8.709E-02
  585.0000  1.707E+00  1.700E+00  1.678E+00  1.643E+00  1.593E+00  1.529E+00  1.453E+00  1.365E+00  1.264E+00  1.153E+00  1.033E+00  9.039E-01  7.679E-01  6.265E-01  4.822E-01  3.385E-01  2.020E-01  8.750E-02
  590.0000  1.647E+00  1.640E+00  1.619E+00  1.585E+00  1.537E+00  1.476E+00  1.402E+00  1.317E+00  1.220E+00  1.114E+00  9.975E-01  8.731E-01  7.419E-01  6.056E-01  4.663E-01  3.276E-01  1.956E-01  8.462E-02
  595.0000  1.681E+00  1.674E+00  1.652E+00  1.617E+00  1.568E+00  1.506E+00  1.431E+00  1.344E+00  1.246E+00  1.137E+00  1.018E+00  8.916E-01  7.578E-01  6.187E-01  4.766E-01  3.349E-01  1.999E-01  8.623E-02
  600.0000  1.641E+00  1.634E+00  1.613E+00  1.579E+00  1.531E+00  1.471E+00  1.398E+00  1.313E+00  1.217E+00  1.110E+00  9.948E-01  8.711E-01  7.405E-01  6.047E-01  4.659E-01  3.274E-01  1.954E-01  8.400E-02
  605.0000  1.660E+00  1.653E+00  1.632E+00  1.597E+00  1.549E+00  1.488E+00  1.414E+00  1.328E+00  1.231E+00  1.124E+00  1.007E+00  8.820E-01  7.500E-01  6.127E-01  4.723E-01  3.321E-01  1.983E-01  8.513E-02
  610.0000  1.638E+00  1.631E+00  1.610E+00  1.576E+00  1.528E+00  1.468E+00  1.395E+00  1.311E+00  1.215E+00  1.110E+00  9.945E-01  8.713E-01  7.412E-01  6.059E-01  4.674E-01  3.291E-01  1.968E-01  8.455E-02
  615.0000  1.597E+00  1.590E+00  1.570E+00  1.537E+00  1.491E+00  1.432E+00  1.361E+00  1.279E+00  1.186E+00  1.083E+00  9.711E-01  8.511E-01  7.244E-01  5.925E-01  4.575E-01  3.224E-01  1.932E-01  8.308E-02
  620.0000  1.619E+00  1.612E+00  1.592E+00  1.558E+00  1.511E+00  1.452E+00  1.380E+00  1.297E+00  1.203E+00  1.099E+00  9.854E-01  8.639E-01  7.356E-01  6.020E-01  4.652E-01  3.282E-01  1.969E-01  8.476E-02
  625.0000  1.583E+00  1.577E+00  1.557E+00  1.524E+00  1.478E+00  1.420E+00  1.350E+00  1.269E+00  1.177E+00  1.075E+00  9.646E-01  8.459E-01  7.205E-01  5.900E-01  4.562E-01  3.222E-01  1.935E-01  8.334E-02
  630.0000  1.584E+00  1.578E+00  1.558E+00  1.525E+00  1.479E+00  1.421E+00  1.352E+00  1.270E+00  1.179E+00  1.077E+00  9.661E-01  8.475E-01  7.222E-01  5.916E-01  4.578E-01  3.237E-01  1.946E-01  8.387E-02
  635.0000  1.572E+00  1.565E+00  1.546E+00  1.513E+00  1.468E+00  1.411E+00  1.342E+00  1.261E+00  1.170E+00  1.069E+00  9.595E-01  8.420E-01  7.178E-01  5.883E-01  4.556E-01  3.224E-01  1.942E-01  8.373E-02
  640.0000  1.553E+00  1.546E+00  1.527E+00  1.495E+00  1.450E+00  1.394E+00  1.325E+00  1.246E+00  1.156E+00  1.057E+00  9.486E-01  8.327E-01  7.101E-01  5.823E-01  4.513E-01  3.197E-01  1.928E-01  8.321E-02
  644.8000  1.543E+00  1.536E+00  1.517E+00  1.485E+00  1.441E+00  1.385E+00  1.317E+00  1.238E+00  1.149E+00  1.051E+00  9.434E-01  8.283E-01  7.066E-01  5.798E-01  4.496E-01  3.188E-01  1.925E-01  8.314E-02
  651.0500  1.522E+00  1.516E+00  1.497E+00  1.466E+00  1.422E+00  1.367E+00  1.300E+00  1.223E+00  1.135E+00  1.038E+00  9.318E-01  8.184E-01  6.985E-01  5.734E-01  4.450E-01  3.159E-01  1.910E-01  8.255E-02
  660.0000  1.443E+00  1.437E+00  1.419E+00  1.390E+00  1.349E+00  1.296E+00  1.233E+00  1.160E+00  1.077E+00  9.847E-01  8.846E-01  7.773E-01  6.638E-01  5.454E-01  4.237E-01  3.012E-01  1.825E-01  7.895E-02
  670.0000  1.480E+00  1.474E+00  1.455E+00  1.425E+00  1.383E+00  1.329E+00  1.265E+00  1.190E+00  1.105E+00  1.011E+00  9.085E-01  7.986E-01  6.824E-01  5.612E-01  4.365E-01  3.108E-01  1.888E-01  8.176E-02
  680.0000  1.452E+00  1.446E+00  1.428E+00  1.398E+00  1.357E+00  1.305E+00  1.241E+00  1.168E+00  1.085E+00  9.928E-01  8.925E-01  7.850E-01  6.711E-01  5.523E-01  4.301E-01  3.067E-01  1.866E-01  8.093E-02
  690.0000  1.430E+00  1.424E+00  1.407E+00  1.377E+00  1.337E+00  1.285E+00  1.223E+00  1.151E+00  1.069E+00  9.789E-01  8.803E-01  7.745E-01  6.625E-01  5.456E-01  4.253E-01  3.037E-01  1.852E-01  8.034E-02
  700.0000  1.404E+00  1.399E+00  1.381E+00  1.353E+00  1.313E+00  1.263E+00  1.202E+00  1.131E+00  1.051E+00  9.621E-01  8.655E-01  7.618E-01  6.520E-01  5.373E-01  4.192E-01  2.998E-01  1.831E-01  7.953E-02
  710.0000  1.371E+00  1.365E+00  1.348E+00  1.321E+00  1.282E+00  1.233E+00  1.173E+00  1.105E+00  1.026E+00  9.400E-01  8.458E-01  7.447E-01  6.376E-01  5.258E-01  4.105E-01  2.939E-01  1.798E-01  7.813E-02
  720.0000  1.325E+00  1.320E+00  1.304E+00  1.277E+00  1.240E+00  1.192E+00  1.135E+00  1.068E+00  9.930E-01  9.095E-01  8.185E-01  7.209E-01  6.176E-01  5.095E-01  3.981E-01  2.854E-01  1.748E-01  7.598E-02
  730.0000  1.294E+00  1.289E+00  1.273E+00  1.247E+00  1.211E+00  1.164E+00  1.108E+00  1.044E+00  9.701E-01  8.887E-01  8.000E-01  7.049E-01  6.041E-01  4.986E-01  3.899E-01  2.798E-01  1.717E-01  7.466E-02
------------------------------------------------------------
Dose rates, W m-2
   1 = UV-B, 280-315 nm                                  
   2 = UV-B*, 280-320 nm                                 
   3 = UV-A, 315-400 nm                                  
   4 = DNA damage, in vitro (Setlow, 1974)               
   5 = UV index (WMO, 1994; Webb et al., 2011)           
   6 = Plant damage (Caldwell, 1971)                     
   7 = Plant damage,Flint&Caldwell,2003,orig.            
   8 = Plant damage,Flint&Caldwell,2003,ext390           
values at z =      0.000 km
Columns: sza, weighting spectra
 sza, deg.          1          2          3          4          5          6          7          8
    0.0000  5.159E+00  6.378E+00  6.223E+01  1.366E-01  6.333E+01  2.614E+00  3.495E+00  3.965E+00
    5.0000  5.123E+00  6.335E+00  6.192E+01  1.350E-01  6.277E+01  2.591E+00  3.466E+00  3.934E+00
   10.0000  5.014E+00  6.206E+00  6.099E+01  1.304E-01  6.112E+01  2.519E+00  3.380E+00  3.841E+00
   15.0000  4.837E+00  5.995E+00  5.947E+01  1.230E-01  5.843E+01  2.404E+00  3.240E+00  3.689E+00
   20.0000  4.594E+00  5.707E+00  5.735E+01  1.131E-01  5.480E+01  2.248E+00  3.050E+00  3.485E+00
   25.0000  4.293E+00  5.347E+00  5.468E+01  1.013E-01  5.035E+01  2.058E+00  2.818E+00  3.233E+00
   30.0000  3.941E+00  4.927E+00  5.148E+01  8.819E-02  4.525E+01  1.841E+00  2.552E+00  2.943E+00
   35.0000  3.548E+00  4.455E+00  4.780E+01  7.435E-02  3.969E+01  1.606E+00  2.261E+00  2.625E+00
   40.0000  3.125E+00  3.944E+00  4.368E+01  6.050E-02  3.387E+01  1.362E+00  1.955E+00  2.288E+00
   45.0000  2.684E+00  3.410E+00  3.920E+01  4.730E-02  2.802E+01  1.118E+00  1.646E+00  1.946E+00
   50.0000  2.238E+00  2.866E+00  3.441E+01  3.534E-02  2.237E+01  8.849E-01  1.345E+00  1.609E+00
   55.0000  1.803E+00  2.331E+00  2.943E+01  2.507E-02  1.713E+01  6.708E-01  1.061E+00  1.288E+00
   60.0000  1.393E+00  1.821E+00  2.435E+01  1.679E-02  1.250E+01  4.835E-01  8.053E-01  9.938E-01
   65.0000  1.022E+00  1.353E+00  1.930E+01  1.056E-02  8.627E+00  3.286E-01  5.836E-01  7.335E-01
   70.0000  7.022E-01  9.445E-01  1.445E+01  6.242E-03  5.577E+00  2.084E-01  4.003E-01  5.129E-01
   75.0000  4.425E-01  6.057E-01  9.990E+00  3.506E-03  3.345E+00  1.221E-01  2.563E-01  3.341E-01
   80.0000  2.463E-01  3.428E-01  6.110E+00  1.909E-03  1.835E+00  6.543E-02  1.488E-01  1.963E-01
   85.0000  1.121E-01  1.565E-01  2.948E+00  9.945E-04  8.817E-01  3.139E-02  7.193E-02  9.489E-02
------------------------------------------------------------
