Spectral Irradiance, W m-2 nm-1
values at z =      0.000 km
Columns: wavelength (nm), solar zenith angles (deg.)
    wc, nm      0.000      5.000     10.000     15.000     20.000     25.000     30.000     35.000     40.000     45.000     50.000     55.000     60.000     65.000     70.000     75.000     80.000     85.000
  280.5000  1.186E-03  1.163E-03  1.095E-03  9.885E-04  8.530E-04  7.001E-04  5.431E-04  3.947E-04  2.656E-04  1.631E-04  9.009E-05  4.436E-05  2.000E-05  9.253E-06  5.217E-06  3.584E-06  2.579E-06  1.680E-06
  281.5000  3.899E-03  3.827E-03  3.618E-03  3.289E-03  2.865E-03  2.383E-03  1.815E-03  1.397E-03  9.665E-04  6.145E-04  3.540E-04  1.831E-04  8.656E-05  4.092E-05  2.267E-05  1.525E-05  1.088E-05  7.054E-06
  282.5000  7.406E-03  7.278E-03  6.904E-03  6.311E-03  5.546E-03  4.666E-03  3.737E-03  2.829E-03  2.004E-03  1.312E-03  7.839E-04  4.230E-04  2.084E-04  1.007E-04  5.510E-05  3.629E-05  2.564E-05  1.655E-05
  283.5000  1.017E-02  1.000E-02  9.508E-03  8.725E-03  7.710E-03  6.534E-03  5.285E-03  4.050E-03  2.913E-03  1.945E-03  1.189E-03  6.592E-04  3.337E-04  1.637E-04  8.886E-05  5.761E-05  4.040E-05  2.598E-05
  284.5000  1.099E-02  1.082E-02  1.033E-02  9.543E-03  8.517E-03  7.317E-03  6.023E-03  4.720E-03  3.492E-03  2.414E-03  1.541E-03  8.987E-04  4.795E-04  2.439E-04  1.316E-04  8.284E-05  5.709E-05  3.641E-05
  285.5000  7.266E-03  7.162E-03  6.857E-03  6.369E-03  5.726E-03  4.969E-03  4.144E-03  3.301E-03  2.494E-03  1.769E-03  1.165E-03  7.052E-04  3.914E-04  2.050E-04  1.106E-04  6.804E-05  4.612E-05  2.918E-05
  286.5000  2.383E-02  2.351E-02  2.256E-02  2.103E-02  1.902E-02  1.663E-02  1.401E-02  1.130E-02  8.676E-03  6.277E-03  4.236E-03  2.638E-03  1.510E-03  8.101E-04  4.385E-04  2.647E-04  1.766E-04  1.109E-04
  287.5000  3.300E-02  3.258E-02  3.134E-02  2.936E-02  2.672E-02  2.356E-02  2.007E-02  1.642E-02  1.283E-02  9.487E-03  6.576E-03  4.228E-03  2.506E-03  1.386E-03  7.562E-04  4.479E-04  2.927E-04  1.820E-04
  288.5000  3.530E-02  3.488E-02  3.365E-02  3.167E-02  2.902E-02  2.583E-02  2.227E-02  1.850E-02  1.473E-02  1.116E-02  7.961E-03  5.299E-03  3.265E-03  1.871E-03  1.037E-03  6.035E-04  3.841E-04  2.352E-04
  289.5000  6.407E-02  6.335E-02  6.124E-02  5.783E-02  5.326E-02  4.773E-02  4.150E-02  3.486E-02  2.814E-02  2.167E-02  1.579E-02  1.077E-02  6.825E-03  4.017E-03  2.258E-03  1.301E-03  8.101E-04  4.895E-04
  290.5000  1.011E-01  1.000E-01  9.685E-02  9.171E-02  8.481E-02  7.644E-02  6.695E-02  5.676E-02  4.634E-02  3.620E-02  2.684E-02  1.870E-02  1.213E-02  7.310E-03  4.170E-03  2.388E-03  1.457E-03  8.682E-04
  291.5000  1.108E-01  1.097E-01  1.065E-01  1.011E-01  9.398E-02  8.524E-02  7.527E-02  6.448E-02  5.334E-02  4.235E-02  3.202E-02  2.285E-02  1.524E-02  9.447E-03  5.500E-03  3.143E-03  1.873E-03  1.094E-03
  292.5000  1.115E-01  1.105E-01  1.074E-01  1.023E-01  9.541E-02  8.700E-02  7.734E-02  6.682E-02  5.587E-02  4.494E-02  3.454E-02  2.513E-02  1.715E-02  1.089E-02  6.464E-03  3.701E-03  2.163E-03  1.239E-03
  293.5000  1.416E-01  1.403E-01  1.366E-01  1.304E-01  1.221E-01  1.119E-01  1.001E-01  8.721E-02  7.365E-02  5.999E-02  4.681E-02  3.470E-02  2.420E-02  1.574E-02  9.536E-03  5.492E-03  3.154E-03  1.766E-03
  294.5000  1.412E-01  1.399E-01  1.364E-01  1.299E-01  1.225E-01  1.127E-01  1.013E-01  8.884E-02  7.562E-02  6.219E-02  4.911E-02  3.694E-02  2.621E-02  1.737E-02  1.071E-02  6.210E-03  3.523E-03  1.933E-03
  295.5000  1.788E-01  1.774E-01  1.730E-01  1.660E-01  1.563E-01  1.444E-01  1.305E-01  1.152E-01  9.888E-02  8.218E-02  6.574E-02  5.022E-02  3.630E-02  2.458E-02  1.546E-02  9.069E-03  5.093E-03  2.726E-03
  296.5000  1.766E-01  1.750E-01  1.711E-01  1.644E-01  1.552E-01  1.439E-01  1.307E-01  1.160E-01  1.002E-01  8.403E-02  6.794E-02  5.258E-02  3.861E-02  2.661E-02  1.704E-02  1.011E-02  5.647E-03  2.955E-03
  297.5000  2.054E-01  2.038E-01  1.976E-01  1.917E-01  1.815E-01  1.687E-01  1.538E-01  1.372E-01  1.193E-01  1.008E-01  8.227E-02  6.441E-02  4.795E-02  3.359E-02  2.188E-02  1.315E-02  7.322E-03  3.751E-03
  298.5000  1.607E-01  1.595E-01  1.561E-01  1.504E-01  1.426E-01  1.329E-01  1.216E-01  1.089E-01  9.524E-02  8.098E-02  6.661E-02  5.266E-02  3.967E-02  2.817E-02  1.862E-02  1.132E-02  6.308E-03  3.173E-03
  299.5000  2.410E-01  2.393E-01  2.343E-01  2.261E-01  2.148E-01  2.007E-01  1.842E-01  1.656E-01  1.455E-01  1.245E-01  1.032E-01  8.235E-02  6.274E-02  4.515E-02  3.029E-02  1.867E-02  1.043E-02  5.156E-03
  300.5000  1.666E-01  1.655E-01  1.621E-01  1.566E-01  1.489E-01  1.394E-01  1.283E-01  1.157E-01  1.021E-01  8.774E-02  7.315E-02  5.879E-02  4.517E-02  3.284E-02  2.228E-02  1.388E-02  7.779E-03  3.798E-03
  301.5000  2.379E-01  2.364E-01  2.317E-01  2.240E-01  2.134E-01  2.002E-01  1.847E-01  1.672E-01  1.481E-01  1.279E-01  1.074E-01  8.695E-02  6.745E-02  4.960E-02  3.410E-02  2.151E-02  1.214E-02  5.852E-03
  302.5000  2.389E-01  2.373E-01  2.327E-01  2.252E-01  2.148E-01  2.018E-01  1.864E-01  1.691E-01  1.502E-01  1.303E-01  1.098E-01  8.935E-02  6.975E-02  5.167E-02  3.583E-02  2.280E-02  1.293E-02  6.186E-03
  303.5000  3.159E-01  3.139E-01  3.080E-01  2.982E-01  2.848E-01  2.680E-01  2.481E-01  2.257E-01  2.011E-01  1.751E-01  1.483E-01  1.214E-01  9.552E-02  7.141E-02  5.005E-02  3.221E-02  1.840E-02  8.743E-03
  304.5000  2.983E-01  2.964E-01  2.909E-01  2.818E-01  2.693E-01  2.537E-01  2.352E-01  2.143E-01  1.913E-01  1.670E-01  1.418E-01  1.165E-01  9.206E-02  6.918E-02  4.878E-02  3.159E-02  1.813E-02  8.581E-03
  305.5000  3.170E-01  3.150E-01  3.093E-01  2.999E-01  2.869E-01  2.706E-01  2.514E-01  2.295E-01  2.055E-01  1.800E-01  1.535E-01  1.268E-01  1.009E-01  7.640E-02  5.438E-02  3.560E-02  2.061E-02  9.724E-03
  306.5000  3.013E-01  2.995E-01  2.941E-01  2.852E-01  2.730E-01  2.577E-01  2.396E-01  2.190E-01  1.963E-01  1.722E-01  1.472E-01  1.219E-01  9.719E-02  7.387E-02  5.279E-02  3.470E-02  2.017E-02  9.499E-03
  307.5000  3.634E-01  3.612E-01  3.549E-01  3.444E-01  3.299E-01  3.118E-01  2.903E-01  2.658E-01  2.389E-01  2.102E-01  1.803E-01  1.500E-01  1.202E-01  9.201E-02  6.629E-02  4.400E-02  2.580E-02  1.215E-02
  308.5000  3.796E-01  3.774E-01  3.708E-01  3.599E-01  3.449E-01  3.261E-01  3.038E-01  2.785E-01  2.505E-01  2.206E-01  1.895E-01  1.580E-01  1.269E-01  9.735E-02  7.035E-02  4.684E-02  2.755E-02  1.297E-02
  309.5000  2.972E-01  2.954E-01  2.904E-01  2.820E-01  2.704E-01  2.559E-01  2.386E-01  2.190E-01  1.973E-01  1.741E-01  1.499E-01  1.253E-01  1.011E-01  7.788E-02  5.659E-02  3.792E-02  2.245E-02  1.059E-02
  310.5000  3.716E-01  3.695E-01  3.632E-01  3.528E-01  3.385E-01  3.205E-01  2.992E-01  2.748E-01  2.479E-01  2.191E-01  1.890E-01  1.583E-01  1.280E-01  9.895E-02  7.218E-02  4.859E-02  2.890E-02  1.365E-02
  311.5000  4.521E-01  4.496E-01  4.420E-01  4.294E-01  4.121E-01  3.904E-01  3.646E-01  3.351E-01  3.026E-01  2.677E-01  2.312E-01  1.939E-01  1.571E-01  1.217E-01  8.898E-02  6.008E-02  3.585E-02  1.694E-02
  312.5000  3.992E-01  3.969E-01  3.903E-01  3.794E-01  3.643E-01  3.453E-01  3.227E-01  2.970E-01  2.685E-01  2.380E-01  2.059E-01  1.732E-01  1.407E-01  1.094E-01  8.039E-02  5.459E-02  3.278E-02  1.555E-02
  313.5000  4.418E-01  4.394E-01  4.321E-01  4.200E-01  4.034E-01  3.824E-01  3.575E-01  3.291E-01  2.977E-01  2.640E-01  2.285E-01  1.924E-01  1.564E-01  1.217E-01  8.951E-02  6.085E-02  3.658E-02  1.735E-02
  314.5000  4.053E-01  4.031E-01  3.965E-01  3.855E-01  3.704E-01  3.514E-01  3.288E-01  3.029E-01  2.744E-01  2.436E-01  2.113E-01  1.782E-01  1.453E-01  1.135E-01  8.378E-02  5.725E-02  3.462E-02  1.648E-02
  315.5000  4.124E-01  4.101E-01  4.034E-01  3.923E-01  3.769E-01  3.577E-01  3.347E-01  3.085E-01  2.795E-01  2.482E-01  2.154E-01  1.818E-01  1.482E-01  1.158E-01  8.557E-02  5.850E-02  3.539E-02  1.685E-02
  316.5000  3.842E-01  3.821E-01  3.759E-01  3.657E-01  3.515E-01  3.337E-01  3.125E-01  2.882E-01  2.613E-01  2.324E-01  2.019E-01  1.707E-01  1.395E-01  1.093E-01  8.099E-02  5.558E-02  3.379E-02  1.615E-02
  317.5000  5.426E-01  5.397E-01  5.309E-01  5.164E-01  4.965E-01  4.713E-01  4.414E-01  4.072E-01  3.693E-01  3.284E-01  2.854E-01  2.413E-01  1.972E-01  1.545E-01  1.145E-01  7.855E-02  4.773E-02  2.280E-02
  318.5000  4.015E-01  3.993E-01  3.929E-01  3.823E-01  3.676E-01  3.492E-01  3.272E-01  3.020E-01  2.741E-01  2.440E-01  2.124E-01  1.798E-01  1.473E-01  1.156E-01  8.593E-02  5.918E-02  3.612E-02  1.732E-02
  319.5000  4.838E-01  4.812E-01  4.735E-01  4.608E-01  4.431E-01  4.210E-01  3.945E-01  3.643E-01  3.307E-01  2.945E-01  2.564E-01  2.172E-01  1.779E-01  1.398E-01  1.039E-01  7.160E-02  4.373E-02  2.098E-02
  320.5000  5.802E-01  5.771E-01  5.679E-01  5.526E-01  5.315E-01  5.050E-01  4.734E-01  4.372E-01  3.971E-01  3.537E-01  3.080E-01  2.611E-01  2.140E-01  1.682E-01  1.251E-01  8.627E-02  5.273E-02  2.532E-02
  321.5000  4.657E-01  4.632E-01  4.559E-01  4.437E-01  4.269E-01  4.058E-01  3.806E-01  3.517E-01  3.197E-01  2.850E-01  2.485E-01  2.109E-01  1.732E-01  1.364E-01  1.018E-01  7.040E-02  4.322E-02  2.084E-02
  322.5000  4.890E-01  4.864E-01  4.787E-01  4.659E-01  4.482E-01  4.260E-01  3.994E-01  3.690E-01  3.353E-01  2.988E-01  2.604E-01  2.208E-01  1.811E-01  1.424E-01  1.060E-01  7.309E-02  4.470E-02  2.147E-02
  323.5000  4.705E-01  4.680E-01  4.606E-01  4.484E-01  4.316E-01  4.103E-01  3.850E-01  3.559E-01  3.237E-01  2.888E-01  2.520E-01  2.141E-01  1.759E-01  1.387E-01  1.036E-01  7.175E-02  4.412E-02  2.131E-02
  324.5000  5.532E-01  5.503E-01  5.416E-01  5.273E-01  5.075E-01  4.825E-01  4.528E-01  4.186E-01  3.808E-01  3.398E-01  2.965E-01  2.519E-01  2.070E-01  1.632E-01  1.219E-01  8.437E-02  5.185E-02  2.503E-02
  325.5000  6.253E-01  6.221E-01  6.122E-01  5.961E-01  5.737E-01  5.455E-01  5.119E-01  4.733E-01  4.305E-01  3.842E-01  3.352E-01  2.847E-01  2.340E-01  1.844E-01  1.376E-01  9.522E-02  5.847E-02  2.819E-02
  326.5000  7.220E-01  7.183E-01  7.070E-01  6.884E-01  6.628E-01  6.304E-01  5.918E-01  5.475E-01  4.983E-01  4.450E-01  3.887E-01  3.306E-01  2.721E-01  2.148E-01  1.607E-01  1.115E-01  6.870E-02  3.327E-02
  327.5000  6.822E-01  6.787E-01  6.680E-01  6.505E-01  6.262E-01  5.956E-01  5.592E-01  5.173E-01  4.708E-01  4.204E-01  3.672E-01  3.122E-01  2.569E-01  2.027E-01  1.515E-01  1.050E-01  6.460E-02  3.123E-02
  328.5000  6.294E-01  6.261E-01  6.163E-01  6.002E-01  5.778E-01  5.497E-01  5.160E-01  4.775E-01  4.346E-01  3.882E-01  3.391E-01  2.884E-01  2.373E-01  1.873E-01  1.400E-01  9.697E-02  5.967E-02  2.884E-02
  329.5000  7.874E-01  7.833E-01  7.711E-01  7.510E-01  7.232E-01  6.881E-01  6.462E-01  5.982E-01  5.448E-01  4.869E-01  4.256E-01  3.623E-01  2.984E-01  2.359E-01  1.765E-01  1.226E-01  7.564E-02  3.669E-02
  330.5000  7.261E-01  7.223E-01  7.111E-01  6.925E-01  6.669E-01  6.345E-01  5.959E-01  5.516E-01  5.023E-01  4.489E-01  3.924E-01  3.339E-01  2.750E-01  2.172E-01  1.625E-01  1.127E-01  6.943E-02  3.362E-02
  331.5000  7.194E-01  7.156E-01  7.045E-01  6.862E-01  6.608E-01  6.288E-01  5.906E-01  5.467E-01  4.979E-01  4.450E-01  3.890E-01  3.311E-01  2.727E-01  2.154E-01  1.611E-01  1.117E-01  6.878E-02  3.329E-02
  332.5000  6.902E-01  6.867E-01  6.760E-01  6.585E-01  6.342E-01  6.036E-01  5.671E-01  5.252E-01  4.785E-01  4.279E-01  3.742E-01  3.188E-01  2.627E-01  2.077E-01  1.556E-01  1.080E-01  6.665E-02  3.234E-02
  333.5000  6.555E-01  6.521E-01  6.420E-01  6.254E-01  6.023E-01  5.733E-01  5.386E-01  4.988E-01  4.544E-01  4.064E-01  3.554E-01  3.027E-01  2.495E-01  1.972E-01  1.476E-01  1.024E-01  6.309E-02  3.058E-02
  334.5000  7.279E-01  7.242E-01  7.130E-01  6.946E-01  6.691E-01  6.369E-01  5.984E-01  5.543E-01  5.051E-01  4.518E-01  3.952E-01  3.367E-01  2.776E-01  2.195E-01  1.643E-01  1.140E-01  7.027E-02  3.408E-02
  335.5000  7.285E-01  7.248E-01  7.136E-01  6.952E-01  6.697E-01  6.376E-01  5.992E-01  5.551E-01  5.060E-01  4.527E-01  3.962E-01  3.377E-01  2.785E-01  2.203E-01  1.650E-01  1.146E-01  7.069E-02  3.432E-02
  336.5000  5.714E-01  5.684E-01  5.597E-01  5.453E-01  5.253E-01  5.001E-01  4.701E-01  4.355E-01  3.970E-01  3.552E-01  3.109E-01  2.650E-01  2.186E-01  1.729E-01  1.295E-01  8.987E-02  5.542E-02  2.690E-02
  337.5000  6.324E-01  6.291E-01  6.195E-01  6.035E-01  5.815E-01  5.536E-01  5.203E-01  4.821E-01  4.395E-01  3.933E-01  3.442E-01  2.934E-01  2.419E-01  1.913E-01  1.432E-01  9.933E-02  6.120E-02  2.967E-02
  338.5000  6.586E-01  6.553E-01  6.452E-01  6.287E-01  6.058E-01  5.768E-01  5.422E-01  5.025E-01  4.582E-01  4.102E-01  3.591E-01  3.062E-01  2.527E-01  1.999E-01  1.497E-01  1.039E-01  6.409E-02  3.112E-02
  339.5000  7.145E-01  7.109E-01  7.000E-01  6.820E-01  6.572E-01  6.259E-01  5.884E-01  5.454E-01  4.974E-01  4.453E-01  3.900E-01  3.326E-01  2.745E-01  2.172E-01  1.627E-01  1.129E-01  6.963E-02  3.381E-02
  340.5000  7.672E-01  7.633E-01  7.516E-01  7.324E-01  7.057E-01  6.721E-01  6.319E-01  5.857E-01  5.342E-01  4.783E-01  4.189E-01  3.573E-01  2.949E-01  2.333E-01  1.747E-01  1.212E-01  7.470E-02  3.625E-02
  341.5000  6.766E-01  6.732E-01  6.629E-01  6.460E-01  6.225E-01  5.929E-01  5.576E-01  5.169E-01  4.716E-01  4.223E-01  3.699E-01  3.156E-01  2.605E-01  2.063E-01  1.545E-01  1.072E-01  6.610E-02  3.210E-02
  342.5000  7.484E-01  7.446E-01  7.333E-01  7.145E-01  6.887E-01  6.560E-01  6.169E-01  5.720E-01  5.219E-01  4.674E-01  4.096E-01  3.495E-01  2.885E-01  2.284E-01  1.711E-01  1.188E-01  7.320E-02  3.555E-02
  343.5000  7.788E-01  7.748E-01  7.631E-01  7.436E-01  7.167E-01  6.827E-01  6.421E-01  5.954E-01  5.433E-01  4.867E-01  4.265E-01  3.640E-01  3.005E-01  2.379E-01  1.782E-01  1.236E-01  7.618E-02  3.699E-02
  344.5000  5.470E-01  5.442E-01  5.360E-01  5.223E-01  5.034E-01  4.796E-01  4.511E-01  4.183E-01  3.818E-01  3.420E-01  2.997E-01  2.558E-01  2.113E-01  1.673E-01  1.253E-01  8.687E-02  5.350E-02  2.596E-02
  345.5000  7.444E-01  7.406E-01  7.294E-01  7.109E-01  6.853E-01  6.529E-01  6.141E-01  5.696E-01  5.199E-01  4.659E-01  4.084E-01  3.487E-01  2.880E-01  2.281E-01  1.709E-01  1.186E-01  7.304E-02  3.547E-02
  346.5000  6.987E-01  6.951E-01  6.846E-01  6.673E-01  6.432E-01  6.129E-01  5.766E-01  5.348E-01  4.882E-01  4.375E-01  3.836E-01  3.275E-01  2.705E-01  2.143E-01  1.605E-01  1.113E-01  6.852E-02  3.326E-02
  347.5000  6.821E-01  6.786E-01  6.684E-01  6.515E-01  6.280E-01  5.984E-01  5.630E-01  5.223E-01  4.768E-01  4.274E-01  3.748E-01  3.200E-01  2.644E-01  2.094E-01  1.569E-01  1.088E-01  6.696E-02  3.250E-02
  348.5000  7.483E-01  7.445E-01  7.333E-01  7.147E-01  6.891E-01  6.566E-01  6.179E-01  5.732E-01  5.234E-01  4.692E-01  4.115E-01  3.515E-01  2.904E-01  2.301E-01  1.724E-01  1.195E-01  7.356E-02  3.571E-02
  349.5000  6.269E-01  6.238E-01  6.144E-01  5.989E-01  5.774E-01  5.503E-01  5.178E-01  4.805E-01  4.388E-01  3.934E-01  3.451E-01  2.948E-01  2.436E-01  1.930E-01  1.446E-01  1.002E-01  6.168E-02  2.994E-02
  350.5000  8.771E-01  8.727E-01  8.596E-01  8.379E-01  8.080E-01  7.700E-01  7.247E-01  6.725E-01  6.142E-01  5.507E-01  4.832E-01  4.128E-01  3.412E-01  2.704E-01  2.026E-01  1.404E-01  8.639E-02  4.193E-02
  351.5000  7.561E-01  7.523E-01  7.410E-01  7.223E-01  6.965E-01  6.639E-01  6.248E-01  5.799E-01  5.297E-01  4.750E-01  4.168E-01  3.562E-01  2.945E-01  2.333E-01  1.748E-01  1.212E-01  7.452E-02  3.616E-02
  352.5000  6.813E-01  6.779E-01  6.677E-01  6.509E-01  6.277E-01  5.983E-01  5.632E-01  5.227E-01  4.775E-01  4.283E-01  3.759E-01  3.212E-01  2.656E-01  2.105E-01  1.577E-01  1.093E-01  6.721E-02  3.262E-02
  353.5000  8.192E-01  8.151E-01  8.029E-01  7.827E-01  7.548E-01  7.196E-01  6.774E-01  6.288E-01  5.745E-01  5.153E-01  4.523E-01  3.866E-01  3.198E-01  2.535E-01  1.899E-01  1.316E-01  8.091E-02  3.926E-02
  354.5000  8.857E-01  8.813E-01  8.681E-01  8.463E-01  8.162E-01  7.781E-01  7.326E-01  6.801E-01  6.214E-01  5.575E-01  4.895E-01  4.185E-01  3.461E-01  2.744E-01  2.056E-01  1.425E-01  8.758E-02  4.250E-02
  355.5000  8.273E-01  8.232E-01  8.109E-01  7.906E-01  7.625E-01  7.270E-01  6.845E-01  6.355E-01  5.808E-01  5.211E-01  4.576E-01  3.913E-01  3.237E-01  2.567E-01  1.923E-01  1.332E-01  8.188E-02  3.973E-02
  356.5000  7.675E-01  7.637E-01  7.523E-01  7.335E-01  7.075E-01  6.745E-01  6.351E-01  5.898E-01  5.390E-01  4.837E-01  4.248E-01  3.633E-01  3.006E-01  2.384E-01  1.786E-01  1.237E-01  7.602E-02  3.688E-02
  357.5000  6.524E-01  6.492E-01  6.396E-01  6.236E-01  6.015E-01  5.735E-01  5.401E-01  5.015E-01  4.585E-01  4.115E-01  3.614E-01  3.091E-01  2.558E-01  2.029E-01  1.520E-01  1.053E-01  6.468E-02  3.138E-02
  358.5000  5.031E-01  5.006E-01  4.932E-01  4.809E-01  4.639E-01  4.424E-01  4.166E-01  3.869E-01  3.537E-01  3.175E-01  2.789E-01  2.386E-01  1.975E-01  1.567E-01  1.174E-01  8.130E-02  4.993E-02  2.422E-02
  359.5000  8.464E-01  8.422E-01  8.297E-01  8.091E-01  7.805E-01  7.443E-01  7.010E-01  6.511E-01  5.953E-01  5.345E-01  4.696E-01  4.018E-01  3.326E-01  2.639E-01  1.978E-01  1.369E-01  8.406E-02  4.077E-02
  360.5000  7.842E-01  7.803E-01  7.687E-01  7.496E-01  7.232E-01  6.897E-01  6.496E-01  6.035E-01  5.518E-01  4.955E-01  4.354E-01  3.726E-01  3.085E-01  2.448E-01  1.834E-01  1.270E-01  7.795E-02  3.780E-02
  361.5000  7.066E-01  7.031E-01  6.927E-01  6.755E-01  6.517E-01  6.216E-01  5.855E-01  5.439E-01  4.975E-01  4.467E-01  3.926E-01  3.360E-01  2.783E-01  2.208E-01  1.655E-01  1.146E-01  7.031E-02  3.409E-02
  362.5000  8.293E-01  8.252E-01  8.130E-01  7.929E-01  7.650E-01  7.297E-01  6.874E-01  6.387E-01  5.841E-01  5.247E-01  4.611E-01  3.948E-01  3.270E-01  2.595E-01  1.945E-01  1.346E-01  8.260E-02  4.005E-02
  363.5000  7.374E-01  7.338E-01  7.230E-01  7.051E-01  6.803E-01  6.489E-01  6.114E-01  5.681E-01  5.197E-01  4.668E-01  4.104E-01  3.514E-01  2.911E-01  2.310E-01  1.732E-01  1.199E-01  7.351E-02  3.564E-02
  364.5000  8.042E-01  8.002E-01  7.884E-01  7.689E-01  7.420E-01  7.078E-01  6.669E-01  6.197E-01  5.670E-01  5.094E-01  4.478E-01  3.835E-01  3.177E-01  2.522E-01  1.891E-01  1.309E-01  8.023E-02  3.889E-02
  365.5000  9.796E-01  9.748E-01  9.604E-01  9.367E-01  9.039E-01  8.623E-01  8.125E-01  7.552E-01  6.909E-01  6.208E-01  5.459E-01  4.676E-01  3.874E-01  3.076E-01  2.306E-01  1.596E-01  9.782E-02  4.741E-02
  366.5000  1.036E+00  1.031E+00  1.016E+00  9.909E-01  9.563E-01  9.124E-01  8.598E-01  7.991E-01  7.312E-01  6.571E-01  5.779E-01  4.951E-01  4.103E-01  3.258E-01  2.443E-01  1.690E-01  1.036E-01  5.019E-02
  367.5000  9.835E-01  9.787E-01  9.644E-01  9.406E-01  9.077E-01  8.661E-01  8.162E-01  7.587E-01  6.944E-01  6.241E-01  5.489E-01  4.703E-01  3.898E-01  3.096E-01  2.321E-01  1.606E-01  9.839E-02  4.767E-02
  368.5000  8.637E-01  8.594E-01  8.469E-01  8.260E-01  7.972E-01  7.607E-01  7.169E-01  6.665E-01  6.100E-01  5.483E-01  4.824E-01  4.134E-01  3.427E-01  2.722E-01  2.041E-01  1.412E-01  8.648E-02  4.189E-02
  369.5000  1.036E+00  1.031E+00  1.015E+00  9.905E-01  9.560E-01  9.122E-01  8.599E-01  7.994E-01  7.318E-01  6.579E-01  5.788E-01  4.961E-01  4.113E-01  3.268E-01  2.450E-01  1.695E-01  1.038E-01  5.027E-02
  370.5000  9.392E-01  9.346E-01  9.210E-01  8.984E-01  8.671E-01  8.275E-01  7.800E-01  7.253E-01  6.640E-01  5.970E-01  5.253E-01  4.503E-01  3.734E-01  2.967E-01  2.225E-01  1.539E-01  9.421E-02  4.562E-02
  371.5000  1.074E+00  1.069E+00  1.053E+00  1.028E+00  9.918E-01  9.466E-01  8.924E-01  8.298E-01  7.598E-01  6.832E-01  6.013E-01  5.155E-01  4.276E-01  3.398E-01  2.548E-01  1.763E-01  1.079E-01  5.222E-02
  372.5000  7.932E-01  7.893E-01  7.778E-01  7.588E-01  7.324E-01  6.991E-01  6.591E-01  6.129E-01  5.612E-01  5.047E-01  4.443E-01  3.810E-01  3.160E-01  2.512E-01  1.884E-01  1.303E-01  7.971E-02  3.859E-02
  373.5000  7.167E-01  7.132E-01  7.028E-01  6.857E-01  6.619E-01  6.318E-01  5.957E-01  5.540E-01  5.073E-01  4.563E-01  4.017E-01  3.445E-01  2.859E-01  2.272E-01  1.704E-01  1.179E-01  7.208E-02  3.489E-02
  374.5000  7.863E-01  7.825E-01  7.712E-01  7.523E-01  7.263E-01  6.933E-01  6.537E-01  6.080E-01  5.569E-01  5.010E-01  4.411E-01  3.783E-01  3.140E-01  2.496E-01  1.872E-01  1.295E-01  7.916E-02  3.831E-02
  375.5000  8.869E-01  8.826E-01  8.698E-01  8.486E-01  8.192E-01  7.820E-01  7.374E-01  6.860E-01  6.283E-01  5.653E-01  4.978E-01  4.271E-01  3.545E-01  2.818E-01  2.114E-01  1.462E-01  8.936E-02  4.323E-02
  376.5000  8.853E-01  8.810E-01  8.682E-01  8.471E-01  8.178E-01  7.807E-01  7.363E-01  6.850E-01  6.275E-01  5.646E-01  4.973E-01  4.267E-01  3.542E-01  2.817E-01  2.113E-01  1.461E-01  8.928E-02  4.319E-02
  377.5000  1.054E+00  1.049E+00  1.034E+00  1.008E+00  9.736E-01  9.295E-01  8.767E-01  8.156E-01  7.473E-01  6.725E-01  5.924E-01  5.083E-01  4.221E-01  3.357E-01  2.519E-01  1.741E-01  1.064E-01  5.144E-02
  378.5000  1.148E+00  1.143E+00  1.126E+00  1.099E+00  1.061E+00  1.013E+00  9.554E-01  8.890E-01  8.145E-01  7.331E-01  6.459E-01  5.543E-01  4.603E-01  3.662E-01  2.748E-01  1.900E-01  1.160E-01  5.609E-02
  379.5000  8.492E-01  8.451E-01  8.329E-01  8.127E-01  7.847E-01  7.493E-01  7.068E-01  6.577E-01  6.027E-01  5.425E-01  4.780E-01  4.103E-01  3.408E-01  2.711E-01  2.035E-01  1.407E-01  8.587E-02  4.151E-02
  380.5000  1.021E+00  1.016E+00  1.001E+00  9.771E-01  9.435E-01  9.009E-01  8.499E-01  7.909E-01  7.249E-01  6.526E-01  5.751E-01  4.937E-01  4.101E-01  3.263E-01  2.449E-01  1.693E-01  1.033E-01  4.994E-02
  381.5000  9.590E-01  9.544E-01  9.407E-01  9.179E-01  8.864E-01  8.464E-01  7.985E-01  7.432E-01  6.812E-01  6.133E-01  5.406E-01  4.642E-01  3.856E-01  3.069E-01  2.304E-01  1.592E-01  9.716E-02  4.694E-02
  382.5000  6.388E-01  6.358E-01  6.266E-01  6.115E-01  5.905E-01  5.639E-01  5.320E-01  4.952E-01  4.540E-01  4.088E-01  3.603E-01  3.094E-01  2.571E-01  2.047E-01  1.537E-01  1.062E-01  6.478E-02  3.129E-02
  383.5000  5.608E-01  5.581E-01  5.501E-01  5.368E-01  5.184E-01  4.951E-01  4.671E-01  4.349E-01  3.987E-01  3.590E-01  3.165E-01  2.719E-01  2.260E-01  1.799E-01  1.350E-01  9.334E-02  5.692E-02  2.749E-02
  384.5000  8.413E-01  8.373E-01  8.253E-01  8.054E-01  7.778E-01  7.429E-01  7.010E-01  6.526E-01  5.983E-01  5.389E-01  4.752E-01  4.082E-01  3.393E-01  2.702E-01  2.029E-01  1.402E-01  8.546E-02  4.126E-02
  385.5000  8.321E-01  8.281E-01  8.163E-01  7.966E-01  7.694E-01  7.349E-01  6.935E-01  6.456E-01  5.920E-01  5.333E-01  4.703E-01  4.041E-01  3.359E-01  2.675E-01  2.009E-01  1.388E-01  8.461E-02  4.084E-02
  386.5000  8.480E-01  8.439E-01  8.318E-01  8.118E-01  7.841E-01  7.490E-01  7.068E-01  6.581E-01  6.035E-01  5.437E-01  4.795E-01  4.121E-01  3.427E-01  2.729E-01  2.050E-01  1.416E-01  8.630E-02  4.164E-02
  387.5000  7.878E-01  7.841E-01  7.729E-01  7.543E-01  7.286E-01  6.960E-01  6.568E-01  6.116E-01  5.610E-01  5.054E-01  4.458E-01  3.832E-01  3.187E-01  2.538E-01  1.907E-01  1.318E-01  8.025E-02  3.872E-02
  388.5000  7.894E-01  7.857E-01  7.745E-01  7.559E-01  7.301E-01  6.975E-01  6.583E-01  6.131E-01  5.623E-01  5.067E-01  4.470E-01  3.843E-01  3.196E-01  2.546E-01  1.913E-01  1.322E-01  8.049E-02  3.882E-02
  389.5000  9.953E-01  9.905E-01  9.764E-01  9.530E-01  9.206E-01  8.795E-01  8.301E-01  7.732E-01  7.092E-01  6.391E-01  5.639E-01  4.848E-01  4.034E-01  3.214E-01  2.415E-01  1.668E-01  1.016E-01  4.897E-02
  390.5000  9.773E-01  9.727E-01  9.588E-01  9.358E-01  9.040E-01  8.637E-01  8.153E-01  7.594E-01  6.967E-01  6.279E-01  5.541E-01  4.765E-01  3.965E-01  3.159E-01  2.374E-01  1.640E-01  9.982E-02  4.812E-02
  391.5000  1.159E+00  1.154E+00  1.137E+00  1.110E+00  1.072E+00  1.025E+00  9.672E-01  9.009E-01  8.266E-01  7.451E-01  6.576E-01  5.655E-01  4.706E-01  3.751E-01  2.819E-01  1.948E-01  1.185E-01  5.711E-02
  392.5000  8.690E-01  8.648E-01  8.525E-01  8.322E-01  8.039E-01  7.682E-01  7.252E-01  6.756E-01  6.199E-01  5.589E-01  4.933E-01  4.243E-01  3.532E-01  2.815E-01  2.116E-01  1.462E-01  8.892E-02  4.284E-02
  393.5000  3.777E-01  3.759E-01  3.706E-01  3.617E-01  3.495E-01  3.339E-01  3.153E-01  2.937E-01  2.695E-01  2.430E-01  2.145E-01  1.846E-01  1.536E-01  1.225E-01  9.208E-02  6.362E-02  3.868E-02  1.863E-02
  394.5000  8.885E-01  8.843E-01  8.718E-01  8.510E-01  8.222E-01  7.857E-01  7.418E-01  6.912E-01  6.343E-01  5.720E-01  5.050E-01  4.345E-01  3.618E-01  2.885E-01  2.169E-01  1.498E-01  9.109E-02  4.386E-02
  395.5000  1.143E+00  1.138E+00  1.121E+00  1.095E+00  1.058E+00  1.011E+00  9.544E-01  8.894E-01  8.163E-01  7.361E-01  6.500E-01  5.594E-01  4.658E-01  3.715E-01  2.793E-01  1.930E-01  1.173E-01  5.645E-02
  396.5000  6.709E-01  6.678E-01  6.583E-01  6.427E-01  6.210E-01  5.934E-01  5.604E-01  5.222E-01  4.794E-01  4.324E-01  3.818E-01  3.286E-01  2.737E-01  2.183E-01  1.642E-01  1.134E-01  6.891E-02  3.316E-02
  397.5000  7.740E-01  7.704E-01  7.595E-01  7.414E-01  7.164E-01  6.847E-01  6.466E-01  6.026E-01  5.532E-01  4.990E-01  4.408E-01  3.794E-01  3.161E-01  2.522E-01  1.896E-01  1.310E-01  7.958E-02  3.828E-02
  398.5000  1.330E+00  1.323E+00  1.305E+00  1.274E+00  1.231E+00  1.176E+00  1.111E+00  1.036E+00  9.508E-01  8.577E-01  7.577E-01  6.523E-01  5.435E-01  4.337E-01  3.261E-01  2.253E-01  1.368E-01  6.579E-02
  399.5000  1.383E+00  1.376E+00  1.357E+00  1.325E+00  1.280E+00  1.224E+00  1.156E+00  1.077E+00  9.890E-01  8.923E-01  7.884E-01  6.788E-01  5.657E-01  4.514E-01  3.396E-01  2.346E-01  1.424E-01  6.846E-02
  400.5000  1.453E+00  1.447E+00  1.426E+00  1.392E+00  1.346E+00  1.286E+00  1.215E+00  1.133E+00  1.040E+00  9.384E-01  8.292E-01  7.140E-01  5.951E-01  4.750E-01  3.573E-01  2.469E-01  1.498E-01  7.200E-02
  401.5000  1.495E+00  1.488E+00  1.467E+00  1.432E+00  1.384E+00  1.323E+00  1.250E+00  1.165E+00  1.070E+00  9.657E-01  8.534E-01  7.350E-01  6.127E-01  4.891E-01  3.680E-01  2.543E-01  1.543E-01  7.410E-02
  402.5000  1.552E+00  1.544E+00  1.523E+00  1.487E+00  1.437E+00  1.374E+00  1.298E+00  1.210E+00  1.111E+00  1.003E+00  8.863E-01  7.635E-01  6.365E-01  5.082E-01  3.824E-01  2.642E-01  1.603E-01  7.696E-02
  403.5000  1.420E+00  1.413E+00  1.393E+00  1.361E+00  1.315E+00  1.257E+00  1.188E+00  1.107E+00  1.017E+00  9.181E-01  8.115E-01  6.992E-01  5.830E-01  4.656E-01  3.504E-01  2.421E-01  1.468E-01  7.047E-02
  404.5000  1.392E+00  1.386E+00  1.366E+00  1.334E+00  1.290E+00  1.233E+00  1.165E+00  1.086E+00  9.977E-01  9.007E-01  7.962E-01  6.861E-01  5.722E-01  4.570E-01  3.440E-01  2.377E-01  1.441E-01  6.914E-02
  405.5000  1.446E+00  1.439E+00  1.419E+00  1.386E+00  1.339E+00  1.281E+00  1.210E+00  1.128E+00  1.037E+00  9.358E-01  8.275E-01  7.131E-01  5.948E-01  4.751E-01  3.577E-01  2.471E-01  1.498E-01  7.185E-02
  406.5000  1.362E+00  1.356E+00  1.337E+00  1.305E+00  1.261E+00  1.206E+00  1.140E+00  1.063E+00  9.765E-01  8.817E-01  7.797E-01  6.720E-01  5.606E-01  4.479E-01  3.372E-01  2.330E-01  1.412E-01  6.770E-02
  407.5000  1.373E+00  1.366E+00  1.347E+00  1.316E+00  1.272E+00  1.216E+00  1.149E+00  1.072E+00  9.847E-01  8.891E-01  7.864E-01  6.779E-01  5.656E-01  4.520E-01  3.403E-01  2.351E-01  1.425E-01  6.828E-02
  408.5000  1.529E+00  1.522E+00  1.500E+00  1.465E+00  1.416E+00  1.354E+00  1.280E+00  1.194E+00  1.097E+00  9.905E-01  8.761E-01  7.554E-01  6.303E-01  5.038E-01  3.794E-01  2.621E-01  1.588E-01  7.607E-02
  409.5000  1.498E+00  1.491E+00  1.470E+00  1.436E+00  1.388E+00  1.327E+00  1.254E+00  1.170E+00  1.075E+00  9.713E-01  8.592E-01  7.409E-01  6.183E-01  4.943E-01  3.723E-01  2.572E-01  1.558E-01  7.460E-02
  410.5000  1.299E+00  1.293E+00  1.275E+00  1.245E+00  1.204E+00  1.151E+00  1.088E+00  1.015E+00  9.327E-01  8.425E-01  7.454E-01  6.428E-01  5.366E-01  4.290E-01  3.232E-01  2.233E-01  1.352E-01  6.472E-02
  411.5000  1.561E+00  1.554E+00  1.532E+00  1.496E+00  1.447E+00  1.383E+00  1.308E+00  1.220E+00  1.121E+00  1.013E+00  8.962E-01  7.730E-01  6.454E-01  5.161E-01  3.888E-01  2.687E-01  1.626E-01  7.782E-02
  412.5000  1.547E+00  1.540E+00  1.518E+00  1.483E+00  1.434E+00  1.371E+00  1.296E+00  1.209E+00  1.111E+00  1.004E+00  8.886E-01  7.665E-01  6.401E-01  5.119E-01  3.857E-01  2.666E-01  1.613E-01  7.716E-02
  413.5000  1.500E+00  1.493E+00  1.472E+00  1.438E+00  1.390E+00  1.330E+00  1.257E+00  1.173E+00  1.078E+00  9.741E-01  8.621E-01  7.438E-01  6.212E-01  4.969E-01  3.745E-01  2.588E-01  1.566E-01  7.486E-02
  414.5000  1.541E+00  1.534E+00  1.513E+00  1.478E+00  1.429E+00  1.366E+00  1.292E+00  1.205E+00  1.108E+00  1.001E+00  8.864E-01  7.649E-01  6.389E-01  5.111E-01  3.853E-01  2.662E-01  1.610E-01  7.697E-02
  415.5000  1.474E+00  1.467E+00  1.447E+00  1.413E+00  1.366E+00  1.307E+00  1.236E+00  1.153E+00  1.060E+00  9.581E-01  8.482E-01  7.320E-01  6.115E-01  4.893E-01  3.689E-01  2.549E-01  1.541E-01  7.364E-02
  416.5000  1.604E+00  1.597E+00  1.575E+00  1.538E+00  1.487E+00  1.422E+00  1.345E+00  1.255E+00  1.154E+00  1.043E+00  9.235E-01  7.971E-01  6.660E-01  5.330E-01  4.018E-01  2.777E-01  1.679E-01  8.018E-02
  417.5000  1.466E+00  1.459E+00  1.439E+00  1.406E+00  1.359E+00  1.300E+00  1.229E+00  1.147E+00  1.055E+00  9.538E-01  8.445E-01  7.290E-01  6.092E-01  4.876E-01  3.677E-01  2.541E-01  1.536E-01  7.333E-02
  418.5000  1.477E+00  1.471E+00  1.450E+00  1.417E+00  1.370E+00  1.310E+00  1.239E+00  1.156E+00  1.064E+00  9.614E-01  8.514E-01  7.351E-01  6.144E-01  4.919E-01  3.709E-01  2.564E-01  1.549E-01  7.393E-02
  419.5000  1.526E+00  1.519E+00  1.498E+00  1.463E+00  1.415E+00  1.353E+00  1.280E+00  1.195E+00  1.099E+00  9.934E-01  8.798E-01  7.597E-01  6.351E-01  5.085E-01  3.835E-01  2.651E-01  1.602E-01  7.639E-02
------------------------------------------------------------
Dose rates, W m-2
   1 = UV-B, 280-315 nm                                  
   2 = UV-B*, 280-320 nm                                 
   3 = UV-A, 315-400 nm                                  
   4 = DNA damage, in vitro (Setlow, 1974)               
   5 = UV index (WMO, 1994; Webb et al., 2011)           
   6 = Plant damage (Caldwell, 1971)                     
   7 = Plant damage,Flint&Caldwell,2003,orig.            
   8 = Plant damage,Flint&Caldwell,2003,ext390           
values at z =      0.000 km
Columns: sza, weighting spectra
 sza, deg.          1          2          3          4          5          6          7          8
    0.0000  6.752E+00  8.976E+00  6.543E+01  3.071E-01  1.018E+02  4.444E+00  5.393E+00  5.846E+00
    5.0000  6.707E+00  8.919E+00  6.510E+01  3.040E-01  1.010E+02  4.407E+00  5.350E+00  5.801E+00
   10.0000  6.572E+00  8.748E+00  6.414E+01  2.948E-01  9.857E+01  4.295E+00  5.221E+00  5.666E+00
   15.0000  6.353E+00  8.471E+00  6.254E+01  2.801E-01  9.470E+01  4.116E+00  5.015E+00  5.449E+00
   20.0000  6.054E+00  8.089E+00  6.032E+01  2.605E-01  8.940E+01  3.874E+00  4.735E+00  5.154E+00
   25.0000  5.680E+00  7.612E+00  5.752E+01  2.365E-01  8.283E+01  3.575E+00  4.389E+00  4.789E+00
   30.0000  5.240E+00  7.051E+00  5.417E+01  2.093E-01  7.522E+01  3.230E+00  3.988E+00  4.365E+00
   35.0000  4.748E+00  6.418E+00  5.031E+01  1.802E-01  6.682E+01  2.852E+00  3.547E+00  3.898E+00
   40.0000  4.213E+00  5.728E+00  4.600E+01  1.503E-01  5.790E+01  2.454E+00  3.080E+00  3.401E+00
   45.0000  3.652E+00  5.000E+00  4.130E+01  1.210E-01  4.877E+01  2.051E+00  2.602E+00  2.891E+00
   50.0000  3.081E+00  4.253E+00  3.628E+01  9.351E-02  3.976E+01  1.657E+00  2.132E+00  2.387E+00
   55.0000  2.518E+00  3.508E+00  3.105E+01  6.901E-02  3.121E+01  1.288E+00  1.686E+00  1.905E+00
   60.0000  1.979E+00  2.790E+00  2.571E+01  4.836E-02  2.343E+01  9.569E-01  1.280E+00  1.462E+00
   65.0000  1.485E+00  2.120E+00  2.040E+01  3.206E-02  1.670E+01  6.750E-01  9.272E-01  1.072E+00
   70.0000  1.051E+00  1.522E+00  1.529E+01  2.011E-02  1.120E+01  4.486E-01  6.354E-01  7.437E-01
   75.0000  6.885E-01  1.012E+00  1.058E+01  1.205E-02  7.010E+00  2.788E-01  4.078E-01  4.826E-01
   80.0000  4.035E-01  6.003E-01  6.478E+00  6.983E-03  4.032E+00  1.599E-01  2.397E-01  2.855E-01
   85.0000  1.939E-01  2.880E-01  3.133E+00  3.751E-03  2.020E+00  8.054E-02  1.198E-01  1.419E-01
------------------------------------------------------------
