Spectral Irradiance, W m-2 nm-1
values at z =      0.000 km
Columns: wavelength (nm), solar zenith angles (deg.)
    wc, nm      0.000      5.000     10.000     15.000     20.000     25.000     30.000     35.000     40.000     45.000     50.000     55.000     60.000     65.000     70.000     75.000     80.000     85.000
  120.7000  0.000E+00  0.000E+00  0.000E+00  0.000E+00  0.000E+00  0.000E+00  0.000E+00  0.000E+00  0.000E+00  0.000E+00  0.000E+00  0.000E+00  0.000E+00  0.000E+00  0.000E+00  0.000E+00  0.000E+00  0.000E+00
  121.6500  0.000E+00  0.000E+00  0.000E+00  0.000E+00  0.000E+00  0.000E+00  0.000E+00  0.000E+00  0.000E+00  0.000E+00  0.000E+00  0.000E+00  0.000E+00  0.000E+00  0.000E+00  0.000E+00  0.000E+00  0.000E+00
  122.1000  0.000E+00  0.000E+00  0.000E+00  0.000E+00  0.000E+00  0.000E+00  0.000E+00  0.000E+00  0.000E+00  0.000E+00  0.000E+00  0.000E+00  0.000E+00  0.000E+00  0.000E+00  0.000E+00  0.000E+00  0.000E+00
  122.7000  0.000E+00  0.000E+00  0.000E+00  0.000E+00  0.000E+00  0.000E+00  0.000E+00  0.000E+00  0.000E+00  0.000E+00  0.000E+00  0.000E+00  0.000E+00  0.000E+00  0.000E+00  0.000E+00  0.000E+00  0.000E+00
  123.4500  0.000E+00  0.000E+00  0.000E+00  0.000E+00  0.000E+00  0.000E+00  0.000E+00  0.000E+00  0.000E+00  0.000E+00  0.000E+00  0.000E+00  0.000E+00  0.000E+00  0.000E+00  0.000E+00  0.000E+00  0.000E+00
  124.2000  0.000E+00  0.000E+00  0.000E+00  0.000E+00  0.000E+00  0.000E+00  0.000E+00  0.000E+00  0.000E+00  0.000E+00  0.000E+00  0.000E+00  0.000E+00  0.000E+00  0.000E+00  0.000E+00  0.000E+00  0.000E+00
  125.0000  0.000E+00  0.000E+00  0.000E+00  0.000E+00  0.000E+00  0.000E+00  0.000E+00  0.000E+00  0.000E+00  0.000E+00  0.000E+00  0.000E+00  0.000E+00  0.000E+00  0.000E+00  0.000E+00  0.000E+00  0.000E+00
  125.8000  0.000E+00  0.000E+00  0.000E+00  0.000E+00  0.000E+00  0.000E+00  0.000E+00  0.000E+00  0.000E+00  0.000E+00  0.000E+00  0.000E+00  0.000E+00  0.000E+00  0.000E+00  0.000E+00  0.000E+00  0.000E+00
  126.6000  0.000E+00  0.000E+00  0.000E+00  0.000E+00  0.000E+00  0.000E+00  0.000E+00  0.000E+00  0.000E+00  0.000E+00  0.000E+00  0.000E+00  0.000E+00  0.000E+00  0.000E+00  0.000E+00  0.000E+00  0.000E+00
  127.8000  0.000E+00  0.000E+00  0.000E+00  0.000E+00  0.000E+00  0.000E+00  0.000E+00  0.000E+00  0.000E+00  0.000E+00  0.000E+00  0.000E+00  0.000E+00  0.000E+00  0.000E+00  0.000E+00  0.000E+00  0.000E+00
  129.0000  0.000E+00  0.000E+00  0.000E+00  0.000E+00  0.000E+00  0.000E+00  0.000E+00  0.000E+00  0.000E+00  0.000E+00  0.000E+00  0.000E+00  0.000E+00  0.000E+00  0.000E+00  0.000E+00  0.000E+00  0.000E+00
  129.8500  0.000E+00  0.000E+00  0.000E+00  0.000E+00  0.000E+00  0.000E+00  0.000E+00  0.000E+00  0.000E+00  0.000E+00  0.000E+00  0.000E+00  0.000E+00  0.000E+00  0.000E+00  0.000E+00  0.000E+00  0.000E+00
  131.1500  0.000E+00  0.000E+00  0.000E+00  0.000E+00  0.000E+00  0.000E+00  0.000E+00  0.000E+00  0.000E+00  0.000E+00  0.000E+00  0.000E+00  0.000E+00  0.000E+00  0.000E+00  0.000E+00  0.000E+00  0.000E+00
  133.5000  0.000E+00  0.000E+00  0.000E+00  0.000E+00  0.000E+00  0.000E+00  0.000E+00  0.000E+00  0.000E+00  0.000E+00  0.000E+00  0.000E+00  0.000E+00  0.000E+00  0.000E+00  0.000E+00  0.000E+00  0.000E+00
  136.0000  0.000E+00  0.000E+00  0.000E+00  0.000E+00  0.000E+00  0.000E+00  0.000E+00  0.000E+00  0.000E+00  0.000E+00  0.000E+00  0.000E+00  0.000E+00  0.000E+00  0.000E+00  0.000E+00  0.000E+00  0.000E+00
  141.0000  0.000E+00  0.000E+00  0.000E+00  0.000E+00  0.000E+00  0.000E+00  0.000E+00  0.000E+00  0.000E+00  0.000E+00  0.000E+00  0.000E+00  0.000E+00  0.000E+00  0.000E+00  0.000E+00  0.000E+00  0.000E+00
  150.0000  0.000E+00  0.000E+00  0.000E+00  0.000E+00  0.000E+00  0.000E+00  0.000E+00  0.000E+00  0.000E+00  0.000E+00  0.000E+00  0.000E+00  0.000E+00  0.000E+00  0.000E+00  0.000E+00  0.000E+00  0.000E+00
  160.0000  0.000E+00  0.000E+00  0.000E+00  0.000E+00  0.000E+00  0.000E+00  0.000E+00  0.000E+00  0.000E+00  0.000E+00  0.000E+00  0.000E+00  0.000E+00  0.000E+00  0.000E+00  0.000E+00  0.000E+00  0.000E+00
  167.5000  0.000E+00  0.000E+00  0.000E+00  0.000E+00  0.000E+00  0.000E+00  0.000E+00  0.000E+00  0.000E+00  0.000E+00  0.000E+00  0.000E+00  0.000E+00  0.000E+00  0.000E+00  0.000E+00  0.000E+00  0.000E+00
  172.7000  0.000E+00  0.000E+00  0.000E+00  0.000E+00  0.000E+00  0.000E+00  0.000E+00  0.000E+00  0.000E+00  0.000E+00  0.000E+00  0.000E+00  0.000E+00  0.000E+00  0.000E+00  0.000E+00  0.000E+00  0.000E+00
  176.2000  0.000E+00  0.000E+00  0.000E+00  0.000E+00  0.000E+00  0.000E+00  0.000E+00  0.000E+00  0.000E+00  0.000E+00  0.000E+00  0.000E+00  0.000E+00  0.000E+00  0.000E+00  0.000E+00  0.000E+00  0.000E+00
  177.8000  0.000E+00  0.000E+00  0.000E+00  0.000E+00  0.000E+00  0.000E+00  0.000E+00  0.000E+00  0.000E+00  0.000E+00  0.000E+00  0.000E+00  0.000E+00  0.000E+00  0.000E+00  0.000E+00  0.000E+00  0.000E+00
  179.4000  0.000E+00  0.000E+00  0.000E+00  0.000E+00  0.000E+00  0.000E+00  0.000E+00  0.000E+00  0.000E+00  0.000E+00  0.000E+00  0.000E+00  0.000E+00  0.000E+00  0.000E+00  0.000E+00  0.000E+00  0.000E+00
  181.0000  0.000E+00  0.000E+00  0.000E+00  0.000E+00  0.000E+00  0.000E+00  0.000E+00  0.000E+00  0.000E+00  0.000E+00  0.000E+00  0.000E+00  0.000E+00  0.000E+00  0.000E+00  0.000E+00  0.000E+00  0.000E+00
  182.6500  0.000E+00  0.000E+00  0.000E+00  0.000E+00  0.000E+00  0.000E+00  0.000E+00  0.000E+00  0.000E+00  0.000E+00  0.000E+00  0.000E+00  0.000E+00  0.000E+00  0.000E+00  0.000E+00  0.000E+00  0.000E+00
  184.3500  0.000E+00  0.000E+00  0.000E+00  0.000E+00  0.000E+00  0.000E+00  0.000E+00  0.000E+00  0.000E+00  0.000E+00  0.000E+00  0.000E+00  0.000E+00  0.000E+00  0.000E+00  0.000E+00  0.000E+00  0.000E+00
  186.0500  0.000E+00  0.000E+00  0.000E+00  0.000E+00  0.000E+00  0.000E+00  0.000E+00  0.000E+00  0.000E+00  0.000E+00  0.000E+00  0.000E+00  0.000E+00  0.000E+00  0.000E+00  0.000E+00  0.000E+00  0.000E+00
  187.8000  0.000E+00  0.000E+00  0.000E+00  0.000E+00  0.000E+00  0.000E+00  0.000E+00  0.000E+00  0.000E+00  0.000E+00  0.000E+00  0.000E+00  0.000E+00  0.000E+00  0.000E+00  0.000E+00  0.000E+00  0.000E+00
  189.6000  0.000E+00  0.000E+00  0.000E+00  0.000E+00  0.000E+00  0.000E+00  0.000E+00  0.000E+00  0.000E+00  0.000E+00  0.000E+00  0.000E+00  0.000E+00  0.000E+00  0.000E+00  0.000E+00  0.000E+00  0.000E+00
  191.4000  0.000E+00  0.000E+00  0.000E+00  0.000E+00  0.000E+00  0.000E+00  0.000E+00  0.000E+00  0.000E+00  0.000E+00  0.000E+00  0.000E+00  0.000E+00  0.000E+00  0.000E+00  0.000E+00  0.000E+00  0.000E+00
  193.2500  0.000E+00  0.000E+00  0.000E+00  0.000E+00  0.000E+00  0.000E+00  0.000E+00  0.000E+00  0.000E+00  0.000E+00  0.000E+00  0.000E+00  0.000E+00  0.000E+00  0.000E+00  0.000E+00  0.000E+00  0.000E+00
  195.1500  0.000E+00  0.000E+00  0.000E+00  0.000E+00  0.000E+00  0.000E+00  0.000E+00  0.000E+00  0.000E+00  0.000E+00  0.000E+00  0.000E+00  0.000E+00  0.000E+00  0.000E+00  0.000E+00  0.000E+00  0.000E+00
  197.0500  0.000E+00  0.000E+00  0.000E+00  0.000E+00  0.000E+00  0.000E+00  0.000E+00  0.000E+00  0.000E+00  0.000E+00  0.000E+00  0.000E+00  0.000E+00  0.000E+00  0.000E+00  0.000E+00  0.000E+00  0.000E+00
  199.0000  0.000E+00  0.000E+00  0.000E+00  0.000E+00  0.000E+00  0.000E+00  0.000E+00  0.000E+00  0.000E+00  0.000E+00  0.000E+00  0.000E+00  0.000E+00  0.000E+00  0.000E+00  0.000E+00  0.000E+00  0.000E+00
  201.0000  0.000E+00  0.000E+00  0.000E+00  0.000E+00  0.000E+00  0.000E+00  0.000E+00  0.000E+00  0.000E+00  0.000E+00  0.000E+00  0.000E+00  0.000E+00  0.000E+00  0.000E+00  0.000E+00  0.000E+00  0.000E+00
  203.0500  0.000E+00  0.000E+00  0.000E+00  0.000E+00  0.000E+00  0.000E+00  0.000E+00  0.000E+00  0.000E+00  0.000E+00  0.000E+00  0.000E+00  0.000E+00  0.000E+00  0.000E+00  0.000E+00  0.000E+00  0.000E+00
  205.1500  0.000E+00  0.000E+00  0.000E+00  0.000E+00  0.000E+00  0.000E+00  0.000E+00  0.000E+00  0.000E+00  0.000E+00  0.000E+00  0.000E+00  0.000E+00  0.000E+00  0.000E+00  0.000E+00  0.000E+00  0.000E+00
  207.2665  2.633E-19  2.267E-19  1.439E-19  6.627E-20  2.147E-20  4.674E-21  6.411E-22  5.062E-23  2.047E-24  3.803E-26  4.682E-28  4.304E-29  1.731E-29  9.311E-30  5.455E-30  3.224E-30  1.793E-30  8.257E-31
  209.4295  3.204E-18  2.780E-18  1.807E-18  8.653E-19  2.970E-19  6.994E-20  1.063E-20  9.577E-22  4.588E-23  1.059E-24  1.684E-26  1.671E-27  6.733E-28  3.625E-28  2.125E-28  1.256E-28  6.981E-29  3.211E-29
  211.6460  5.546E-17  4.856E-17  3.245E-17  1.630E-17  5.998E-18  1.552E-18  2.670E-19  2.822E-20  1.660E-21  5.002E-23  1.106E-24  1.247E-25  5.072E-26  2.741E-26  1.610E-26  9.520E-27  5.293E-27  2.432E-27
  213.9100  4.303E-16  3.796E-16  2.594E-16  1.354E-16  5.267E-17  1.470E-17  2.792E-18  3.352E-19  2.322E-20  8.645E-22  2.446E-23  2.985E-24  1.218E-24  6.591E-25  3.875E-25  2.293E-25  1.275E-25  5.848E-26
  216.2225  3.426E-15  3.047E-15  2.136E-15  1.164E-15  4.819E-16  1.465E-16  3.109E-17  4.311E-18  3.595E-19  1.703E-20  6.434E-22  8.774E-23  3.607E-23  1.959E-23  1.154E-23  6.842E-24  3.804E-24  1.742E-24
  218.5855  5.929E-14  5.327E-14  3.850E-14  2.211E-14  9.889E-15  3.336E-15  8.121E-16  1.345E-16  1.411E-17  9.044E-19  4.938E-20  7.976E-21  3.338E-21  1.825E-21  1.081E-21  6.427E-22  3.578E-22  1.636E-22
  221.0010  5.770E-13  5.229E-13  3.879E-13  2.331E-13  1.112E-13  4.101E-14  1.122E-14  2.160E-15  2.756E-16  2.282E-17  1.685E-18  3.079E-19  1.304E-19  7.161E-20  4.260E-20  2.541E-20  1.417E-20  6.468E-21
  223.4705  6.704E-12  6.128E-12  4.666E-12  2.930E-12  1.492E-12  6.006E-13  1.844E-13  4.126E-14  6.397E-15  6.838E-16  6.748E-17  1.396E-17  5.982E-18  3.302E-18  1.974E-18  1.183E-18  6.614E-19  3.014E-19
  225.9960  6.717E-11  6.201E-11  4.866E-11  3.217E-11  1.766E-11  7.877E-12  2.768E-12  7.384E-13  1.440E-13  2.079E-14  2.872E-15  6.961E-16  3.048E-16  1.694E-16  1.021E-16  6.160E-17  3.462E-17  1.577E-17
  228.5790  6.863E-10  6.393E-10  5.154E-10  3.571E-10  2.099E-10  1.027E-10  4.081E-11  1.277E-11  3.068E-12  5.788E-13  1.060E-13  2.930E-14  1.304E-14  7.284E-15  4.418E-15  2.689E-15  1.521E-15  6.935E-16
  231.2215  5.139E-09  4.824E-09  3.981E-09  2.871E-09  1.790E-09  9.488E-10  4.191E-10  1.505E-10  4.320E-11  1.017E-11  2.317E-12  7.075E-13  3.180E-13  1.777E-13  1.084E-13  6.655E-14  3.796E-14  1.734E-14
  233.9260  2.399E-08  2.268E-08  1.912E-08  1.430E-08  9.400E-09  5.359E-09  2.605E-09  1.059E-09  3.559E-10  1.012E-10  2.760E-11  9.150E-12  4.135E-12  2.305E-12  1.412E-12  8.746E-13  5.036E-13  2.310E-13
  236.6945  1.502E-07  1.429E-07  1.229E-07  9.515E-08  6.576E-08  4.013E-08  2.133E-08  9.730E-09  3.776E-09  1.269E-09  4.030E-10  1.437E-10  6.514E-11  3.611E-11  2.220E-11  1.387E-11  8.076E-12  3.729E-12
  239.5295  2.217E-06  2.134E-06  1.902E-06  1.565E-06  1.182E-06  8.138E-07  5.064E-07  2.822E-07  1.401E-07  6.243E-08  2.597E-08  1.098E-08  5.220E-09  2.898E-09  1.793E-09  1.140E-09  6.786E-10  3.203E-10
  242.4330  1.289E-04  1.258E-04  1.169E-04  1.031E-04  8.624E-05  6.800E-05  5.027E-05  3.461E-05  2.204E-05  1.292E-05  7.003E-06  3.597E-06  1.856E-06  1.036E-06  6.412E-07  4.156E-07  2.559E-07  1.262E-07
  245.4080  8.345E-05  8.131E-05  7.518E-05  6.582E-05  5.438E-05  4.218E-05  3.051E-05  2.042E-05  1.254E-05  7.020E-06  3.597E-06  1.736E-06  8.484E-07  4.599E-07  2.826E-07  1.830E-07  1.124E-07  5.504E-08
  248.4570  6.092E-05  5.929E-05  5.461E-05  4.749E-05  3.885E-05  2.973E-05  2.112E-05  1.381E-05  8.221E-06  4.425E-06  2.158E-06  9.844E-07  4.576E-07  2.416E-07  1.476E-07  9.544E-08  5.849E-08  2.846E-08
  251.5825  5.096E-05  4.957E-05  4.556E-05  3.949E-05  3.214E-05  2.442E-05  1.719E-05  1.109E-05  6.493E-06  3.414E-06  1.615E-06  7.094E-07  3.180E-07  1.644E-07  9.982E-08  6.444E-08  3.943E-08  1.913E-08
  254.7875  7.034E-05  6.840E-05  6.283E-05  5.441E-05  4.421E-05  3.352E-05  2.351E-05  1.510E-05  8.771E-06  4.561E-06  2.121E-06  9.105E-07  3.976E-07  2.019E-07  1.217E-07  7.845E-08  4.796E-08  2.324E-08
  258.0750  1.616E-04  1.572E-04  1.447E-04  1.258E-04  1.028E-04  7.845E-05  5.550E-05  3.602E-05  2.118E-05  1.116E-05  5.257E-06  2.274E-06  9.897E-07  4.966E-07  2.968E-07  1.907E-07  1.167E-07  5.676E-08
  261.4490  1.735E-04  1.690E-04  1.562E-04  1.366E-04  1.126E-04  8.703E-05  6.254E-05  4.138E-05  2.491E-05  1.349E-05  6.544E-06  2.905E-06  1.280E-06  6.376E-07  3.769E-07  2.412E-07  1.477E-07  7.239E-08
  264.9125  7.708E-04  7.524E-04  6.994E-04  6.177E-04  5.165E-04  4.068E-04  2.995E-04  2.043E-04  1.277E-04  7.237E-05  3.695E-05  1.726E-05  7.858E-06  3.919E-06  2.286E-06  1.453E-06  8.916E-07  4.415E-07
  268.4685  1.622E-03  1.587E-03  1.486E-03  1.330E-03  1.133E-03  9.149E-04  6.959E-04  4.945E-04  3.252E-04  1.958E-04  1.073E-04  5.390E-05  2.595E-05  1.314E-05  7.549E-06  4.747E-06  2.915E-06  1.462E-06
  272.1215  3.142E-03  3.084E-03  2.912E-03  2.643E-03  2.298E-03  1.908E-03  1.504E-03  1.118E-03  7.773E-04  5.008E-04  2.969E-04  1.623E-04  8.390E-05  4.378E-05  2.487E-05  1.538E-05  9.420E-06  4.788E-06
  275.8755  6.285E-03  6.185E-03  5.893E-03  5.429E-03  4.825E-03  4.124E-03  3.376E-03  2.632E-03  1.940E-03  1.342E-03  8.652E-04  5.182E-04  2.916E-04  1.600E-04  9.086E-05  5.499E-05  3.337E-05  1.713E-05
  279.7340  8.875E-03  8.757E-03  8.412E-03  7.858E-03  7.125E-03  6.257E-03  5.303E-03  4.317E-03  3.359E-03  2.480E-03  1.726E-03  1.127E-03  6.909E-04  4.041E-04  2.338E-04  1.388E-04  8.266E-05  4.254E-05
  283.7020  3.416E-02  3.379E-02  3.269E-02  3.011E-02  2.853E-02  2.564E-02  2.240E-02  1.894E-02  1.540E-02  1.206E-02  8.979E-03  6.329E-03  4.206E-03  2.641E-03  1.590E-03  9.392E-04  5.454E-04  2.781E-04
  287.7845  8.246E-02  8.176E-02  7.955E-02  7.595E-02  7.108E-02  6.510E-02  5.824E-02  5.075E-02  4.284E-02  3.508E-02  2.755E-02  2.067E-02  1.471E-02  9.890E-03  6.273E-03  3.773E-03  2.149E-03  1.071E-03
  291.9865  2.005E-01  1.990E-01  1.944E-01  1.870E-01  1.768E-01  1.642E-01  1.496E-01  1.326E-01  1.158E-01  9.784E-02  7.997E-02  6.287E-02  4.722E-02  3.362E-02  2.250E-02  1.401E-02  7.981E-03  3.867E-03
  296.3090  2.414E-01  2.398E-01  2.350E-01  2.270E-01  2.162E-01  2.027E-01  1.869E-01  1.690E-01  1.496E-01  1.293E-01  1.085E-01  8.812E-02  6.871E-02  5.101E-02  3.565E-02  2.306E-02  1.336E-02  6.361E-03
  300.5000  2.475E-01  2.460E-01  2.415E-01  2.340E-01  2.238E-01  2.110E-01  1.959E-01  1.788E-01  1.600E-01  1.401E-01  1.196E-01  9.895E-02  7.891E-02  6.012E-02  4.324E-02  2.877E-02  1.702E-02  8.078E-03
  303.0000  3.566E-01  3.545E-01  3.482E-01  3.379E-01  3.237E-01  3.059E-01  2.849E-01  2.609E-01  2.346E-01  2.066E-01  1.774E-01  1.480E-01  1.191E-01  9.174E-02  6.678E-02  4.501E-02  2.692E-02  1.281E-02
  304.0000  3.353E-01  3.334E-01  3.275E-01  3.179E-01  3.047E-01  2.882E-01  2.685E-01  2.462E-01  2.216E-01  1.954E-01  1.681E-01  1.405E-01  1.133E-01  8.750E-02  6.388E-02  4.318E-02  2.590E-02  1.234E-02
  305.0000  3.786E-01  3.764E-01  3.699E-01  3.592E-01  3.445E-01  3.260E-01  3.040E-01  2.790E-01  2.516E-01  2.221E-01  1.915E-01  1.604E-01  1.298E-01  1.005E-01  7.368E-02  5.002E-02  3.012E-02  1.437E-02
  306.0000  3.150E-01  3.132E-01  3.079E-01  2.990E-01  2.869E-01  2.716E-01  2.535E-01  2.328E-01  2.101E-01  1.857E-01  1.603E-01  1.345E-01  1.090E-01  8.465E-02  6.218E-02  4.232E-02  2.555E-02  1.220E-02
  307.0000  3.563E-01  3.543E-01  3.483E-01  3.384E-01  3.248E-01  3.076E-01  2.873E-01  2.641E-01  2.385E-01  2.111E-01  1.825E-01  1.534E-01  1.245E-01  9.692E-02  7.138E-02  4.873E-02  2.951E-02  1.411E-02
  308.0000  3.710E-01  3.689E-01  3.627E-01  3.525E-01  3.384E-01  3.207E-01  2.997E-01  2.757E-01  2.492E-01  2.208E-01  1.911E-01  1.609E-01  1.309E-01  1.021E-01  7.535E-02  5.157E-02  3.131E-02  1.500E-02
  309.0000  3.605E-01  3.585E-01  3.525E-01  3.426E-01  3.290E-01  3.119E-01  2.916E-01  2.684E-01  2.427E-01  2.152E-01  1.864E-01  1.571E-01  1.279E-01  9.986E-02  7.382E-02  5.059E-02  3.076E-02  1.474E-02
  310.0000  3.138E-01  3.120E-01  3.069E-01  2.983E-01  2.866E-01  2.718E-01  2.542E-01  2.342E-01  2.120E-01  1.882E-01  1.632E-01  1.377E-01  1.124E-01  8.793E-02  6.516E-02  4.479E-02  2.732E-02  1.312E-02
  311.0000  5.022E-01  4.995E-01  4.912E-01  4.777E-01  4.589E-01  4.354E-01  4.073E-01  3.753E-01  3.400E-01  3.019E-01  2.621E-01  2.213E-01  1.807E-01  1.415E-01  1.050E-01  7.221E-02  4.409E-02  2.119E-02
  312.0000  4.176E-01  4.153E-01  4.085E-01  3.973E-01  3.818E-01  3.623E-01  3.391E-01  3.126E-01  2.833E-01  2.518E-01  2.187E-01  1.849E-01  1.511E-01  1.185E-01  8.803E-02  6.066E-02  3.711E-02  1.785E-02
  313.0000  4.357E-01  4.333E-01  4.262E-01  4.146E-01  3.985E-01  3.783E-01  3.542E-01  3.267E-01  2.963E-01  2.635E-01  2.290E-01  1.938E-01  1.586E-01  1.245E-01  9.261E-02  6.392E-02  3.917E-02  1.887E-02
  314.0000  4.635E-01  4.610E-01  4.535E-01  4.412E-01  4.241E-01  4.027E-01  3.771E-01  3.479E-01  3.156E-01  2.808E-01  2.442E-01  2.066E-01  1.692E-01  1.329E-01  9.891E-02  6.830E-02  4.187E-02  2.018E-02
  316.0000  4.303E-01  4.280E-01  4.211E-01  4.097E-01  3.940E-01  3.742E-01  3.507E-01  3.238E-01  2.940E-01  2.618E-01  2.279E-01  1.932E-01  1.584E-01  1.247E-01  9.297E-02  6.434E-02  3.955E-02  1.910E-02
  320.0000  4.978E-01  4.951E-01  4.873E-01  4.743E-01  4.563E-01  4.337E-01  4.068E-01  3.759E-01  3.417E-01  3.047E-01  2.657E-01  2.256E-01  1.854E-01  1.462E-01  1.092E-01  7.573E-02  4.666E-02  2.259E-02
  325.0000  5.890E-01  5.859E-01  5.767E-01  5.615E-01  5.406E-01  5.141E-01  4.826E-01  4.464E-01  4.062E-01  3.627E-01  3.168E-01  2.694E-01  2.217E-01  1.751E-01  1.310E-01  9.099E-02  5.615E-02  2.723E-02
  330.0000  7.085E-01  7.048E-01  6.939E-01  6.758E-01  6.508E-01  6.192E-01  5.816E-01  5.384E-01  4.904E-01  4.383E-01  3.832E-01  3.262E-01  2.688E-01  2.125E-01  1.591E-01  1.105E-01  6.821E-02  3.311E-02
  335.0000  6.624E-01  6.590E-01  6.488E-01  6.321E-01  6.089E-01  5.797E-01  5.447E-01  5.046E-01  4.599E-01  4.115E-01  3.601E-01  3.069E-01  2.531E-01  2.002E-01  1.499E-01  1.041E-01  6.426E-02  3.121E-02
  340.0000  7.153E-01  7.116E-01  7.008E-01  6.828E-01  6.580E-01  6.266E-01  5.891E-01  5.461E-01  4.981E-01  4.460E-01  3.906E-01  3.332E-01  2.750E-01  2.176E-01  1.630E-01  1.132E-01  6.979E-02  3.390E-02
  345.0000  7.034E-01  6.999E-01  6.893E-01  6.717E-01  6.475E-01  6.169E-01  5.803E-01  5.382E-01  4.912E-01  4.401E-01  3.858E-01  3.293E-01  2.720E-01  2.154E-01  1.614E-01  1.120E-01  6.898E-02  3.350E-02
  350.0000  7.363E-01  7.326E-01  7.216E-01  7.034E-01  6.782E-01  6.463E-01  6.082E-01  5.644E-01  5.155E-01  4.622E-01  4.054E-01  3.464E-01  2.863E-01  2.269E-01  1.700E-01  1.178E-01  7.251E-02  3.520E-02
  355.0000  7.784E-01  7.745E-01  7.629E-01  7.438E-01  7.174E-01  6.839E-01  6.439E-01  5.978E-01  5.463E-01  4.902E-01  4.303E-01  3.679E-01  3.044E-01  2.413E-01  1.808E-01  1.253E-01  7.701E-02  3.737E-02
  360.0000  7.120E-01  7.085E-01  6.980E-01  6.806E-01  6.566E-01  6.262E-01  5.898E-01  5.478E-01  5.009E-01  4.497E-01  3.951E-01  3.381E-01  2.799E-01  2.221E-01  1.665E-01  1.153E-01  7.076E-02  3.432E-02
  365.0000  9.057E-01  9.013E-01  8.880E-01  8.661E-01  8.357E-01  7.973E-01  7.512E-01  6.981E-01  6.387E-01  5.739E-01  5.046E-01  4.321E-01  3.581E-01  2.843E-01  2.131E-01  1.475E-01  9.041E-02  4.382E-02
  370.0000  9.422E-01  9.376E-01  9.239E-01  9.012E-01  8.698E-01  8.301E-01  7.824E-01  7.275E-01  6.659E-01  5.987E-01  5.268E-01  4.515E-01  3.744E-01  2.975E-01  2.231E-01  1.543E-01  9.447E-02  4.575E-02
  375.0000  8.516E-01  8.475E-01  8.352E-01  8.148E-01  7.866E-01  7.509E-01  7.081E-01  6.586E-01  6.033E-01  5.427E-01  4.779E-01  4.099E-01  3.402E-01  2.705E-01  2.029E-01  1.403E-01  8.577E-02  4.150E-02
  380.0000  9.795E-01  9.748E-01  9.608E-01  9.375E-01  9.052E-01  8.643E-01  8.153E-01  7.588E-01  6.953E-01  6.259E-01  5.516E-01  4.735E-01  3.933E-01  3.129E-01  2.349E-01  1.624E-01  9.910E-02  4.790E-02
  385.0000  7.389E-01  7.353E-01  7.248E-01  7.073E-01  6.831E-01  6.524E-01  6.157E-01  5.732E-01  5.256E-01  4.734E-01  4.174E-01  3.586E-01  2.981E-01  2.374E-01  1.783E-01  1.232E-01  7.509E-02  3.625E-02
  390.0000  9.653E-01  9.607E-01  9.470E-01  9.243E-01  8.929E-01  8.530E-01  8.052E-01  7.500E-01  6.880E-01  6.200E-01  5.471E-01  4.704E-01  3.914E-01  3.119E-01  2.343E-01  1.619E-01  9.855E-02  4.751E-02
  395.0000  7.491E-01  7.456E-01  7.350E-01  7.175E-01  6.932E-01  6.625E-01  6.255E-01  5.829E-01  5.349E-01  4.824E-01  4.260E-01  3.665E-01  3.052E-01  2.434E-01  1.830E-01  1.264E-01  7.684E-02  3.699E-02
  400.0000  1.391E+00  1.385E+00  1.365E+00  1.333E+00  1.288E+00  1.231E+00  1.163E+00  1.084E+00  9.954E-01  8.981E-01  7.935E-01  6.833E-01  5.694E-01  4.545E-01  3.419E-01  2.362E-01  1.434E-01  6.891E-02
  405.0000  1.419E+00  1.412E+00  1.393E+00  1.360E+00  1.314E+00  1.257E+00  1.187E+00  1.107E+00  1.017E+00  9.181E-01  8.117E-01  6.995E-01  5.834E-01  4.660E-01  3.508E-01  2.424E-01  1.469E-01  7.048E-02
  410.0000  1.464E+00  1.457E+00  1.437E+00  1.403E+00  1.356E+00  1.297E+00  1.226E+00  1.143E+00  1.051E+00  9.491E-01  8.397E-01  7.241E-01  6.044E-01  4.832E-01  3.640E-01  2.515E-01  1.523E-01  7.291E-02
  415.0000  1.526E+00  1.519E+00  1.497E+00  1.462E+00  1.414E+00  1.352E+00  1.279E+00  1.193E+00  1.097E+00  9.913E-01  8.775E-01  7.573E-01  6.326E-01  5.061E-01  3.815E-01  2.637E-01  1.595E-01  7.620E-02
  420.0000  1.540E+00  1.533E+00  1.512E+00  1.477E+00  1.428E+00  1.366E+00  1.292E+00  1.206E+00  1.109E+00  1.003E+00  8.883E-01  7.671E-01  6.413E-01  5.135E-01  3.874E-01  2.678E-01  1.618E-01  7.714E-02
  425.0000  1.471E+00  1.464E+00  1.444E+00  1.410E+00  1.364E+00  1.305E+00  1.235E+00  1.153E+00  1.061E+00  9.596E-01  8.504E-01  7.349E-01  6.148E-01  4.927E-01  3.720E-01  2.572E-01  1.552E-01  7.385E-02
  430.0000  1.357E+00  1.351E+00  1.332E+00  1.302E+00  1.259E+00  1.205E+00  1.140E+00  1.065E+00  9.802E-01  8.871E-01  7.866E-01  6.801E-01  5.695E-01  4.568E-01  3.451E-01  2.387E-01  1.439E-01  6.831E-02
  435.0000  1.576E+00  1.568E+00  1.547E+00  1.511E+00  1.462E+00  1.400E+00  1.325E+00  1.238E+00  1.140E+00  1.032E+00  9.155E-01  7.921E-01  6.637E-01  5.328E-01  4.028E-01  2.787E-01  1.679E-01  7.951E-02
  440.0000  1.621E+00  1.614E+00  1.592E+00  1.556E+00  1.505E+00  1.441E+00  1.364E+00  1.275E+00  1.174E+00  1.064E+00  9.442E-01  8.174E-01  6.854E-01  5.507E-01  4.166E-01  2.884E-01  1.736E-01  8.201E-02
  445.0000  1.742E+00  1.734E+00  1.710E+00  1.671E+00  1.617E+00  1.549E+00  1.466E+00  1.371E+00  1.263E+00  1.145E+00  1.017E+00  8.806E-01  7.389E-01  5.941E-01  4.499E-01  3.116E-01  1.874E-01  8.831E-02
  450.0000  1.853E+00  1.844E+00  1.819E+00  1.778E+00  1.721E+00  1.648E+00  1.561E+00  1.460E+00  1.345E+00  1.220E+00  1.084E+00  9.393E-01  7.887E-01  6.346E-01  4.809E-01  3.333E-01  2.003E-01  9.415E-02
  455.0000  1.813E+00  1.805E+00  1.781E+00  1.741E+00  1.685E+00  1.614E+00  1.529E+00  1.430E+00  1.319E+00  1.196E+00  1.063E+00  9.218E-01  7.746E-01  6.237E-01  4.731E-01  3.280E-01  1.970E-01  9.237E-02
  460.0000  1.867E+00  1.859E+00  1.834E+00  1.793E+00  1.735E+00  1.663E+00  1.575E+00  1.474E+00  1.359E+00  1.233E+00  1.097E+00  9.516E-01  8.001E-01  6.448E-01  4.894E-01  3.395E-01  2.038E-01  9.530E-02
  465.0000  1.846E+00  1.838E+00  1.813E+00  1.773E+00  1.716E+00  1.645E+00  1.558E+00  1.458E+00  1.346E+00  1.221E+00  1.086E+00  9.433E-01  7.936E-01  6.400E-01  4.862E-01  3.375E-01  2.025E-01  9.445E-02
  470.0000  1.836E+00  1.828E+00  1.804E+00  1.764E+00  1.708E+00  1.637E+00  1.551E+00  1.452E+00  1.340E+00  1.216E+00  1.083E+00  9.405E-01  7.918E-01  6.390E-01  4.858E-01  3.374E-01  2.024E-01  9.416E-02
  475.0000  1.859E+00  1.850E+00  1.826E+00  1.785E+00  1.729E+00  1.657E+00  1.571E+00  1.470E+00  1.357E+00  1.233E+00  1.098E+00  9.540E-01  8.036E-01  6.491E-01  4.938E-01  3.432E-01  2.059E-01  9.549E-02
  480.0000  1.914E+00  1.905E+00  1.880E+00  1.838E+00  1.780E+00  1.707E+00  1.618E+00  1.515E+00  1.399E+00  1.271E+00  1.132E+00  9.844E-01  8.297E-01  6.706E-01  5.106E-01  3.551E-01  2.129E-01  9.847E-02
  485.0000  1.739E+00  1.731E+00  1.708E+00  1.670E+00  1.618E+00  1.551E+00  1.471E+00  1.378E+00  1.272E+00  1.156E+00  1.030E+00  8.964E-01  7.559E-01  6.114E-01  4.659E-01  3.242E-01  1.943E-01  8.966E-02
  490.0000  1.811E+00  1.803E+00  1.779E+00  1.740E+00  1.685E+00  1.616E+00  1.532E+00  1.436E+00  1.326E+00  1.206E+00  1.075E+00  9.355E-01  7.894E-01  6.389E-01  4.872E-01  3.393E-01  2.034E-01  9.359E-02
  495.0000  1.845E+00  1.837E+00  1.813E+00  1.773E+00  1.718E+00  1.647E+00  1.562E+00  1.464E+00  1.353E+00  1.230E+00  1.097E+00  9.552E-01  8.064E-01  6.531E-01  4.984E-01  3.473E-01  2.082E-01  9.556E-02
  500.0000  1.762E+00  1.754E+00  1.731E+00  1.693E+00  1.640E+00  1.573E+00  1.492E+00  1.398E+00  1.293E+00  1.176E+00  1.049E+00  9.136E-01  7.717E-01  6.254E-01  4.776E-01  3.330E-01  1.996E-01  9.136E-02
  505.0000  1.792E+00  1.784E+00  1.761E+00  1.722E+00  1.669E+00  1.601E+00  1.519E+00  1.423E+00  1.316E+00  1.197E+00  1.068E+00  9.311E-01  7.869E-01  6.380E-01  4.876E-01  3.402E-01  2.039E-01  9.306E-02
  510.0000  1.777E+00  1.769E+00  1.746E+00  1.708E+00  1.655E+00  1.588E+00  1.506E+00  1.412E+00  1.306E+00  1.188E+00  1.061E+00  9.249E-01  7.821E-01  6.345E-01  4.853E-01  3.388E-01  2.031E-01  9.248E-02
  515.0000  1.648E+00  1.640E+00  1.619E+00  1.584E+00  1.535E+00  1.473E+00  1.397E+00  1.310E+00  1.212E+00  1.103E+00  9.851E-01  8.592E-01  7.268E-01  5.901E-01  4.516E-01  3.155E-01  1.892E-01  8.593E-02
  520.0000  1.695E+00  1.687E+00  1.666E+00  1.629E+00  1.579E+00  1.515E+00  1.438E+00  1.349E+00  1.248E+00  1.136E+00  1.015E+00  8.852E-01  7.492E-01  6.086E-01  4.661E-01  3.259E-01  1.954E-01  8.855E-02
  525.0000  1.702E+00  1.695E+00  1.673E+00  1.637E+00  1.586E+00  1.522E+00  1.445E+00  1.355E+00  1.254E+00  1.142E+00  1.020E+00  8.905E-01  7.540E-01  6.128E-01  4.696E-01  3.286E-01  1.970E-01  8.906E-02
  530.0000  1.796E+00  1.788E+00  1.765E+00  1.727E+00  1.673E+00  1.606E+00  1.525E+00  1.430E+00  1.324E+00  1.206E+00  1.078E+00  9.408E-01  7.969E-01  6.480E-01  4.969E-01  3.478E-01  2.086E-01  9.403E-02
  535.0000  1.741E+00  1.734E+00  1.711E+00  1.674E+00  1.623E+00  1.558E+00  1.479E+00  1.388E+00  1.284E+00  1.170E+00  1.046E+00  9.136E-01  7.743E-01  6.299E-01  4.833E-01  3.386E-01  2.031E-01  9.134E-02
  540.0000  1.743E+00  1.736E+00  1.713E+00  1.676E+00  1.625E+00  1.560E+00  1.481E+00  1.390E+00  1.287E+00  1.172E+00  1.048E+00  9.160E-01  7.766E-01  6.322E-01  4.854E-01  3.403E-01  2.041E-01  9.163E-02
  545.0000  1.770E+00  1.762E+00  1.740E+00  1.702E+00  1.650E+00  1.584E+00  1.504E+00  1.412E+00  1.307E+00  1.191E+00  1.066E+00  9.314E-01  7.900E-01  6.434E-01  4.943E-01  3.467E-01  2.081E-01  9.319E-02
  550.0000  1.776E+00  1.768E+00  1.746E+00  1.708E+00  1.656E+00  1.590E+00  1.510E+00  1.417E+00  1.313E+00  1.197E+00  1.071E+00  9.360E-01  7.941E-01  6.471E-01  4.974E-01  3.492E-01  2.096E-01  9.368E-02
  555.0000  1.764E+00  1.756E+00  1.734E+00  1.697E+00  1.645E+00  1.579E+00  1.500E+00  1.408E+00  1.304E+00  1.189E+00  1.065E+00  9.311E-01  7.904E-01  6.444E-01  4.958E-01  3.483E-01  2.092E-01  9.325E-02
  560.0000  1.721E+00  1.714E+00  1.692E+00  1.656E+00  1.605E+00  1.541E+00  1.464E+00  1.375E+00  1.274E+00  1.162E+00  1.040E+00  9.097E-01  7.725E-01  6.301E-01  4.850E-01  3.410E-01  2.048E-01  9.111E-02
  565.0000  1.726E+00  1.718E+00  1.697E+00  1.660E+00  1.610E+00  1.546E+00  1.469E+00  1.379E+00  1.278E+00  1.166E+00  1.044E+00  9.132E-01  7.758E-01  6.331E-01  4.875E-01  3.429E-01  2.060E-01  9.145E-02
  570.0000  1.717E+00  1.710E+00  1.688E+00  1.652E+00  1.602E+00  1.539E+00  1.462E+00  1.373E+00  1.272E+00  1.161E+00  1.039E+00  9.098E-01  7.731E-01  6.312E-01  4.863E-01  3.423E-01  2.057E-01  9.114E-02
  575.0000  1.747E+00  1.740E+00  1.718E+00  1.681E+00  1.630E+00  1.565E+00  1.488E+00  1.397E+00  1.295E+00  1.181E+00  1.058E+00  9.266E-01  7.877E-01  6.434E-01  4.960E-01  3.493E-01  2.100E-01  9.290E-02
  580.0000  1.718E+00  1.710E+00  1.689E+00  1.653E+00  1.603E+00  1.539E+00  1.463E+00  1.374E+00  1.274E+00  1.162E+00  1.042E+00  9.122E-01  7.757E-01  6.338E-01  4.890E-01  3.446E-01  2.073E-01  9.159E-02
  585.0000  1.717E+00  1.710E+00  1.689E+00  1.653E+00  1.603E+00  1.540E+00  1.463E+00  1.375E+00  1.274E+00  1.163E+00  1.042E+00  9.132E-01  7.769E-01  6.351E-01  4.903E-01  3.458E-01  2.082E-01  9.186E-02
  590.0000  1.657E+00  1.650E+00  1.629E+00  1.595E+00  1.547E+00  1.486E+00  1.412E+00  1.327E+00  1.230E+00  1.123E+00  1.007E+00  8.821E-01  7.506E-01  6.139E-01  4.742E-01  3.347E-01  2.016E-01  8.883E-02
  595.0000  1.691E+00  1.684E+00  1.663E+00  1.628E+00  1.579E+00  1.517E+00  1.442E+00  1.355E+00  1.256E+00  1.147E+00  1.028E+00  9.013E-01  7.672E-01  6.277E-01  4.851E-01  3.426E-01  2.064E-01  9.082E-02
  600.0000  1.652E+00  1.645E+00  1.625E+00  1.590E+00  1.543E+00  1.482E+00  1.409E+00  1.324E+00  1.228E+00  1.121E+00  1.005E+00  8.813E-01  7.504E-01  6.142E-01  4.748E-01  3.355E-01  2.023E-01  8.883E-02
  605.0000  1.671E+00  1.664E+00  1.644E+00  1.609E+00  1.561E+00  1.499E+00  1.425E+00  1.339E+00  1.242E+00  1.135E+00  1.018E+00  8.924E-01  7.601E-01  6.224E-01  4.814E-01  3.404E-01  2.053E-01  9.006E-02
  610.0000  1.648E+00  1.641E+00  1.621E+00  1.586E+00  1.539E+00  1.479E+00  1.406E+00  1.321E+00  1.225E+00  1.120E+00  1.004E+00  8.809E-01  7.506E-01  6.148E-01  4.759E-01  3.367E-01  2.033E-01  8.911E-02
  615.0000  1.606E+00  1.600E+00  1.580E+00  1.546E+00  1.500E+00  1.441E+00  1.371E+00  1.288E+00  1.195E+00  1.092E+00  9.798E-01  8.596E-01  7.327E-01  6.005E-01  4.650E-01  3.293E-01  1.990E-01  8.718E-02
  620.0000  1.628E+00  1.621E+00  1.601E+00  1.567E+00  1.520E+00  1.461E+00  1.389E+00  1.306E+00  1.211E+00  1.107E+00  9.936E-01  8.719E-01  7.434E-01  6.095E-01  4.723E-01  3.347E-01  2.024E-01  8.863E-02
  625.0000  1.591E+00  1.585E+00  1.565E+00  1.532E+00  1.486E+00  1.428E+00  1.358E+00  1.277E+00  1.185E+00  1.083E+00  9.721E-01  8.533E-01  7.277E-01  5.969E-01  4.628E-01  3.282E-01  1.986E-01  8.692E-02
  630.0000  1.592E+00  1.585E+00  1.565E+00  1.533E+00  1.487E+00  1.429E+00  1.359E+00  1.278E+00  1.186E+00  1.084E+00  9.732E-01  8.544E-01  7.289E-01  5.981E-01  4.639E-01  3.293E-01  1.994E-01  8.723E-02
  635.0000  1.579E+00  1.572E+00  1.553E+00  1.520E+00  1.475E+00  1.418E+00  1.348E+00  1.268E+00  1.177E+00  1.076E+00  9.660E-01  8.483E-01  7.239E-01  5.943E-01  4.612E-01  3.275E-01  1.985E-01  8.681E-02
  640.0000  1.559E+00  1.552E+00  1.533E+00  1.501E+00  1.456E+00  1.400E+00  1.331E+00  1.252E+00  1.162E+00  1.063E+00  9.544E-01  8.383E-01  7.156E-01  5.877E-01  4.563E-01  3.243E-01  1.967E-01  8.599E-02
  644.8000  1.548E+00  1.542E+00  1.523E+00  1.491E+00  1.447E+00  1.390E+00  1.323E+00  1.244E+00  1.155E+00  1.056E+00  9.486E-01  8.334E-01  7.116E-01  5.846E-01  4.542E-01  3.230E-01  1.961E-01  8.568E-02
  651.0500  1.527E+00  1.521E+00  1.502E+00  1.471E+00  1.427E+00  1.372E+00  1.305E+00  1.228E+00  1.140E+00  1.042E+00  9.366E-01  8.230E-01  7.030E-01  5.778E-01  4.491E-01  3.197E-01  1.942E-01  8.483E-02
  660.0000  1.447E+00  1.441E+00  1.423E+00  1.394E+00  1.353E+00  1.300E+00  1.237E+00  1.164E+00  1.081E+00  9.886E-01  8.884E-01  7.810E-01  6.674E-01  5.489E-01  4.270E-01  3.043E-01  1.851E-01  8.082E-02
  670.0000  1.483E+00  1.477E+00  1.459E+00  1.428E+00  1.386E+00  1.333E+00  1.268E+00  1.193E+00  1.108E+00  1.014E+00  9.116E-01  8.017E-01  6.855E-01  5.641E-01  4.393E-01  3.134E-01  1.910E-01  8.332E-02
  680.0000  1.454E+00  1.448E+00  1.431E+00  1.401E+00  1.360E+00  1.307E+00  1.244E+00  1.171E+00  1.087E+00  9.954E-01  8.950E-01  7.874E-01  6.735E-01  5.546E-01  4.323E-01  3.088E-01  1.884E-01  8.218E-02
  690.0000  1.432E+00  1.426E+00  1.409E+00  1.380E+00  1.339E+00  1.288E+00  1.225E+00  1.153E+00  1.071E+00  9.809E-01  8.823E-01  7.765E-01  6.645E-01  5.475E-01  4.270E-01  3.054E-01  1.866E-01  8.136E-02
  700.0000  1.406E+00  1.400E+00  1.383E+00  1.354E+00  1.315E+00  1.264E+00  1.203E+00  1.133E+00  1.052E+00  9.637E-01  8.670E-01  7.633E-01  6.535E-01  5.387E-01  4.206E-01  3.011E-01  1.842E-01  8.031E-02
  710.0000  1.372E+00  1.367E+00  1.350E+00  1.322E+00  1.283E+00  1.234E+00  1.175E+00  1.106E+00  1.028E+00  9.413E-01  8.470E-01  7.459E-01  6.389E-01  5.270E-01  4.117E-01  2.950E-01  1.807E-01  7.877E-02
  720.0000  1.326E+00  1.321E+00  1.305E+00  1.278E+00  1.241E+00  1.193E+00  1.136E+00  1.069E+00  9.940E-01  9.105E-01  8.196E-01  7.219E-01  6.186E-01  5.105E-01  3.991E-01  2.862E-01  1.756E-01  7.652E-02
  730.0000  1.295E+00  1.290E+00  1.274E+00  1.248E+00  1.211E+00  1.165E+00  1.109E+00  1.044E+00  9.709E-01  8.895E-01  8.008E-01  7.056E-01  6.048E-01  4.994E-01  3.907E-01  2.805E-01  1.723E-01  7.506E-02
------------------------------------------------------------
Dose rates, W m-2
   1 = UV-B, 280-315 nm                                  
   2 = UV-B*, 280-320 nm                                 
   3 = UV-A, 315-400 nm                                  
   4 = DNA damage, in vitro (Setlow, 1974)               
   5 = UV index (WMO, 1994; Webb et al., 2011)           
   6 = Plant damage (Caldwell, 1971)                     
   7 = Plant damage,Flint&Caldwell,2003,orig.            
   8 = Plant damage,Flint&Caldwell,2003,ext390           
values at z =      0.000 km
Columns: sza, weighting spectra
 sza, deg.          1          2          3          4          5          6          7          8
    0.0000  7.988E+00  9.278E+00  6.247E+01  6.590E-01  1.488E+02  7.246E+00  8.223E+00  8.693E+00
    5.0000  7.938E+00  9.222E+00  6.216E+01  6.530E-01  1.477E+02  7.189E+00  8.163E+00  8.630E+00
   10.0000  7.789E+00  9.052E+00  6.123E+01  6.351E-01  1.445E+02  7.019E+00  7.981E+00  8.442E+00
   15.0000  7.540E+00  8.769E+00  5.970E+01  6.040E-01  1.392E+02  6.729E+00  7.673E+00  8.123E+00
   20.0000  7.208E+00  8.390E+00  5.759E+01  5.672E-01  1.322E+02  6.365E+00  7.280E+00  7.714E+00
   25.0000  6.788E+00  7.910E+00  5.491E+01  5.198E-01  1.234E+02  5.903E+00  6.782E+00  7.197E+00
   30.0000  6.293E+00  7.345E+00  5.170E+01  4.660E-01  1.131E+02  5.372E+00  6.204E+00  6.595E+00
   35.0000  5.731E+00  6.703E+00  4.801E+01  4.072E-01  1.016E+02  4.782E+00  5.558E+00  5.921E+00
   40.0000  5.124E+00  6.006E+00  4.389E+01  3.473E-01  8.944E+01  4.169E+00  4.880E+00  5.213E+00
   45.0000  4.481E+00  5.266E+00  3.940E+01  2.877E-01  7.676E+01  3.541E+00  4.178E+00  4.478E+00
   50.0000  3.820E+00  4.503E+00  3.461E+01  2.305E-01  6.403E+01  2.921E+00  3.476E+00  3.741E+00
   55.0000  3.160E+00  3.739E+00  2.961E+01  1.779E-01  5.167E+01  2.330E+00  2.800E+00  3.027E+00
   60.0000  2.522E+00  2.998E+00  2.451E+01  1.316E-01  4.012E+01  1.788E+00  2.171E+00  2.360E+00
   65.0000  1.928E+00  2.302E+00  1.945E+01  9.289E-02  2.974E+01  1.311E+00  1.610E+00  1.760E+00
   70.0000  1.394E+00  1.673E+00  1.458E+01  6.216E-02  2.084E+01  9.102E-01  1.130E+00  1.243E+00
   75.0000  9.365E-01  1.130E+00  1.010E+01  3.908E-02  1.359E+01  5.894E-01  7.395E-01  8.173E-01
   80.0000  5.614E-01  6.800E-01  6.191E+00  2.256E-02  7.975E+00  3.448E-01  4.363E-01  4.838E-01
   85.0000  2.690E-01  3.263E-01  2.998E+00  1.096E-02  3.824E+00  1.657E-01  2.101E-01  2.331E-01
------------------------------------------------------------
