Spectral Irradiance, W m-2 nm-1
values at z =      0.000 km
Columns: wavelength (nm), solar zenith angles (deg.)
    wc, nm      0.000      5.000     10.000     15.000     20.000     25.000     30.000     35.000     40.000     45.000     50.000     55.000     60.000     65.000     70.000     75.000     80.000     85.000
  120.7000  0.000E+00  0.000E+00  0.000E+00  0.000E+00  0.000E+00  0.000E+00  0.000E+00  0.000E+00  0.000E+00  0.000E+00  0.000E+00  0.000E+00  0.000E+00  0.000E+00  0.000E+00  0.000E+00  0.000E+00  0.000E+00
  121.6500  0.000E+00  0.000E+00  0.000E+00  0.000E+00  0.000E+00  0.000E+00  0.000E+00  0.000E+00  0.000E+00  0.000E+00  0.000E+00  0.000E+00  0.000E+00  0.000E+00  0.000E+00  0.000E+00  0.000E+00  0.000E+00
  122.1000  0.000E+00  0.000E+00  0.000E+00  0.000E+00  0.000E+00  0.000E+00  0.000E+00  0.000E+00  0.000E+00  0.000E+00  0.000E+00  0.000E+00  0.000E+00  0.000E+00  0.000E+00  0.000E+00  0.000E+00  0.000E+00
  122.7000  0.000E+00  0.000E+00  0.000E+00  0.000E+00  0.000E+00  0.000E+00  0.000E+00  0.000E+00  0.000E+00  0.000E+00  0.000E+00  0.000E+00  0.000E+00  0.000E+00  0.000E+00  0.000E+00  0.000E+00  0.000E+00
  123.4500  0.000E+00  0.000E+00  0.000E+00  0.000E+00  0.000E+00  0.000E+00  0.000E+00  0.000E+00  0.000E+00  0.000E+00  0.000E+00  0.000E+00  0.000E+00  0.000E+00  0.000E+00  0.000E+00  0.000E+00  0.000E+00
  124.2000  0.000E+00  0.000E+00  0.000E+00  0.000E+00  0.000E+00  0.000E+00  0.000E+00  0.000E+00  0.000E+00  0.000E+00  0.000E+00  0.000E+00  0.000E+00  0.000E+00  0.000E+00  0.000E+00  0.000E+00  0.000E+00
  125.0000  0.000E+00  0.000E+00  0.000E+00  0.000E+00  0.000E+00  0.000E+00  0.000E+00  0.000E+00  0.000E+00  0.000E+00  0.000E+00  0.000E+00  0.000E+00  0.000E+00  0.000E+00  0.000E+00  0.000E+00  0.000E+00
  125.8000  0.000E+00  0.000E+00  0.000E+00  0.000E+00  0.000E+00  0.000E+00  0.000E+00  0.000E+00  0.000E+00  0.000E+00  0.000E+00  0.000E+00  0.000E+00  0.000E+00  0.000E+00  0.000E+00  0.000E+00  0.000E+00
  126.6000  0.000E+00  0.000E+00  0.000E+00  0.000E+00  0.000E+00  0.000E+00  0.000E+00  0.000E+00  0.000E+00  0.000E+00  0.000E+00  0.000E+00  0.000E+00  0.000E+00  0.000E+00  0.000E+00  0.000E+00  0.000E+00
  127.8000  0.000E+00  0.000E+00  0.000E+00  0.000E+00  0.000E+00  0.000E+00  0.000E+00  0.000E+00  0.000E+00  0.000E+00  0.000E+00  0.000E+00  0.000E+00  0.000E+00  0.000E+00  0.000E+00  0.000E+00  0.000E+00
  129.0000  0.000E+00  0.000E+00  0.000E+00  0.000E+00  0.000E+00  0.000E+00  0.000E+00  0.000E+00  0.000E+00  0.000E+00  0.000E+00  0.000E+00  0.000E+00  0.000E+00  0.000E+00  0.000E+00  0.000E+00  0.000E+00
  129.8500  0.000E+00  0.000E+00  0.000E+00  0.000E+00  0.000E+00  0.000E+00  0.000E+00  0.000E+00  0.000E+00  0.000E+00  0.000E+00  0.000E+00  0.000E+00  0.000E+00  0.000E+00  0.000E+00  0.000E+00  0.000E+00
  131.1500  0.000E+00  0.000E+00  0.000E+00  0.000E+00  0.000E+00  0.000E+00  0.000E+00  0.000E+00  0.000E+00  0.000E+00  0.000E+00  0.000E+00  0.000E+00  0.000E+00  0.000E+00  0.000E+00  0.000E+00  0.000E+00
  133.5000  0.000E+00  0.000E+00  0.000E+00  0.000E+00  0.000E+00  0.000E+00  0.000E+00  0.000E+00  0.000E+00  0.000E+00  0.000E+00  0.000E+00  0.000E+00  0.000E+00  0.000E+00  0.000E+00  0.000E+00  0.000E+00
  136.0000  0.000E+00  0.000E+00  0.000E+00  0.000E+00  0.000E+00  0.000E+00  0.000E+00  0.000E+00  0.000E+00  0.000E+00  0.000E+00  0.000E+00  0.000E+00  0.000E+00  0.000E+00  0.000E+00  0.000E+00  0.000E+00
  141.0000  0.000E+00  0.000E+00  0.000E+00  0.000E+00  0.000E+00  0.000E+00  0.000E+00  0.000E+00  0.000E+00  0.000E+00  0.000E+00  0.000E+00  0.000E+00  0.000E+00  0.000E+00  0.000E+00  0.000E+00  0.000E+00
  150.0000  0.000E+00  0.000E+00  0.000E+00  0.000E+00  0.000E+00  0.000E+00  0.000E+00  0.000E+00  0.000E+00  0.000E+00  0.000E+00  0.000E+00  0.000E+00  0.000E+00  0.000E+00  0.000E+00  0.000E+00  0.000E+00
  160.0000  0.000E+00  0.000E+00  0.000E+00  0.000E+00  0.000E+00  0.000E+00  0.000E+00  0.000E+00  0.000E+00  0.000E+00  0.000E+00  0.000E+00  0.000E+00  0.000E+00  0.000E+00  0.000E+00  0.000E+00  0.000E+00
  167.5000  0.000E+00  0.000E+00  0.000E+00  0.000E+00  0.000E+00  0.000E+00  0.000E+00  0.000E+00  0.000E+00  0.000E+00  0.000E+00  0.000E+00  0.000E+00  0.000E+00  0.000E+00  0.000E+00  0.000E+00  0.000E+00
  172.7000  0.000E+00  0.000E+00  0.000E+00  0.000E+00  0.000E+00  0.000E+00  0.000E+00  0.000E+00  0.000E+00  0.000E+00  0.000E+00  0.000E+00  0.000E+00  0.000E+00  0.000E+00  0.000E+00  0.000E+00  0.000E+00
  176.2000  0.000E+00  0.000E+00  0.000E+00  0.000E+00  0.000E+00  0.000E+00  0.000E+00  0.000E+00  0.000E+00  0.000E+00  0.000E+00  0.000E+00  0.000E+00  0.000E+00  0.000E+00  0.000E+00  0.000E+00  0.000E+00
  177.8000  0.000E+00  0.000E+00  0.000E+00  0.000E+00  0.000E+00  0.000E+00  0.000E+00  0.000E+00  0.000E+00  0.000E+00  0.000E+00  0.000E+00  0.000E+00  0.000E+00  0.000E+00  0.000E+00  0.000E+00  0.000E+00
  179.4000  0.000E+00  0.000E+00  0.000E+00  0.000E+00  0.000E+00  0.000E+00  0.000E+00  0.000E+00  0.000E+00  0.000E+00  0.000E+00  0.000E+00  0.000E+00  0.000E+00  0.000E+00  0.000E+00  0.000E+00  0.000E+00
  181.0000  0.000E+00  0.000E+00  0.000E+00  0.000E+00  0.000E+00  0.000E+00  0.000E+00  0.000E+00  0.000E+00  0.000E+00  0.000E+00  0.000E+00  0.000E+00  0.000E+00  0.000E+00  0.000E+00  0.000E+00  0.000E+00
  182.6500  0.000E+00  0.000E+00  0.000E+00  0.000E+00  0.000E+00  0.000E+00  0.000E+00  0.000E+00  0.000E+00  0.000E+00  0.000E+00  0.000E+00  0.000E+00  0.000E+00  0.000E+00  0.000E+00  0.000E+00  0.000E+00
  184.3500  0.000E+00  0.000E+00  0.000E+00  0.000E+00  0.000E+00  0.000E+00  0.000E+00  0.000E+00  0.000E+00  0.000E+00  0.000E+00  0.000E+00  0.000E+00  0.000E+00  0.000E+00  0.000E+00  0.000E+00  0.000E+00
  186.0500  0.000E+00  0.000E+00  0.000E+00  0.000E+00  0.000E+00  0.000E+00  0.000E+00  0.000E+00  0.000E+00  0.000E+00  0.000E+00  0.000E+00  0.000E+00  0.000E+00  0.000E+00  0.000E+00  0.000E+00  0.000E+00
  187.8000  0.000E+00  0.000E+00  0.000E+00  0.000E+00  0.000E+00  0.000E+00  0.000E+00  0.000E+00  0.000E+00  0.000E+00  0.000E+00  0.000E+00  0.000E+00  0.000E+00  0.000E+00  0.000E+00  0.000E+00  0.000E+00
  189.6000  0.000E+00  0.000E+00  0.000E+00  0.000E+00  0.000E+00  0.000E+00  0.000E+00  0.000E+00  0.000E+00  0.000E+00  0.000E+00  0.000E+00  0.000E+00  0.000E+00  0.000E+00  0.000E+00  0.000E+00  0.000E+00
  191.4000  0.000E+00  0.000E+00  0.000E+00  0.000E+00  0.000E+00  0.000E+00  0.000E+00  0.000E+00  0.000E+00  0.000E+00  0.000E+00  0.000E+00  0.000E+00  0.000E+00  0.000E+00  0.000E+00  0.000E+00  0.000E+00
  193.2500  0.000E+00  0.000E+00  0.000E+00  0.000E+00  0.000E+00  0.000E+00  0.000E+00  0.000E+00  0.000E+00  0.000E+00  0.000E+00  0.000E+00  0.000E+00  0.000E+00  0.000E+00  0.000E+00  0.000E+00  0.000E+00
  195.1500  0.000E+00  0.000E+00  0.000E+00  0.000E+00  0.000E+00  0.000E+00  0.000E+00  0.000E+00  0.000E+00  0.000E+00  0.000E+00  0.000E+00  0.000E+00  0.000E+00  0.000E+00  0.000E+00  0.000E+00  0.000E+00
  197.0500  0.000E+00  0.000E+00  0.000E+00  0.000E+00  0.000E+00  0.000E+00  0.000E+00  0.000E+00  0.000E+00  0.000E+00  0.000E+00  0.000E+00  0.000E+00  0.000E+00  0.000E+00  0.000E+00  0.000E+00  0.000E+00
  199.0000  0.000E+00  0.000E+00  0.000E+00  0.000E+00  0.000E+00  0.000E+00  0.000E+00  0.000E+00  0.000E+00  0.000E+00  0.000E+00  0.000E+00  0.000E+00  0.000E+00  0.000E+00  0.000E+00  0.000E+00  0.000E+00
  201.0000  0.000E+00  0.000E+00  0.000E+00  0.000E+00  0.000E+00  0.000E+00  0.000E+00  0.000E+00  0.000E+00  0.000E+00  0.000E+00  0.000E+00  0.000E+00  0.000E+00  0.000E+00  0.000E+00  0.000E+00  0.000E+00
  203.0500  0.000E+00  0.000E+00  0.000E+00  0.000E+00  0.000E+00  0.000E+00  0.000E+00  0.000E+00  0.000E+00  0.000E+00  0.000E+00  0.000E+00  0.000E+00  0.000E+00  0.000E+00  0.000E+00  0.000E+00  0.000E+00
  205.1500  0.000E+00  0.000E+00  0.000E+00  0.000E+00  0.000E+00  0.000E+00  0.000E+00  0.000E+00  0.000E+00  0.000E+00  0.000E+00  0.000E+00  0.000E+00  0.000E+00  0.000E+00  0.000E+00  0.000E+00  0.000E+00
  207.2665  1.122E-19  9.633E-20  6.057E-20  2.742E-20  8.666E-21  1.825E-21  2.397E-22  1.789E-23  6.736E-25  1.140E-26  1.223E-28  9.744E-30  3.780E-30  2.046E-30  1.220E-30  7.309E-31  4.095E-31  1.893E-31
  209.4295  1.103E-18  9.532E-19  6.119E-19  2.870E-19  9.550E-20  2.158E-20  3.105E-21  2.609E-22  1.142E-23  2.346E-25  3.144E-27  2.606E-28  1.001E-28  5.432E-29  3.256E-29  1.961E-29  1.101E-29  5.094E-30
  211.6460  1.409E-17  1.227E-17  8.072E-18  3.947E-18  1.396E-18  3.424E-19  5.491E-20  5.304E-21  2.779E-22  7.202E-24  1.182E-25  1.145E-26  4.365E-27  2.379E-27  1.439E-27  8.737E-28  4.931E-28  2.284E-28
  213.9100  7.217E-17  6.324E-17  4.233E-17  2.133E-17  7.882E-18  2.052E-18  3.557E-19  3.797E-20  2.263E-21  6.916E-23  1.469E-24  1.331E-25  4.971E-26  2.718E-26  1.662E-26  1.019E-26  5.788E-27  2.686E-27
  216.2225  3.309E-16  2.918E-16  1.990E-16  1.036E-16  4.009E-17  1.112E-17  2.095E-18  2.491E-19  1.705E-20  6.232E-22  1.617E-23  1.497E-24  5.455E-25  3.001E-25  1.863E-25  1.159E-25  6.641E-26  3.093E-26
  218.5855  2.781E-15  2.470E-15  1.723E-15  9.316E-16  3.815E-16  1.142E-16  2.377E-17  3.217E-18  2.604E-19  1.186E-20  3.966E-22  3.868E-23  1.373E-23  7.632E-24  4.838E-24  3.070E-24  1.786E-24  8.377E-25
  221.0010  1.104E-14  9.860E-15  6.988E-15  3.882E-15  1.653E-15  5.222E-16  1.167E-16  1.730E-17  1.577E-18  8.365E-20  3.273E-21  3.137E-22  1.068E-22  6.004E-23  3.897E-23  2.528E-23  1.496E-23  7.087E-24
  223.4705  4.299E-14  3.855E-14  2.768E-14  1.573E-14  6.926E-15  2.289E-15  5.426E-16  8.693E-17  8.755E-18  5.278E-19  2.331E-20  2.123E-21  6.857E-22  3.915E-22  2.610E-22  1.736E-22  1.049E-22  5.043E-23
  225.9960  1.160E-13  1.045E-13  7.619E-14  4.441E-14  2.029E-14  7.055E-15  1.788E-15  3.127E-16  3.528E-17  2.459E-18  1.243E-19  1.082E-20  3.299E-21  1.926E-21  1.324E-21  9.071E-22  5.641E-22  2.772E-22
  228.5790  2.445E-13  2.209E-13  1.625E-13  9.614E-14  4.492E-14  1.609E-14  4.248E-15  7.827E-16  9.450E-17  7.141E-18  3.787E-19  2.933E-20  8.334E-21  5.002E-21  3.550E-21  2.505E-21  1.607E-21  8.131E-22
  231.2215  3.128E-13  2.829E-13  2.086E-13  1.240E-13  5.835E-14  2.111E-14  5.643E-15  1.057E-15  1.302E-16  9.994E-18  5.116E-19  3.307E-20  8.684E-21  5.378E-21  3.929E-21  2.849E-21  1.884E-21  9.860E-22
  233.9260  2.092E-13  1.891E-13  1.392E-13  8.253E-14  3.867E-14  1.391E-14  3.693E-15  6.851E-16  8.311E-17  6.182E-18  2.884E-19  1.482E-20  3.586E-21  2.296E-21  1.721E-21  1.281E-21  8.731E-22  4.746E-22
  236.6945  1.653E-13  1.492E-13  1.093E-13  6.431E-14  2.980E-14  1.056E-14  2.745E-15  4.955E-16  5.783E-17  4.039E-18  1.657E-19  6.555E-21  1.463E-21  9.686E-22  7.432E-22  5.660E-22  3.978E-22  2.255E-22
  239.5295  2.665E-13  2.412E-13  1.783E-13  1.064E-13  5.036E-14  1.836E-14  4.951E-15  9.349E-16  1.149E-16  8.425E-18  3.468E-19  1.180E-20  2.469E-21  1.696E-21  1.341E-21  1.057E-21  7.800E-22  4.762E-22
  242.4330  1.412E-12  1.284E-12  9.618E-13  5.877E-13  2.876E-13  1.096E-13  3.126E-14  6.316E-15  8.384E-16  6.631E-17  2.838E-18  8.746E-20  1.731E-20  1.233E-20  1.006E-20  8.253E-21  6.455E-21  4.362E-21
  245.4080  1.550E-13  1.398E-13  1.021E-13  5.979E-14  2.748E-14  9.619E-15  2.454E-15  4.292E-16  4.729E-17  2.937E-18  9.132E-20  1.877E-21  3.430E-22  2.479E-22  2.028E-22  1.666E-22  1.305E-22  8.869E-23
  248.4570  2.489E-14  2.229E-14  1.595E-14  9.003E-15  3.925E-15  1.279E-15  2.968E-16  4.594E-17  4.324E-18  2.188E-19  5.179E-21  7.459E-23  1.270E-23  9.270E-24  7.599E-24  6.246E-24  4.903E-24  3.347E-24
  251.5825  8.821E-15  7.869E-15  5.565E-15  3.079E-15  1.304E-15  4.083E-16  8.995E-17  1.301E-17  1.121E-18  5.052E-20  1.023E-21  1.182E-23  1.897E-24  1.390E-24  1.141E-24  9.383E-25  7.377E-25  5.058E-25
  254.7875  8.306E-15  7.398E-15  5.206E-15  2.858E-15  1.196E-15  3.683E-16  7.938E-17  1.115E-17  9.256E-19  3.964E-20  7.462E-22  7.655E-24  1.166E-24  8.549E-25  7.016E-25  5.776E-25  4.548E-25  3.131E-25
  258.0750  3.462E-14  3.093E-14  2.196E-14  1.225E-14  5.245E-15  1.666E-15  3.739E-16  5.530E-17  4.895E-18  2.272E-19  4.718E-21  5.294E-23  7.753E-24  5.653E-24  4.637E-24  3.821E-24  3.014E-24  2.083E-24
  261.4490  1.185E-13  1.065E-13  7.694E-14  4.420E-14  1.975E-14  6.650E-15  1.610E-15  2.623E-16  2.627E-17  1.425E-18  3.604E-20  4.998E-22  7.110E-23  5.125E-23  4.200E-23  3.463E-23  2.738E-23  1.898E-23
  264.9125  3.448E-12  3.126E-12  2.323E-12  1.399E-12  6.695E-13  2.474E-13  6.762E-14  1.288E-14  1.573E-15  1.099E-16  3.835E-18  7.671E-20  1.080E-20  7.616E-21  6.225E-21  5.138E-21  4.072E-21  2.833E-21
  268.4685  9.148E-11  8.397E-11  6.474E-11  4.153E-11  2.180E-11  9.124E-12  2.936E-12  6.894E-13  1.099E-13  1.080E-14  5.833E-16  1.937E-17  2.782E-18  1.884E-18  1.532E-18  1.265E-18  1.005E-18  7.020E-19
  272.1215  2.981E-09  2.774E-09  2.228E-09  1.534E-09  8.919E-10  4.289E-10  1.654E-10  4.904E-11  1.053E-11  1.512E-12  1.328E-13  7.777E-15  1.192E-15  7.539E-16  6.066E-16  5.004E-16  3.986E-16  2.795E-16
  275.8755  1.195E-07  1.128E-07  9.464E-08  7.020E-08  4.551E-08  2.536E-08  1.186E-08  4.504E-09  1.326E-09  2.852E-10  4.200E-11  4.484E-12  7.895E-13  4.461E-13  3.510E-13  2.883E-13  2.301E-13  1.620E-13
  279.7340  2.698E-06  2.581E-06  2.256E-06  1.793E-06  1.286E-06  8.216E-07  4.595E-07  2.194E-07  8.659E-08  2.705E-08  6.400E-09  1.185E-09  2.598E-10  1.270E-10  9.530E-11  7.736E-11  6.167E-11  4.359E-11
  283.7020  1.171E-04  1.134E-04  1.027E-04  8.676E-05  6.798E-05  4.896E-05  3.203E-05  1.870E-05  9.536E-06  4.126E-06  1.473E-06  4.370E-07  1.275E-07  5.540E-08  3.762E-08  2.966E-08  2.346E-08  1.661E-08
  287.7845  1.953E-03  1.908E-03  1.778E-03  1.578E-03  1.327E-03  1.052E-03  7.797E-04  5.345E-04  3.340E-04  1.869E-04  9.190E-05  3.943E-05  1.551E-05  6.723E-06  3.937E-06  2.888E-06  2.229E-06  1.570E-06
  291.9865  1.980E-02  1.948E-02  1.854E-02  1.705E-02  1.511E-02  1.286E-02  1.045E-02  8.052E-03  5.842E-03  3.936E-03  2.433E-03  1.364E-03  6.962E-04  3.404E-04  1.810E-04  1.161E-04  8.390E-05  5.772E-05
  296.3090  6.213E-02  6.141E-02  5.928E-02  5.584E-02  5.123E-02  4.569E-02  3.947E-02  3.288E-02  2.626E-02  1.996E-02  1.430E-02  9.556E-03  5.907E-03  3.386E-03  1.862E-03  1.067E-03  6.788E-04  4.376E-04
  300.5000  1.124E-01  1.114E-01  1.084E-01  1.035E-01  9.693E-02  8.882E-02  7.948E-02  6.922E-02  5.845E-02  4.759E-02  3.710E-02  2.746E-02  1.911E-02  1.238E-02  7.459E-03  4.257E-03  2.423E-03  1.390E-03
  303.0000  2.043E-01  2.027E-01  1.979E-01  1.901E-01  1.795E-01  1.660E-01  1.509E-01  1.338E-01  1.155E-01  9.669E-02  7.798E-02  6.016E-02  4.398E-02  3.013E-02  1.916E-02  1.127E-02  6.240E-03  3.304E-03
  304.0000  2.033E-01  2.018E-01  1.972E-01  1.897E-01  1.794E-01  1.666E-01  1.517E-01  1.351E-01  1.173E-01  9.790E-02  8.034E-02  6.259E-02  4.630E-02  3.216E-02  2.074E-02  1.232E-02  6.801E-03  3.524E-03
  305.0000  2.465E-01  2.448E-01  2.394E-01  2.307E-01  2.187E-01  2.039E-01  1.865E-01  1.669E-01  1.459E-01  1.239E-01  1.018E-01  8.032E-02  6.032E-02  4.265E-02  2.804E-02  1.694E-02  9.352E-03  4.714E-03
  306.0000  2.149E-01  2.134E-01  2.089E-01  2.015E-01  1.914E-01  1.787E-01  1.639E-01  1.473E-01  1.293E-01  1.104E-01  9.130E-02  7.262E-02  5.507E-02  3.939E-02  2.622E-02  1.601E-02  8.861E-03  4.389E-03
  307.0000  2.554E-01  2.536E-01  2.485E-01  2.400E-01  2.283E-01  2.137E-01  1.966E-01  1.773E-01  1.563E-01  1.343E-01  1.118E-01  8.971E-02  6.876E-02  4.981E-02  3.363E-02  2.081E-02  1.157E-02  5.633E-03
  308.0000  2.782E-01  2.764E-01  2.709E-01  2.619E-01  2.496E-01  2.341E-01  2.159E-01  1.954E-01  1.730E-01  1.494E-01  1.252E-01  1.013E-01  7.836E-02  5.742E-02  3.929E-02  2.463E-02  1.379E-02  6.619E-03
  309.0000  2.774E-01  2.756E-01  2.691E-01  2.614E-01  2.493E-01  2.342E-01  2.163E-01  1.961E-01  1.741E-01  1.508E-01  1.268E-01  1.030E-01  8.013E-02  5.909E-02  4.072E-02  2.571E-02  1.445E-02  6.886E-03
  310.0000  2.530E-01  2.514E-01  2.466E-01  2.389E-01  2.282E-01  2.148E-01  1.989E-01  1.810E-01  1.614E-01  1.405E-01  1.190E-01  9.743E-02  7.657E-02  5.716E-02  3.996E-02  2.563E-02  1.457E-02  6.874E-03
  311.0000  4.128E-01  4.103E-01  4.027E-01  3.902E-01  3.730E-01  3.514E-01  3.259E-01  2.969E-01  2.652E-01  2.314E-01  1.965E-01  1.615E-01  1.274E-01  9.558E-02  6.720E-02  4.336E-02  2.476E-02  1.164E-02
  312.0000  3.528E-01  3.506E-01  3.443E-01  3.338E-01  3.194E-01  3.013E-01  2.799E-01  2.555E-01  2.288E-01  2.003E-01  1.708E-01  1.410E-01  1.119E-01  8.453E-02  5.994E-02  3.904E-02  2.247E-02  1.053E-02
  313.0000  3.779E-01  3.756E-01  3.690E-01  3.580E-01  3.428E-01  3.238E-01  3.013E-01  2.756E-01  2.474E-01  2.173E-01  1.859E-01  1.542E-01  1.231E-01  9.363E-02  6.695E-02  4.402E-02  2.556E-02  1.197E-02
  314.0000  4.063E-01  4.039E-01  3.968E-01  3.828E-01  3.672E-01  3.486E-01  3.246E-01  2.972E-01  2.670E-01  2.348E-01  2.012E-01  1.672E-01  1.337E-01  1.020E-01  7.317E-02  4.828E-02  2.812E-02  1.315E-02
  316.0000  3.916E-01  3.894E-01  3.827E-01  3.718E-01  3.567E-01  3.377E-01  3.151E-01  2.893E-01  2.609E-01  2.304E-01  1.985E-01  1.661E-01  1.339E-01  1.032E-01  7.492E-02  5.014E-02  2.963E-02  1.391E-02
  320.0000  4.713E-01  4.687E-01  4.610E-01  4.482E-01  4.307E-01  4.086E-01  3.822E-01  3.522E-01  3.188E-01  2.829E-01  2.452E-01  2.066E-01  1.681E-01  1.309E-01  9.625E-02  6.540E-02  3.929E-02  1.859E-02
  325.0000  5.744E-01  5.714E-01  5.622E-01  5.472E-01  5.264E-01  5.002E-01  4.690E-01  4.332E-01  3.935E-01  3.506E-01  3.053E-01  2.587E-01  2.120E-01  1.664E-01  1.236E-01  8.498E-02  5.178E-02  2.479E-02
  330.0000  6.997E-01  6.961E-01  6.852E-01  6.672E-01  6.423E-01  6.109E-01  5.734E-01  5.305E-01  4.827E-01  4.310E-01  3.763E-01  3.197E-01  2.628E-01  2.071E-01  1.545E-01  1.068E-01  6.546E-02  3.153E-02
  335.0000  6.590E-01  6.557E-01  6.455E-01  6.288E-01  6.057E-01  5.765E-01  5.416E-01  5.016E-01  4.570E-01  4.087E-01  3.574E-01  3.044E-01  2.508E-01  1.981E-01  1.481E-01  1.027E-01  6.317E-02  3.057E-02
  340.0000  7.137E-01  7.101E-01  6.993E-01  6.813E-01  6.565E-01  6.252E-01  5.877E-01  5.447E-01  4.968E-01  4.447E-01  3.894E-01  3.320E-01  2.739E-01  2.167E-01  1.622E-01  1.125E-01  6.928E-02  3.360E-02
  345.0000  7.029E-01  6.994E-01  6.888E-01  6.712E-01  6.470E-01  6.164E-01  5.798E-01  5.377E-01  4.907E-01  4.396E-01  3.854E-01  3.289E-01  2.716E-01  2.151E-01  1.611E-01  1.117E-01  6.880E-02  3.339E-02
  350.0000  7.358E-01  7.321E-01  7.211E-01  7.029E-01  6.777E-01  6.458E-01  6.078E-01  5.639E-01  5.150E-01  4.617E-01  4.050E-01  3.460E-01  2.859E-01  2.265E-01  1.697E-01  1.176E-01  7.232E-02  3.509E-02
  355.0000  7.781E-01  7.743E-01  7.627E-01  7.436E-01  7.172E-01  6.837E-01  6.437E-01  5.976E-01  5.461E-01  4.900E-01  4.301E-01  3.678E-01  3.042E-01  2.412E-01  1.807E-01  1.252E-01  7.692E-02  3.732E-02
  360.0000  7.119E-01  7.084E-01  6.979E-01  6.805E-01  6.565E-01  6.261E-01  5.897E-01  5.477E-01  5.008E-01  4.497E-01  3.951E-01  3.381E-01  2.799E-01  2.220E-01  1.664E-01  1.152E-01  7.071E-02  3.429E-02
  365.0000  9.057E-01  9.013E-01  8.880E-01  8.660E-01  8.357E-01  7.972E-01  7.512E-01  6.981E-01  6.387E-01  5.738E-01  5.045E-01  4.321E-01  3.580E-01  2.842E-01  2.131E-01  1.475E-01  9.039E-02  4.381E-02
  370.0000  9.422E-01  9.376E-01  9.239E-01  9.012E-01  8.698E-01  8.301E-01  7.824E-01  7.275E-01  6.659E-01  5.987E-01  5.268E-01  4.515E-01  3.744E-01  2.975E-01  2.231E-01  1.543E-01  9.446E-02  4.575E-02
  375.0000  8.517E-01  8.476E-01  8.352E-01  8.149E-01  7.867E-01  7.509E-01  7.081E-01  6.587E-01  6.033E-01  5.427E-01  4.779E-01  4.099E-01  3.402E-01  2.705E-01  2.029E-01  1.403E-01  8.577E-02  4.150E-02
  380.0000  9.796E-01  9.749E-01  9.608E-01  9.375E-01  9.052E-01  8.644E-01  8.154E-01  7.588E-01  6.954E-01  6.259E-01  5.516E-01  4.735E-01  3.933E-01  3.129E-01  2.349E-01  1.624E-01  9.910E-02  4.790E-02
  385.0000  7.389E-01  7.353E-01  7.248E-01  7.073E-01  6.831E-01  6.525E-01  6.157E-01  5.732E-01  5.256E-01  4.734E-01  4.174E-01  3.586E-01  2.981E-01  2.374E-01  1.783E-01  1.232E-01  7.509E-02  3.625E-02
  390.0000  9.653E-01  9.607E-01  9.470E-01  9.243E-01  8.929E-01  8.530E-01  8.052E-01  7.500E-01  6.880E-01  6.200E-01  5.471E-01  4.704E-01  3.914E-01  3.119E-01  2.343E-01  1.619E-01  9.855E-02  4.751E-02
  395.0000  7.492E-01  7.456E-01  7.350E-01  7.175E-01  6.933E-01  6.625E-01  6.256E-01  5.829E-01  5.350E-01  4.824E-01  4.260E-01  3.665E-01  3.052E-01  2.434E-01  1.830E-01  1.264E-01  7.684E-02  3.699E-02
  400.0000  1.391E+00  1.385E+00  1.365E+00  1.333E+00  1.288E+00  1.231E+00  1.163E+00  1.084E+00  9.954E-01  8.981E-01  7.935E-01  6.833E-01  5.694E-01  4.545E-01  3.419E-01  2.362E-01  1.434E-01  6.890E-02
  405.0000  1.419E+00  1.412E+00  1.393E+00  1.360E+00  1.314E+00  1.257E+00  1.187E+00  1.107E+00  1.017E+00  9.181E-01  8.117E-01  6.994E-01  5.833E-01  4.660E-01  3.507E-01  2.423E-01  1.469E-01  7.047E-02
  410.0000  1.464E+00  1.457E+00  1.437E+00  1.403E+00  1.356E+00  1.297E+00  1.226E+00  1.143E+00  1.051E+00  9.491E-01  8.396E-01  7.241E-01  6.044E-01  4.832E-01  3.639E-01  2.515E-01  1.522E-01  7.289E-02
  415.0000  1.526E+00  1.518E+00  1.497E+00  1.462E+00  1.414E+00  1.352E+00  1.279E+00  1.193E+00  1.097E+00  9.913E-01  8.775E-01  7.572E-01  6.325E-01  5.061E-01  3.815E-01  2.636E-01  1.594E-01  7.617E-02
  420.0000  1.540E+00  1.533E+00  1.512E+00  1.477E+00  1.428E+00  1.366E+00  1.292E+00  1.206E+00  1.109E+00  1.003E+00  8.882E-01  7.670E-01  6.412E-01  5.134E-01  3.873E-01  2.677E-01  1.617E-01  7.710E-02
  425.0000  1.471E+00  1.464E+00  1.444E+00  1.410E+00  1.364E+00  1.305E+00  1.235E+00  1.153E+00  1.061E+00  9.594E-01  8.503E-01  7.347E-01  6.147E-01  4.926E-01  3.718E-01  2.571E-01  1.551E-01  7.379E-02
  430.0000  1.357E+00  1.351E+00  1.332E+00  1.301E+00  1.259E+00  1.205E+00  1.140E+00  1.065E+00  9.801E-01  8.869E-01  7.864E-01  6.800E-01  5.693E-01  4.566E-01  3.449E-01  2.386E-01  1.438E-01  6.825E-02
  435.0000  1.575E+00  1.568E+00  1.547E+00  1.511E+00  1.462E+00  1.400E+00  1.324E+00  1.237E+00  1.139E+00  1.032E+00  9.152E-01  7.918E-01  6.634E-01  5.325E-01  4.026E-01  2.785E-01  1.678E-01  7.941E-02
  440.0000  1.621E+00  1.613E+00  1.592E+00  1.555E+00  1.505E+00  1.441E+00  1.364E+00  1.274E+00  1.174E+00  1.063E+00  9.438E-01  8.171E-01  6.850E-01  5.503E-01  4.163E-01  2.882E-01  1.734E-01  8.186E-02
  445.0000  1.741E+00  1.733E+00  1.710E+00  1.671E+00  1.617E+00  1.548E+00  1.466E+00  1.370E+00  1.263E+00  1.144E+00  1.016E+00  8.801E-01  7.384E-01  5.937E-01  4.495E-01  3.112E-01  1.871E-01  8.810E-02
  450.0000  1.852E+00  1.844E+00  1.819E+00  1.777E+00  1.720E+00  1.648E+00  1.560E+00  1.459E+00  1.345E+00  1.219E+00  1.083E+00  9.387E-01  7.881E-01  6.341E-01  4.804E-01  3.328E-01  2.000E-01  9.391E-02
  455.0000  1.813E+00  1.804E+00  1.780E+00  1.740E+00  1.684E+00  1.613E+00  1.528E+00  1.429E+00  1.318E+00  1.195E+00  1.062E+00  9.211E-01  7.739E-01  6.231E-01  4.725E-01  3.275E-01  1.966E-01  9.208E-02
  460.0000  1.866E+00  1.857E+00  1.833E+00  1.791E+00  1.734E+00  1.661E+00  1.574E+00  1.472E+00  1.358E+00  1.232E+00  1.095E+00  9.504E-01  7.989E-01  6.437E-01  4.884E-01  3.386E-01  2.031E-01  9.480E-02
  465.0000  1.845E+00  1.837E+00  1.812E+00  1.771E+00  1.715E+00  1.643E+00  1.557E+00  1.457E+00  1.344E+00  1.220E+00  1.085E+00  9.420E-01  7.924E-01  6.389E-01  4.852E-01  3.366E-01  2.018E-01  9.394E-02
  470.0000  1.835E+00  1.827E+00  1.802E+00  1.762E+00  1.706E+00  1.635E+00  1.550E+00  1.450E+00  1.338E+00  1.215E+00  1.081E+00  9.392E-01  7.905E-01  6.378E-01  4.847E-01  3.364E-01  2.016E-01  9.359E-02
  475.0000  1.857E+00  1.848E+00  1.824E+00  1.783E+00  1.727E+00  1.655E+00  1.569E+00  1.469E+00  1.356E+00  1.231E+00  1.096E+00  9.524E-01  8.021E-01  6.476E-01  4.925E-01  3.420E-01  2.049E-01  9.482E-02
  480.0000  1.911E+00  1.902E+00  1.877E+00  1.835E+00  1.777E+00  1.704E+00  1.615E+00  1.512E+00  1.396E+00  1.268E+00  1.129E+00  9.818E-01  8.272E-01  6.682E-01  5.084E-01  3.531E-01  2.113E-01  9.738E-02
  485.0000  1.736E+00  1.728E+00  1.705E+00  1.667E+00  1.615E+00  1.548E+00  1.468E+00  1.375E+00  1.270E+00  1.153E+00  1.028E+00  8.938E-01  7.534E-01  6.090E-01  4.637E-01  3.223E-01  1.928E-01  8.857E-02
  490.0000  1.808E+00  1.800E+00  1.776E+00  1.737E+00  1.682E+00  1.613E+00  1.529E+00  1.433E+00  1.323E+00  1.203E+00  1.072E+00  9.328E-01  7.868E-01  6.364E-01  4.849E-01  3.373E-01  2.017E-01  9.245E-02
  495.0000  1.842E+00  1.834E+00  1.809E+00  1.770E+00  1.714E+00  1.644E+00  1.559E+00  1.460E+00  1.349E+00  1.227E+00  1.094E+00  9.521E-01  8.035E-01  6.503E-01  4.958E-01  3.450E-01  2.063E-01  9.426E-02
  500.0000  1.757E+00  1.749E+00  1.726E+00  1.688E+00  1.636E+00  1.569E+00  1.488E+00  1.394E+00  1.288E+00  1.171E+00  1.045E+00  9.097E-01  7.680E-01  6.218E-01  4.743E-01  3.301E-01  1.972E-01  8.971E-02
  505.0000  1.786E+00  1.778E+00  1.755E+00  1.716E+00  1.663E+00  1.595E+00  1.513E+00  1.418E+00  1.310E+00  1.192E+00  1.063E+00  9.258E-01  7.818E-01  6.332E-01  4.831E-01  3.362E-01  2.006E-01  9.081E-02
  510.0000  1.771E+00  1.763E+00  1.740E+00  1.702E+00  1.649E+00  1.582E+00  1.501E+00  1.407E+00  1.300E+00  1.183E+00  1.056E+00  9.197E-01  7.770E-01  6.298E-01  4.809E-01  3.349E-01  1.999E-01  9.026E-02
  515.0000  1.642E+00  1.635E+00  1.613E+00  1.578E+00  1.529E+00  1.467E+00  1.392E+00  1.305E+00  1.206E+00  1.098E+00  9.799E-01  8.541E-01  7.220E-01  5.854E-01  4.473E-01  3.117E-01  1.860E-01  8.377E-02
  520.0000  1.688E+00  1.681E+00  1.659E+00  1.623E+00  1.573E+00  1.509E+00  1.432E+00  1.342E+00  1.241E+00  1.130E+00  1.009E+00  8.795E-01  7.437E-01  6.033E-01  4.612E-01  3.216E-01  1.918E-01  8.607E-02
  525.0000  1.694E+00  1.687E+00  1.665E+00  1.629E+00  1.578E+00  1.514E+00  1.437E+00  1.348E+00  1.246E+00  1.135E+00  1.013E+00  8.836E-01  7.474E-01  6.065E-01  4.638E-01  3.234E-01  1.927E-01  8.608E-02
  530.0000  1.786E+00  1.778E+00  1.755E+00  1.717E+00  1.663E+00  1.596E+00  1.515E+00  1.421E+00  1.314E+00  1.196E+00  1.068E+00  9.319E-01  7.883E-01  6.398E-01  4.893E-01  3.411E-01  2.030E-01  9.020E-02
  535.0000  1.731E+00  1.723E+00  1.701E+00  1.664E+00  1.613E+00  1.547E+00  1.469E+00  1.377E+00  1.274E+00  1.160E+00  1.037E+00  9.043E-01  7.653E-01  6.214E-01  4.754E-01  3.315E-01  1.972E-01  8.731E-02
  540.0000  1.732E+00  1.725E+00  1.703E+00  1.666E+00  1.614E+00  1.549E+00  1.471E+00  1.379E+00  1.276E+00  1.162E+00  1.039E+00  9.064E-01  7.674E-01  6.234E-01  4.772E-01  3.330E-01  1.981E-01  8.747E-02
  545.0000  1.758E+00  1.750E+00  1.728E+00  1.690E+00  1.638E+00  1.572E+00  1.493E+00  1.400E+00  1.296E+00  1.180E+00  1.055E+00  9.209E-01  7.798E-01  6.337E-01  4.853E-01  3.387E-01  2.014E-01  8.860E-02
  550.0000  1.764E+00  1.756E+00  1.733E+00  1.696E+00  1.644E+00  1.578E+00  1.498E+00  1.405E+00  1.301E+00  1.185E+00  1.059E+00  9.248E-01  7.833E-01  6.368E-01  4.879E-01  3.406E-01  2.025E-01  8.879E-02
  555.0000  1.751E+00  1.743E+00  1.721E+00  1.684E+00  1.632E+00  1.566E+00  1.487E+00  1.396E+00  1.292E+00  1.177E+00  1.053E+00  9.193E-01  7.790E-01  6.336E-01  4.857E-01  3.393E-01  2.017E-01  8.808E-02
  560.0000  1.707E+00  1.700E+00  1.678E+00  1.642E+00  1.591E+00  1.527E+00  1.450E+00  1.361E+00  1.260E+00  1.148E+00  1.027E+00  8.969E-01  7.602E-01  6.184E-01  4.741E-01  3.311E-01  1.967E-01  8.550E-02
  565.0000  1.710E+00  1.703E+00  1.681E+00  1.645E+00  1.594E+00  1.530E+00  1.453E+00  1.364E+00  1.263E+00  1.151E+00  1.029E+00  8.991E-01  7.621E-01  6.200E-01  4.754E-01  3.320E-01  1.970E-01  8.523E-02
  570.0000  1.701E+00  1.693E+00  1.672E+00  1.636E+00  1.586E+00  1.522E+00  1.446E+00  1.357E+00  1.256E+00  1.145E+00  1.024E+00  8.948E-01  7.586E-01  6.173E-01  4.734E-01  3.307E-01  1.961E-01  8.453E-02
  575.0000  1.730E+00  1.722E+00  1.700E+00  1.664E+00  1.613E+00  1.548E+00  1.470E+00  1.380E+00  1.278E+00  1.165E+00  1.042E+00  9.109E-01  7.725E-01  6.288E-01  4.825E-01  3.371E-01  1.999E-01  8.595E-02
  580.0000  1.701E+00  1.694E+00  1.672E+00  1.636E+00  1.586E+00  1.523E+00  1.447E+00  1.358E+00  1.258E+00  1.147E+00  1.026E+00  8.972E-01  7.612E-01  6.200E-01  4.761E-01  3.330E-01  1.977E-01  8.494E-02
  585.0000  1.702E+00  1.694E+00  1.673E+00  1.637E+00  1.587E+00  1.524E+00  1.448E+00  1.359E+00  1.259E+00  1.148E+00  1.028E+00  8.988E-01  7.629E-01  6.218E-01  4.778E-01  3.346E-01  1.988E-01  8.541E-02
  590.0000  1.642E+00  1.635E+00  1.614E+00  1.579E+00  1.531E+00  1.470E+00  1.397E+00  1.312E+00  1.215E+00  1.108E+00  9.924E-01  8.682E-01  7.372E-01  6.011E-01  4.621E-01  3.238E-01  1.925E-01  8.259E-02
  595.0000  1.675E+00  1.668E+00  1.646E+00  1.611E+00  1.562E+00  1.500E+00  1.425E+00  1.338E+00  1.240E+00  1.131E+00  1.013E+00  8.862E-01  7.526E-01  6.138E-01  4.720E-01  3.307E-01  1.966E-01  8.403E-02
  600.0000  1.635E+00  1.628E+00  1.607E+00  1.573E+00  1.525E+00  1.465E+00  1.392E+00  1.307E+00  1.211E+00  1.105E+00  9.890E-01  8.654E-01  7.350E-01  5.995E-01  4.610E-01  3.230E-01  1.918E-01  8.167E-02
  605.0000  1.654E+00  1.647E+00  1.626E+00  1.591E+00  1.543E+00  1.482E+00  1.408E+00  1.322E+00  1.225E+00  1.118E+00  1.001E+00  8.762E-01  7.444E-01  6.074E-01  4.673E-01  3.276E-01  1.947E-01  8.275E-02
  610.0000  1.632E+00  1.625E+00  1.604E+00  1.570E+00  1.523E+00  1.462E+00  1.390E+00  1.305E+00  1.210E+00  1.104E+00  9.891E-01  8.660E-01  7.361E-01  6.010E-01  4.629E-01  3.250E-01  1.934E-01  8.233E-02
  615.0000  1.592E+00  1.585E+00  1.565E+00  1.532E+00  1.486E+00  1.427E+00  1.356E+00  1.274E+00  1.181E+00  1.078E+00  9.662E-01  8.463E-01  7.198E-01  5.881E-01  4.534E-01  3.188E-01  1.901E-01  8.107E-02
  620.0000  1.614E+00  1.607E+00  1.587E+00  1.553E+00  1.507E+00  1.447E+00  1.376E+00  1.292E+00  1.198E+00  1.094E+00  9.808E-01  8.594E-01  7.313E-01  5.979E-01  4.613E-01  3.248E-01  1.940E-01  8.284E-02
  625.0000  1.579E+00  1.572E+00  1.552E+00  1.519E+00  1.474E+00  1.416E+00  1.346E+00  1.265E+00  1.173E+00  1.071E+00  9.604E-01  8.418E-01  7.166E-01  5.862E-01  4.527E-01  3.190E-01  1.909E-01  8.156E-02
  630.0000  1.580E+00  1.573E+00  1.554E+00  1.521E+00  1.475E+00  1.417E+00  1.347E+00  1.266E+00  1.174E+00  1.073E+00  9.622E-01  8.437E-01  7.185E-01  5.881E-01  4.545E-01  3.207E-01  1.921E-01  8.219E-02
  635.0000  1.568E+00  1.562E+00  1.542E+00  1.510E+00  1.464E+00  1.407E+00  1.338E+00  1.257E+00  1.166E+00  1.066E+00  9.560E-01  8.385E-01  7.144E-01  5.851E-01  4.526E-01  3.197E-01  1.919E-01  8.218E-02
  640.0000  1.549E+00  1.543E+00  1.523E+00  1.491E+00  1.447E+00  1.390E+00  1.322E+00  1.243E+00  1.153E+00  1.054E+00  9.454E-01  8.295E-01  7.071E-01  5.794E-01  4.486E-01  3.172E-01  1.907E-01  8.181E-02
  644.8000  1.540E+00  1.533E+00  1.514E+00  1.482E+00  1.438E+00  1.382E+00  1.314E+00  1.235E+00  1.146E+00  1.048E+00  9.404E-01  8.254E-01  7.038E-01  5.771E-01  4.471E-01  3.165E-01  1.906E-01  8.185E-02
  651.0500  1.520E+00  1.513E+00  1.494E+00  1.463E+00  1.419E+00  1.364E+00  1.297E+00  1.220E+00  1.132E+00  1.035E+00  9.292E-01  8.159E-01  6.960E-01  5.710E-01  4.428E-01  3.138E-01  1.893E-01  8.138E-02
  660.0000  1.441E+00  1.435E+00  1.417E+00  1.387E+00  1.346E+00  1.294E+00  1.231E+00  1.158E+00  1.075E+00  9.826E-01  8.825E-01  7.752E-01  6.618E-01  5.434E-01  4.219E-01  2.996E-01  1.811E-01  7.799E-02
  670.0000  1.478E+00  1.472E+00  1.454E+00  1.423E+00  1.381E+00  1.328E+00  1.263E+00  1.188E+00  1.103E+00  1.009E+00  9.067E-01  7.969E-01  6.808E-01  5.596E-01  4.350E-01  3.094E-01  1.876E-01  8.095E-02
  680.0000  1.450E+00  1.444E+00  1.426E+00  1.397E+00  1.356E+00  1.303E+00  1.240E+00  1.167E+00  1.083E+00  9.914E-01  8.911E-01  7.836E-01  6.698E-01  5.510E-01  4.288E-01  3.056E-01  1.857E-01  8.027E-02
  690.0000  1.429E+00  1.423E+00  1.405E+00  1.376E+00  1.336E+00  1.284E+00  1.222E+00  1.150E+00  1.068E+00  9.777E-01  8.791E-01  7.734E-01  6.614E-01  5.446E-01  4.243E-01  3.028E-01  1.844E-01  7.981E-02
  700.0000  1.403E+00  1.398E+00  1.380E+00  1.352E+00  1.312E+00  1.262E+00  1.201E+00  1.130E+00  1.050E+00  9.613E-01  8.646E-01  7.609E-01  6.512E-01  5.365E-01  4.184E-01  2.991E-01  1.825E-01  7.911E-02
  710.0000  1.370E+00  1.364E+00  1.348E+00  1.320E+00  1.281E+00  1.232E+00  1.173E+00  1.104E+00  1.026E+00  9.393E-01  8.451E-01  7.440E-01  6.370E-01  5.251E-01  4.099E-01  2.934E-01  1.793E-01  7.778E-02
  720.0000  1.325E+00  1.319E+00  1.303E+00  1.276E+00  1.239E+00  1.192E+00  1.134E+00  1.068E+00  9.924E-01  9.089E-01  8.180E-01  7.204E-01  6.170E-01  5.090E-01  3.976E-01  2.849E-01  1.744E-01  7.570E-02
  730.0000  1.294E+00  1.288E+00  1.273E+00  1.246E+00  1.210E+00  1.164E+00  1.108E+00  1.043E+00  9.697E-01  8.883E-01  7.996E-01  7.044E-01  6.036E-01  4.982E-01  3.896E-01  2.795E-01  1.714E-01  7.444E-02
------------------------------------------------------------
Dose rates, W m-2
   1 = UV-B, 280-315 nm                                  
   2 = UV-B*, 280-320 nm                                 
   3 = UV-A, 315-400 nm                                  
   4 = DNA damage, in vitro (Setlow, 1974)               
   5 = UV index (WMO, 1994; Webb et al., 2011)           
   6 = Plant damage (Caldwell, 1971)                     
   7 = Plant damage,Flint&Caldwell,2003,orig.            
   8 = Plant damage,Flint&Caldwell,2003,ext390           
values at z =      0.000 km
Columns: sza, weighting spectra
 sza, deg.          1          2          3          4          5          6          7          8
    0.0000  4.297E+00  5.472E+00  6.207E+01  7.415E-02  4.438E+01  1.769E+00  2.612E+00  3.081E+00
    5.0000  4.266E+00  5.434E+00  6.176E+01  7.324E-02  4.397E+01  1.752E+00  2.590E+00  3.058E+00
   10.0000  4.171E+00  5.319E+00  6.084E+01  7.056E-02  4.274E+01  1.701E+00  2.526E+00  2.987E+00
   15.0000  4.017E+00  5.132E+00  5.931E+01  6.628E-02  4.076E+01  1.619E+00  2.422E+00  2.871E+00
   20.0000  3.809E+00  4.879E+00  5.720E+01  6.062E-02  3.810E+01  1.509E+00  2.281E+00  2.715E+00
   25.0000  3.552E+00  4.565E+00  5.453E+01  5.389E-02  3.486E+01  1.375E+00  2.109E+00  2.524E+00
   30.0000  3.251E+00  4.196E+00  5.134E+01  4.649E-02  3.117E+01  1.224E+00  1.913E+00  2.303E+00
   35.0000  2.916E+00  3.784E+00  4.766E+01  3.878E-02  2.717E+01  1.060E+00  1.698E+00  2.062E+00
   40.0000  2.556E+00  3.339E+00  4.355E+01  3.120E-02  2.304E+01  8.921E-01  1.473E+00  1.807E+00
   45.0000  2.183E+00  2.874E+00  3.907E+01  2.410E-02  1.892E+01  7.258E-01  1.246E+00  1.546E+00
   50.0000  1.810E+00  2.406E+00  3.430E+01  1.781E-02  1.502E+01  5.695E-01  1.026E+00  1.290E+00
   55.0000  1.449E+00  1.947E+00  2.932E+01  1.252E-02  1.144E+01  4.278E-01  8.183E-01  1.045E+00
   60.0000  1.111E+00  1.513E+00  2.425E+01  8.367E-03  8.339E+00  3.059E-01  6.298E-01  8.183E-01
   65.0000  8.094E-01  1.119E+00  1.922E+01  5.313E-03  5.779E+00  2.071E-01  4.651E-01  6.150E-01
   70.0000  5.538E-01  7.786E-01  1.439E+01  3.235E-03  3.793E+00  1.320E-01  3.267E-01  4.392E-01
   75.0000  3.502E-01  5.007E-01  9.940E+00  1.921E-03  2.348E+00  7.927E-02  2.152E-01  2.930E-01
   80.0000  1.996E-01  2.885E-01  6.079E+00  1.135E-03  1.359E+00  4.505E-02  1.290E-01  1.765E-01
   85.0000  9.697E-02  1.387E-01  2.936E+00  6.459E-04  7.032E-01  2.387E-02  6.429E-02  8.724E-02
------------------------------------------------------------
