Spectral Irradiance, W m-2 nm-1
values at z =      0.000 km
Columns: wavelength (nm), solar zenith angles (deg.)
    wc, nm      0.000      5.000     10.000     15.000     20.000     25.000     30.000     35.000     40.000     45.000     50.000     55.000     60.000     65.000     70.000     75.000     80.000     85.000
  280.5000  5.859E-05  5.679E-05  5.166E-05  4.397E-05  3.483E-05  2.546E-05  1.697E-05  1.015E-05  5.336E-06  2.393E-06  8.879E-07  2.687E-07  7.384E-08  2.730E-08  1.655E-08  1.220E-08  9.160E-09  6.280E-09
  281.5000  2.528E-04  2.456E-04  2.250E-04  1.939E-04  1.563E-04  1.170E-04  8.045E-05  5.009E-05  2.768E-05  1.324E-05  5.320E-06  1.770E-06  5.278E-07  1.947E-07  1.135E-07  8.244E-08  6.155E-08  4.208E-08
  282.5000  6.070E-04  5.909E-04  5.447E-04  4.742E-04  3.881E-04  2.965E-04  2.094E-04  1.349E-04  7.787E-05  3.934E-05  1.693E-05  6.112E-06  1.960E-06  7.271E-07  4.080E-07  2.917E-07  2.165E-07  1.475E-07
  283.5000  9.704E-04  9.459E-04  8.754E-04  7.673E-04  6.342E-04  4.911E-04  3.529E-04  2.325E-04  1.380E-04  7.224E-05  3.250E-05  1.236E-05  4.155E-06  1.552E-06  8.478E-07  5.980E-07  4.418E-07  3.004E-07
  284.5000  1.387E-03  1.356E-03  1.264E-03  1.122E-03  9.438E-04  7.489E-04  5.557E-04  3.813E-04  2.384E-04  1.332E-04  6.500E-05  2.725E-05  1.007E-05  3.870E-06  2.017E-06  1.379E-06  1.008E-06  6.815E-07
  285.5000  1.128E-03  1.104E-03  1.035E-03  9.269E-04  7.906E-04  6.388E-04  4.853E-04  3.432E-04  2.229E-04  1.306E-04  6.767E-05  3.046E-05  1.209E-05  4.788E-06  2.414E-06  1.602E-06  1.157E-06  7.786E-07
  286.5000  4.338E-03  4.252E-03  4.001E-03  3.609E-03  3.110E-03  2.548E-03  1.972E-03  1.427E-03  9.542E-04  5.801E-04  3.146E-04  1.495E-04  6.274E-05  2.557E-05  1.260E-05  8.128E-06  5.807E-06  3.887E-06
  287.5000  7.172E-03  7.040E-03  6.657E-03  6.052E-03  5.276E-03  4.390E-03  3.465E-03  2.574E-03  1.778E-03  1.126E-03  6.423E-04  3.245E-04  1.452E-04  6.154E-05  2.974E-05  1.850E-05  1.300E-05  8.639E-06
  288.5000  9.299E-03  9.144E-03  8.689E-03  7.968E-03  7.032E-03  5.951E-03  4.801E-03  3.666E-03  2.623E-03  1.736E-03  1.046E-03  5.647E-04  2.714E-04  1.211E-04  5.793E-05  3.444E-05  2.363E-05  1.554E-05
  289.5000  1.937E-02  1.907E-02  1.819E-02  1.678E-02  1.494E-02  1.280E-02  1.049E-02  8.171E-03  5.995E-03  4.095E-03  2.565E-03  1.451E-03  7.347E-04  3.417E-04  1.634E-04  9.379E-05  6.287E-05  4.093E-05
  290.5000  3.432E-02  3.382E-02  3.236E-02  3.001E-02  2.693E-02  2.330E-02  1.934E-02  1.532E-02  1.148E-02  8.052E-03  5.212E-03  3.067E-03  1.623E-03  7.840E-04  3.772E-04  2.101E-04  1.374E-04  8.850E-05
  291.5000  4.294E-02  4.236E-02  4.066E-02  3.793E-02  3.433E-02  3.004E-02  2.532E-02  2.044E-02  1.569E-02  1.133E-02  7.613E-03  4.686E-03  2.610E-03  1.323E-03  6.470E-04  3.494E-04  2.207E-04  1.398E-04
  292.5000  4.814E-02  4.754E-02  4.576E-02  4.290E-02  3.909E-02  3.453E-02  2.947E-02  2.416E-02  1.891E-02  1.400E-02  9.689E-03  6.187E-03  3.596E-03  1.899E-03  9.486E-04  5.015E-04  3.060E-04  1.904E-04
  293.5000  6.768E-02  6.689E-02  6.456E-02  6.080E-02  5.577E-02  4.971E-02  4.290E-02  3.570E-02  2.846E-02  2.155E-02  1.535E-02  1.015E-02  6.144E-03  3.384E-03  1.735E-03  9.048E-04  5.317E-04  3.236E-04
  294.5000  7.304E-02  7.224E-02  6.987E-02  6.603E-02  6.088E-02  5.464E-02  4.759E-02  4.005E-02  3.238E-02  2.497E-02  1.818E-02  1.235E-02  7.718E-03  4.397E-03  2.310E-03  1.198E-03  6.822E-04  4.059E-04
  295.5000  1.008E-01  9.974E-02  9.669E-02  9.173E-02  8.504E-02  7.689E-02  6.762E-02  5.760E-02  4.730E-02  3.717E-02  2.771E-02  1.938E-02  1.254E-02  7.423E-03  4.025E-03  2.093E-03  1.151E-03  6.641E-04
  296.5000  1.068E-01  1.057E-01  1.027E-01  9.773E-02  9.102E-02  8.281E-02  7.340E-02  6.317E-02  5.252E-02  4.193E-02  3.188E-02  2.284E-02  1.521E-02  9.303E-03  5.196E-03  2.725E-03  1.459E-03  8.148E-04
  297.5000  1.322E-01  1.310E-01  1.274E-01  1.216E-01  1.137E-01  1.040E-01  9.279E-02  8.059E-02  6.776E-02  5.486E-02  4.243E-02  3.105E-02  2.122E-02  1.337E-02  7.684E-03  4.084E-03  2.142E-03  1.156E-03
  298.5000  1.090E-01  1.080E-01  1.052E-01  1.007E-01  9.445E-02  8.679E-02  7.793E-02  6.817E-02  5.786E-02  4.739E-02  3.719E-02  2.770E-02  1.935E-02  1.250E-02  7.376E-03  3.982E-03  2.061E-03  1.076E-03
  299.5000  1.718E-01  1.704E-01  1.662E-01  1.593E-01  1.500E-01  1.384E-01  1.250E-01  1.101E-01  9.431E-02  7.811E-02  6.215E-02  4.709E-02  3.360E-02  2.225E-02  1.348E-02  7.422E-03  3.814E-03  1.923E-03
  300.5000  1.234E-01  1.224E-01  1.195E-01  1.148E-01  1.083E-01  1.003E-01  9.095E-02  8.056E-02  6.946E-02  5.801E-02  4.665E-02  3.581E-02  2.596E-02  1.752E-02  1.084E-02  6.069E-03  3.113E-03  1.526E-03
  301.5000  1.837E-01  1.823E-01  1.782E-01  1.715E-01  1.622E-01  1.508E-01  1.374E-01  1.224E-01  1.063E-01  8.964E-02  7.291E-02  5.677E-02  4.189E-02  2.889E-02  1.831E-02  1.048E-02  5.399E-03  2.566E-03
  302.5000  1.896E-01  1.882E-01  1.841E-01  1.773E-01  1.681E-01  1.566E-01  1.431E-01  1.280E-01  1.118E-01  9.479E-02  7.768E-02  6.106E-02  4.557E-02  3.187E-02  2.053E-02  1.194E-02  6.181E-03  2.880E-03
  303.5000  2.590E-01  2.572E-01  2.518E-01  2.429E-01  2.308E-01  2.156E-01  1.978E-01  1.778E-01  1.561E-01  1.333E-01  1.102E-01  8.763E-02  6.632E-02  4.718E-02  3.101E-02  1.841E-02  9.638E-03  4.399E-03
  304.5000  2.492E-01  2.475E-01  2.425E-01  2.341E-01  2.227E-01  2.084E-01  1.916E-01  1.726E-01  1.521E-01  1.305E-01  1.085E-01  8.675E-02  6.618E-02  4.754E-02  3.161E-02  1.900E-02  1.002E-02  4.522E-03
  305.5000  2.725E-01  2.707E-01  2.654E-01  2.566E-01  2.445E-01  2.293E-01  2.115E-01  1.914E-01  1.695E-01  1.463E-01  1.225E-01  9.899E-02  7.643E-02  5.574E-02  3.775E-02  2.316E-02  1.241E-02  5.537E-03
  306.5000  2.623E-01  2.606E-01  2.555E-01  2.472E-01  2.357E-01  2.214E-01  2.045E-01  1.854E-01  1.645E-01  1.424E-01  1.197E-01  9.707E-02  7.534E-02  5.529E-02  3.774E-02  2.335E-02  1.260E-02  5.596E-03
  307.5000  3.240E-01  3.220E-01  3.159E-01  3.059E-01  2.922E-01  2.750E-01  2.547E-01  2.316E-01  2.064E-01  1.796E-01  1.520E-01  1.243E-01  9.744E-02  7.244E-02  5.023E-02  3.167E-02  1.739E-02  7.710E-03
  308.5000  3.416E-01  3.395E-01  3.332E-01  3.228E-01  3.085E-01  2.905E-01  2.694E-01  2.453E-01  2.190E-01  1.910E-01  1.620E-01  1.329E-01  1.046E-01  7.810E-02  5.447E-02  3.458E-02  1.911E-02  8.466E-03
  309.5000  2.717E-01  2.701E-01  2.652E-01  2.571E-01  2.460E-01  2.320E-01  2.155E-01  1.967E-01  1.761E-01  1.541E-01  1.313E-01  1.083E-01  8.579E-02  6.462E-02  4.556E-02  2.930E-02  1.642E-02  7.296E-03
  310.5000  3.438E-01  3.417E-01  3.356E-01  3.255E-01  3.117E-01  2.943E-01  2.737E-01  2.502E-01  2.245E-01  1.969E-01  1.683E-01  1.393E-01  1.109E-01  8.408E-02  5.972E-02  3.878E-02  2.195E-02  9.792E-03
  311.5000  4.214E-01  4.189E-01  4.115E-01  3.993E-01  3.825E-01  3.614E-01  3.364E-01  3.080E-01  2.766E-01  2.431E-01  2.082E-01  1.728E-01  1.381E-01  1.050E-01  7.499E-02  4.899E-02  2.792E-02  1.249E-02
  312.5000  3.771E-01  3.749E-01  3.669E-01  3.577E-01  3.430E-01  3.244E-01  3.024E-01  2.774E-01  2.497E-01  2.201E-01  1.892E-01  1.578E-01  1.268E-01  9.717E-02  7.001E-02  4.628E-02  2.675E-02  1.208E-02
  313.5000  4.187E-01  4.163E-01  4.091E-01  3.973E-01  3.810E-01  3.606E-01  3.363E-01  3.086E-01  2.780E-01  2.452E-01  2.110E-01  1.761E-01  1.417E-01  1.088E-01  7.853E-02  5.203E-02  3.016E-02  1.364E-02
  314.5000  3.886E-01  3.864E-01  3.799E-01  3.691E-01  3.542E-01  3.355E-01  3.133E-01  2.880E-01  2.600E-01  2.299E-01  1.985E-01  1.663E-01  1.345E-01  1.039E-01  7.561E-02  5.062E-02  2.973E-02  1.359E-02
  315.5000  3.961E-01  3.938E-01  3.872E-01  3.763E-01  3.612E-01  3.422E-01  3.197E-01  2.939E-01  2.655E-01  2.349E-01  2.028E-01  1.701E-01  1.377E-01  1.064E-01  7.755E-02  5.198E-02  3.057E-02  1.399E-02
  316.5000  3.723E-01  3.703E-01  3.641E-01  3.540E-01  3.400E-01  3.224E-01  3.015E-01  2.775E-01  2.511E-01  2.226E-01  1.927E-01  1.621E-01  1.317E-01  1.023E-01  7.501E-02  5.070E-02  3.013E-02  1.393E-02
  317.5000  5.258E-01  5.229E-01  5.143E-01  5.000E-01  4.803E-01  4.554E-01  4.259E-01  3.921E-01  3.548E-01  3.146E-01  2.724E-01  2.292E-01  1.862E-01  1.446E-01  1.060E-01  7.161E-02  4.253E-02  1.965E-02
  318.5000  3.922E-01  3.901E-01  3.837E-01  3.732E-01  3.587E-01  3.404E-01  3.186E-01  2.937E-01  2.661E-01  2.364E-01  2.051E-01  1.731E-01  1.411E-01  1.101E-01  8.118E-02  5.526E-02  3.316E-02  1.549E-02
  319.5000  4.734E-01  4.708E-01  4.632E-01  4.505E-01  4.330E-01  4.110E-01  3.848E-01  3.549E-01  3.217E-01  2.859E-01  2.482E-01  2.096E-01  1.709E-01  1.335E-01  9.851E-02  6.714E-02  4.034E-02  1.888E-02
  320.5000  5.687E-01  5.657E-01  5.565E-01  5.413E-01  5.204E-01  4.941E-01  4.627E-01  4.269E-01  3.871E-01  3.442E-01  2.990E-01  2.527E-01  2.063E-01  1.613E-01  1.192E-01  8.133E-02  4.897E-02  2.297E-02
  321.5000  4.598E-01  4.574E-01  4.500E-01  4.379E-01  4.212E-01  4.002E-01  3.751E-01  3.464E-01  3.145E-01  2.801E-01  2.439E-01  2.066E-01  1.692E-01  1.328E-01  9.865E-02  6.781E-02  4.123E-02  1.957E-02
  322.5000  4.802E-01  4.776E-01  4.699E-01  4.572E-01  4.396E-01  4.175E-01  3.912E-01  3.610E-01  3.275E-01  2.914E-01  2.534E-01  2.142E-01  1.751E-01  1.370E-01  1.013E-01  6.922E-02  4.174E-02  1.961E-02
  323.5000  4.661E-01  4.636E-01  4.563E-01  4.441E-01  4.273E-01  4.061E-01  3.808E-01  3.519E-01  3.198E-01  2.851E-01  2.485E-01  2.108E-01  1.729E-01  1.360E-01  1.012E-01  6.977E-02  4.259E-02  2.033E-02
  324.5000  5.478E-01  5.449E-01  5.363E-01  5.220E-01  5.022E-01  4.774E-01  4.477E-01  4.137E-01  3.760E-01  3.352E-01  2.922E-01  2.478E-01  2.033E-01  1.599E-01  1.189E-01  8.194E-02  4.997E-02  2.382E-02
  325.5000  6.185E-01  6.153E-01  6.055E-01  5.894E-01  5.671E-01  5.390E-01  5.055E-01  4.671E-01  4.245E-01  3.784E-01  3.298E-01  2.797E-01  2.293E-01  1.802E-01  1.340E-01  9.215E-02  5.609E-02  2.667E-02
  326.5000  7.184E-01  7.146E-01  7.034E-01  6.848E-01  6.592E-01  6.269E-01  5.884E-01  5.442E-01  4.951E-01  4.419E-01  3.858E-01  3.278E-01  2.695E-01  2.125E-01  1.587E-01  1.098E-01  6.740E-02  3.242E-02
  327.5000  6.775E-01  6.739E-01  6.633E-01  6.458E-01  6.216E-01  5.911E-01  5.547E-01  5.130E-01  4.666E-01  4.164E-01  3.634E-01  3.086E-01  2.536E-01  1.997E-01  1.489E-01  1.028E-01  6.290E-02  3.012E-02
  328.5000  6.251E-01  6.218E-01  6.121E-01  5.959E-01  5.736E-01  5.455E-01  5.120E-01  4.735E-01  4.308E-01  3.845E-01  3.356E-01  2.851E-01  2.343E-01  1.846E-01  1.376E-01  9.499E-02  5.812E-02  2.783E-02
  329.5000  7.853E-01  7.812E-01  7.691E-01  7.490E-01  7.212E-01  6.861E-01  6.443E-01  5.963E-01  5.429E-01  4.851E-01  4.240E-01  3.607E-01  2.970E-01  2.346E-01  1.754E-01  1.216E-01  7.489E-02  3.619E-02
  330.5000  7.229E-01  7.191E-01  7.079E-01  6.894E-01  6.638E-01  6.315E-01  5.929E-01  5.487E-01  4.995E-01  4.462E-01  3.898E-01  3.315E-01  2.728E-01  2.152E-01  1.607E-01  1.112E-01  6.826E-02  3.285E-02
  331.5000  7.160E-01  7.122E-01  7.011E-01  6.828E-01  6.575E-01  6.255E-01  5.874E-01  5.436E-01  4.949E-01  4.421E-01  3.863E-01  3.285E-01  2.703E-01  2.132E-01  1.592E-01  1.101E-01  6.753E-02  3.247E-02
  332.5000  6.890E-01  6.855E-01  6.749E-01  6.573E-01  6.331E-01  6.025E-01  5.660E-01  5.241E-01  4.775E-01  4.269E-01  3.733E-01  3.179E-01  2.619E-01  2.070E-01  1.549E-01  1.075E-01  6.622E-02  3.206E-02
  333.5000  6.535E-01  6.501E-01  6.401E-01  6.234E-01  6.004E-01  5.714E-01  5.368E-01  4.970E-01  4.527E-01  4.047E-01  3.538E-01  3.012E-01  2.481E-01  1.959E-01  1.465E-01  1.014E-01  6.236E-02  3.009E-02
  334.5000  7.263E-01  7.225E-01  7.114E-01  6.929E-01  6.674E-01  6.352E-01  5.968E-01  5.527E-01  5.036E-01  4.503E-01  3.939E-01  3.354E-01  2.764E-01  2.184E-01  1.633E-01  1.132E-01  6.964E-02  3.366E-02
  335.5000  7.279E-01  7.241E-01  7.130E-01  6.946E-01  6.691E-01  6.370E-01  5.986E-01  5.545E-01  5.054E-01  4.522E-01  3.957E-01  3.372E-01  2.780E-01  2.199E-01  1.646E-01  1.143E-01  7.045E-02  3.416E-02
  336.5000  5.706E-01  5.677E-01  5.590E-01  5.446E-01  5.246E-01  4.994E-01  4.694E-01  4.348E-01  3.964E-01  3.546E-01  3.103E-01  2.645E-01  2.181E-01  1.724E-01  1.291E-01  8.951E-02  5.514E-02  2.671E-02
  337.5000  6.309E-01  6.277E-01  6.180E-01  6.021E-01  5.800E-01  5.522E-01  5.189E-01  4.807E-01  4.382E-01  3.920E-01  3.430E-01  2.922E-01  2.409E-01  1.904E-01  1.424E-01  9.863E-02  6.064E-02  2.930E-02
  338.5000  6.581E-01  6.548E-01  6.447E-01  6.282E-01  6.053E-01  5.763E-01  5.417E-01  5.020E-01  4.578E-01  4.097E-01  3.587E-01  3.058E-01  2.523E-01  1.996E-01  1.494E-01  1.037E-01  6.390E-02  3.098E-02
  339.5000  7.141E-01  7.105E-01  6.996E-01  6.816E-01  6.568E-01  6.255E-01  5.880E-01  5.450E-01  4.970E-01  4.449E-01  3.896E-01  3.323E-01  2.742E-01  2.169E-01  1.625E-01  1.127E-01  6.948E-02  3.371E-02
  340.5000  7.663E-01  7.624E-01  7.507E-01  7.315E-01  7.049E-01  6.713E-01  6.311E-01  5.849E-01  5.335E-01  4.776E-01  4.182E-01  3.566E-01  2.942E-01  2.328E-01  1.742E-01  1.208E-01  7.436E-02  3.602E-02
  341.5000  6.764E-01  6.729E-01  6.627E-01  6.457E-01  6.223E-01  5.927E-01  5.573E-01  5.167E-01  4.713E-01  4.221E-01  3.697E-01  3.154E-01  2.604E-01  2.061E-01  1.544E-01  1.071E-01  6.600E-02  3.203E-02
  342.5000  7.482E-01  7.444E-01  7.331E-01  7.144E-01  6.885E-01  6.558E-01  6.167E-01  5.718E-01  5.217E-01  4.673E-01  4.094E-01  3.493E-01  2.884E-01  2.283E-01  1.710E-01  1.187E-01  7.314E-02  3.551E-02
  343.5000  7.784E-01  7.745E-01  7.627E-01  7.433E-01  7.164E-01  6.824E-01  6.418E-01  5.951E-01  5.430E-01  4.864E-01  4.262E-01  3.637E-01  3.003E-01  2.377E-01  1.780E-01  1.235E-01  7.603E-02  3.689E-02
  344.5000  5.466E-01  5.438E-01  5.355E-01  5.219E-01  5.030E-01  4.792E-01  4.507E-01  4.179E-01  3.814E-01  3.416E-01  2.994E-01  2.555E-01  2.110E-01  1.670E-01  1.250E-01  8.666E-02  5.333E-02  2.585E-02
  345.5000  7.444E-01  7.406E-01  7.294E-01  7.109E-01  6.852E-01  6.529E-01  6.141E-01  5.696E-01  5.199E-01  4.659E-01  4.084E-01  3.487E-01  2.880E-01  2.281E-01  1.709E-01  1.185E-01  7.303E-02  3.547E-02
  346.5000  6.983E-01  6.948E-01  6.843E-01  6.669E-01  6.429E-01  6.126E-01  5.762E-01  5.345E-01  4.879E-01  4.372E-01  3.833E-01  3.272E-01  2.703E-01  2.140E-01  1.603E-01  1.111E-01  6.839E-02  3.317E-02
  347.5000  6.818E-01  6.783E-01  6.681E-01  6.512E-01  6.278E-01  5.982E-01  5.628E-01  5.220E-01  4.766E-01  4.271E-01  3.745E-01  3.198E-01  2.642E-01  2.092E-01  1.567E-01  1.086E-01  6.685E-02  3.242E-02
  348.5000  7.481E-01  7.443E-01  7.331E-01  7.145E-01  6.889E-01  6.565E-01  6.177E-01  5.730E-01  5.232E-01  4.690E-01  4.113E-01  3.513E-01  2.903E-01  2.300E-01  1.723E-01  1.194E-01  7.348E-02  3.565E-02
  349.5000  6.268E-01  6.236E-01  6.142E-01  5.987E-01  5.773E-01  5.501E-01  5.177E-01  4.803E-01  4.386E-01  3.932E-01  3.449E-01  2.946E-01  2.435E-01  1.929E-01  1.445E-01  1.001E-01  6.161E-02  2.989E-02
  350.5000  8.769E-01  8.725E-01  8.594E-01  8.377E-01  8.078E-01  7.698E-01  7.245E-01  6.723E-01  6.140E-01  5.505E-01  4.830E-01  4.126E-01  3.411E-01  2.702E-01  2.024E-01  1.403E-01  8.630E-02  4.187E-02
  351.5000  7.558E-01  7.521E-01  7.408E-01  7.221E-01  6.963E-01  6.637E-01  6.246E-01  5.797E-01  5.295E-01  4.748E-01  4.166E-01  3.560E-01  2.943E-01  2.332E-01  1.747E-01  1.210E-01  7.442E-02  3.610E-02
  352.5000  6.811E-01  6.777E-01  6.676E-01  6.508E-01  6.275E-01  5.982E-01  5.630E-01  5.226E-01  4.774E-01  4.282E-01  3.757E-01  3.211E-01  2.655E-01  2.104E-01  1.576E-01  1.092E-01  6.715E-02  3.257E-02
  353.5000  8.191E-01  8.150E-01  8.028E-01  7.826E-01  7.547E-01  7.195E-01  6.772E-01  6.287E-01  5.744E-01  5.152E-01  4.522E-01  3.865E-01  3.197E-01  2.534E-01  1.898E-01  1.315E-01  8.086E-02  3.923E-02
  354.5000  8.856E-01  8.812E-01  8.681E-01  8.463E-01  8.162E-01  7.781E-01  7.325E-01  6.800E-01  6.214E-01  5.575E-01  4.894E-01  4.184E-01  3.461E-01  2.744E-01  2.056E-01  1.424E-01  8.754E-02  4.247E-02
  355.5000  8.273E-01  8.232E-01  8.109E-01  7.906E-01  7.625E-01  7.270E-01  6.844E-01  6.355E-01  5.807E-01  5.211E-01  4.575E-01  3.912E-01  3.236E-01  2.566E-01  1.923E-01  1.332E-01  8.185E-02  3.971E-02
  356.5000  7.674E-01  7.636E-01  7.523E-01  7.334E-01  7.074E-01  6.745E-01  6.351E-01  5.897E-01  5.390E-01  4.837E-01  4.247E-01  3.633E-01  3.006E-01  2.383E-01  1.786E-01  1.237E-01  7.599E-02  3.686E-02
  357.5000  6.524E-01  6.492E-01  6.395E-01  6.235E-01  6.014E-01  5.735E-01  5.400E-01  5.015E-01  4.584E-01  4.114E-01  3.613E-01  3.091E-01  2.558E-01  2.028E-01  1.520E-01  1.053E-01  6.465E-02  3.136E-02
  358.5000  5.031E-01  5.006E-01  4.932E-01  4.809E-01  4.639E-01  4.423E-01  4.166E-01  3.869E-01  3.537E-01  3.175E-01  2.789E-01  2.386E-01  1.975E-01  1.566E-01  1.174E-01  8.129E-02  4.991E-02  2.421E-02
  359.5000  8.463E-01  8.422E-01  8.297E-01  8.090E-01  7.804E-01  7.443E-01  7.010E-01  6.511E-01  5.953E-01  5.344E-01  4.695E-01  4.017E-01  3.326E-01  2.638E-01  1.977E-01  1.369E-01  8.404E-02  4.076E-02
  360.5000  7.841E-01  7.803E-01  7.687E-01  7.496E-01  7.231E-01  6.897E-01  6.496E-01  6.034E-01  5.518E-01  4.955E-01  4.353E-01  3.726E-01  3.085E-01  2.447E-01  1.834E-01  1.270E-01  7.793E-02  3.779E-02
  361.5000  7.065E-01  7.031E-01  6.927E-01  6.755E-01  6.517E-01  6.215E-01  5.855E-01  5.439E-01  4.974E-01  4.467E-01  3.926E-01  3.360E-01  2.782E-01  2.208E-01  1.655E-01  1.146E-01  7.029E-02  3.408E-02
  362.5000  8.293E-01  8.252E-01  8.130E-01  7.929E-01  7.650E-01  7.297E-01  6.874E-01  6.386E-01  5.841E-01  5.246E-01  4.611E-01  3.948E-01  3.269E-01  2.595E-01  1.945E-01  1.346E-01  8.259E-02  4.004E-02
  363.5000  7.374E-01  7.338E-01  7.229E-01  7.050E-01  6.803E-01  6.489E-01  6.114E-01  5.681E-01  5.196E-01  4.668E-01  4.103E-01  3.513E-01  2.910E-01  2.310E-01  1.732E-01  1.199E-01  7.350E-02  3.563E-02
  364.5000  8.041E-01  8.002E-01  7.884E-01  7.689E-01  7.419E-01  7.078E-01  6.668E-01  6.197E-01  5.669E-01  5.093E-01  4.478E-01  3.835E-01  3.177E-01  2.522E-01  1.891E-01  1.309E-01  8.022E-02  3.888E-02
  365.5000  9.795E-01  9.747E-01  9.604E-01  9.367E-01  9.038E-01  8.623E-01  8.125E-01  7.551E-01  6.909E-01  6.208E-01  5.459E-01  4.675E-01  3.874E-01  3.076E-01  2.306E-01  1.596E-01  9.780E-02  4.740E-02
  366.5000  1.036E+00  1.031E+00  1.016E+00  9.909E-01  9.562E-01  9.123E-01  8.597E-01  7.991E-01  7.312E-01  6.571E-01  5.779E-01  4.950E-01  4.103E-01  3.258E-01  2.442E-01  1.690E-01  1.036E-01  5.018E-02
  367.5000  9.834E-01  9.786E-01  9.643E-01  9.405E-01  9.076E-01  8.660E-01  8.162E-01  7.587E-01  6.943E-01  6.240E-01  5.489E-01  4.703E-01  3.898E-01  3.096E-01  2.321E-01  1.606E-01  9.838E-02  4.767E-02
  368.5000  8.636E-01  8.594E-01  8.468E-01  8.260E-01  7.971E-01  7.606E-01  7.169E-01  6.664E-01  6.100E-01  5.483E-01  4.823E-01  4.133E-01  3.427E-01  2.722E-01  2.041E-01  1.412E-01  8.647E-02  4.189E-02
  369.5000  1.035E+00  1.030E+00  1.015E+00  9.904E-01  9.559E-01  9.122E-01  8.598E-01  7.994E-01  7.317E-01  6.578E-01  5.788E-01  4.960E-01  4.113E-01  3.267E-01  2.450E-01  1.695E-01  1.038E-01  5.026E-02
  370.5000  9.391E-01  9.345E-01  9.209E-01  8.983E-01  8.670E-01  8.274E-01  7.799E-01  7.252E-01  6.639E-01  5.969E-01  5.253E-01  4.503E-01  3.734E-01  2.967E-01  2.225E-01  1.539E-01  9.420E-02  4.562E-02
  371.5000  1.074E+00  1.069E+00  1.053E+00  1.028E+00  9.918E-01  9.465E-01  8.923E-01  8.298E-01  7.597E-01  6.831E-01  6.012E-01  5.155E-01  4.275E-01  3.397E-01  2.548E-01  1.762E-01  1.078E-01  5.221E-02
  372.5000  7.931E-01  7.893E-01  7.778E-01  7.588E-01  7.324E-01  6.990E-01  6.590E-01  6.129E-01  5.612E-01  5.047E-01  4.443E-01  3.809E-01  3.160E-01  2.512E-01  1.884E-01  1.303E-01  7.970E-02  3.858E-02
  373.5000  7.167E-01  7.132E-01  7.028E-01  6.856E-01  6.618E-01  6.317E-01  5.956E-01  5.540E-01  5.073E-01  4.563E-01  4.017E-01  3.445E-01  2.858E-01  2.272E-01  1.704E-01  1.179E-01  7.208E-02  3.489E-02
  374.5000  7.863E-01  7.825E-01  7.711E-01  7.523E-01  7.262E-01  6.932E-01  6.536E-01  6.080E-01  5.568E-01  5.009E-01  4.411E-01  3.783E-01  3.139E-01  2.496E-01  1.872E-01  1.295E-01  7.915E-02  3.830E-02
  375.5000  8.868E-01  8.825E-01  8.697E-01  8.485E-01  8.192E-01  7.820E-01  7.374E-01  6.860E-01  6.283E-01  5.653E-01  4.978E-01  4.270E-01  3.544E-01  2.818E-01  2.114E-01  1.462E-01  8.935E-02  4.323E-02
  376.5000  8.852E-01  8.810E-01  8.682E-01  8.471E-01  8.178E-01  7.807E-01  7.362E-01  6.850E-01  6.275E-01  5.646E-01  4.973E-01  4.266E-01  3.542E-01  2.816E-01  2.113E-01  1.461E-01  8.928E-02  4.318E-02
  377.5000  1.054E+00  1.049E+00  1.033E+00  1.008E+00  9.736E-01  9.295E-01  8.766E-01  8.156E-01  7.472E-01  6.724E-01  5.923E-01  5.083E-01  4.220E-01  3.357E-01  2.519E-01  1.741E-01  1.064E-01  5.144E-02
  378.5000  1.148E+00  1.143E+00  1.126E+00  1.099E+00  1.061E+00  1.013E+00  9.553E-01  8.889E-01  8.145E-01  7.331E-01  6.458E-01  5.543E-01  4.603E-01  3.661E-01  2.748E-01  1.900E-01  1.160E-01  5.609E-02
  379.5000  8.492E-01  8.451E-01  8.329E-01  8.127E-01  7.847E-01  7.492E-01  7.067E-01  6.577E-01  6.027E-01  5.425E-01  4.780E-01  4.103E-01  3.408E-01  2.711E-01  2.035E-01  1.407E-01  8.587E-02  4.151E-02
  380.5000  1.021E+00  1.016E+00  1.001E+00  9.771E-01  9.435E-01  9.009E-01  8.498E-01  7.909E-01  7.248E-01  6.525E-01  5.750E-01  4.937E-01  4.101E-01  3.263E-01  2.449E-01  1.693E-01  1.033E-01  4.994E-02
  381.5000  9.590E-01  9.544E-01  9.406E-01  9.179E-01  8.863E-01  8.464E-01  7.985E-01  7.432E-01  6.812E-01  6.133E-01  5.405E-01  4.641E-01  3.856E-01  3.069E-01  2.304E-01  1.592E-01  9.715E-02  4.694E-02
  382.5000  6.388E-01  6.358E-01  6.266E-01  6.115E-01  5.905E-01  5.639E-01  5.320E-01  4.952E-01  4.539E-01  4.088E-01  3.603E-01  3.094E-01  2.571E-01  2.047E-01  1.536E-01  1.062E-01  6.478E-02  3.129E-02
  383.5000  5.608E-01  5.581E-01  5.501E-01  5.368E-01  5.184E-01  4.951E-01  4.671E-01  4.349E-01  3.987E-01  3.590E-01  3.165E-01  2.719E-01  2.259E-01  1.799E-01  1.350E-01  9.334E-02  5.691E-02  2.749E-02
  384.5000  8.413E-01  8.373E-01  8.253E-01  8.054E-01  7.778E-01  7.429E-01  7.010E-01  6.526E-01  5.983E-01  5.389E-01  4.752E-01  4.082E-01  3.393E-01  2.701E-01  2.029E-01  1.402E-01  8.546E-02  4.126E-02
  385.5000  8.321E-01  8.281E-01  8.163E-01  7.966E-01  7.694E-01  7.349E-01  6.935E-01  6.456E-01  5.920E-01  5.333E-01  4.703E-01  4.041E-01  3.359E-01  2.675E-01  2.009E-01  1.388E-01  8.460E-02  4.084E-02
  386.5000  8.480E-01  8.439E-01  8.318E-01  8.118E-01  7.841E-01  7.490E-01  7.068E-01  6.581E-01  6.035E-01  5.437E-01  4.795E-01  4.121E-01  3.427E-01  2.729E-01  2.050E-01  1.416E-01  8.629E-02  4.164E-02
  387.5000  7.878E-01  7.841E-01  7.729E-01  7.543E-01  7.286E-01  6.959E-01  6.568E-01  6.116E-01  5.609E-01  5.054E-01  4.458E-01  3.832E-01  3.187E-01  2.538E-01  1.907E-01  1.318E-01  8.025E-02  3.871E-02
  388.5000  7.894E-01  7.857E-01  7.744E-01  7.558E-01  7.301E-01  6.975E-01  6.583E-01  6.131E-01  5.623E-01  5.067E-01  4.470E-01  3.843E-01  3.196E-01  2.546E-01  1.913E-01  1.322E-01  8.048E-02  3.882E-02
  389.5000  9.952E-01  9.905E-01  9.764E-01  9.530E-01  9.205E-01  8.794E-01  8.301E-01  7.731E-01  7.092E-01  6.391E-01  5.639E-01  4.848E-01  4.033E-01  3.214E-01  2.414E-01  1.668E-01  1.016E-01  4.897E-02
  390.5000  9.773E-01  9.726E-01  9.588E-01  9.358E-01  9.040E-01  8.637E-01  8.153E-01  7.594E-01  6.967E-01  6.279E-01  5.541E-01  4.764E-01  3.964E-01  3.159E-01  2.374E-01  1.640E-01  9.982E-02  4.812E-02
  391.5000  1.159E+00  1.154E+00  1.137E+00  1.110E+00  1.072E+00  1.024E+00  9.671E-01  9.009E-01  8.266E-01  7.451E-01  6.576E-01  5.655E-01  4.706E-01  3.751E-01  2.819E-01  1.948E-01  1.185E-01  5.710E-02
  392.5000  8.689E-01  8.648E-01  8.525E-01  8.321E-01  8.039E-01  7.681E-01  7.252E-01  6.756E-01  6.199E-01  5.588E-01  4.933E-01  4.243E-01  3.532E-01  2.815E-01  2.116E-01  1.462E-01  8.892E-02  4.283E-02
  393.5000  3.777E-01  3.759E-01  3.705E-01  3.617E-01  3.494E-01  3.339E-01  3.153E-01  2.937E-01  2.695E-01  2.430E-01  2.145E-01  1.846E-01  1.536E-01  1.225E-01  9.207E-02  6.362E-02  3.868E-02  1.863E-02
  394.5000  8.885E-01  8.842E-01  8.717E-01  8.509E-01  8.221E-01  7.856E-01  7.418E-01  6.912E-01  6.343E-01  5.720E-01  5.050E-01  4.345E-01  3.618E-01  2.885E-01  2.169E-01  1.498E-01  9.108E-02  4.385E-02
  395.5000  1.143E+00  1.137E+00  1.121E+00  1.095E+00  1.058E+00  1.011E+00  9.544E-01  8.893E-01  8.162E-01  7.361E-01  6.500E-01  5.593E-01  4.658E-01  3.715E-01  2.793E-01  1.930E-01  1.173E-01  5.644E-02
  396.5000  6.709E-01  6.677E-01  6.583E-01  6.426E-01  6.209E-01  5.934E-01  5.604E-01  5.222E-01  4.793E-01  4.323E-01  3.818E-01  3.286E-01  2.737E-01  2.183E-01  1.642E-01  1.134E-01  6.891E-02  3.315E-02
  397.5000  7.740E-01  7.703E-01  7.594E-01  7.414E-01  7.164E-01  6.847E-01  6.466E-01  6.026E-01  5.532E-01  4.990E-01  4.408E-01  3.794E-01  3.160E-01  2.521E-01  1.896E-01  1.310E-01  7.957E-02  3.827E-02
  398.5000  1.330E+00  1.323E+00  1.305E+00  1.274E+00  1.231E+00  1.176E+00  1.111E+00  1.036E+00  9.507E-01  8.576E-01  7.576E-01  6.522E-01  5.434E-01  4.336E-01  3.261E-01  2.253E-01  1.368E-01  6.579E-02
  399.5000  1.383E+00  1.376E+00  1.357E+00  1.325E+00  1.280E+00  1.223E+00  1.156E+00  1.077E+00  9.890E-01  8.923E-01  7.883E-01  6.788E-01  5.656E-01  4.514E-01  3.395E-01  2.346E-01  1.424E-01  6.845E-02
  400.5000  1.453E+00  1.447E+00  1.426E+00  1.392E+00  1.345E+00  1.286E+00  1.215E+00  1.132E+00  1.040E+00  9.383E-01  8.291E-01  7.140E-01  5.951E-01  4.750E-01  3.573E-01  2.469E-01  1.498E-01  7.199E-02
  401.5000  1.495E+00  1.488E+00  1.467E+00  1.432E+00  1.384E+00  1.323E+00  1.250E+00  1.165E+00  1.070E+00  9.656E-01  8.534E-01  7.350E-01  6.126E-01  4.891E-01  3.680E-01  2.542E-01  1.543E-01  7.409E-02
  402.5000  1.552E+00  1.544E+00  1.523E+00  1.487E+00  1.437E+00  1.374E+00  1.298E+00  1.210E+00  1.111E+00  1.003E+00  8.862E-01  7.634E-01  6.365E-01  5.082E-01  3.824E-01  2.642E-01  1.603E-01  7.695E-02
  403.5000  1.420E+00  1.413E+00  1.393E+00  1.361E+00  1.315E+00  1.257E+00  1.188E+00  1.107E+00  1.017E+00  9.180E-01  8.115E-01  6.991E-01  5.829E-01  4.655E-01  3.504E-01  2.421E-01  1.468E-01  7.046E-02
  404.5000  1.392E+00  1.386E+00  1.366E+00  1.334E+00  1.289E+00  1.233E+00  1.165E+00  1.086E+00  9.977E-01  9.006E-01  7.962E-01  6.860E-01  5.721E-01  4.570E-01  3.440E-01  2.376E-01  1.441E-01  6.913E-02
  405.5000  1.446E+00  1.439E+00  1.419E+00  1.386E+00  1.339E+00  1.281E+00  1.210E+00  1.128E+00  1.037E+00  9.358E-01  8.274E-01  7.130E-01  5.947E-01  4.751E-01  3.577E-01  2.471E-01  1.498E-01  7.184E-02
  406.5000  1.362E+00  1.355E+00  1.336E+00  1.305E+00  1.261E+00  1.206E+00  1.140E+00  1.063E+00  9.764E-01  8.816E-01  7.796E-01  6.719E-01  5.605E-01  4.479E-01  3.372E-01  2.330E-01  1.412E-01  6.769E-02
  407.5000  1.373E+00  1.366E+00  1.347E+00  1.315E+00  1.272E+00  1.216E+00  1.149E+00  1.072E+00  9.846E-01  8.891E-01  7.863E-01  6.778E-01  5.655E-01  4.519E-01  3.403E-01  2.351E-01  1.424E-01  6.827E-02
  408.5000  1.529E+00  1.521E+00  1.500E+00  1.465E+00  1.416E+00  1.354E+00  1.280E+00  1.193E+00  1.097E+00  9.904E-01  8.760E-01  7.553E-01  6.303E-01  5.038E-01  3.794E-01  2.621E-01  1.588E-01  7.606E-02
  409.5000  1.498E+00  1.491E+00  1.470E+00  1.436E+00  1.388E+00  1.327E+00  1.254E+00  1.170E+00  1.075E+00  9.712E-01  8.591E-01  7.408E-01  6.183E-01  4.942E-01  3.723E-01  2.572E-01  1.557E-01  7.459E-02
  410.5000  1.299E+00  1.293E+00  1.275E+00  1.245E+00  1.203E+00  1.151E+00  1.088E+00  1.015E+00  9.326E-01  8.424E-01  7.453E-01  6.427E-01  5.365E-01  4.290E-01  3.231E-01  2.233E-01  1.352E-01  6.470E-02
  411.5000  1.561E+00  1.554E+00  1.532E+00  1.496E+00  1.446E+00  1.383E+00  1.307E+00  1.220E+00  1.121E+00  1.013E+00  8.962E-01  7.730E-01  6.453E-01  5.160E-01  3.888E-01  2.686E-01  1.626E-01  7.780E-02
  412.5000  1.547E+00  1.540E+00  1.518E+00  1.483E+00  1.433E+00  1.371E+00  1.296E+00  1.209E+00  1.111E+00  1.004E+00  8.885E-01  7.665E-01  6.400E-01  5.119E-01  3.857E-01  2.665E-01  1.613E-01  7.714E-02
  413.5000  1.500E+00  1.493E+00  1.472E+00  1.438E+00  1.390E+00  1.330E+00  1.257E+00  1.173E+00  1.078E+00  9.740E-01  8.621E-01  7.437E-01  6.211E-01  4.969E-01  3.744E-01  2.588E-01  1.565E-01  7.484E-02
  414.5000  1.541E+00  1.534E+00  1.513E+00  1.478E+00  1.429E+00  1.366E+00  1.292E+00  1.205E+00  1.108E+00  1.001E+00  8.863E-01  7.648E-01  6.388E-01  5.111E-01  3.852E-01  2.662E-01  1.610E-01  7.695E-02
  415.5000  1.474E+00  1.467E+00  1.447E+00  1.413E+00  1.366E+00  1.307E+00  1.236E+00  1.153E+00  1.060E+00  9.580E-01  8.481E-01  7.319E-01  6.114E-01  4.893E-01  3.688E-01  2.549E-01  1.541E-01  7.363E-02
  416.5000  1.604E+00  1.597E+00  1.574E+00  1.538E+00  1.487E+00  1.422E+00  1.345E+00  1.255E+00  1.154E+00  1.043E+00  9.234E-01  7.970E-01  6.659E-01  5.329E-01  4.018E-01  2.777E-01  1.679E-01  8.016E-02
  417.5000  1.466E+00  1.459E+00  1.439E+00  1.406E+00  1.359E+00  1.300E+00  1.229E+00  1.147E+00  1.055E+00  9.537E-01  8.444E-01  7.289E-01  6.091E-01  4.876E-01  3.676E-01  2.541E-01  1.536E-01  7.331E-02
  418.5000  1.477E+00  1.471E+00  1.450E+00  1.416E+00  1.370E+00  1.310E+00  1.239E+00  1.156E+00  1.063E+00  9.614E-01  8.514E-01  7.350E-01  6.143E-01  4.918E-01  3.709E-01  2.564E-01  1.549E-01  7.391E-02
  419.5000  1.526E+00  1.519E+00  1.498E+00  1.463E+00  1.415E+00  1.353E+00  1.280E+00  1.195E+00  1.099E+00  9.933E-01  8.797E-01  7.596E-01  6.350E-01  5.084E-01  3.835E-01  2.651E-01  1.601E-01  7.637E-02
------------------------------------------------------------
Dose rates, W m-2
   1 = UV-B, 280-315 nm                                  
   2 = UV-B*, 280-320 nm                                 
   3 = UV-A, 315-400 nm                                  
   4 = DNA damage, in vitro (Setlow, 1974)               
   5 = UV index (WMO, 1994; Webb et al., 2011)           
   6 = Plant damage (Caldwell, 1971)                     
   7 = Plant damage,Flint&Caldwell,2003,orig.            
   8 = Plant damage,Flint&Caldwell,2003,ext390           
values at z =      0.000 km
Columns: sza, weighting spectra
 sza, deg.          1          2          3          4          5          6          7          8
    0.0000  5.358E+00  7.518E+00  6.528E+01  1.346E-01  6.417E+01  2.629E+00  3.471E+00  3.924E+00
    5.0000  5.320E+00  7.468E+00  6.496E+01  1.331E-01  6.361E+01  2.605E+00  3.442E+00  3.893E+00
   10.0000  5.207E+00  7.320E+00  6.399E+01  1.285E-01  6.194E+01  2.534E+00  3.356E+00  3.801E+00
   15.0000  5.026E+00  7.080E+00  6.240E+01  1.212E-01  5.923E+01  2.418E+00  3.217E+00  3.651E+00
   20.0000  4.776E+00  6.749E+00  6.018E+01  1.115E-01  5.556E+01  2.262E+00  3.029E+00  3.447E+00
   25.0000  4.465E+00  6.337E+00  5.739E+01  9.989E-02  5.107E+01  2.072E+00  2.798E+00  3.198E+00
   30.0000  4.102E+00  5.853E+00  5.404E+01  8.694E-02  4.591E+01  1.854E+00  2.533E+00  2.910E+00
   35.0000  3.696E+00  5.308E+00  5.018E+01  7.330E-02  4.029E+01  1.618E+00  2.243E+00  2.594E+00
   40.0000  3.259E+00  4.718E+00  4.588E+01  5.965E-02  3.440E+01  1.373E+00  1.939E+00  2.260E+00
   45.0000  2.802E+00  4.096E+00  4.118E+01  4.663E-02  2.847E+01  1.128E+00  1.631E+00  1.920E+00
   50.0000  2.341E+00  3.462E+00  3.617E+01  3.484E-02  2.274E+01  8.935E-01  1.332E+00  1.586E+00
   55.0000  1.889E+00  2.833E+00  3.094E+01  2.472E-02  1.743E+01  6.780E-01  1.050E+00  1.269E+00
   60.0000  1.462E+00  2.230E+00  2.561E+01  1.656E-02  1.273E+01  4.893E-01  7.959E-01  9.773E-01
   65.0000  1.075E+00  1.672E+00  2.031E+01  1.042E-02  8.782E+00  3.329E-01  5.760E-01  7.202E-01
   70.0000  7.410E-01  1.179E+00  1.521E+01  6.171E-03  5.676E+00  2.114E-01  3.944E-01  5.027E-01
   75.0000  4.683E-01  7.650E-01  1.052E+01  3.471E-03  3.402E+00  1.240E-01  2.520E-01  3.269E-01
   80.0000  2.614E-01  4.381E-01  6.430E+00  1.891E-03  1.865E+00  6.644E-02  1.461E-01  1.918E-01
   85.0000  1.189E-01  2.009E-01  3.103E+00  9.839E-04  8.957E-01  3.184E-02  7.060E-02  9.271E-02
------------------------------------------------------------
