Spectral Irradiance, W m-2 nm-1
values at z =      0.000 km
Columns: wavelength (nm), solar zenith angles (deg.)
    wc, nm      0.000      5.000     10.000     15.000     20.000     25.000     30.000     35.000     40.000     45.000     50.000     55.000     60.000     65.000     70.000     75.000     80.000     85.000
  280.5000  6.601E-13  5.972E-13  4.409E-13  2.626E-13  1.237E-13  4.373E-14  1.189E-14  2.184E-15  2.536E-16  1.639E-17  4.893E-19  5.243E-21  6.849E-23  3.022E-23  2.022E-23  1.434E-23  1.003E-23  6.259E-24
  281.5000  1.573E-11  1.436E-11  1.088E-11  6.783E-12  3.414E-12  1.351E-12  4.036E-13  8.609E-14  1.210E-14  9.984E-16  4.081E-17  6.579E-19  1.008E-20  3.988E-21  2.651E-21  1.875E-21  1.309E-21  8.171E-22
  282.5000  1.638E-10  1.506E-10  1.168E-10  7.572E-11  4.034E-11  1.723E-11  5.694E-12  1.381E-12  2.288E-13  2.327E-14  1.246E-15  2.851E-17  5.202E-19  1.815E-19  1.199E-19  8.449E-20  5.888E-20  3.676E-20
  283.5000  6.805E-10  6.289E-10  4.952E-10  3.292E-10  1.820E-10  8.174E-11  2.883E-11  7.606E-12  1.402E-12  1.633E-13  1.042E-14  2.991E-16  6.228E-18  1.965E-18  1.291E-18  9.075E-19  6.316E-19  3.943E-19
  284.5000  5.397E-09  5.033E-09  4.070E-09  2.833E-09  1.674E-09  8.229E-10  3.265E-10  1.002E-10  2.239E-11  3.337E-12  2.923E-13  1.267E-14  3.531E-16  9.006E-17  5.828E-17  4.076E-17  2.828E-17  1.764E-17
  285.5000  1.571E-08  1.475E-08  1.217E-08  8.762E-09  5.441E-09  2.860E-09  1.239E-09  4.253E-10  1.096E-10  1.961E-11  2.173E-12  1.278E-13  4.588E-15  9.767E-16  6.206E-16  4.320E-16  2.989E-16  1.863E-16
  286.5000  1.611E-07  1.520E-07  1.273E-07  9.414E-08  6.074E-08  3.362E-08  1.557E-08  5.828E-09  1.677E-09  3.452E-10  4.581E-11  3.404E-12  1.515E-13  2.786E-14  1.730E-14  1.199E-14  8.271E-15  5.149E-15
  287.5000  7.858E-07  7.454E-07  6.351E-07  4.833E-07  3.252E-07  1.906E-07  9.509E-08  3.916E-08  1.272E-08  3.058E-09  4.957E-10  4.771E-11  2.748E-12  4.324E-13  2.573E-13  1.771E-13  1.218E-13  7.565E-14
  288.5000  3.311E-06  3.160E-06  2.742E-06  2.154E-06  1.517E-06  9.458E-07  5.118E-07  2.338E-07  8.670E-08  2.468E-08  4.971E-09  6.341E-10  4.935E-11  6.768E-12  3.704E-12  2.526E-12  1.727E-12  1.070E-12
  289.5000  1.606E-05  1.539E-05  1.354E-05  1.087E-05  7.915E-06  5.159E-06  2.958E-06  1.456E-06  5.935E-07  1.906E-07  4.486E-08  6.998E-09  6.826E-10  8.810E-11  4.370E-11  2.951E-11  2.008E-11  1.240E-11
  290.5000  5.787E-05  5.568E-05  4.952E-05  4.054E-05  3.034E-05  2.053E-05  1.236E-05  6.474E-06  2.859E-06  1.017E-06  2.726E-07  5.036E-08  5.975E-09  7.615E-10  3.358E-10  2.239E-10  1.516E-10  9.335E-11
  291.5000  1.613E-04  1.558E-04  1.403E-04  1.174E-04  9.061E-05  6.395E-05  4.069E-05  2.287E-05  1.105E-05  4.409E-06  1.371E-06  3.066E-07  4.568E-08  6.076E-09  2.251E-09  1.464E-09  9.838E-10  6.028E-10
  292.5000  3.486E-04  3.379E-04  3.075E-04  2.618E-04  2.074E-04  1.515E-04  1.008E-04  6.008E-05  3.125E-05  1.370E-05  4.807E-06  1.257E-06  2.265E-07  3.278E-08  1.026E-08  6.431E-09  4.288E-09  2.614E-09
  293.5000  9.065E-04  8.816E-04  8.099E-04  7.010E-04  5.688E-04  4.293E-04  2.982E-04  1.876E-04  1.046E-04  5.007E-05  1.968E-05  5.960E-06  1.288E-06  2.103E-07  5.607E-08  3.294E-08  2.174E-08  1.317E-08
  294.5000  1.591E-03  1.551E-03  1.436E-03  1.259E-03  1.041E-03  8.063E-04  5.790E-04  3.802E-04  2.238E-04  1.149E-04  4.938E-05  1.678E-05  4.191E-06  7.717E-07  1.847E-07  9.979E-08  6.509E-08  3.919E-08
  295.5000  3.651E-03  3.569E-03  3.331E-03  2.961E-03  2.498E-03  1.987E-03  1.478E-03  1.016E-03  6.333E-04  3.498E-04  1.652E-04  6.337E-05  1.847E-05  3.948E-06  8.792E-07  4.150E-07  2.653E-07  1.583E-07
  296.5000  5.923E-03  5.802E-03  5.451E-03  4.902E-03  4.205E-03  3.422E-03  2.621E-03  1.870E-03  1.223E-03  7.182E-04  3.667E-04  1.557E-04  5.165E-05  1.269E-05  2.800E-06  1.135E-06  7.041E-07  4.162E-07
  297.5000  1.063E-02  1.043E-02  9.857E-03  8.954E-03  7.793E-03  6.468E-03  5.084E-03  3.748E-03  2.557E-03  1.583E-03  8.659E-04  4.017E-04  1.493E-04  4.183E-05  9.582E-06  3.329E-06  1.965E-06  1.149E-06
  298.5000  1.200E-02  1.179E-02  1.120E-02  1.026E-02  9.042E-03  7.630E-03  6.130E-03  4.647E-03  3.284E-03  2.128E-03  1.233E-03  6.162E-04  2.523E-04  7.940E-05  1.946E-05  5.948E-06  3.267E-06  1.886E-06
  299.5000  2.533E-02  2.494E-02  2.380E-02  2.198E-02  1.959E-02  1.679E-02  1.377E-02  1.071E-02  7.828E-03  5.290E-03  3.236E-03  1.735E-03  7.782E-04  2.742E-04  7.360E-05  2.043E-05  1.007E-05  5.706E-06
  300.5000  2.285E-02  2.252E-02  2.157E-02  2.004E-02  1.802E-02  1.564E-02  1.303E-02  1.034E-02  7.754E-03  5.414E-03  3.453E-03  1.954E-03  9.408E-04  3.627E-04  1.062E-04  2.828E-05  1.240E-05  6.875E-06
  301.5000  4.337E-02  4.281E-02  4.116E-02  3.850E-02  3.496E-02  3.073E-02  2.603E-02  2.112E-02  1.628E-02  1.177E-02  7.855E-03  4.713E-03  2.449E-03  1.042E-03  3.402E-04  9.064E-05  3.398E-05  1.807E-05
  302.5000  5.255E-02  5.191E-02  5.004E-02  4.701E-02  4.296E-02  3.809E-02  3.263E-02  2.686E-02  2.108E-02  1.560E-02  1.072E-02  6.685E-03  3.653E-03  1.660E-03  5.859E-04  1.608E-04  5.388E-05  2.738E-05
  303.5000  8.662E-02  8.566E-02  8.281E-02  7.820E-02  7.200E-02  6.448E-02  5.597E-02  4.686E-02  3.757E-02  2.858E-02  2.033E-02  1.326E-02  7.691E-03  3.782E-03  1.472E-03  4.320E-04  1.282E-04  5.971E-05
  304.5000  9.302E-02  9.204E-02  8.914E-02  8.442E-02  7.807E-02  7.034E-02  6.153E-02  5.202E-02  4.223E-02  3.263E-02  2.370E-02  1.587E-02  9.523E-03  4.903E-03  2.025E-03  6.264E-04  1.759E-04  7.609E-05
  305.5000  1.193E-01  1.181E-01  1.147E-01  1.091E-01  1.016E-01  9.228E-02  8.164E-02  7.002E-02  5.790E-02  4.579E-02  3.425E-02  2.384E-02  1.506E-02  8.301E-03  3.754E-03  1.279E-03  3.452E-04  1.285E-04
  306.5000  1.231E-01  1.219E-01  1.185E-01  1.130E-01  1.054E-01  9.617E-02  8.550E-02  7.379E-02  6.151E-02  4.914E-02  3.724E-02  2.635E-02  1.701E-02  9.662E-03  4.547E-03  1.623E-03  4.384E-04  1.507E-04
  307.5000  1.731E-01  1.716E-01  1.671E-01  1.599E-01  1.500E-01  1.378E-01  1.236E-01  1.080E-01  9.136E-02  7.439E-02  5.776E-02  4.219E-02  2.841E-02  1.707E-02  8.684E-03  3.422E-03  9.638E-04  2.802E-04
  308.5000  1.920E-01  1.904E-01  1.857E-01  1.779E-01  1.672E-01  1.541E-01  1.387E-01  1.217E-01  1.036E-01  8.500E-02  6.663E-02  4.928E-02  3.372E-02  2.072E-02  1.086E-02  4.457E-03  1.292E-03  3.520E-04
  309.5000  1.664E-01  1.651E-01  1.612E-01  1.548E-01  1.460E-01  1.351E-01  1.225E-01  1.083E-01  9.309E-02  7.734E-02  6.162E-02  4.653E-02  3.274E-02  2.088E-02  1.154E-02  5.092E-03  1.581E-03  3.904E-04
  310.5000  2.240E-01  2.223E-01  2.172E-01  2.090E-01  1.976E-01  1.836E-01  1.670E-01  1.486E-01  1.286E-01  1.078E-01  8.693E-02  6.664E-02  4.783E-02  3.135E-02  1.800E-02  8.381E-03  2.769E-03  6.514E-04
  311.5000  2.859E-01  2.838E-01  2.775E-01  2.673E-01  2.532E-01  2.357E-01  2.151E-01  1.921E-01  1.671E-01  1.409E-01  1.145E-01  8.863E-02  6.445E-02  4.300E-02  2.531E-02  1.222E-02  4.223E-03  9.753E-04
  312.5000  2.749E-01  2.730E-01  2.673E-01  2.579E-01  2.451E-01  2.290E-01  2.101E-01  1.888E-01  1.656E-01  1.412E-01  1.163E-01  9.161E-02  6.819E-02  4.697E-02  2.892E-02  1.492E-02  5.655E-03  1.321E-03
  313.5000  3.109E-01  3.087E-01  3.024E-01  2.920E-01  2.776E-01  2.597E-01  2.386E-01  2.148E-01  1.888E-01  1.614E-01  1.333E-01  1.055E-01  7.901E-02  5.484E-02  3.414E-02  1.790E-02  6.942E-03  1.638E-03
  314.5000  3.065E-01  3.046E-01  2.986E-01  2.888E-01  2.753E-01  2.584E-01  2.384E-01  2.158E-01  1.911E-01  1.648E-01  1.377E-01  1.107E-01  8.450E-02  6.027E-02  3.899E-02  2.166E-02  9.177E-03  2.324E-03
  315.5000  3.162E-01  3.141E-01  3.080E-01  2.980E-01  2.842E-01  2.670E-01  2.466E-01  2.234E-01  1.981E-01  1.712E-01  1.434E-01  1.155E-01  8.851E-02  6.342E-02  4.131E-02  2.318E-02  9.976E-03  2.569E-03
  316.5000  3.116E-01  3.096E-01  3.039E-01  2.944E-01  2.813E-01  2.649E-01  2.455E-01  2.235E-01  1.992E-01  1.733E-01  1.465E-01  1.194E-01  9.290E-02  6.799E-02  4.563E-02  2.679E-02  1.241E-02  3.509E-03
  317.5000  4.408E-01  4.380E-01  4.299E-01  4.165E-01  3.981E-01  3.749E-01  3.475E-01  3.164E-01  2.821E-01  2.455E-01  2.076E-01  1.692E-01  1.317E-01  9.644E-02  6.475E-02  3.804E-02  1.763E-02  4.991E-03
  318.5000  3.432E-01  3.412E-01  3.351E-01  3.250E-01  3.112E-01  2.938E-01  2.732E-01  2.497E-01  2.238E-01  1.960E-01  1.670E-01  1.376E-01  1.087E-01  8.110E-02  5.596E-02  3.429E-02  1.704E-02  5.379E-03
  319.5000  4.182E-01  4.157E-01  4.083E-01  3.962E-01  3.795E-01  3.585E-01  3.336E-01  3.051E-01  2.738E-01  2.402E-01  2.050E-01  1.693E-01  1.341E-01  1.004E-01  6.969E-02  4.306E-02  2.169E-02  7.017E-03
  320.5000  5.076E-01  5.046E-01  4.957E-01  4.812E-01  4.611E-01  4.359E-01  4.059E-01  3.717E-01  3.339E-01  2.934E-01  2.509E-01  2.078E-01  1.651E-01  1.242E-01  8.674E-02  5.410E-02  2.771E-02  9.218E-03
  321.5000  4.269E-01  4.245E-01  4.174E-01  4.056E-01  3.893E-01  3.687E-01  3.444E-01  3.165E-01  2.856E-01  2.524E-01  2.176E-01  1.819E-01  1.464E-01  1.121E-01  8.025E-02  5.203E-02  2.847E-02  1.072E-02
  322.5000  4.330E-01  4.305E-01  4.230E-01  4.107E-01  3.938E-01  3.725E-01  3.472E-01  3.183E-01  2.863E-01  2.520E-01  2.160E-01  1.793E-01  1.429E-01  1.080E-01  7.588E-02  4.776E-02  2.483E-02  8.491E-03
  323.5000  4.406E-01  4.381E-01  4.309E-01  4.189E-01  4.025E-01  3.817E-01  3.569E-01  3.286E-01  2.973E-01  2.634E-01  2.279E-01  1.914E-01  1.549E-01  1.196E-01  8.656E-02  5.709E-02  3.216E-02  1.284E-02
  324.5000  5.174E-01  5.145E-01  5.060E-01  4.920E-01  4.726E-01  4.482E-01  4.192E-01  3.860E-01  3.491E-01  3.094E-01  2.676E-01  2.247E-01  1.818E-01  1.403E-01  1.014E-01  6.680E-02  3.753E-02  1.491E-02
  325.5000  5.807E-01  5.775E-01  5.679E-01  5.521E-01  5.303E-01  5.028E-01  4.701E-01  4.326E-01  3.911E-01  3.464E-01  2.993E-01  2.510E-01  2.027E-01  1.560E-01  1.124E-01  7.353E-02  4.088E-02  1.590E-02
  326.5000  6.964E-01  6.927E-01  6.816E-01  6.632E-01  6.379E-01  6.058E-01  5.677E-01  5.238E-01  4.756E-01  4.231E-01  3.678E-01  3.109E-01  2.537E-01  1.980E-01  1.456E-01  9.835E-02  5.777E-02  2.516E-02
  327.5000  6.505E-01  6.470E-01  6.366E-01  6.192E-01  5.954E-01  5.653E-01  5.294E-01  4.883E-01  4.427E-01  3.934E-01  3.414E-01  2.879E-01  2.342E-01  1.820E-01  1.330E-01  8.892E-02  5.132E-02  2.155E-02
  328.5000  6.003E-01  5.970E-01  5.874E-01  5.714E-01  5.495E-01  5.217E-01  4.887E-01  4.508E-01  4.087E-01  3.633E-01  3.153E-01  2.660E-01  2.164E-01  1.682E-01  1.229E-01  8.218E-02  4.744E-02  1.993E-02
  329.5000  7.725E-01  7.684E-01  7.563E-01  7.363E-01  7.087E-01  6.738E-01  6.322E-01  5.845E-01  5.315E-01  4.741E-01  4.134E-01  3.507E-01  2.876E-01  2.259E-01  1.676E-01  1.147E-01  6.902E-02  3.164E-02
  330.5000  7.044E-01  7.007E-01  6.895E-01  6.711E-01  6.457E-01  6.137E-01  5.755E-01  5.317E-01  4.830E-01  4.303E-01  3.746E-01  3.171E-01  2.593E-01  2.028E-01  1.495E-01  1.014E-01  5.995E-02  2.651E-02
  331.5000  6.962E-01  6.925E-01  6.816E-01  6.633E-01  6.383E-01  6.066E-01  5.688E-01  5.255E-01  4.773E-01  4.252E-01  3.700E-01  3.132E-01  2.559E-01  2.000E-01  1.473E-01  9.963E-02  5.870E-02  2.576E-02
  332.5000  6.818E-01  6.782E-01  6.676E-01  6.502E-01  6.260E-01  5.955E-01  5.591E-01  5.174E-01  4.709E-01  4.206E-01  3.673E-01  3.122E-01  2.566E-01  2.021E-01  1.504E-01  1.035E-01  6.282E-02  2.938E-02
  333.5000  6.420E-01  6.386E-01  6.286E-01  6.120E-01  5.892E-01  5.603E-01  5.259E-01  4.864E-01  4.424E-01  3.948E-01  3.443E-01  2.922E-01  2.396E-01  1.881E-01  1.394E-01  9.521E-02  5.705E-02  2.597E-02
  334.5000  7.162E-01  7.124E-01  7.013E-01  6.829E-01  6.576E-01  6.255E-01  5.873E-01  5.434E-01  4.945E-01  4.416E-01  3.855E-01  3.274E-01  2.689E-01  2.115E-01  1.571E-01  1.077E-01  6.493E-02  2.997E-02
  335.5000  7.238E-01  7.200E-01  7.089E-01  6.905E-01  6.651E-01  6.330E-01  5.947E-01  5.507E-01  5.018E-01  4.486E-01  3.923E-01  3.340E-01  2.750E-01  2.171E-01  1.621E-01  1.120E-01  6.852E-02  3.263E-02
  336.5000  5.661E-01  5.632E-01  5.545E-01  5.401E-01  5.202E-01  4.951E-01  4.651E-01  4.306E-01  3.923E-01  3.507E-01  3.066E-01  2.609E-01  2.147E-01  1.693E-01  1.262E-01  8.701E-02  5.300E-02  2.501E-02
  337.5000  6.224E-01  6.192E-01  6.096E-01  5.937E-01  5.718E-01  5.440E-01  5.109E-01  4.729E-01  4.306E-01  3.846E-01  3.360E-01  2.855E-01  2.346E-01  1.846E-01  1.371E-01  9.397E-02  5.666E-02  2.617E-02
  338.5000  6.548E-01  6.515E-01  6.415E-01  6.249E-01  6.020E-01  5.731E-01  5.386E-01  4.990E-01  4.548E-01  4.069E-01  3.560E-01  3.032E-01  2.498E-01  1.973E-01  1.474E-01  1.019E-01  6.233E-02  2.973E-02
  339.5000  7.113E-01  7.077E-01  6.968E-01  6.789E-01  6.541E-01  6.228E-01  5.854E-01  5.424E-01  4.945E-01  4.425E-01  3.873E-01  3.301E-01  2.721E-01  2.150E-01  1.607E-01  1.112E-01  6.816E-02  3.266E-02
  340.5000  7.611E-01  7.572E-01  7.456E-01  7.264E-01  6.998E-01  6.662E-01  6.262E-01  5.801E-01  5.288E-01  4.730E-01  4.139E-01  3.525E-01  2.903E-01  2.292E-01  1.710E-01  1.179E-01  7.187E-02  3.403E-02
  341.5000  6.747E-01  6.713E-01  6.610E-01  6.441E-01  6.207E-01  5.911E-01  5.558E-01  5.151E-01  4.699E-01  4.206E-01  3.684E-01  3.141E-01  2.591E-01  2.050E-01  1.533E-01  1.062E-01  6.522E-02  3.141E-02
  342.5000  7.470E-01  7.432E-01  7.319E-01  7.132E-01  6.873E-01  6.546E-01  6.156E-01  5.707E-01  5.206E-01  4.662E-01  4.084E-01  3.484E-01  2.875E-01  2.275E-01  1.703E-01  1.180E-01  7.256E-02  3.505E-02
  343.5000  7.760E-01  7.721E-01  7.603E-01  7.409E-01  7.140E-01  6.801E-01  6.395E-01  5.928E-01  5.408E-01  4.843E-01  4.242E-01  3.618E-01  2.985E-01  2.360E-01  1.765E-01  1.221E-01  7.488E-02  3.597E-02
  344.5000  5.440E-01  5.413E-01  5.330E-01  5.194E-01  5.006E-01  4.768E-01  4.483E-01  4.156E-01  3.791E-01  3.394E-01  2.973E-01  2.535E-01  2.091E-01  1.652E-01  1.234E-01  8.525E-02  5.212E-02  2.488E-02
  345.5000  7.440E-01  7.403E-01  7.291E-01  7.105E-01  6.849E-01  6.525E-01  6.138E-01  5.693E-01  5.196E-01  4.656E-01  4.081E-01  3.484E-01  2.878E-01  2.279E-01  1.707E-01  1.184E-01  7.291E-02  3.537E-02
  346.5000  6.964E-01  6.928E-01  6.823E-01  6.650E-01  6.410E-01  6.107E-01  5.744E-01  5.327E-01  4.861E-01  4.355E-01  3.816E-01  3.256E-01  2.688E-01  2.127E-01  1.590E-01  1.100E-01  6.742E-02  3.239E-02
  347.5000  6.801E-01  6.766E-01  6.664E-01  6.495E-01  6.261E-01  5.965E-01  5.611E-01  5.204E-01  4.750E-01  4.256E-01  3.731E-01  3.184E-01  2.629E-01  2.080E-01  1.556E-01  1.077E-01  6.601E-02  3.175E-02
  348.5000  7.469E-01  7.431E-01  7.319E-01  7.134E-01  6.877E-01  6.553E-01  6.166E-01  5.720E-01  5.222E-01  4.680E-01  4.103E-01  3.504E-01  2.894E-01  2.291E-01  1.715E-01  1.187E-01  7.291E-02  3.519E-02
  349.5000  6.257E-01  6.226E-01  6.132E-01  5.977E-01  5.762E-01  5.491E-01  5.167E-01  4.793E-01  4.377E-01  3.923E-01  3.440E-01  2.938E-01  2.427E-01  1.922E-01  1.438E-01  9.955E-02  6.110E-02  2.947E-02
  350.5000  8.756E-01  8.713E-01  8.582E-01  8.365E-01  8.065E-01  7.686E-01  7.233E-01  6.711E-01  6.128E-01  5.494E-01  4.819E-01  4.116E-01  3.401E-01  2.694E-01  2.016E-01  1.396E-01  8.567E-02  4.136E-02
  351.5000  7.545E-01  7.507E-01  7.394E-01  7.208E-01  6.950E-01  6.624E-01  6.233E-01  5.784E-01  5.282E-01  4.736E-01  4.155E-01  3.549E-01  2.933E-01  2.322E-01  1.738E-01  1.203E-01  7.376E-02  3.556E-02
  352.5000  6.801E-01  6.767E-01  6.666E-01  6.498E-01  6.266E-01  5.972E-01  5.621E-01  5.216E-01  4.765E-01  4.273E-01  3.749E-01  3.203E-01  2.647E-01  2.097E-01  1.570E-01  1.086E-01  6.665E-02  3.217E-02
  353.5000  8.182E-01  8.141E-01  8.019E-01  7.818E-01  7.539E-01  7.187E-01  6.765E-01  6.279E-01  5.736E-01  5.145E-01  4.515E-01  3.859E-01  3.191E-01  2.528E-01  1.893E-01  1.311E-01  8.045E-02  3.890E-02
  354.5000  8.851E-01  8.807E-01  8.675E-01  8.457E-01  8.156E-01  7.775E-01  7.320E-01  6.795E-01  6.209E-01  5.570E-01  4.889E-01  4.180E-01  3.457E-01  2.740E-01  2.052E-01  1.421E-01  8.728E-02  4.226E-02
  355.5000  8.268E-01  8.227E-01  8.104E-01  7.901E-01  7.620E-01  7.265E-01  6.840E-01  6.350E-01  5.803E-01  5.207E-01  4.571E-01  3.908E-01  3.233E-01  2.563E-01  1.920E-01  1.329E-01  8.162E-02  3.953E-02
  356.5000  7.670E-01  7.632E-01  7.518E-01  7.330E-01  7.070E-01  6.741E-01  6.347E-01  5.893E-01  5.386E-01  4.833E-01  4.244E-01  3.629E-01  3.002E-01  2.380E-01  1.783E-01  1.234E-01  7.578E-02  3.669E-02
  357.5000  6.520E-01  6.487E-01  6.391E-01  6.231E-01  6.010E-01  5.731E-01  5.396E-01  5.011E-01  4.580E-01  4.111E-01  3.610E-01  3.087E-01  2.555E-01  2.025E-01  1.517E-01  1.050E-01  6.444E-02  3.119E-02
  358.5000  5.029E-01  5.004E-01  4.929E-01  4.806E-01  4.636E-01  4.421E-01  4.163E-01  3.867E-01  3.535E-01  3.173E-01  2.787E-01  2.384E-01  1.973E-01  1.565E-01  1.172E-01  8.116E-02  4.980E-02  2.412E-02
  359.5000  8.460E-01  8.418E-01  8.293E-01  8.086E-01  7.801E-01  7.439E-01  7.006E-01  6.507E-01  5.949E-01  5.341E-01  4.692E-01  4.014E-01  3.323E-01  2.636E-01  1.975E-01  1.367E-01  8.386E-02  4.061E-02
  360.5000  7.838E-01  7.799E-01  7.684E-01  7.493E-01  7.228E-01  6.894E-01  6.493E-01  6.031E-01  5.515E-01  4.952E-01  4.351E-01  3.723E-01  3.082E-01  2.445E-01  1.832E-01  1.268E-01  7.778E-02  3.766E-02
  361.5000  7.063E-01  7.029E-01  6.925E-01  6.753E-01  6.515E-01  6.213E-01  5.853E-01  5.437E-01  4.972E-01  4.465E-01  3.924E-01  3.359E-01  2.781E-01  2.207E-01  1.654E-01  1.145E-01  7.020E-02  3.401E-02
  362.5000  8.291E-01  8.250E-01  8.128E-01  7.927E-01  7.648E-01  7.295E-01  6.872E-01  6.385E-01  5.840E-01  5.245E-01  4.610E-01  3.946E-01  3.268E-01  2.594E-01  1.944E-01  1.345E-01  8.251E-02  3.998E-02
  363.5000  7.373E-01  7.336E-01  7.228E-01  7.049E-01  6.801E-01  6.488E-01  6.112E-01  5.679E-01  5.195E-01  4.667E-01  4.102E-01  3.512E-01  2.909E-01  2.309E-01  1.731E-01  1.198E-01  7.345E-02  3.559E-02
  364.5000  8.040E-01  8.000E-01  7.882E-01  7.687E-01  7.418E-01  7.076E-01  6.667E-01  6.195E-01  5.668E-01  5.092E-01  4.477E-01  3.833E-01  3.176E-01  2.521E-01  1.890E-01  1.308E-01  8.015E-02  3.883E-02
  365.5000  9.793E-01  9.745E-01  9.601E-01  9.364E-01  9.036E-01  8.620E-01  8.123E-01  7.549E-01  6.907E-01  6.206E-01  5.457E-01  4.673E-01  3.872E-01  3.074E-01  2.304E-01  1.594E-01  9.769E-02  4.730E-02
  366.5000  1.036E+00  1.031E+00  1.016E+00  9.907E-01  9.560E-01  9.121E-01  8.595E-01  7.989E-01  7.310E-01  6.569E-01  5.777E-01  4.949E-01  4.101E-01  3.256E-01  2.441E-01  1.689E-01  1.035E-01  5.011E-02
  367.5000  9.832E-01  9.784E-01  9.641E-01  9.403E-01  9.075E-01  8.658E-01  8.160E-01  7.585E-01  6.941E-01  6.239E-01  5.487E-01  4.701E-01  3.897E-01  3.095E-01  2.320E-01  1.605E-01  9.833E-02  4.763E-02
  368.5000  8.634E-01  8.592E-01  8.466E-01  8.258E-01  7.970E-01  7.605E-01  7.167E-01  6.663E-01  6.098E-01  5.482E-01  4.822E-01  4.132E-01  3.426E-01  2.721E-01  2.040E-01  1.411E-01  8.642E-02  4.185E-02
  369.5000  1.035E+00  1.030E+00  1.015E+00  9.902E-01  9.557E-01  9.120E-01  8.596E-01  7.992E-01  7.316E-01  6.577E-01  5.786E-01  4.959E-01  4.112E-01  3.266E-01  2.449E-01  1.694E-01  1.037E-01  5.022E-02
  370.5000  9.389E-01  9.344E-01  9.207E-01  8.981E-01  8.669E-01  8.273E-01  7.798E-01  7.251E-01  6.638E-01  5.968E-01  5.252E-01  4.502E-01  3.733E-01  2.966E-01  2.224E-01  1.538E-01  9.415E-02  4.558E-02
  371.5000  1.074E+00  1.069E+00  1.053E+00  1.027E+00  9.916E-01  9.464E-01  8.921E-01  8.296E-01  7.596E-01  6.830E-01  6.011E-01  5.153E-01  4.274E-01  3.396E-01  2.547E-01  1.762E-01  1.078E-01  5.218E-02
  372.5000  7.930E-01  7.891E-01  7.776E-01  7.586E-01  7.323E-01  6.989E-01  6.589E-01  6.128E-01  5.611E-01  5.046E-01  4.442E-01  3.809E-01  3.160E-01  2.511E-01  1.883E-01  1.303E-01  7.967E-02  3.856E-02
  373.5000  7.165E-01  7.130E-01  7.027E-01  6.855E-01  6.617E-01  6.316E-01  5.955E-01  5.539E-01  5.072E-01  4.562E-01  4.016E-01  3.444E-01  2.858E-01  2.271E-01  1.704E-01  1.178E-01  7.205E-02  3.486E-02
  374.5000  7.861E-01  7.823E-01  7.710E-01  7.521E-01  7.261E-01  6.931E-01  6.535E-01  6.079E-01  5.567E-01  5.008E-01  4.410E-01  3.782E-01  3.139E-01  2.495E-01  1.872E-01  1.294E-01  7.912E-02  3.828E-02
  375.5000  8.867E-01  8.824E-01  8.696E-01  8.484E-01  8.190E-01  7.818E-01  7.373E-01  6.858E-01  6.282E-01  5.652E-01  4.977E-01  4.269E-01  3.544E-01  2.817E-01  2.114E-01  1.462E-01  8.932E-02  4.321E-02
  376.5000  8.851E-01  8.808E-01  8.680E-01  8.469E-01  8.176E-01  7.806E-01  7.361E-01  6.848E-01  6.274E-01  5.645E-01  4.972E-01  4.266E-01  3.541E-01  2.816E-01  2.113E-01  1.461E-01  8.925E-02  4.317E-02
  377.5000  1.054E+00  1.049E+00  1.033E+00  1.008E+00  9.734E-01  9.293E-01  8.765E-01  8.155E-01  7.471E-01  6.723E-01  5.922E-01  5.082E-01  4.220E-01  3.356E-01  2.518E-01  1.741E-01  1.063E-01  5.142E-02
  378.5000  1.148E+00  1.142E+00  1.126E+00  1.099E+00  1.061E+00  1.013E+00  9.552E-01  8.888E-01  8.144E-01  7.329E-01  6.457E-01  5.542E-01  4.602E-01  3.661E-01  2.747E-01  1.899E-01  1.160E-01  5.606E-02
  379.5000  8.490E-01  8.449E-01  8.327E-01  8.125E-01  7.845E-01  7.491E-01  7.066E-01  6.575E-01  6.025E-01  5.424E-01  4.779E-01  4.102E-01  3.407E-01  2.710E-01  2.034E-01  1.406E-01  8.584E-02  4.149E-02
  380.5000  1.021E+00  1.016E+00  1.001E+00  9.769E-01  9.433E-01  9.007E-01  8.497E-01  7.908E-01  7.247E-01  6.524E-01  5.749E-01  4.936E-01  4.100E-01  3.262E-01  2.449E-01  1.693E-01  1.033E-01  4.992E-02
  381.5000  9.588E-01  9.542E-01  9.405E-01  9.177E-01  8.862E-01  8.463E-01  7.984E-01  7.431E-01  6.811E-01  6.132E-01  5.404E-01  4.641E-01  3.856E-01  3.068E-01  2.303E-01  1.592E-01  9.712E-02  4.692E-02
  382.5000  6.387E-01  6.356E-01  6.265E-01  6.113E-01  5.904E-01  5.638E-01  5.319E-01  4.951E-01  4.539E-01  4.087E-01  3.602E-01  3.094E-01  2.571E-01  2.046E-01  1.536E-01  1.062E-01  6.476E-02  3.128E-02
  383.5000  5.607E-01  5.580E-01  5.500E-01  5.367E-01  5.183E-01  4.950E-01  4.670E-01  4.348E-01  3.986E-01  3.589E-01  3.164E-01  2.718E-01  2.259E-01  1.798E-01  1.350E-01  9.331E-02  5.690E-02  2.747E-02
  384.5000  8.412E-01  8.371E-01  8.251E-01  8.052E-01  7.777E-01  7.427E-01  7.008E-01  6.525E-01  5.982E-01  5.388E-01  4.751E-01  4.081E-01  3.392E-01  2.701E-01  2.028E-01  1.402E-01  8.544E-02  4.125E-02
  385.5000  8.320E-01  8.280E-01  8.161E-01  7.964E-01  7.692E-01  7.347E-01  6.933E-01  6.455E-01  5.919E-01  5.332E-01  4.702E-01  4.040E-01  3.359E-01  2.674E-01  2.008E-01  1.388E-01  8.458E-02  4.082E-02
  386.5000  8.478E-01  8.437E-01  8.317E-01  8.117E-01  7.839E-01  7.488E-01  7.067E-01  6.580E-01  6.034E-01  5.436E-01  4.794E-01  4.120E-01  3.426E-01  2.728E-01  2.049E-01  1.416E-01  8.627E-02  4.163E-02
  387.5000  7.877E-01  7.839E-01  7.727E-01  7.541E-01  7.284E-01  6.958E-01  6.567E-01  6.115E-01  5.608E-01  5.053E-01  4.457E-01  3.831E-01  3.186E-01  2.538E-01  1.906E-01  1.317E-01  8.022E-02  3.870E-02
  388.5000  7.893E-01  7.855E-01  7.743E-01  7.557E-01  7.300E-01  6.973E-01  6.582E-01  6.130E-01  5.622E-01  5.066E-01  4.469E-01  3.842E-01  3.196E-01  2.546E-01  1.912E-01  1.321E-01  8.046E-02  3.880E-02
  389.5000  9.951E-01  9.903E-01  9.762E-01  9.528E-01  9.204E-01  8.793E-01  8.300E-01  7.730E-01  7.091E-01  6.390E-01  5.638E-01  4.847E-01  4.033E-01  3.213E-01  2.414E-01  1.668E-01  1.015E-01  4.895E-02
  390.5000  9.771E-01  9.725E-01  9.586E-01  9.356E-01  9.038E-01  8.635E-01  8.151E-01  7.593E-01  6.965E-01  6.278E-01  5.540E-01  4.764E-01  3.964E-01  3.159E-01  2.373E-01  1.640E-01  9.979E-02  4.809E-02
  391.5000  1.159E+00  1.153E+00  1.137E+00  1.110E+00  1.072E+00  1.024E+00  9.670E-01  9.008E-01  8.264E-01  7.449E-01  6.575E-01  5.654E-01  4.705E-01  3.750E-01  2.818E-01  1.947E-01  1.185E-01  5.708E-02
  392.5000  8.688E-01  8.647E-01  8.524E-01  8.320E-01  8.038E-01  7.680E-01  7.251E-01  6.755E-01  6.198E-01  5.587E-01  4.932E-01  4.242E-01  3.531E-01  2.815E-01  2.115E-01  1.462E-01  8.889E-02  4.282E-02
  393.5000  3.776E-01  3.758E-01  3.705E-01  3.616E-01  3.494E-01  3.339E-01  3.152E-01  2.937E-01  2.695E-01  2.430E-01  2.145E-01  1.845E-01  1.536E-01  1.225E-01  9.205E-02  6.360E-02  3.867E-02  1.862E-02
  394.5000  8.883E-01  8.841E-01  8.716E-01  8.508E-01  8.220E-01  7.855E-01  7.417E-01  6.910E-01  6.342E-01  5.719E-01  5.049E-01  4.344E-01  3.617E-01  2.884E-01  2.168E-01  1.498E-01  9.105E-02  4.383E-02
  395.5000  1.143E+00  1.137E+00  1.121E+00  1.094E+00  1.057E+00  1.011E+00  9.542E-01  8.891E-01  8.161E-01  7.360E-01  6.499E-01  5.592E-01  4.657E-01  3.714E-01  2.792E-01  1.929E-01  1.172E-01  5.641E-02
  396.5000  6.708E-01  6.676E-01  6.582E-01  6.425E-01  6.208E-01  5.933E-01  5.603E-01  5.221E-01  4.793E-01  4.323E-01  3.817E-01  3.285E-01  2.736E-01  2.183E-01  1.641E-01  1.134E-01  6.888E-02  3.313E-02
  397.5000  7.739E-01  7.702E-01  7.593E-01  7.413E-01  7.163E-01  6.846E-01  6.465E-01  6.025E-01  5.531E-01  4.989E-01  4.407E-01  3.793E-01  3.160E-01  2.521E-01  1.896E-01  1.310E-01  7.954E-02  3.825E-02
  398.5000  1.329E+00  1.323E+00  1.304E+00  1.274E+00  1.231E+00  1.176E+00  1.111E+00  1.035E+00  9.505E-01  8.575E-01  7.575E-01  6.521E-01  5.433E-01  4.335E-01  3.260E-01  2.253E-01  1.368E-01  6.575E-02
  399.5000  1.382E+00  1.376E+00  1.357E+00  1.324E+00  1.280E+00  1.223E+00  1.155E+00  1.077E+00  9.888E-01  8.921E-01  7.882E-01  6.787E-01  5.655E-01  4.513E-01  3.395E-01  2.345E-01  1.424E-01  6.841E-02
  400.5000  1.453E+00  1.446E+00  1.426E+00  1.392E+00  1.345E+00  1.286E+00  1.215E+00  1.132E+00  1.040E+00  9.381E-01  8.289E-01  7.138E-01  5.949E-01  4.749E-01  3.572E-01  2.468E-01  1.498E-01  7.195E-02
  401.5000  1.495E+00  1.488E+00  1.467E+00  1.432E+00  1.384E+00  1.323E+00  1.250E+00  1.165E+00  1.070E+00  9.654E-01  8.532E-01  7.348E-01  6.125E-01  4.890E-01  3.679E-01  2.541E-01  1.542E-01  7.404E-02
  402.5000  1.551E+00  1.544E+00  1.522E+00  1.486E+00  1.437E+00  1.373E+00  1.297E+00  1.209E+00  1.111E+00  1.003E+00  8.861E-01  7.632E-01  6.363E-01  5.081E-01  3.823E-01  2.641E-01  1.602E-01  7.689E-02
  403.5000  1.420E+00  1.413E+00  1.393E+00  1.360E+00  1.315E+00  1.257E+00  1.187E+00  1.107E+00  1.017E+00  9.178E-01  8.113E-01  6.990E-01  5.828E-01  4.654E-01  3.502E-01  2.420E-01  1.467E-01  7.040E-02
  404.5000  1.392E+00  1.386E+00  1.366E+00  1.334E+00  1.289E+00  1.233E+00  1.165E+00  1.086E+00  9.975E-01  9.004E-01  7.960E-01  6.859E-01  5.720E-01  4.569E-01  3.438E-01  2.376E-01  1.440E-01  6.908E-02
  405.5000  1.446E+00  1.439E+00  1.419E+00  1.385E+00  1.339E+00  1.280E+00  1.210E+00  1.128E+00  1.036E+00  9.356E-01  8.272E-01  7.129E-01  5.946E-01  4.750E-01  3.575E-01  2.470E-01  1.497E-01  7.178E-02
  406.5000  1.362E+00  1.355E+00  1.336E+00  1.305E+00  1.261E+00  1.206E+00  1.139E+00  1.063E+00  9.762E-01  8.814E-01  7.794E-01  6.718E-01  5.604E-01  4.478E-01  3.371E-01  2.329E-01  1.411E-01  6.763E-02
  407.5000  1.372E+00  1.366E+00  1.347E+00  1.315E+00  1.271E+00  1.216E+00  1.149E+00  1.071E+00  9.844E-01  8.889E-01  7.861E-01  6.776E-01  5.654E-01  4.518E-01  3.402E-01  2.350E-01  1.424E-01  6.820E-02
  408.5000  1.528E+00  1.521E+00  1.500E+00  1.465E+00  1.416E+00  1.354E+00  1.279E+00  1.193E+00  1.096E+00  9.902E-01  8.758E-01  7.551E-01  6.301E-01  5.036E-01  3.792E-01  2.620E-01  1.586E-01  7.597E-02
  409.5000  1.498E+00  1.491E+00  1.470E+00  1.435E+00  1.388E+00  1.327E+00  1.254E+00  1.170E+00  1.075E+00  9.709E-01  8.589E-01  7.406E-01  6.181E-01  4.941E-01  3.721E-01  2.571E-01  1.556E-01  7.449E-02
  410.5000  1.299E+00  1.293E+00  1.275E+00  1.245E+00  1.203E+00  1.151E+00  1.088E+00  1.014E+00  9.324E-01  8.422E-01  7.451E-01  6.425E-01  5.363E-01  4.288E-01  3.230E-01  2.231E-01  1.351E-01  6.462E-02
  411.5000  1.561E+00  1.553E+00  1.532E+00  1.496E+00  1.446E+00  1.383E+00  1.307E+00  1.219E+00  1.121E+00  1.013E+00  8.959E-01  7.727E-01  6.451E-01  5.158E-01  3.886E-01  2.685E-01  1.625E-01  7.770E-02
  412.5000  1.546E+00  1.539E+00  1.518E+00  1.482E+00  1.433E+00  1.371E+00  1.296E+00  1.209E+00  1.111E+00  1.004E+00  8.883E-01  7.662E-01  6.398E-01  5.117E-01  3.855E-01  2.664E-01  1.611E-01  7.705E-02
  413.5000  1.500E+00  1.493E+00  1.472E+00  1.437E+00  1.390E+00  1.329E+00  1.256E+00  1.172E+00  1.078E+00  9.738E-01  8.618E-01  7.435E-01  6.209E-01  4.967E-01  3.743E-01  2.586E-01  1.564E-01  7.475E-02
  414.5000  1.541E+00  1.534E+00  1.513E+00  1.477E+00  1.428E+00  1.366E+00  1.291E+00  1.205E+00  1.108E+00  1.001E+00  8.861E-01  7.646E-01  6.386E-01  5.109E-01  3.850E-01  2.661E-01  1.609E-01  7.685E-02
  415.5000  1.474E+00  1.467E+00  1.446E+00  1.413E+00  1.366E+00  1.307E+00  1.235E+00  1.153E+00  1.060E+00  9.577E-01  8.478E-01  7.316E-01  6.112E-01  4.890E-01  3.686E-01  2.547E-01  1.540E-01  7.352E-02
  416.5000  1.604E+00  1.596E+00  1.574E+00  1.537E+00  1.486E+00  1.422E+00  1.344E+00  1.255E+00  1.154E+00  1.043E+00  9.230E-01  7.967E-01  6.656E-01  5.327E-01  4.015E-01  2.775E-01  1.677E-01  8.003E-02
  417.5000  1.466E+00  1.459E+00  1.439E+00  1.405E+00  1.359E+00  1.300E+00  1.229E+00  1.147E+00  1.055E+00  9.533E-01  8.441E-01  7.286E-01  6.089E-01  4.873E-01  3.674E-01  2.539E-01  1.534E-01  7.318E-02
  418.5000  1.477E+00  1.470E+00  1.450E+00  1.416E+00  1.369E+00  1.310E+00  1.239E+00  1.156E+00  1.063E+00  9.610E-01  8.510E-01  7.347E-01  6.140E-01  4.916E-01  3.707E-01  2.562E-01  1.547E-01  7.378E-02
  419.5000  1.525E+00  1.518E+00  1.497E+00  1.463E+00  1.414E+00  1.353E+00  1.279E+00  1.194E+00  1.098E+00  9.930E-01  8.794E-01  7.593E-01  6.347E-01  5.082E-01  3.833E-01  2.649E-01  1.600E-01  7.624E-02
------------------------------------------------------------
Dose rates, W m-2
   1 = UV-B, 280-315 nm                                  
   2 = UV-B*, 280-320 nm                                 
   3 = UV-A, 315-400 nm                                  
   4 = DNA damage, in vitro (Setlow, 1974)               
   5 = UV index (WMO, 1994; Webb et al., 2011)           
   6 = Plant damage (Caldwell, 1971)                     
   7 = Plant damage,Flint&Caldwell,2003,orig.            
   8 = Plant damage,Flint&Caldwell,2003,ext390           
values at z =      0.000 km
Columns: sza, weighting spectra
 sza, deg.          1          2          3          4          5          6          7          8
    0.0000  2.535E+00  4.365E+00  6.451E+01  1.145E-02  1.557E+01  5.338E-01  1.346E+00  1.799E+00
    5.0000  2.514E+00  4.333E+00  6.419E+01  1.130E-02  1.541E+01  5.278E-01  1.336E+00  1.787E+00
   10.0000  2.451E+00  4.237E+00  6.322E+01  1.085E-02  1.495E+01  5.101E-01  1.306E+00  1.751E+00
   15.0000  2.349E+00  4.079E+00  6.163E+01  1.014E-02  1.421E+01  4.816E-01  1.259E+00  1.692E+00
   20.0000  2.210E+00  3.865E+00  5.943E+01  9.198E-03  1.321E+01  4.436E-01  1.194E+00  1.613E+00
   25.0000  2.039E+00  3.598E+00  5.665E+01  8.096E-03  1.201E+01  3.978E-01  1.114E+00  1.514E+00
   30.0000  1.841E+00  3.287E+00  5.332E+01  6.895E-03  1.065E+01  3.466E-01  1.023E+00  1.399E+00
   35.0000  1.622E+00  2.940E+00  4.948E+01  5.664E-03  9.195E+00  2.922E-01  9.212E-01  1.272E+00
   40.0000  1.390E+00  2.567E+00  4.520E+01  4.471E-03  7.708E+00  2.372E-01  8.134E-01  1.135E+00
   45.0000  1.152E+00  2.178E+00  4.053E+01  3.372E-03  6.249E+00  1.843E-01  7.025E-01  9.915E-01
   50.0000  9.182E-01  1.788E+00  3.556E+01  2.413E-03  4.877E+00  1.357E-01  5.915E-01  8.461E-01
   55.0000  6.967E-01  1.408E+00  3.037E+01  1.623E-03  3.640E+00  9.345E-02  4.837E-01  7.022E-01
   60.0000  4.964E-01  1.052E+00  2.508E+01  1.013E-03  2.577E+00  5.910E-02  3.819E-01  5.633E-01
   65.0000  3.252E-01  7.346E-01  1.984E+01  5.779E-04  1.710E+00  3.334E-02  2.886E-01  4.329E-01
   70.0000  1.894E-01  4.667E-01  1.480E+01  2.951E-04  1.048E+00  1.606E-02  2.061E-01  3.143E-01
   75.0000  9.232E-02  2.577E-01  1.016E+01  1.323E-04  5.784E-01  6.208E-03  1.360E-01  2.109E-01
   80.0000  3.381E-02  1.126E-01  6.150E+00  5.179E-05  2.763E-01  1.865E-03  7.941E-02  1.251E-01
   85.0000  8.409E-03  3.187E-02  2.912E+00  1.791E-05  1.042E-01  5.751E-04  3.615E-02  5.825E-02
------------------------------------------------------------
