Spectral Irradiance, W m-2 nm-1
values at z =      0.000 km
Columns: wavelength (nm), solar zenith angles (deg.)
    wc, nm      0.000      5.000     10.000     15.000     20.000     25.000     30.000     35.000     40.000     45.000     50.000     55.000     60.000     65.000     70.000     75.000     80.000     85.000
  280.5000  3.687E-07  3.506E-07  3.007E-07  2.315E-07  1.584E-07  9.494E-08  4.880E-08  2.088E-08  7.132E-09  1.835E-09  3.298E-10  3.935E-11  4.694E-12  1.812E-12  1.262E-12  9.532E-13  7.118E-13  4.804E-13
  281.5000  2.543E-06  2.428E-06  2.109E-06  1.658E-06  1.170E-06  7.315E-07  3.972E-07  1.823E-07  6.814E-08  1.967E-08  4.095E-09  5.867E-10  7.881E-11  2.841E-11  1.938E-11  1.457E-11  1.086E-11  7.321E-12
  282.5000  9.130E-06  8.747E-06  7.679E-06  6.151E-06  4.458E-06  2.889E-06  1.644E-06  8.020E-07  3.237E-07  1.031E-07  2.437E-08  4.083E-09  6.133E-10  2.086E-10  1.388E-10  1.038E-10  7.722E-11  5.199E-11
  283.5000  1.893E-05  1.817E-05  1.607E-05  1.302E-05  9.604E-06  6.371E-06  3.739E-06  1.897E-06  8.050E-07  2.733E-07  7.009E-08  1.299E-08  2.103E-09  6.892E-10  4.491E-10  3.344E-10  2.483E-10  1.670E-10
  284.5000  4.384E-05  4.228E-05  3.786E-05  3.137E-05  2.388E-05  1.654E-05  1.027E-05  5.602E-06  2.550E-06  9.965E-07  2.973E-07  6.643E-08  1.258E-08  3.910E-09  2.421E-09  1.784E-09  1.319E-09  8.855E-10
  285.5000  5.077E-05  4.911E-05  4.440E-05  3.738E-05  2.914E-05  2.084E-05  1.349E-05  7.760E-06  3.867E-06  1.611E-06  5.370E-07  1.376E-07  2.944E-08  8.918E-09  5.247E-09  3.822E-09  2.815E-09  1.886E-09
  286.5000  2.560E-04  2.482E-04  2.260E-04  1.927E-04  1.530E-04  1.121E-04  7.492E-05  4.490E-05  2.358E-05  1.050E-05  3.810E-06  1.084E-06  2.557E-07  7.674E-08  4.301E-08  3.095E-08  2.270E-08  1.518E-08
  287.5000  5.728E-04  5.568E-04  5.112E-04  4.419E-04  3.579E-04  2.696E-04  1.867E-04  1.172E-04  6.521E-05  3.129E-05  1.248E-05  3.990E-06  1.055E-06  3.188E-07  1.678E-07  1.184E-07  8.637E-08  5.760E-08
  288.5000  1.030E-03  1.004E-03  9.303E-04  8.164E-04  6.759E-04  5.243E-04  3.775E-04  2.489E-04  1.476E-04  7.675E-05  3.389E-05  1.230E-05  3.705E-06  1.154E-06  5.629E-07  3.853E-07  2.785E-07  1.849E-07
  289.5000  2.709E-03  2.647E-03  2.467E-03  2.189E-03  1.840E-03  1.458E-03  1.079E-03  7.375E-04  4.574E-04  2.519E-04  1.196E-04  4.748E-05  1.573E-05  5.086E-06  2.346E-06  1.554E-06  1.113E-06  7.363E-07
  290.5000  5.837E-03  5.713E-03  5.353E-03  4.792E-03  4.083E-03  3.294E-03  2.496E-03  1.757E-03  1.132E-03  6.539E-04  3.300E-04  1.412E-04  5.079E-05  1.712E-05  7.557E-06  4.824E-06  3.420E-06  2.252E-06
  291.5000  9.121E-03  8.945E-03  8.432E-03  7.627E-03  6.597E-03  5.430E-03  4.225E-03  3.076E-03  2.069E-03  1.263E-03  6.826E-04  3.183E-04  1.260E-04  4.520E-05  1.917E-05  1.159E-05  8.077E-06  5.285E-06
  292.5000  1.226E-02  1.204E-02  1.141E-02  1.041E-02  9.112E-03  7.627E-03  5.983E-03  4.539E-03  3.162E-03  2.017E-03  1.154E-03  5.767E-04  2.472E-04  9.427E-05  3.919E-05  2.241E-05  1.530E-05  9.937E-06
  293.5000  2.045E-02  2.012E-02  1.915E-02  1.761E-02  1.560E-02  1.326E-02  1.076E-02  8.269E-03  5.955E-03  3.961E-03  2.389E-03  1.275E-03  5.903E-04  2.404E-04  9.962E-05  5.366E-05  3.561E-05  2.290E-05
  294.5000  2.519E-02  2.481E-02  2.370E-02  2.193E-02  1.960E-02  1.687E-02  1.391E-02  1.090E-02  8.057E-03  5.536E-03  3.477E-03  1.953E-03  9.601E-04  4.136E-04  1.730E-04  8.873E-05  5.708E-05  3.633E-05
  295.5000  4.007E-02  3.952E-02  3.790E-02  3.530E-02  3.186E-02  2.778E-02  2.329E-02  1.867E-02  1.418E-02  1.009E-02  6.620E-03  3.928E-03  2.062E-03  9.490E-04  4.073E-04  1.988E-04  1.222E-04  7.655E-05
  296.5000  4.771E-02  4.710E-02  4.532E-02  4.244E-02  3.861E-02  3.403E-02  2.894E-02  2.361E-02  1.834E-02  1.343E-02  9.137E-03  5.671E-03  3.144E-03  1.533E-03  6.800E-04  3.211E-04  1.880E-04  1.155E-04
  297.5000  6.543E-02  6.466E-02  6.239E-02  5.871E-02  5.379E-02  4.786E-02  4.121E-02  3.416E-02  2.707E-02  2.032E-02  1.427E-02  9.216E-03  5.363E-03  2.760E-03  1.272E-03  5.895E-04  3.275E-04  1.966E-04
  298.5000  5.877E-02  5.812E-02  5.621E-02  5.311E-02  4.895E-02  4.391E-02  3.820E-02  3.208E-02  2.585E-02  1.982E-02  1.429E-02  9.541E-03  5.784E-03  3.119E-03  1.495E-03  6.890E-04  3.645E-04  2.129E-04
  299.5000  1.005E-01  9.951E-02  9.646E-02  9.149E-02  8.480E-02  7.664E-02  6.733E-02  5.727E-02  4.689E-02  3.668E-02  2.712E-02  1.869E-02  1.179E-02  6.658E-03  3.332E-03  1.547E-03  7.800E-04  4.393E-04
  300.5000  7.674E-02  7.599E-02  7.379E-02  7.020E-02  6.534E-02  5.939E-02  5.257E-02  4.514E-02  3.740E-02  2.970E-02  2.238E-02  1.580E-02  1.026E-02  6.007E-03  3.115E-03  1.466E-03  7.142E-04  3.882E-04
  301.5000  1.222E-01  1.211E-01  1.178E-01  1.124E-01  1.051E-01  9.617E-02  8.582E-02  7.446E-02  6.252E-02  5.047E-02  3.883E-02  2.814E-02  1.890E-02  1.152E-02  6.237E-03  3.010E-03  1.422E-03  7.359E-04
  302.5000  1.317E-01  1.306E-01  1.272E-01  1.216E-01  1.141E-01  1.048E-01  9.402E-02  8.214E-02  6.956E-02  5.676E-02  4.427E-02  3.263E-02  2.239E-02  1.401E-02  7.817E-03  3.853E-03  1.795E-03  8.933E-04
  303.5000  1.896E-01  1.880E-01  1.834E-01  1.758E-01  1.655E-01  1.528E-01  1.380E-01  1.215E-01  1.039E-01  8.592E-02  6.810E-02  5.124E-02  3.608E-02  2.332E-02  1.351E-02  6.878E-03  3.180E-03  1.504E-03
  304.5000  1.878E-01  1.864E-01  1.819E-01  1.747E-01  1.648E-01  1.526E-01  1.383E-01  1.223E-01  1.053E-01  8.765E-02  7.012E-02  5.338E-02  3.814E-02  2.511E-02  1.487E-02  7.725E-03  3.573E-03  1.636E-03
  305.5000  2.148E-01  2.132E-01  2.084E-01  2.006E-01  1.898E-01  1.765E-01  1.608E-01  1.433E-01  1.244E-01  1.047E-01  8.496E-02  6.583E-02  4.811E-02  3.260E-02  1.999E-02  1.077E-02  5.043E-03  2.205E-03
  306.5000  2.108E-01  2.092E-01  2.046E-01  1.971E-01  1.868E-01  1.740E-01  1.589E-01  1.420E-01  1.238E-01  1.047E-01  8.546E-02  6.671E-02  4.923E-02  3.376E-02  2.101E-02  1.151E-02  5.426E-03  2.324E-03
  307.5000  2.704E-01  2.685E-01  2.629E-01  2.537E-01  2.411E-01  2.253E-01  2.067E-01  1.858E-01  1.621E-01  1.393E-01  1.150E-01  9.116E-02  6.856E-02  4.818E-02  3.093E-02  1.756E-02  8.488E-03  3.525E-03
  308.5000  2.891E-01  2.871E-01  2.812E-01  2.716E-01  2.583E-01  2.418E-01  2.222E-01  2.002E-01  1.763E-01  1.511E-01  1.253E-01  9.985E-02  7.563E-02  5.363E-02  3.483E-02  2.003E-02  9.784E-03  4.020E-03
  309.5000  2.358E-01  2.343E-01  2.296E-01  2.207E-01  2.116E-01  1.985E-01  1.830E-01  1.655E-01  1.465E-01  1.263E-01  1.056E-01  8.496E-02  6.516E-02  4.697E-02  3.115E-02  1.839E-02  9.202E-03  3.742E-03
  310.5000  3.037E-01  3.018E-01  2.959E-01  2.864E-01  2.732E-01  2.568E-01  2.373E-01  2.152E-01  1.911E-01  1.655E-01  1.391E-01  1.127E-01  8.725E-02  6.363E-02  4.284E-02  2.577E-02  1.315E-02  5.331E-03
  311.5000  3.767E-01  3.744E-01  3.673E-01  3.556E-01  3.396E-01  3.195E-01  2.957E-01  2.687E-01  2.392E-01  2.078E-01  1.753E-01  1.427E-01  1.111E-01  8.164E-02  5.551E-02  3.383E-02  1.749E-02  7.096E-03
  312.5000  3.444E-01  3.423E-01  3.360E-01  3.257E-01  3.114E-01  2.936E-01  2.725E-01  2.484E-01  2.220E-01  1.939E-01  1.646E-01  1.352E-01  1.064E-01  7.925E-02  5.488E-02  3.426E-02  1.823E-02  7.474E-03
  313.5000  3.842E-01  3.819E-01  3.750E-01  3.635E-01  3.478E-01  3.280E-01  3.046E-01  2.780E-01  2.487E-01  2.174E-01  1.849E-01  1.521E-01  1.200E-01  8.968E-02  6.235E-02  3.912E-02  2.093E-02  8.595E-03
  314.5000  3.632E-01  3.611E-01  3.547E-01  3.442E-01  3.297E-01  3.115E-01  2.899E-01  2.653E-01  2.382E-01  2.092E-01  1.790E-01  1.483E-01  1.180E-01  8.930E-02  6.309E-02  4.045E-02  2.225E-02  9.324E-03
  315.5000  3.712E-01  3.691E-01  3.626E-01  3.519E-01  3.372E-01  3.187E-01  2.965E-01  2.715E-01  2.441E-01  2.145E-01  1.837E-01  1.523E-01  1.215E-01  9.204E-02  6.517E-02  4.189E-02  2.312E-02  9.704E-03
  316.5000  3.536E-01  3.520E-01  3.459E-01  3.360E-01  3.222E-01  3.048E-01  2.844E-01  2.610E-01  2.352E-01  2.074E-01  1.784E-01  1.488E-01  1.195E-01  9.136E-02  6.550E-02  4.284E-02  2.420E-02  1.039E-02
  317.5000  4.999E-01  4.970E-01  4.885E-01  4.744E-01  4.551E-01  4.307E-01  4.018E-01  3.687E-01  3.322E-01  2.930E-01  2.520E-01  2.102E-01  1.688E-01  1.291E-01  9.251E-02  6.046E-02  3.411E-02  1.461E-02
  318.5000  3.778E-01  3.757E-01  3.694E-01  3.590E-01  3.443E-01  3.266E-01  3.051E-01  2.806E-01  2.535E-01  2.243E-01  1.937E-01  1.624E-01  1.312E-01  1.012E-01  7.339E-02  4.874E-02  2.813E-02  1.236E-02
  319.5000  4.570E-01  4.545E-01  4.469E-01  4.335E-01  4.171E-01  3.954E-01  3.695E-01  3.400E-01  3.073E-01  2.721E-01  2.351E-01  1.973E-01  1.597E-01  1.234E-01  8.960E-02  5.966E-02  3.455E-02  1.524E-02
  320.5000  5.507E-01  5.476E-01  5.385E-01  5.236E-01  5.029E-01  4.768E-01  4.459E-01  4.104E-01  3.712E-01  3.290E-01  2.846E-01  2.391E-01  1.938E-01  1.500E-01  1.092E-01  7.298E-02  4.247E-02  1.885E-02
  321.5000  4.505E-01  4.481E-01  4.408E-01  4.288E-01  4.122E-01  3.913E-01  3.664E-01  3.379E-01  3.063E-01  2.722E-01  2.364E-01  1.995E-01  1.626E-01  1.269E-01  9.337E-02  6.331E-02  3.765E-02  1.722E-02
  322.5000  4.661E-01  4.636E-01  4.559E-01  4.433E-01  4.259E-01  4.041E-01  3.780E-01  3.482E-01  3.151E-01  2.795E-01  2.421E-01  2.037E-01  1.653E-01  1.281E-01  9.351E-02  6.263E-02  3.658E-02  1.630E-02
  323.5000  4.590E-01  4.566E-01  4.492E-01  4.371E-01  4.204E-01  3.993E-01  3.742E-01  3.455E-01  3.136E-01  2.791E-01  2.428E-01  2.054E-01  1.679E-01  1.314E-01  9.715E-02  6.628E-02  3.979E-02  1.845E-02
  324.5000  5.391E-01  5.362E-01  5.276E-01  5.134E-01  4.938E-01  4.690E-01  4.396E-01  4.058E-01  3.683E-01  3.278E-01  2.851E-01  2.412E-01  1.971E-01  1.542E-01  1.139E-01  7.764E-02  4.653E-02  2.150E-02
  325.5000  6.076E-01  6.043E-01  5.946E-01  5.786E-01  5.564E-01  5.285E-01  4.952E-01  4.571E-01  4.148E-01  3.691E-01  3.209E-01  2.713E-01  2.215E-01  1.731E-01  1.277E-01  8.676E-02  5.178E-02  2.378E-02
  326.5000  7.125E-01  7.087E-01  6.975E-01  6.790E-01  6.535E-01  6.213E-01  5.828E-01  5.388E-01  4.898E-01  4.369E-01  3.810E-01  3.233E-01  2.653E-01  2.087E-01  1.552E-01  1.068E-01  6.497E-02  3.073E-02
  327.5000  6.697E-01  6.662E-01  6.556E-01  6.382E-01  6.141E-01  5.837E-01  5.474E-01  5.059E-01  4.597E-01  4.098E-01  3.570E-01  3.027E-01  2.480E-01  1.946E-01  1.443E-01  9.888E-02  5.973E-02  2.795E-02
  328.5000  6.181E-01  6.148E-01  6.051E-01  5.890E-01  5.668E-01  5.388E-01  5.054E-01  4.671E-01  4.246E-01  3.785E-01  3.299E-01  2.797E-01  2.292E-01  1.800E-01  1.335E-01  9.144E-02  5.524E-02  2.586E-02
  329.5000  7.820E-01  7.779E-01  7.658E-01  7.457E-01  7.180E-01  6.829E-01  6.412E-01  5.933E-01  5.400E-01  4.823E-01  4.212E-01  3.581E-01  2.946E-01  2.323E-01  1.734E-01  1.199E-01  7.348E-02  3.520E-02
  330.5000  7.176E-01  7.139E-01  7.027E-01  6.842E-01  6.587E-01  6.264E-01  5.880E-01  5.439E-01  4.948E-01  4.417E-01  3.855E-01  3.275E-01  2.690E-01  2.117E-01  1.576E-01  1.085E-01  6.606E-02  3.131E-02
  331.5000  7.104E-01  7.067E-01  6.956E-01  6.773E-01  6.520E-01  6.202E-01  5.821E-01  5.385E-01  4.899E-01  4.373E-01  3.817E-01  3.242E-01  2.662E-01  2.095E-01  1.559E-01  1.072E-01  6.517E-02  3.082E-02
  332.5000  6.871E-01  6.836E-01  6.730E-01  6.555E-01  6.313E-01  6.007E-01  5.642E-01  5.223E-01  4.758E-01  4.252E-01  3.717E-01  3.164E-01  2.605E-01  2.057E-01  1.538E-01  1.065E-01  6.540E-02  3.147E-02
  333.5000  6.503E-01  6.469E-01  6.368E-01  6.202E-01  5.973E-01  5.683E-01  5.337E-01  4.940E-01  4.498E-01  4.019E-01  3.512E-01  2.987E-01  2.457E-01  1.938E-01  1.445E-01  9.975E-02  6.097E-02  2.911E-02
  334.5000  7.235E-01  7.198E-01  7.086E-01  6.902E-01  6.647E-01  6.326E-01  5.942E-01  5.502E-01  5.011E-01  4.479E-01  3.916E-01  3.332E-01  2.743E-01  2.165E-01  1.616E-01  1.117E-01  6.844E-02  3.280E-02
  335.5000  7.268E-01  7.231E-01  7.119E-01  6.935E-01  6.681E-01  6.360E-01  5.976E-01  5.536E-01  5.045E-01  4.513E-01  3.948E-01  3.364E-01  2.773E-01  2.192E-01  1.640E-01  1.137E-01  7.000E-02  3.384E-02
  336.5000  5.694E-01  5.665E-01  5.578E-01  5.433E-01  5.234E-01  4.983E-01  4.682E-01  4.337E-01  3.953E-01  3.535E-01  3.093E-01  2.635E-01  2.171E-01  1.716E-01  1.283E-01  8.886E-02  5.460E-02  2.632E-02
  337.5000  6.285E-01  6.252E-01  6.156E-01  5.997E-01  5.777E-01  5.498E-01  5.166E-01  4.785E-01  4.360E-01  3.899E-01  3.410E-01  2.903E-01  2.391E-01  1.887E-01  1.409E-01  9.734E-02  5.958E-02  2.854E-02
  338.5000  6.572E-01  6.539E-01  6.439E-01  6.273E-01  6.044E-01  5.755E-01  5.409E-01  5.012E-01  4.570E-01  4.090E-01  3.580E-01  3.051E-01  2.517E-01  1.990E-01  1.489E-01  1.032E-01  6.351E-02  3.071E-02
  339.5000  7.134E-01  7.098E-01  6.989E-01  6.810E-01  6.562E-01  6.248E-01  5.874E-01  5.444E-01  4.964E-01  4.443E-01  3.891E-01  3.317E-01  2.737E-01  2.165E-01  1.620E-01  1.124E-01  6.918E-02  3.349E-02
  340.5000  7.648E-01  7.609E-01  7.493E-01  7.301E-01  7.035E-01  6.699E-01  6.297E-01  5.836E-01  5.322E-01  4.763E-01  4.170E-01  3.555E-01  2.932E-01  2.318E-01  1.733E-01  1.200E-01  7.372E-02  3.555E-02
  341.5000  6.759E-01  6.725E-01  6.622E-01  6.453E-01  6.219E-01  5.923E-01  5.569E-01  5.163E-01  4.710E-01  4.217E-01  3.694E-01  3.151E-01  2.601E-01  2.058E-01  1.541E-01  1.069E-01  6.581E-02  3.190E-02
  342.5000  7.479E-01  7.441E-01  7.328E-01  7.141E-01  6.882E-01  6.555E-01  6.165E-01  5.715E-01  5.215E-01  4.670E-01  4.092E-01  3.491E-01  2.882E-01  2.281E-01  1.709E-01  1.185E-01  7.301E-02  3.542E-02
  343.5000  7.778E-01  7.738E-01  7.621E-01  7.426E-01  7.157E-01  6.818E-01  6.412E-01  5.945E-01  5.424E-01  4.858E-01  4.257E-01  3.632E-01  2.998E-01  2.373E-01  1.776E-01  1.231E-01  7.575E-02  3.668E-02
  344.5000  5.458E-01  5.431E-01  5.348E-01  5.212E-01  5.023E-01  4.785E-01  4.500E-01  4.173E-01  3.807E-01  3.410E-01  2.988E-01  2.549E-01  2.104E-01  1.665E-01  1.246E-01  8.627E-02  5.301E-02  2.562E-02
  345.5000  7.443E-01  7.405E-01  7.293E-01  7.108E-01  6.852E-01  6.528E-01  6.141E-01  5.695E-01  5.199E-01  4.658E-01  4.084E-01  3.486E-01  2.880E-01  2.281E-01  1.709E-01  1.185E-01  7.301E-02  3.545E-02
  346.5000  6.978E-01  6.942E-01  6.837E-01  6.664E-01  6.424E-01  6.120E-01  5.757E-01  5.339E-01  4.874E-01  4.367E-01  3.828E-01  3.268E-01  2.699E-01  2.136E-01  1.599E-01  1.108E-01  6.813E-02  3.298E-02
  347.5000  6.813E-01  6.778E-01  6.676E-01  6.507E-01  6.273E-01  5.977E-01  5.623E-01  5.216E-01  4.761E-01  4.267E-01  3.741E-01  3.194E-01  2.638E-01  2.089E-01  1.564E-01  1.084E-01  6.662E-02  3.226E-02
  348.5000  7.477E-01  7.439E-01  7.327E-01  7.142E-01  6.885E-01  6.561E-01  6.173E-01  5.727E-01  5.229E-01  4.687E-01  4.110E-01  3.510E-01  2.900E-01  2.297E-01  1.720E-01  1.192E-01  7.333E-02  3.554E-02
  349.5000  6.264E-01  6.233E-01  6.139E-01  5.984E-01  5.769E-01  5.498E-01  5.174E-01  4.800E-01  4.383E-01  3.929E-01  3.446E-01  2.944E-01  2.433E-01  1.927E-01  1.443E-01  9.998E-02  6.147E-02  2.979E-02
  350.5000  8.765E-01  8.721E-01  8.590E-01  8.374E-01  8.074E-01  7.695E-01  7.241E-01  6.719E-01  6.137E-01  5.502E-01  4.827E-01  4.123E-01  3.408E-01  2.700E-01  2.022E-01  1.401E-01  8.613E-02  4.174E-02
  351.5000  7.554E-01  7.517E-01  7.404E-01  7.217E-01  6.959E-01  6.633E-01  6.242E-01  5.793E-01  5.291E-01  4.745E-01  4.163E-01  3.557E-01  2.940E-01  2.329E-01  1.744E-01  1.208E-01  7.424E-02  3.596E-02
  352.5000  6.808E-01  6.774E-01  6.672E-01  6.505E-01  6.272E-01  5.979E-01  5.627E-01  5.223E-01  4.771E-01  4.279E-01  3.755E-01  3.209E-01  2.653E-01  2.102E-01  1.574E-01  1.091E-01  6.701E-02  3.247E-02
  353.5000  8.188E-01  8.147E-01  8.025E-01  7.824E-01  7.545E-01  7.192E-01  6.770E-01  6.284E-01  5.741E-01  5.150E-01  4.520E-01  3.863E-01  3.195E-01  2.532E-01  1.897E-01  1.314E-01  8.074E-02  3.914E-02
  354.5000  8.854E-01  8.810E-01  8.678E-01  8.461E-01  8.160E-01  7.779E-01  7.323E-01  6.798E-01  6.212E-01  5.573E-01  4.892E-01  4.183E-01  3.460E-01  2.742E-01  2.055E-01  1.423E-01  8.747E-02  4.242E-02
  355.5000  8.271E-01  8.230E-01  8.107E-01  7.904E-01  7.623E-01  7.268E-01  6.843E-01  6.353E-01  5.806E-01  5.209E-01  4.574E-01  3.911E-01  3.235E-01  2.565E-01  1.922E-01  1.331E-01  8.178E-02  3.966E-02
  356.5000  7.673E-01  7.635E-01  7.521E-01  7.333E-01  7.073E-01  6.743E-01  6.349E-01  5.896E-01  5.388E-01  4.836E-01  4.246E-01  3.631E-01  3.004E-01  2.382E-01  1.785E-01  1.236E-01  7.593E-02  3.682E-02
  357.5000  6.522E-01  6.490E-01  6.394E-01  6.234E-01  6.013E-01  5.733E-01  5.399E-01  5.014E-01  4.583E-01  4.113E-01  3.612E-01  3.090E-01  2.557E-01  2.028E-01  1.519E-01  1.052E-01  6.459E-02  3.131E-02
  358.5000  5.030E-01  5.005E-01  4.931E-01  4.808E-01  4.638E-01  4.423E-01  4.165E-01  3.868E-01  3.536E-01  3.174E-01  2.788E-01  2.385E-01  1.974E-01  1.566E-01  1.173E-01  8.125E-02  4.988E-02  2.419E-02
  359.5000  8.462E-01  8.420E-01  8.295E-01  8.089E-01  7.803E-01  7.441E-01  7.008E-01  6.509E-01  5.952E-01  5.343E-01  4.694E-01  4.016E-01  3.325E-01  2.637E-01  1.976E-01  1.368E-01  8.399E-02  4.072E-02
  360.5000  7.840E-01  7.802E-01  7.686E-01  7.495E-01  7.230E-01  6.896E-01  6.495E-01  6.033E-01  5.517E-01  4.954E-01  4.353E-01  3.725E-01  3.084E-01  2.447E-01  1.834E-01  1.269E-01  7.789E-02  3.776E-02
  361.5000  7.065E-01  7.030E-01  6.926E-01  6.754E-01  6.516E-01  6.215E-01  5.854E-01  5.439E-01  4.974E-01  4.467E-01  3.925E-01  3.360E-01  2.782E-01  2.208E-01  1.655E-01  1.145E-01  7.027E-02  3.407E-02
  362.5000  8.293E-01  8.252E-01  8.130E-01  7.928E-01  7.649E-01  7.296E-01  6.873E-01  6.386E-01  5.841E-01  5.246E-01  4.611E-01  3.947E-01  3.269E-01  2.594E-01  1.945E-01  1.346E-01  8.257E-02  4.003E-02
  363.5000  7.374E-01  7.338E-01  7.229E-01  7.050E-01  6.803E-01  6.489E-01  6.113E-01  5.681E-01  5.196E-01  4.668E-01  4.103E-01  3.513E-01  2.910E-01  2.310E-01  1.732E-01  1.198E-01  7.349E-02  3.562E-02
  364.5000  8.041E-01  8.002E-01  7.884E-01  7.689E-01  7.419E-01  7.077E-01  6.668E-01  6.197E-01  5.669E-01  5.093E-01  4.478E-01  3.834E-01  3.177E-01  2.522E-01  1.890E-01  1.308E-01  8.020E-02  3.887E-02
  365.5000  9.795E-01  9.747E-01  9.603E-01  9.366E-01  9.038E-01  8.622E-01  8.124E-01  7.551E-01  6.908E-01  6.207E-01  5.458E-01  4.675E-01  3.874E-01  3.075E-01  2.306E-01  1.595E-01  9.777E-02  4.737E-02
  366.5000  1.036E+00  1.031E+00  1.016E+00  9.909E-01  9.562E-01  9.123E-01  8.597E-01  7.990E-01  7.312E-01  6.571E-01  5.779E-01  4.950E-01  4.102E-01  3.257E-01  2.442E-01  1.690E-01  1.035E-01  5.016E-02
  367.5000  9.834E-01  9.786E-01  9.642E-01  9.405E-01  9.076E-01  8.660E-01  8.161E-01  7.586E-01  6.943E-01  6.240E-01  5.488E-01  4.702E-01  3.898E-01  3.095E-01  2.321E-01  1.606E-01  9.836E-02  4.766E-02
  368.5000  8.635E-01  8.593E-01  8.467E-01  8.259E-01  7.971E-01  7.606E-01  7.168E-01  6.664E-01  6.099E-01  5.482E-01  4.823E-01  4.133E-01  3.426E-01  2.721E-01  2.041E-01  1.412E-01  8.645E-02  4.188E-02
  369.5000  1.035E+00  1.030E+00  1.015E+00  9.904E-01  9.558E-01  9.121E-01  8.597E-01  7.993E-01  7.317E-01  6.578E-01  5.787E-01  4.960E-01  4.113E-01  3.267E-01  2.450E-01  1.695E-01  1.038E-01  5.025E-02
  370.5000  9.391E-01  9.345E-01  9.208E-01  8.982E-01  8.670E-01  8.274E-01  7.799E-01  7.252E-01  6.639E-01  5.969E-01  5.252E-01  4.502E-01  3.734E-01  2.966E-01  2.225E-01  1.539E-01  9.418E-02  4.561E-02
  371.5000  1.074E+00  1.069E+00  1.053E+00  1.027E+00  9.917E-01  9.465E-01  8.923E-01  8.297E-01  7.597E-01  6.831E-01  6.012E-01  5.154E-01  4.275E-01  3.397E-01  2.548E-01  1.762E-01  1.078E-01  5.221E-02
  372.5000  7.931E-01  7.893E-01  7.777E-01  7.587E-01  7.324E-01  6.990E-01  6.590E-01  6.129E-01  5.612E-01  5.047E-01  4.442E-01  3.809E-01  3.160E-01  2.511E-01  1.884E-01  1.303E-01  7.969E-02  3.858E-02
  373.5000  7.166E-01  7.131E-01  7.028E-01  6.856E-01  6.618E-01  6.317E-01  5.956E-01  5.539E-01  5.073E-01  4.563E-01  4.017E-01  3.445E-01  2.858E-01  2.272E-01  1.704E-01  1.179E-01  7.207E-02  3.488E-02
  374.5000  7.862E-01  7.824E-01  7.710E-01  7.522E-01  7.262E-01  6.932E-01  6.536E-01  6.079E-01  5.568E-01  5.009E-01  4.410E-01  3.783E-01  3.139E-01  2.495E-01  1.872E-01  1.295E-01  7.914E-02  3.829E-02
  375.5000  8.867E-01  8.825E-01  8.696E-01  8.484E-01  8.191E-01  7.819E-01  7.373E-01  6.859E-01  6.283E-01  5.652E-01  4.978E-01  4.270E-01  3.544E-01  2.818E-01  2.114E-01  1.462E-01  8.934E-02  4.322E-02
  376.5000  8.852E-01  8.809E-01  8.681E-01  8.470E-01  8.177E-01  7.807E-01  7.362E-01  6.849E-01  6.274E-01  5.646E-01  4.972E-01  4.266E-01  3.542E-01  2.816E-01  2.113E-01  1.461E-01  8.927E-02  4.318E-02
  377.5000  1.054E+00  1.049E+00  1.033E+00  1.008E+00  9.735E-01  9.294E-01  8.766E-01  8.156E-01  7.472E-01  6.724E-01  5.923E-01  5.083E-01  4.220E-01  3.356E-01  2.519E-01  1.741E-01  1.064E-01  5.144E-02
  378.5000  1.148E+00  1.143E+00  1.126E+00  1.099E+00  1.061E+00  1.013E+00  9.553E-01  8.889E-01  8.145E-01  7.330E-01  6.458E-01  5.543E-01  4.603E-01  3.661E-01  2.748E-01  1.899E-01  1.160E-01  5.608E-02
  379.5000  8.491E-01  8.450E-01  8.328E-01  8.126E-01  7.846E-01  7.492E-01  7.067E-01  6.576E-01  6.026E-01  5.424E-01  4.780E-01  4.103E-01  3.408E-01  2.711E-01  2.035E-01  1.406E-01  8.586E-02  4.150E-02
  380.5000  1.021E+00  1.016E+00  1.001E+00  9.770E-01  9.434E-01  9.008E-01  8.498E-01  7.909E-01  7.248E-01  6.525E-01  5.750E-01  4.937E-01  4.101E-01  3.263E-01  2.449E-01  1.693E-01  1.033E-01  4.993E-02
  381.5000  9.589E-01  9.543E-01  9.406E-01  9.178E-01  8.863E-01  8.464E-01  7.984E-01  7.431E-01  6.811E-01  6.133E-01  5.405E-01  4.641E-01  3.856E-01  3.069E-01  2.304E-01  1.592E-01  9.714E-02  4.694E-02
  382.5000  6.388E-01  6.357E-01  6.266E-01  6.114E-01  5.905E-01  5.639E-01  5.320E-01  4.952E-01  4.539E-01  4.087E-01  3.603E-01  3.094E-01  2.571E-01  2.046E-01  1.536E-01  1.062E-01  6.477E-02  3.129E-02
  383.5000  5.607E-01  5.581E-01  5.500E-01  5.368E-01  5.184E-01  4.951E-01  4.671E-01  4.348E-01  3.986E-01  3.590E-01  3.165E-01  2.718E-01  2.259E-01  1.798E-01  1.350E-01  9.333E-02  5.691E-02  2.748E-02
  384.5000  8.412E-01  8.372E-01  8.252E-01  8.053E-01  7.777E-01  7.428E-01  7.009E-01  6.525E-01  5.983E-01  5.388E-01  4.751E-01  4.082E-01  3.393E-01  2.701E-01  2.028E-01  1.402E-01  8.545E-02  4.126E-02
  385.5000  8.320E-01  8.281E-01  8.162E-01  7.965E-01  7.693E-01  7.348E-01  6.934E-01  6.456E-01  5.920E-01  5.332E-01  4.702E-01  4.040E-01  3.359E-01  2.675E-01  2.009E-01  1.388E-01  8.459E-02  4.083E-02
  386.5000  8.479E-01  8.438E-01  8.317E-01  8.117E-01  7.840E-01  7.489E-01  7.067E-01  6.581E-01  6.035E-01  5.436E-01  4.795E-01  4.120E-01  3.426E-01  2.729E-01  2.049E-01  1.416E-01  8.628E-02  4.164E-02
  387.5000  7.878E-01  7.840E-01  7.728E-01  7.542E-01  7.285E-01  6.959E-01  6.568E-01  6.116E-01  5.609E-01  5.054E-01  4.458E-01  3.831E-01  3.186E-01  2.538E-01  1.906E-01  1.317E-01  8.024E-02  3.871E-02
  388.5000  7.894E-01  7.856E-01  7.744E-01  7.558E-01  7.301E-01  6.974E-01  6.583E-01  6.130E-01  5.623E-01  5.067E-01  4.470E-01  3.842E-01  3.196E-01  2.546E-01  1.913E-01  1.322E-01  8.048E-02  3.881E-02
  389.5000  9.952E-01  9.905E-01  9.763E-01  9.529E-01  9.205E-01  8.794E-01  8.301E-01  7.731E-01  7.091E-01  6.391E-01  5.639E-01  4.848E-01  4.033E-01  3.214E-01  2.414E-01  1.668E-01  1.015E-01  4.896E-02
  390.5000  9.772E-01  9.726E-01  9.587E-01  9.357E-01  9.039E-01  8.636E-01  8.152E-01  7.593E-01  6.966E-01  6.279E-01  5.541E-01  4.764E-01  3.964E-01  3.159E-01  2.374E-01  1.640E-01  9.981E-02  4.811E-02
  391.5000  1.159E+00  1.154E+00  1.137E+00  1.110E+00  1.072E+00  1.024E+00  9.671E-01  9.009E-01  8.265E-01  7.450E-01  6.575E-01  5.655E-01  4.706E-01  3.751E-01  2.819E-01  1.948E-01  1.185E-01  5.710E-02
  392.5000  8.689E-01  8.648E-01  8.525E-01  8.321E-01  8.039E-01  7.681E-01  7.252E-01  6.755E-01  6.199E-01  5.588E-01  4.933E-01  4.243E-01  3.531E-01  2.815E-01  2.116E-01  1.462E-01  8.891E-02  4.283E-02
  393.5000  3.776E-01  3.759E-01  3.705E-01  3.617E-01  3.494E-01  3.339E-01  3.152E-01  2.937E-01  2.695E-01  2.430E-01  2.145E-01  1.845E-01  1.536E-01  1.225E-01  9.206E-02  6.361E-02  3.868E-02  1.863E-02
  394.5000  8.884E-01  8.842E-01  8.717E-01  8.509E-01  8.221E-01  7.856E-01  7.418E-01  6.911E-01  6.343E-01  5.719E-01  5.050E-01  4.345E-01  3.617E-01  2.885E-01  2.168E-01  1.498E-01  9.107E-02  4.384E-02
  395.5000  1.143E+00  1.137E+00  1.121E+00  1.095E+00  1.058E+00  1.011E+00  9.543E-01  8.892E-01  8.162E-01  7.360E-01  6.500E-01  5.593E-01  4.657E-01  3.715E-01  2.793E-01  1.929E-01  1.173E-01  5.643E-02
  396.5000  6.709E-01  6.677E-01  6.582E-01  6.426E-01  6.209E-01  5.934E-01  5.603E-01  5.222E-01  4.793E-01  4.323E-01  3.818E-01  3.286E-01  2.737E-01  2.183E-01  1.641E-01  1.134E-01  6.890E-02  3.315E-02
  397.5000  7.740E-01  7.703E-01  7.594E-01  7.414E-01  7.163E-01  6.846E-01  6.466E-01  6.026E-01  5.532E-01  4.990E-01  4.407E-01  3.794E-01  3.160E-01  2.521E-01  1.896E-01  1.310E-01  7.956E-02  3.827E-02
  398.5000  1.330E+00  1.323E+00  1.305E+00  1.274E+00  1.231E+00  1.176E+00  1.111E+00  1.035E+00  9.506E-01  8.576E-01  7.576E-01  6.522E-01  5.434E-01  4.336E-01  3.261E-01  2.253E-01  1.368E-01  6.578E-02
  399.5000  1.383E+00  1.376E+00  1.357E+00  1.325E+00  1.280E+00  1.223E+00  1.156E+00  1.077E+00  9.889E-01  8.922E-01  7.883E-01  6.787E-01  5.656E-01  4.514E-01  3.395E-01  2.346E-01  1.424E-01  6.844E-02
  400.5000  1.453E+00  1.446E+00  1.426E+00  1.392E+00  1.345E+00  1.286E+00  1.215E+00  1.132E+00  1.040E+00  9.382E-01  8.291E-01  7.139E-01  5.950E-01  4.749E-01  3.573E-01  2.468E-01  1.498E-01  7.198E-02
  401.5000  1.495E+00  1.488E+00  1.467E+00  1.432E+00  1.384E+00  1.323E+00  1.250E+00  1.165E+00  1.070E+00  9.656E-01  8.533E-01  7.349E-01  6.126E-01  4.891E-01  3.680E-01  2.542E-01  1.542E-01  7.408E-02
  402.5000  1.552E+00  1.544E+00  1.523E+00  1.487E+00  1.437E+00  1.373E+00  1.297E+00  1.210E+00  1.111E+00  1.003E+00  8.862E-01  7.634E-01  6.364E-01  5.081E-01  3.824E-01  2.642E-01  1.602E-01  7.693E-02
  403.5000  1.420E+00  1.413E+00  1.393E+00  1.360E+00  1.315E+00  1.257E+00  1.188E+00  1.107E+00  1.017E+00  9.180E-01  8.114E-01  6.991E-01  5.829E-01  4.655E-01  3.503E-01  2.420E-01  1.468E-01  7.044E-02
  404.5000  1.392E+00  1.386E+00  1.366E+00  1.334E+00  1.289E+00  1.233E+00  1.165E+00  1.086E+00  9.976E-01  9.005E-01  7.961E-01  6.860E-01  5.721E-01  4.569E-01  3.439E-01  2.376E-01  1.441E-01  6.912E-02
  405.5000  1.446E+00  1.439E+00  1.419E+00  1.386E+00  1.339E+00  1.280E+00  1.210E+00  1.128E+00  1.036E+00  9.357E-01  8.273E-01  7.130E-01  5.947E-01  4.751E-01  3.576E-01  2.471E-01  1.498E-01  7.182E-02
  406.5000  1.362E+00  1.355E+00  1.336E+00  1.305E+00  1.261E+00  1.206E+00  1.140E+00  1.063E+00  9.764E-01  8.816E-01  7.796E-01  6.719E-01  5.605E-01  4.478E-01  3.372E-01  2.329E-01  1.412E-01  6.767E-02
  407.5000  1.373E+00  1.366E+00  1.347E+00  1.315E+00  1.271E+00  1.216E+00  1.149E+00  1.071E+00  9.845E-01  8.890E-01  7.862E-01  6.777E-01  5.655E-01  4.519E-01  3.402E-01  2.351E-01  1.424E-01  6.825E-02
  408.5000  1.528E+00  1.521E+00  1.500E+00  1.465E+00  1.416E+00  1.354E+00  1.280E+00  1.193E+00  1.097E+00  9.904E-01  8.760E-01  7.552E-01  6.302E-01  5.037E-01  3.793E-01  2.621E-01  1.587E-01  7.603E-02
  409.5000  1.498E+00  1.491E+00  1.470E+00  1.436E+00  1.388E+00  1.327E+00  1.254E+00  1.170E+00  1.075E+00  9.711E-01  8.591E-01  7.407E-01  6.182E-01  4.942E-01  3.722E-01  2.572E-01  1.557E-01  7.456E-02
  410.5000  1.299E+00  1.293E+00  1.275E+00  1.245E+00  1.203E+00  1.151E+00  1.088E+00  1.015E+00  9.326E-01  8.424E-01  7.452E-01  6.427E-01  5.365E-01  4.289E-01  3.231E-01  2.232E-01  1.351E-01  6.468E-02
  411.5000  1.561E+00  1.554E+00  1.532E+00  1.496E+00  1.446E+00  1.383E+00  1.307E+00  1.220E+00  1.121E+00  1.013E+00  8.961E-01  7.729E-01  6.453E-01  5.160E-01  3.887E-01  2.686E-01  1.626E-01  7.777E-02
  412.5000  1.547E+00  1.540E+00  1.518E+00  1.483E+00  1.433E+00  1.371E+00  1.296E+00  1.209E+00  1.111E+00  1.004E+00  8.884E-01  7.664E-01  6.400E-01  5.118E-01  3.856E-01  2.665E-01  1.612E-01  7.711E-02
  413.5000  1.500E+00  1.493E+00  1.472E+00  1.438E+00  1.390E+00  1.329E+00  1.257E+00  1.173E+00  1.078E+00  9.740E-01  8.620E-01  7.437E-01  6.211E-01  4.968E-01  3.744E-01  2.587E-01  1.565E-01  7.482E-02
  414.5000  1.541E+00  1.534E+00  1.513E+00  1.477E+00  1.428E+00  1.366E+00  1.292E+00  1.205E+00  1.108E+00  1.001E+00  8.863E-01  7.647E-01  6.388E-01  5.110E-01  3.852E-01  2.662E-01  1.610E-01  7.692E-02
  415.5000  1.474E+00  1.467E+00  1.447E+00  1.413E+00  1.366E+00  1.307E+00  1.235E+00  1.153E+00  1.060E+00  9.579E-01  8.480E-01  7.318E-01  6.114E-01  4.892E-01  3.687E-01  2.548E-01  1.541E-01  7.360E-02
  416.5000  1.604E+00  1.596E+00  1.574E+00  1.538E+00  1.487E+00  1.422E+00  1.345E+00  1.255E+00  1.154E+00  1.043E+00  9.233E-01  7.969E-01  6.658E-01  5.328E-01  4.017E-01  2.776E-01  1.678E-01  8.013E-02
  417.5000  1.466E+00  1.459E+00  1.439E+00  1.405E+00  1.359E+00  1.300E+00  1.229E+00  1.147E+00  1.055E+00  9.536E-01  8.443E-01  7.288E-01  6.091E-01  4.875E-01  3.676E-01  2.540E-01  1.535E-01  7.327E-02
  418.5000  1.477E+00  1.470E+00  1.450E+00  1.416E+00  1.369E+00  1.310E+00  1.239E+00  1.156E+00  1.063E+00  9.613E-01  8.513E-01  7.349E-01  6.142E-01  4.917E-01  3.708E-01  2.563E-01  1.549E-01  7.387E-02
  419.5000  1.526E+00  1.519E+00  1.498E+00  1.463E+00  1.415E+00  1.353E+00  1.280E+00  1.194E+00  1.099E+00  9.932E-01  8.797E-01  7.595E-01  6.349E-01  5.084E-01  3.834E-01  2.650E-01  1.601E-01  7.634E-02
------------------------------------------------------------
Dose rates, W m-2
   1 = UV-B, 280-315 nm                                  
   2 = UV-B*, 280-320 nm                                 
   3 = UV-A, 315-400 nm                                  
   4 = DNA damage, in vitro (Setlow, 1974)               
   5 = UV index (WMO, 1994; Webb et al., 2011)           
   6 = Plant damage (Caldwell, 1971)                     
   7 = Plant damage,Flint&Caldwell,2003,orig.            
   8 = Plant damage,Flint&Caldwell,2003,ext390           
values at z =      0.000 km
Columns: sza, weighting spectra
 sza, deg.          1          2          3          4          5          6          7          8
    0.0000  4.091E+00  6.151E+00  6.506E+01  5.136E-02  3.715E+01  1.443E+00  2.237E+00  2.690E+00
    5.0000  4.061E+00  6.109E+00  6.473E+01  5.071E-02  3.680E+01  1.429E+00  2.218E+00  2.669E+00
   10.0000  3.970E+00  5.984E+00  6.377E+01  4.880E-02  3.575E+01  1.386E+00  2.163E+00  2.608E+00
   15.0000  3.821E+00  5.776E+00  6.217E+01  4.574E-02  3.404E+01  1.317E+00  2.074E+00  2.508E+00
   20.0000  3.620E+00  5.496E+00  5.996E+01  4.171E-02  3.176E+01  1.225E+00  1.954E+00  2.373E+00
   25.0000  3.370E+00  5.146E+00  5.717E+01  3.693E-02  2.898E+01  1.113E+00  1.808E+00  2.207E+00
   30.0000  3.078E+00  4.736E+00  5.383E+01  3.166E-02  2.582E+01  9.865E-01  1.639E+00  2.016E+00
   35.0000  2.754E+00  4.275E+00  4.998E+01  2.625E-02  2.240E+01  8.503E-01  1.456E+00  1.807E+00
   40.0000  2.404E+00  3.777E+00  4.568E+01  2.092E-02  1.887E+01  7.100E-01  1.264E+00  1.585E+00
   45.0000  2.045E+00  3.256E+00  4.099E+01  1.597E-02  1.539E+01  5.724E-01  1.070E+00  1.359E+00
   50.0000  1.683E+00  2.726E+00  3.599E+01  1.161E-02  1.207E+01  4.423E-01  8.800E-01  1.135E+00
   55.0000  1.332E+00  2.203E+00  3.077E+01  7.972E-03  9.063E+00  3.252E-01  7.010E-01  9.195E-01
   60.0000  1.005E+00  1.706E+00  2.545E+01  5.137E-03  6.460E+00  2.252E-01  5.379E-01  7.194E-01
   65.0000  7.144E-01  1.252E+00  2.017E+01  3.085E-03  4.334E+00  1.450E-01  3.949E-01  5.392E-01
   70.0000  4.697E-01  8.558E-01  1.509E+01  1.722E-03  2.710E+00  8.549E-02  2.744E-01  3.827E-01
   75.0000  2.782E-01  5.318E-01  1.041E+01  9.016E-04  1.561E+00  4.557E-02  1.776E-01  2.524E-01
   80.0000  1.426E-01  2.867E-01  6.347E+00  4.562E-04  8.175E-01  2.210E-02  1.034E-01  1.491E-01
   85.0000  5.991E-02  1.222E-01  3.049E+00  2.255E-04  3.734E-01  1.015E-02  4.892E-02  7.103E-02
------------------------------------------------------------
