Spectral Irradiance, W m-2 nm-1
values at z =      0.000 km
Columns: wavelength (nm), solar zenith angles (deg.)
    wc, nm      0.000      5.000     10.000     15.000     20.000     25.000     30.000     35.000     40.000     45.000     50.000     55.000     60.000     65.000     70.000     75.000     80.000     85.000
  280.5000  2.512E-09  2.344E-09  1.900E-09  1.327E-09  7.883E-10  3.902E-10  1.563E-10  4.861E-11  1.107E-11  1.703E-12  1.589E-13  8.371E-15  5.388E-16  2.081E-16  1.387E-16  1.011E-16  7.386E-17  4.952E-17
  281.5000  2.725E-08  2.558E-08  2.110E-08  1.519E-08  9.430E-09  4.955E-09  2.146E-09  7.373E-10  1.907E-10  3.452E-11  3.970E-12  2.712E-13  1.995E-14  7.110E-15  4.663E-15  3.377E-15  2.457E-15  1.643E-15
  282.5000  1.445E-07  1.363E-07  1.141E-07  8.435E-08  5.438E-08  3.008E-08  1.393E-08  5.215E-09  1.505E-09  3.133E-10  4.309E-11  3.677E-12  3.082E-13  1.018E-13  6.554E-14  4.714E-14  3.417E-14  2.278E-14
  283.5000  3.860E-07  3.653E-07  3.090E-07  2.322E-07  1.535E-07  8.775E-08  4.244E-08  1.680E-08  5.206E-09  1.186E-09  1.832E-10  1.803E-11  1.655E-12  5.182E-13  3.286E-13  2.351E-13  1.699E-13  1.130E-13
  284.5000  1.421E-06  1.353E-06  1.166E-06  9.036E-07  6.247E-07  3.797E-07  1.989E-07  8.727E-08  3.082E-08  8.297E-09  1.586E-09  2.038E-10  2.268E-11  6.477E-12  3.953E-12  2.795E-12  2.006E-12  1.328E-12
  285.5000  2.319E-06  2.218E-06  1.937E-06  1.536E-06  1.098E-06  6.982E-07  3.879E-07  1.836E-07  7.138E-08  2.173E-08  4.860E-09  7.582E-10  9.859E-11  2.646E-11  1.551E-11  1.084E-11  7.731E-12  5.097E-12
  286.5000  1.524E-05  1.462E-05  1.289E-05  1.041E-05  7.634E-06  5.026E-06  2.922E-06  1.465E-06  6.136E-07  2.052E-07  5.178E-08  9.371E-09  1.383E-09  3.568E-10  2.006E-10  1.387E-10  9.831E-11  6.456E-11
  287.5000  4.573E-05  4.405E-05  3.930E-05  3.236E-05  2.442E-05  1.671E-05  1.022E-05  5.467E-06  2.486E-06  9.235E-07  2.663E-07  5.689E-08  9.767E-09  2.450E-09  1.299E-09  8.831E-10  6.210E-10  4.056E-10
  288.5000  1.132E-04  1.095E-04  9.889E-05  8.318E-05  6.474E-05  4.591E-05  2.984E-05  1.713E-05  8.516E-06  3.545E-06  1.181E-06  3.019E-07  6.169E-08  1.544E-08  7.546E-09  5.005E-09  3.479E-09  2.256E-09
  289.5000  3.744E-04  3.631E-04  3.310E-04  2.826E-04  2.249E-04  1.654E-04  1.111E-04  6.705E-05  3.554E-05  1.604E-05  5.926E-06  1.720E-06  3.999E-07  1.020E-07  4.652E-08  3.008E-08  2.069E-08  1.332E-08
  290.5000  9.783E-04  9.512E-04  8.736E-04  7.557E-04  6.127E-04  4.621E-04  3.208E-04  2.019E-04  1.129E-04  5.457E-05  2.198E-05  7.096E-06  1.845E-06  4.866E-07  2.083E-07  1.307E-07  8.889E-08  5.685E-08
  291.5000  1.903E-03  1.855E-03  1.718E-03  1.508E-03  1.249E-03  9.696E-04  6.987E-04  4.614E-04  2.743E-04  1.432E-04  6.358E-05  2.318E-05  6.875E-06  1.925E-06  7.686E-07  4.603E-07  3.078E-07  1.948E-07
  292.5000  3.061E-03  2.992E-03  2.791E-03  2.479E-03  2.089E-03  1.660E-03  1.233E-03  8.471E-04  5.292E-04  2.942E-04  1.415E-04  5.693E-05  1.885E-05  5.640E-06  2.143E-06  1.218E-06  7.993E-07  5.005E-07
  293.5000  6.052E-03  5.927E-03  5.565E-03  5.000E-03  4.283E-03  3.479E-03  2.661E-03  1.896E-03  1.242E-03  7.324E-04  3.796E-04  1.677E-04  6.175E-05  1.996E-05  7.350E-06  3.920E-06  2.508E-06  1.550E-06
  294.5000  8.514E-03  8.353E-03  7.883E-03  7.145E-03  6.198E-03  5.123E-03  4.008E-03  2.939E-03  1.996E-03  1.233E-03  6.770E-04  3.213E-04  1.287E-04  4.458E-05  1.625E-05  8.172E-06  5.091E-06  3.105E-06
  295.5000  1.561E-02  1.534E-02  1.456E-02  1.332E-02  1.172E-02  9.864E-03  7.904E-03  5.978E-03  4.220E-03  2.738E-03  1.600E-03  8.207E-04  3.601E-04  1.357E-04  4.998E-05  2.348E-05  1.404E-05  8.401E-06
  296.5000  2.091E-02  2.059E-02  1.963E-02  1.810E-02  1.610E-02  1.376E-02  1.125E-02  8.725E-03  6.360E-03  4.297E-03  2.643E-03  1.445E-03  6.840E-04  2.782E-04  1.052E-04  4.676E-05  2.669E-05  1.565E-05
  297.5000  3.182E-02  3.137E-02  3.002E-02  2.787E-02  2.504E-02  2.170E-02  1.805E-02  1.432E-02  1.073E-02  7.514E-03  4.832E-03  2.794E-03  1.416E-03  6.186E-04  2.432E-04  1.038E-04  5.611E-05  3.209E-05
  298.5000  3.120E-02  3.079E-02  2.957E-02  2.761E-02  2.501E-02  2.192E-02  1.850E-02  1.495E-02  1.148E-02  8.277E-03  5.526E-03  3.348E-03  1.797E-03  8.364E-04  3.436E-04  1.433E-04  7.330E-05  4.077E-05
  299.5000  5.800E-02  5.729E-02  5.520E-02  5.182E-02  4.732E-02  4.191E-02  3.587E-02  2.951E-02  2.317E-02  1.719E-02  1.189E-02  7.534E-03  4.273E-03  2.118E-03  9.169E-04  3.799E-04  1.830E-04  9.813E-05
  300.5000  4.716E-02  4.662E-02  4.503E-02  4.245E-02  3.900E-02  3.482E-02  3.012E-02  2.511E-02  2.005E-02  1.520E-02  1.080E-02  7.076E-03  4.184E-03  2.178E-03  9.863E-04  4.114E-04  1.891E-04  9.781E-05
  301.5000  8.047E-02  7.962E-02  7.710E-02  7.302E-02  6.752E-02  6.082E-02  5.322E-02  4.503E-02  3.663E-02  2.841E-02  2.079E-02  1.414E-02  8.756E-03  4.819E-03  2.308E-03  9.852E-04  4.317E-04  2.120E-04
  302.5000  9.075E-02  8.985E-02  8.716E-02  8.278E-02  7.688E-02  6.966E-02  6.141E-02  5.246E-02  4.319E-02  3.402E-02  2.537E-02  1.767E-02  1.128E-02  6.441E-03  3.209E-03  1.401E-03  5.983E-04  2.815E-04
  303.5000  1.378E-01  1.365E-01  1.327E-01  1.265E-01  1.181E-01  1.077E-01  9.581E-02  8.279E-02  6.914E-02  5.545E-02  4.230E-02  3.032E-02  2.007E-02  1.198E-02  6.281E-03  2.850E-03  1.194E-03  5.294E-04
  304.5000  1.408E-01  1.396E-01  1.358E-01  1.297E-01  1.215E-01  1.113E-01  9.948E-02  8.549E-02  7.285E-02  5.903E-02  4.562E-02  3.324E-02  2.246E-02  1.376E-02  7.429E-03  3.458E-03  1.442E-03  6.154E-04
  305.5000  1.687E-01  1.673E-01  1.631E-01  1.562E-01  1.469E-01  1.354E-01  1.220E-01  1.071E-01  9.132E-02  7.515E-02  5.923E-02  4.424E-02  3.085E-02  1.967E-02  1.114E-02  5.438E-03  2.288E-03  9.202E-04
  306.5000  1.688E-01  1.674E-01  1.634E-01  1.567E-01  1.476E-01  1.364E-01  1.233E-01  1.088E-01  9.322E-02  7.722E-02  6.138E-02  4.633E-02  3.274E-02  2.123E-02  1.228E-02  6.119E-03  2.594E-03  1.017E-03
  307.5000  2.250E-01  2.233E-01  2.182E-01  2.098E-01  1.984E-01  1.842E-01  1.676E-01  1.490E-01  1.290E-01  1.083E-01  8.749E-02  6.743E-02  4.893E-02  3.282E-02  1.981E-02  1.036E-02  4.527E-03  1.701E-03
  308.5000  2.441E-01  2.423E-01  2.369E-01  2.281E-01  2.159E-01  2.009E-01  1.832E-01  1.634E-01  1.421E-01  1.198E-01  9.742E-02  7.566E-02  5.545E-02  3.766E-02  2.309E-02  1.230E-02  5.447E-03  2.018E-03
  309.5000  2.042E-01  2.014E-01  1.985E-01  1.914E-01  1.817E-01  1.695E-01  1.553E-01  1.393E-01  1.219E-01  1.037E-01  8.524E-02  6.712E-02  5.006E-02  3.478E-02  2.196E-02  1.213E-02  5.544E-03  2.025E-03
  310.5000  2.678E-01  2.660E-01  2.605E-01  2.515E-01  2.392E-01  2.237E-01  2.056E-01  1.851E-01  1.628E-01  1.394E-01  1.154E-01  9.176E-02  6.930E-02  4.893E-02  3.155E-02  1.789E-02  8.395E-03  3.059E-03
  311.5000  3.363E-01  3.340E-01  3.273E-01  3.162E-01  3.011E-01  2.821E-01  2.597E-01  2.345E-01  2.069E-01  1.778E-01  1.480E-01  1.185E-01  9.021E-02  6.438E-02  4.209E-02  2.429E-02  1.162E-02  4.240E-03
  312.5000  3.140E-01  3.120E-01  3.060E-01  2.960E-01  2.824E-01  2.654E-01  2.452E-01  2.224E-01  1.974E-01  1.709E-01  1.435E-01  1.162E-01  8.981E-02  6.535E-02  4.383E-02  2.616E-02  1.302E-02  4.838E-03
  313.5000  3.504E-01  3.499E-01  3.432E-01  3.322E-01  3.171E-01  2.981E-01  2.757E-01  2.503E-01  2.225E-01  1.930E-01  1.624E-01  1.319E-01  1.023E-01  7.474E-02  5.040E-02  3.029E-02  1.521E-02  5.669E-03
  314.5000  3.390E-01  3.370E-01  3.308E-01  3.206E-01  3.065E-01  2.889E-01  2.680E-01  2.443E-01  2.182E-01  1.904E-01  1.616E-01  1.325E-01  1.041E-01  7.734E-02  5.334E-02  3.305E-02  1.726E-02  6.642E-03
  315.5000  3.476E-01  3.455E-01  3.392E-01  3.288E-01  3.145E-01  2.965E-01  2.752E-01  2.511E-01  2.245E-01  1.961E-01  1.666E-01  1.368E-01  1.077E-01  8.021E-02  5.549E-02  3.452E-02  1.812E-02  6.995E-03
  316.5000  3.362E-01  3.342E-01  3.283E-01  3.185E-01  3.051E-01  2.882E-01  2.682E-01  2.453E-01  2.202E-01  1.933E-01  1.652E-01  1.367E-01  1.087E-01  8.203E-02  5.775E-02  3.680E-02  1.997E-02  7.987E-03
  317.5000  4.748E-01  4.720E-01  4.636E-01  4.499E-01  4.309E-01  4.071E-01  3.789E-01  3.467E-01  3.111E-01  2.731E-01  2.335E-01  1.932E-01  1.536E-01  1.159E-01  8.157E-02  5.193E-02  2.814E-02  1.123E-02
  318.5000  3.635E-01  3.614E-01  3.552E-01  3.450E-01  3.309E-01  3.131E-01  2.918E-01  2.679E-01  2.414E-01  2.128E-01  1.829E-01  1.525E-01  1.223E-01  9.341E-02  6.681E-02  4.351E-02  2.435E-02  1.012E-02
  319.5000  4.409E-01  4.384E-01  4.309E-01  4.185E-01  4.015E-01  3.801E-01  3.547E-01  3.256E-01  2.935E-01  2.590E-01  2.229E-01  1.861E-01  1.495E-01  1.144E-01  8.205E-02  5.363E-02  3.016E-02  1.262E-02
  320.5000  5.328E-01  5.298E-01  5.208E-01  5.060E-01  4.856E-01  4.600E-01  4.294E-01  3.945E-01  3.560E-01  3.145E-01  2.710E-01  2.266E-01  1.825E-01  1.400E-01  1.008E-01  6.619E-02  3.749E-02  1.583E-02
  321.5000  4.411E-01  4.386E-01  4.314E-01  4.195E-01  4.030E-01  3.823E-01  3.576E-01  3.294E-01  2.982E-01  2.645E-01  2.290E-01  1.927E-01  1.565E-01  1.214E-01  8.866E-02  5.946E-02  3.476E-02  1.537E-02
  322.5000  4.523E-01  4.498E-01  4.422E-01  4.298E-01  4.126E-01  3.910E-01  3.652E-01  3.358E-01  3.033E-01  2.683E-01  2.315E-01  1.939E-01  1.564E-01  1.203E-01  8.683E-02  5.725E-02  3.261E-02  1.387E-02
  323.5000  4.518E-01  4.493E-01  4.421E-01  4.300E-01  4.134E-01  3.924E-01  3.675E-01  3.389E-01  3.073E-01  2.731E-01  2.371E-01  2.001E-01  1.631E-01  1.271E-01  9.345E-02  6.324E-02  3.747E-02  1.693E-02
  324.5000  5.304E-01  5.275E-01  5.189E-01  5.048E-01  4.853E-01  4.607E-01  4.314E-01  3.979E-01  3.607E-01  3.206E-01  2.783E-01  2.348E-01  1.913E-01  1.490E-01  1.094E-01  7.394E-02  4.370E-02  1.967E-02
  325.5000  5.966E-01  5.934E-01  5.837E-01  5.678E-01  5.458E-01  5.181E-01  4.850E-01  4.472E-01  4.053E-01  3.600E-01  3.123E-01  2.633E-01  2.143E-01  1.666E-01  1.221E-01  8.216E-02  4.828E-02  2.153E-02
  326.5000  7.064E-01  7.026E-01  6.915E-01  6.730E-01  6.475E-01  6.154E-01  5.771E-01  5.332E-01  4.845E-01  4.318E-01  3.761E-01  3.188E-01  2.611E-01  2.049E-01  1.520E-01  1.041E-01  6.287E-02  2.932E-02
  327.5000  6.620E-01  6.584E-01  6.479E-01  6.305E-01  6.065E-01  5.763E-01  5.402E-01  4.988E-01  4.529E-01  4.033E-01  3.509E-01  2.969E-01  2.427E-01  1.899E-01  1.402E-01  9.548E-02  5.710E-02  2.620E-02
  328.5000  6.110E-01  6.078E-01  5.981E-01  5.821E-01  5.599E-01  5.321E-01  4.988E-01  4.607E-01  4.184E-01  3.726E-01  3.243E-01  2.745E-01  2.244E-01  1.756E-01  1.297E-01  8.833E-02  5.284E-02  2.426E-02
  329.5000  7.785E-01  7.744E-01  7.623E-01  7.422E-01  7.145E-01  6.796E-01  6.379E-01  5.901E-01  5.369E-01  4.793E-01  4.184E-01  3.555E-01  2.922E-01  2.302E-01  1.715E-01  1.183E-01  7.223E-02  3.434E-02
  330.5000  7.124E-01  7.086E-01  6.975E-01  6.790E-01  6.536E-01  6.214E-01  5.831E-01  5.391E-01  4.902E-01  4.373E-01  3.813E-01  3.235E-01  2.654E-01  2.085E-01  1.548E-01  1.061E-01  6.419E-02  3.004E-02
  331.5000  7.048E-01  7.011E-01  6.900E-01  6.718E-01  6.466E-01  6.148E-01  5.769E-01  5.333E-01  4.850E-01  4.326E-01  3.772E-01  3.200E-01  2.624E-01  2.060E-01  1.528E-01  1.047E-01  6.318E-02  2.947E-02
  332.5000  6.852E-01  6.816E-01  6.710E-01  6.535E-01  6.293E-01  5.988E-01  5.624E-01  5.205E-01  4.740E-01  4.236E-01  3.701E-01  3.149E-01  2.592E-01  2.045E-01  1.527E-01  1.056E-01  6.467E-02  3.097E-02
  333.5000  6.470E-01  6.436E-01  6.336E-01  6.170E-01  5.941E-01  5.652E-01  5.306E-01  4.910E-01  4.469E-01  3.991E-01  3.485E-01  2.962E-01  2.434E-01  1.917E-01  1.427E-01  9.823E-02  5.978E-02  2.828E-02
  334.5000  7.207E-01  7.169E-01  7.058E-01  6.874E-01  6.620E-01  6.299E-01  5.915E-01  5.476E-01  4.986E-01  4.455E-01  3.893E-01  3.311E-01  2.724E-01  2.147E-01  1.601E-01  1.104E-01  6.741E-02  3.209E-02
  335.5000  7.257E-01  7.220E-01  7.108E-01  6.924E-01  6.670E-01  6.349E-01  5.966E-01  5.525E-01  5.035E-01  4.503E-01  3.939E-01  3.355E-01  2.765E-01  2.185E-01  1.634E-01  1.132E-01  6.959E-02  3.355E-02
  336.5000  5.681E-01  5.652E-01  5.565E-01  5.421E-01  5.222E-01  4.971E-01  4.670E-01  4.325E-01  3.942E-01  3.525E-01  3.083E-01  2.625E-01  2.163E-01  1.708E-01  1.276E-01  8.827E-02  5.413E-02  2.600E-02
  337.5000  6.261E-01  6.228E-01  6.132E-01  5.973E-01  5.753E-01  5.475E-01  5.144E-01  4.763E-01  4.339E-01  3.878E-01  3.390E-01  2.885E-01  2.374E-01  1.872E-01  1.395E-01  9.620E-02  5.867E-02  2.791E-02
  338.5000  6.564E-01  6.530E-01  6.430E-01  6.264E-01  6.035E-01  5.746E-01  5.401E-01  5.004E-01  4.562E-01  4.082E-01  3.573E-01  3.045E-01  2.510E-01  1.984E-01  1.484E-01  1.028E-01  6.318E-02  3.047E-02
  339.5000  7.127E-01  7.090E-01  6.982E-01  6.802E-01  6.554E-01  6.241E-01  5.867E-01  5.437E-01  4.958E-01  4.437E-01  3.885E-01  3.312E-01  2.731E-01  2.160E-01  1.616E-01  1.120E-01  6.890E-02  3.330E-02
  340.5000  7.634E-01  7.595E-01  7.478E-01  7.286E-01  7.020E-01  6.685E-01  6.283E-01  5.822E-01  5.309E-01  4.750E-01  4.158E-01  3.543E-01  2.921E-01  2.308E-01  1.725E-01  1.193E-01  7.316E-02  3.516E-02
  341.5000  6.755E-01  6.721E-01  6.618E-01  6.449E-01  6.215E-01  5.919E-01  5.565E-01  5.159E-01  4.706E-01  4.213E-01  3.690E-01  3.148E-01  2.597E-01  2.055E-01  1.539E-01  1.067E-01  6.565E-02  3.178E-02
  342.5000  7.476E-01  7.438E-01  7.325E-01  7.138E-01  6.879E-01  6.552E-01  6.162E-01  5.713E-01  5.212E-01  4.667E-01  4.089E-01  3.489E-01  2.880E-01  2.279E-01  1.707E-01  1.184E-01  7.290E-02  3.534E-02
  343.5000  7.771E-01  7.732E-01  7.614E-01  7.420E-01  7.151E-01  6.811E-01  6.405E-01  5.939E-01  5.418E-01  4.852E-01  4.251E-01  3.627E-01  2.993E-01  2.368E-01  1.772E-01  1.228E-01  7.550E-02  3.650E-02
  344.5000  5.451E-01  5.424E-01  5.341E-01  5.205E-01  5.016E-01  4.778E-01  4.493E-01  4.166E-01  3.801E-01  3.404E-01  2.982E-01  2.544E-01  2.099E-01  1.660E-01  1.242E-01  8.593E-02  5.273E-02  2.542E-02
  345.5000  7.442E-01  7.404E-01  7.292E-01  7.107E-01  6.851E-01  6.527E-01  6.140E-01  5.695E-01  5.198E-01  4.657E-01  4.083E-01  3.486E-01  2.879E-01  2.280E-01  1.708E-01  1.185E-01  7.299E-02  3.544E-02
  346.5000  6.972E-01  6.937E-01  6.832E-01  6.658E-01  6.418E-01  6.115E-01  5.752E-01  5.334E-01  4.869E-01  4.362E-01  3.823E-01  3.263E-01  2.695E-01  2.133E-01  1.596E-01  1.105E-01  6.790E-02  3.282E-02
  347.5000  6.808E-01  6.774E-01  6.671E-01  6.502E-01  6.268E-01  5.972E-01  5.618E-01  5.211E-01  4.757E-01  4.263E-01  3.737E-01  3.190E-01  2.635E-01  2.086E-01  1.561E-01  1.081E-01  6.643E-02  3.212E-02
  348.5000  7.474E-01  7.436E-01  7.324E-01  7.139E-01  6.882E-01  6.558E-01  6.170E-01  5.724E-01  5.226E-01  4.684E-01  4.108E-01  3.508E-01  2.898E-01  2.295E-01  1.718E-01  1.191E-01  7.319E-02  3.545E-02
  349.5000  6.261E-01  6.230E-01  6.136E-01  5.981E-01  5.767E-01  5.495E-01  5.171E-01  4.797E-01  4.381E-01  3.927E-01  3.444E-01  2.941E-01  2.430E-01  1.925E-01  1.441E-01  9.983E-02  6.135E-02  2.970E-02
  350.5000  8.762E-01  8.718E-01  8.587E-01  8.370E-01  8.070E-01  7.691E-01  7.238E-01  6.716E-01  6.133E-01  5.499E-01  4.824E-01  4.120E-01  3.405E-01  2.698E-01  2.020E-01  1.399E-01  8.599E-02  4.164E-02
  351.5000  7.551E-01  7.513E-01  7.400E-01  7.213E-01  6.955E-01  6.629E-01  6.239E-01  5.789E-01  5.288E-01  4.741E-01  4.159E-01  3.554E-01  2.937E-01  2.327E-01  1.742E-01  1.206E-01  7.409E-02  3.585E-02
  352.5000  6.805E-01  6.771E-01  6.670E-01  6.502E-01  6.270E-01  5.976E-01  5.625E-01  5.220E-01  4.769E-01  4.276E-01  3.752E-01  3.206E-01  2.651E-01  2.100E-01  1.573E-01  1.089E-01  6.690E-02  3.239E-02
  353.5000  8.186E-01  8.145E-01  8.023E-01  7.821E-01  7.542E-01  7.190E-01  6.768E-01  6.282E-01  5.739E-01  5.148E-01  4.518E-01  3.862E-01  3.193E-01  2.531E-01  1.896E-01  1.313E-01  8.065E-02  3.908E-02
  354.5000  8.853E-01  8.809E-01  8.677E-01  8.459E-01  8.158E-01  7.778E-01  7.322E-01  6.797E-01  6.211E-01  5.572E-01  4.891E-01  4.181E-01  3.458E-01  2.742E-01  2.054E-01  1.423E-01  8.741E-02  4.238E-02
  355.5000  8.270E-01  8.229E-01  8.106E-01  7.903E-01  7.622E-01  7.267E-01  6.841E-01  6.352E-01  5.805E-01  5.208E-01  4.573E-01  3.910E-01  3.234E-01  2.564E-01  1.921E-01  1.331E-01  8.173E-02  3.963E-02
  356.5000  7.672E-01  7.633E-01  7.520E-01  7.332E-01  7.071E-01  6.742E-01  6.348E-01  5.895E-01  5.387E-01  4.835E-01  4.245E-01  3.630E-01  3.004E-01  2.382E-01  1.784E-01  1.236E-01  7.588E-02  3.678E-02
  357.5000  6.521E-01  6.489E-01  6.392E-01  6.233E-01  6.012E-01  5.732E-01  5.398E-01  5.013E-01  4.582E-01  4.112E-01  3.611E-01  3.089E-01  2.556E-01  2.027E-01  1.519E-01  1.051E-01  6.455E-02  3.128E-02
  358.5000  5.029E-01  5.005E-01  4.930E-01  4.807E-01  4.637E-01  4.422E-01  4.164E-01  3.867E-01  3.536E-01  3.174E-01  2.788E-01  2.385E-01  1.974E-01  1.565E-01  1.173E-01  8.122E-02  4.986E-02  2.417E-02
  359.5000  8.461E-01  8.419E-01  8.294E-01  8.088E-01  7.802E-01  7.440E-01  7.007E-01  6.508E-01  5.951E-01  5.342E-01  4.693E-01  4.016E-01  3.324E-01  2.637E-01  1.976E-01  1.368E-01  8.395E-02  4.069E-02
  360.5000  7.839E-01  7.801E-01  7.685E-01  7.494E-01  7.229E-01  6.895E-01  6.494E-01  6.032E-01  5.516E-01  4.953E-01  4.352E-01  3.724E-01  3.083E-01  2.446E-01  1.833E-01  1.269E-01  7.785E-02  3.773E-02
  361.5000  7.064E-01  7.029E-01  6.925E-01  6.753E-01  6.515E-01  6.214E-01  5.854E-01  5.438E-01  4.973E-01  4.466E-01  3.925E-01  3.359E-01  2.782E-01  2.207E-01  1.654E-01  1.145E-01  7.025E-02  3.405E-02
  362.5000  8.292E-01  8.251E-01  8.129E-01  7.927E-01  7.649E-01  7.295E-01  6.873E-01  6.385E-01  5.840E-01  5.245E-01  4.610E-01  3.947E-01  3.269E-01  2.594E-01  1.944E-01  1.346E-01  8.255E-02  4.001E-02
  363.5000  7.373E-01  7.337E-01  7.229E-01  7.050E-01  6.802E-01  6.488E-01  6.113E-01  5.680E-01  5.196E-01  4.667E-01  4.103E-01  3.513E-01  2.910E-01  2.309E-01  1.731E-01  1.198E-01  7.347E-02  3.561E-02
  364.5000  8.040E-01  8.001E-01  7.883E-01  7.688E-01  7.418E-01  7.077E-01  6.667E-01  6.196E-01  5.668E-01  5.092E-01  4.477E-01  3.834E-01  3.176E-01  2.521E-01  1.890E-01  1.308E-01  8.018E-02  3.886E-02
  365.5000  9.794E-01  9.746E-01  9.602E-01  9.365E-01  9.037E-01  8.621E-01  8.124E-01  7.550E-01  6.908E-01  6.207E-01  5.458E-01  4.674E-01  3.873E-01  3.075E-01  2.305E-01  1.595E-01  9.774E-02  4.735E-02
  366.5000  1.036E+00  1.031E+00  1.016E+00  9.908E-01  9.561E-01  9.122E-01  8.596E-01  7.990E-01  7.311E-01  6.570E-01  5.778E-01  4.949E-01  4.102E-01  3.257E-01  2.442E-01  1.690E-01  1.035E-01  5.015E-02
  367.5000  9.833E-01  9.785E-01  9.641E-01  9.404E-01  9.075E-01  8.659E-01  8.160E-01  7.585E-01  6.942E-01  6.239E-01  5.488E-01  4.702E-01  3.897E-01  3.095E-01  2.321E-01  1.606E-01  9.835E-02  4.764E-02
  368.5000  8.634E-01  8.592E-01  8.466E-01  8.258E-01  7.970E-01  7.605E-01  7.168E-01  6.663E-01  6.099E-01  5.482E-01  4.822E-01  4.132E-01  3.426E-01  2.721E-01  2.040E-01  1.412E-01  8.644E-02  4.187E-02
  369.5000  1.035E+00  1.030E+00  1.015E+00  9.903E-01  9.557E-01  9.120E-01  8.596E-01  7.992E-01  7.316E-01  6.577E-01  5.787E-01  4.959E-01  4.112E-01  3.267E-01  2.450E-01  1.695E-01  1.037E-01  5.024E-02
  370.5000  9.390E-01  9.344E-01  9.207E-01  8.982E-01  8.669E-01  8.273E-01  7.798E-01  7.251E-01  6.638E-01  5.968E-01  5.252E-01  4.502E-01  3.733E-01  2.966E-01  2.224E-01  1.539E-01  9.417E-02  4.560E-02
  371.5000  1.074E+00  1.069E+00  1.053E+00  1.027E+00  9.916E-01  9.464E-01  8.922E-01  8.296E-01  7.596E-01  6.830E-01  6.011E-01  5.154E-01  4.275E-01  3.397E-01  2.548E-01  1.762E-01  1.078E-01  5.219E-02
  372.5000  7.930E-01  7.892E-01  7.777E-01  7.586E-01  7.323E-01  6.989E-01  6.589E-01  6.128E-01  5.611E-01  5.046E-01  4.442E-01  3.809E-01  3.160E-01  2.511E-01  1.884E-01  1.303E-01  7.968E-02  3.857E-02
  373.5000  7.165E-01  7.131E-01  7.027E-01  6.855E-01  6.617E-01  6.316E-01  5.955E-01  5.539E-01  5.072E-01  4.562E-01  4.016E-01  3.444E-01  2.858E-01  2.272E-01  1.704E-01  1.178E-01  7.206E-02  3.487E-02
  374.5000  7.862E-01  7.824E-01  7.710E-01  7.522E-01  7.261E-01  6.931E-01  6.535E-01  6.079E-01  5.568E-01  5.008E-01  4.410E-01  3.782E-01  3.139E-01  2.495E-01  1.872E-01  1.294E-01  7.913E-02  3.829E-02
  375.5000  8.867E-01  8.824E-01  8.696E-01  8.484E-01  8.190E-01  7.818E-01  7.373E-01  6.858E-01  6.282E-01  5.652E-01  4.977E-01  4.270E-01  3.544E-01  2.818E-01  2.114E-01  1.462E-01  8.933E-02  4.322E-02
  376.5000  8.851E-01  8.808E-01  8.681E-01  8.469E-01  8.177E-01  7.806E-01  7.361E-01  6.848E-01  6.274E-01  5.645E-01  4.972E-01  4.266E-01  3.541E-01  2.816E-01  2.113E-01  1.461E-01  8.926E-02  4.317E-02
  377.5000  1.054E+00  1.049E+00  1.033E+00  1.008E+00  9.734E-01  9.294E-01  8.765E-01  8.155E-01  7.471E-01  6.723E-01  5.923E-01  5.082E-01  4.220E-01  3.356E-01  2.518E-01  1.741E-01  1.063E-01  5.143E-02
  378.5000  1.148E+00  1.142E+00  1.126E+00  1.099E+00  1.061E+00  1.013E+00  9.552E-01  8.888E-01  8.144E-01  7.329E-01  6.457E-01  5.542E-01  4.602E-01  3.661E-01  2.747E-01  1.899E-01  1.160E-01  5.607E-02
  379.5000  8.490E-01  8.449E-01  8.327E-01  8.125E-01  7.846E-01  7.491E-01  7.066E-01  6.575E-01  6.026E-01  5.424E-01  4.779E-01  4.102E-01  3.407E-01  2.711E-01  2.034E-01  1.406E-01  8.585E-02  4.150E-02
  380.5000  1.021E+00  1.016E+00  1.001E+00  9.769E-01  9.433E-01  9.008E-01  8.497E-01  7.908E-01  7.247E-01  6.524E-01  5.749E-01  4.936E-01  4.100E-01  3.263E-01  2.449E-01  1.693E-01  1.033E-01  4.992E-02
  381.5000  9.589E-01  9.543E-01  9.405E-01  9.177E-01  8.862E-01  8.463E-01  7.984E-01  7.431E-01  6.811E-01  6.132E-01  5.405E-01  4.641E-01  3.856E-01  3.068E-01  2.303E-01  1.592E-01  9.713E-02  4.693E-02
  382.5000  6.387E-01  6.357E-01  6.265E-01  6.114E-01  5.904E-01  5.638E-01  5.319E-01  4.951E-01  4.539E-01  4.087E-01  3.602E-01  3.094E-01  2.571E-01  2.046E-01  1.536E-01  1.062E-01  6.476E-02  3.128E-02
  383.5000  5.607E-01  5.580E-01  5.500E-01  5.367E-01  5.183E-01  4.950E-01  4.671E-01  4.348E-01  3.986E-01  3.589E-01  3.165E-01  2.718E-01  2.259E-01  1.798E-01  1.350E-01  9.332E-02  5.690E-02  2.748E-02
  384.5000  8.412E-01  8.371E-01  8.251E-01  8.052E-01  7.777E-01  7.427E-01  7.008E-01  6.525E-01  5.982E-01  5.388E-01  4.751E-01  4.081E-01  3.392E-01  2.701E-01  2.028E-01  1.402E-01  8.544E-02  4.125E-02
  385.5000  8.320E-01  8.280E-01  8.161E-01  7.965E-01  7.692E-01  7.347E-01  6.933E-01  6.455E-01  5.919E-01  5.332E-01  4.702E-01  4.040E-01  3.359E-01  2.674E-01  2.008E-01  1.388E-01  8.459E-02  4.083E-02
  386.5000  8.478E-01  8.438E-01  8.317E-01  8.117E-01  7.840E-01  7.488E-01  7.067E-01  6.580E-01  6.034E-01  5.436E-01  4.795E-01  4.120E-01  3.426E-01  2.728E-01  2.049E-01  1.416E-01  8.627E-02  4.163E-02
  387.5000  7.877E-01  7.839E-01  7.727E-01  7.541E-01  7.284E-01  6.958E-01  6.567E-01  6.115E-01  5.608E-01  5.053E-01  4.457E-01  3.831E-01  3.186E-01  2.538E-01  1.906E-01  1.317E-01  8.023E-02  3.870E-02
  388.5000  7.893E-01  7.855E-01  7.743E-01  7.557E-01  7.300E-01  6.974E-01  6.582E-01  6.130E-01  5.622E-01  5.066E-01  4.469E-01  3.842E-01  3.196E-01  2.546E-01  1.912E-01  1.322E-01  8.047E-02  3.881E-02
  389.5000  9.951E-01  9.904E-01  9.762E-01  9.528E-01  9.204E-01  8.793E-01  8.300E-01  7.730E-01  7.091E-01  6.390E-01  5.638E-01  4.847E-01  4.033E-01  3.213E-01  2.414E-01  1.668E-01  1.015E-01  4.896E-02
  390.5000  9.771E-01  9.725E-01  9.586E-01  9.357E-01  9.039E-01  8.635E-01  8.152E-01  7.593E-01  6.965E-01  6.278E-01  5.540E-01  4.764E-01  3.964E-01  3.159E-01  2.373E-01  1.640E-01  9.980E-02  4.810E-02
  391.5000  1.159E+00  1.153E+00  1.137E+00  1.110E+00  1.072E+00  1.024E+00  9.670E-01  9.008E-01  8.264E-01  7.450E-01  6.575E-01  5.654E-01  4.705E-01  3.750E-01  2.818E-01  1.947E-01  1.185E-01  5.709E-02
  392.5000  8.688E-01  8.647E-01  8.524E-01  8.320E-01  8.038E-01  7.680E-01  7.251E-01  6.755E-01  6.198E-01  5.588E-01  4.932E-01  4.242E-01  3.531E-01  2.815E-01  2.115E-01  1.462E-01  8.890E-02  4.282E-02
  393.5000  3.776E-01  3.758E-01  3.705E-01  3.616E-01  3.494E-01  3.339E-01  3.152E-01  2.937E-01  2.695E-01  2.430E-01  2.145E-01  1.845E-01  1.536E-01  1.225E-01  9.206E-02  6.360E-02  3.867E-02  1.862E-02
  394.5000  8.883E-01  8.841E-01  8.716E-01  8.508E-01  8.220E-01  7.855E-01  7.417E-01  6.911E-01  6.342E-01  5.719E-01  5.049E-01  4.344E-01  3.617E-01  2.884E-01  2.168E-01  1.498E-01  9.106E-02  4.384E-02
  395.5000  1.143E+00  1.137E+00  1.121E+00  1.094E+00  1.057E+00  1.011E+00  9.542E-01  8.892E-01  8.161E-01  7.360E-01  6.499E-01  5.592E-01  4.657E-01  3.714E-01  2.792E-01  1.929E-01  1.172E-01  5.642E-02
  396.5000  6.708E-01  6.676E-01  6.582E-01  6.425E-01  6.208E-01  5.933E-01  5.603E-01  5.221E-01  4.793E-01  4.323E-01  3.818E-01  3.286E-01  2.736E-01  2.183E-01  1.641E-01  1.134E-01  6.889E-02  3.314E-02
  397.5000  7.739E-01  7.702E-01  7.593E-01  7.413E-01  7.163E-01  6.846E-01  6.465E-01  6.025E-01  5.531E-01  4.989E-01  4.407E-01  3.793E-01  3.160E-01  2.521E-01  1.896E-01  1.310E-01  7.955E-02  3.826E-02
  398.5000  1.329E+00  1.323E+00  1.305E+00  1.274E+00  1.231E+00  1.176E+00  1.111E+00  1.035E+00  9.506E-01  8.575E-01  7.575E-01  6.522E-01  5.433E-01  4.336E-01  3.261E-01  2.253E-01  1.368E-01  6.577E-02
  399.5000  1.383E+00  1.376E+00  1.357E+00  1.324E+00  1.280E+00  1.223E+00  1.155E+00  1.077E+00  9.888E-01  8.921E-01  7.882E-01  6.787E-01  5.655E-01  4.513E-01  3.395E-01  2.345E-01  1.424E-01  6.843E-02
  400.5000  1.453E+00  1.446E+00  1.426E+00  1.392E+00  1.345E+00  1.286E+00  1.215E+00  1.132E+00  1.040E+00  9.382E-01  8.290E-01  7.139E-01  5.950E-01  4.749E-01  3.572E-01  2.468E-01  1.498E-01  7.197E-02
  401.5000  1.495E+00  1.488E+00  1.467E+00  1.432E+00  1.384E+00  1.323E+00  1.250E+00  1.165E+00  1.070E+00  9.655E-01  8.532E-01  7.349E-01  6.125E-01  4.890E-01  3.679E-01  2.542E-01  1.542E-01  7.407E-02
  402.5000  1.551E+00  1.544E+00  1.522E+00  1.486E+00  1.437E+00  1.373E+00  1.297E+00  1.210E+00  1.111E+00  1.003E+00  8.861E-01  7.633E-01  6.363E-01  5.081E-01  3.823E-01  2.641E-01  1.602E-01  7.692E-02
  403.5000  1.420E+00  1.413E+00  1.393E+00  1.360E+00  1.315E+00  1.257E+00  1.187E+00  1.107E+00  1.017E+00  9.179E-01  8.114E-01  6.990E-01  5.828E-01  4.655E-01  3.503E-01  2.420E-01  1.467E-01  7.043E-02
  404.5000  1.392E+00  1.386E+00  1.366E+00  1.334E+00  1.289E+00  1.233E+00  1.165E+00  1.086E+00  9.975E-01  9.005E-01  7.961E-01  6.859E-01  5.720E-01  4.569E-01  3.439E-01  2.376E-01  1.440E-01  6.910E-02
  405.5000  1.446E+00  1.439E+00  1.419E+00  1.385E+00  1.339E+00  1.280E+00  1.210E+00  1.128E+00  1.036E+00  9.356E-01  8.273E-01  7.129E-01  5.946E-01  4.750E-01  3.576E-01  2.470E-01  1.497E-01  7.181E-02
  406.5000  1.362E+00  1.355E+00  1.336E+00  1.305E+00  1.261E+00  1.206E+00  1.139E+00  1.063E+00  9.763E-01  8.815E-01  7.795E-01  6.718E-01  5.605E-01  4.478E-01  3.371E-01  2.329E-01  1.411E-01  6.766E-02
  407.5000  1.372E+00  1.366E+00  1.347E+00  1.315E+00  1.271E+00  1.216E+00  1.149E+00  1.071E+00  9.844E-01  8.889E-01  7.861E-01  6.777E-01  5.654E-01  4.518E-01  3.402E-01  2.350E-01  1.424E-01  6.823E-02
  408.5000  1.528E+00  1.521E+00  1.500E+00  1.465E+00  1.416E+00  1.354E+00  1.279E+00  1.193E+00  1.097E+00  9.902E-01  8.759E-01  7.551E-01  6.301E-01  5.036E-01  3.793E-01  2.620E-01  1.587E-01  7.601E-02
  409.5000  1.498E+00  1.491E+00  1.470E+00  1.436E+00  1.388E+00  1.327E+00  1.254E+00  1.170E+00  1.075E+00  9.710E-01  8.590E-01  7.406E-01  6.181E-01  4.941E-01  3.721E-01  2.571E-01  1.557E-01  7.454E-02
  410.5000  1.299E+00  1.293E+00  1.275E+00  1.245E+00  1.203E+00  1.151E+00  1.088E+00  1.015E+00  9.325E-01  8.423E-01  7.452E-01  6.426E-01  5.364E-01  4.289E-01  3.230E-01  2.232E-01  1.351E-01  6.466E-02
  411.5000  1.561E+00  1.553E+00  1.532E+00  1.496E+00  1.446E+00  1.383E+00  1.307E+00  1.220E+00  1.121E+00  1.013E+00  8.960E-01  7.728E-01  6.452E-01  5.159E-01  3.887E-01  2.685E-01  1.625E-01  7.775E-02
  412.5000  1.547E+00  1.539E+00  1.518E+00  1.482E+00  1.433E+00  1.371E+00  1.296E+00  1.209E+00  1.111E+00  1.004E+00  8.883E-01  7.663E-01  6.399E-01  5.117E-01  3.856E-01  2.664E-01  1.612E-01  7.709E-02
  413.5000  1.500E+00  1.493E+00  1.472E+00  1.438E+00  1.390E+00  1.329E+00  1.257E+00  1.172E+00  1.078E+00  9.739E-01  8.619E-01  7.436E-01  6.210E-01  4.967E-01  3.743E-01  2.587E-01  1.565E-01  7.480E-02
  414.5000  1.541E+00  1.534E+00  1.513E+00  1.477E+00  1.428E+00  1.366E+00  1.291E+00  1.205E+00  1.108E+00  1.001E+00  8.862E-01  7.646E-01  6.387E-01  5.110E-01  3.851E-01  2.661E-01  1.609E-01  7.690E-02
  415.5000  1.474E+00  1.467E+00  1.447E+00  1.413E+00  1.366E+00  1.307E+00  1.235E+00  1.153E+00  1.060E+00  9.578E-01  8.479E-01  7.317E-01  6.113E-01  4.891E-01  3.687E-01  2.548E-01  1.540E-01  7.357E-02
  416.5000  1.604E+00  1.596E+00  1.574E+00  1.537E+00  1.487E+00  1.422E+00  1.344E+00  1.255E+00  1.154E+00  1.043E+00  9.232E-01  7.968E-01  6.657E-01  5.328E-01  4.016E-01  2.776E-01  1.678E-01  8.009E-02
  417.5000  1.466E+00  1.459E+00  1.439E+00  1.405E+00  1.359E+00  1.300E+00  1.229E+00  1.147E+00  1.055E+00  9.535E-01  8.442E-01  7.288E-01  6.090E-01  4.874E-01  3.675E-01  2.540E-01  1.535E-01  7.324E-02
  418.5000  1.477E+00  1.470E+00  1.450E+00  1.416E+00  1.369E+00  1.310E+00  1.239E+00  1.156E+00  1.063E+00  9.612E-01  8.512E-01  7.348E-01  6.142E-01  4.917E-01  3.708E-01  2.562E-01  1.548E-01  7.384E-02
  419.5000  1.526E+00  1.519E+00  1.497E+00  1.463E+00  1.414E+00  1.353E+00  1.280E+00  1.194E+00  1.098E+00  9.931E-01  8.795E-01  7.594E-01  6.348E-01  5.083E-01  3.834E-01  2.650E-01  1.600E-01  7.631E-02
------------------------------------------------------------
Dose rates, W m-2
   1 = UV-B, 280-315 nm                                  
   2 = UV-B*, 280-320 nm                                 
   3 = UV-A, 315-400 nm                                  
   4 = DNA damage, in vitro (Setlow, 1974)               
   5 = UV index (WMO, 1994; Webb et al., 2011)           
   6 = Plant damage (Caldwell, 1971)                     
   7 = Plant damage,Flint&Caldwell,2003,orig.            
   8 = Plant damage,Flint&Caldwell,2003,ext390           
values at z =      0.000 km
Columns: sza, weighting spectra
 sza, deg.          1          2          3          4          5          6          7          8
    0.0000  3.294E+00  5.257E+00  6.483E+01  2.518E-02  2.456E+01  9.128E-01  1.708E+00  2.161E+00
    5.0000  3.269E+00  5.220E+00  6.451E+01  2.485E-02  2.431E+01  9.030E-01  1.695E+00  2.145E+00
   10.0000  3.194E+00  5.111E+00  6.354E+01  2.388E-02  2.360E+01  8.751E-01  1.655E+00  2.099E+00
   15.0000  3.069E+00  4.930E+00  6.195E+01  2.234E-02  2.245E+01  8.295E-01  1.590E+00  2.024E+00
   20.0000  2.900E+00  4.682E+00  5.975E+01  2.030E-02  2.090E+01  7.684E-01  1.503E+00  1.921E+00
   25.0000  2.690E+00  4.375E+00  5.696E+01  1.791E-02  1.902E+01  6.948E-01  1.396E+00  1.795E+00
   30.0000  2.446E+00  4.015E+00  5.362E+01  1.530E-02  1.690E+01  6.117E-01  1.273E+00  1.649E+00
   35.0000  2.175E+00  3.612E+00  4.978E+01  1.261E-02  1.461E+01  5.223E-01  1.137E+00  1.488E+00
   40.0000  1.887E+00  3.178E+00  4.548E+01  1.001E-02  1.228E+01  4.324E-01  9.958E-01  1.317E+00
   45.0000  1.590E+00  2.725E+00  4.080E+01  7.609E-03  9.978E+00  3.441E-01  8.514E-01  1.140E+00
   50.0000  1.294E+00  2.266E+00  3.581E+01  5.504E-03  7.809E+00  2.617E-01  7.090E-01  9.636E-01
   55.0000  1.011E+00  1.816E+00  3.061E+01  3.764E-03  5.853E+00  1.886E-01  5.728E-01  7.913E-01
   60.0000  7.492E-01  1.391E+00  2.531E+01  2.414E-03  4.171E+00  1.272E-01  4.467E-01  6.281E-01
   65.0000  5.201E-01  1.006E+00  2.004E+01  1.438E-03  2.801E+00  7.908E-02  3.336E-01  4.778E-01
   70.0000  3.314E-01  6.751E-01  1.498E+01  7.891E-04  1.752E+00  4.444E-02  2.358E-01  3.441E-01
   75.0000  1.878E-01  4.082E-01  1.032E+01  3.977E-04  1.004E+00  2.213E-02  1.548E-01  2.296E-01
   80.0000  9.012E-02  2.109E-01  6.283E+00  1.856E-04  5.119E-01  9.738E-03  9.058E-02  1.363E-01
   85.0000  3.407E-02  8.301E-02  3.009E+00  7.982E-05  2.162E-01  3.951E-03  4.219E-02  6.430E-02
------------------------------------------------------------
