Spectral Irradiance, W m-2 nm-1
values at z =      0.000 km
Columns: wavelength (nm), solar zenith angles (deg.)
    wc, nm      0.000      5.000     10.000     15.000     20.000     25.000     30.000     35.000     40.000     45.000     50.000     55.000     60.000     65.000     70.000     75.000     80.000     85.000
  120.7000  0.000E+00  0.000E+00  0.000E+00  0.000E+00  0.000E+00  0.000E+00  0.000E+00  0.000E+00  0.000E+00  0.000E+00  0.000E+00  0.000E+00  0.000E+00  0.000E+00  0.000E+00  0.000E+00  0.000E+00  0.000E+00
  121.6500  0.000E+00  0.000E+00  0.000E+00  0.000E+00  0.000E+00  0.000E+00  0.000E+00  0.000E+00  0.000E+00  0.000E+00  0.000E+00  0.000E+00  0.000E+00  0.000E+00  0.000E+00  0.000E+00  0.000E+00  0.000E+00
  122.1000  0.000E+00  0.000E+00  0.000E+00  0.000E+00  0.000E+00  0.000E+00  0.000E+00  0.000E+00  0.000E+00  0.000E+00  0.000E+00  0.000E+00  0.000E+00  0.000E+00  0.000E+00  0.000E+00  0.000E+00  0.000E+00
  122.7000  0.000E+00  0.000E+00  0.000E+00  0.000E+00  0.000E+00  0.000E+00  0.000E+00  0.000E+00  0.000E+00  0.000E+00  0.000E+00  0.000E+00  0.000E+00  0.000E+00  0.000E+00  0.000E+00  0.000E+00  0.000E+00
  123.4500  0.000E+00  0.000E+00  0.000E+00  0.000E+00  0.000E+00  0.000E+00  0.000E+00  0.000E+00  0.000E+00  0.000E+00  0.000E+00  0.000E+00  0.000E+00  0.000E+00  0.000E+00  0.000E+00  0.000E+00  0.000E+00
  124.2000  0.000E+00  0.000E+00  0.000E+00  0.000E+00  0.000E+00  0.000E+00  0.000E+00  0.000E+00  0.000E+00  0.000E+00  0.000E+00  0.000E+00  0.000E+00  0.000E+00  0.000E+00  0.000E+00  0.000E+00  0.000E+00
  125.0000  0.000E+00  0.000E+00  0.000E+00  0.000E+00  0.000E+00  0.000E+00  0.000E+00  0.000E+00  0.000E+00  0.000E+00  0.000E+00  0.000E+00  0.000E+00  0.000E+00  0.000E+00  0.000E+00  0.000E+00  0.000E+00
  125.8000  0.000E+00  0.000E+00  0.000E+00  0.000E+00  0.000E+00  0.000E+00  0.000E+00  0.000E+00  0.000E+00  0.000E+00  0.000E+00  0.000E+00  0.000E+00  0.000E+00  0.000E+00  0.000E+00  0.000E+00  0.000E+00
  126.6000  0.000E+00  0.000E+00  0.000E+00  0.000E+00  0.000E+00  0.000E+00  0.000E+00  0.000E+00  0.000E+00  0.000E+00  0.000E+00  0.000E+00  0.000E+00  0.000E+00  0.000E+00  0.000E+00  0.000E+00  0.000E+00
  127.8000  0.000E+00  0.000E+00  0.000E+00  0.000E+00  0.000E+00  0.000E+00  0.000E+00  0.000E+00  0.000E+00  0.000E+00  0.000E+00  0.000E+00  0.000E+00  0.000E+00  0.000E+00  0.000E+00  0.000E+00  0.000E+00
  129.0000  0.000E+00  0.000E+00  0.000E+00  0.000E+00  0.000E+00  0.000E+00  0.000E+00  0.000E+00  0.000E+00  0.000E+00  0.000E+00  0.000E+00  0.000E+00  0.000E+00  0.000E+00  0.000E+00  0.000E+00  0.000E+00
  129.8500  0.000E+00  0.000E+00  0.000E+00  0.000E+00  0.000E+00  0.000E+00  0.000E+00  0.000E+00  0.000E+00  0.000E+00  0.000E+00  0.000E+00  0.000E+00  0.000E+00  0.000E+00  0.000E+00  0.000E+00  0.000E+00
  131.1500  0.000E+00  0.000E+00  0.000E+00  0.000E+00  0.000E+00  0.000E+00  0.000E+00  0.000E+00  0.000E+00  0.000E+00  0.000E+00  0.000E+00  0.000E+00  0.000E+00  0.000E+00  0.000E+00  0.000E+00  0.000E+00
  133.5000  0.000E+00  0.000E+00  0.000E+00  0.000E+00  0.000E+00  0.000E+00  0.000E+00  0.000E+00  0.000E+00  0.000E+00  0.000E+00  0.000E+00  0.000E+00  0.000E+00  0.000E+00  0.000E+00  0.000E+00  0.000E+00
  136.0000  0.000E+00  0.000E+00  0.000E+00  0.000E+00  0.000E+00  0.000E+00  0.000E+00  0.000E+00  0.000E+00  0.000E+00  0.000E+00  0.000E+00  0.000E+00  0.000E+00  0.000E+00  0.000E+00  0.000E+00  0.000E+00
  141.0000  0.000E+00  0.000E+00  0.000E+00  0.000E+00  0.000E+00  0.000E+00  0.000E+00  0.000E+00  0.000E+00  0.000E+00  0.000E+00  0.000E+00  0.000E+00  0.000E+00  0.000E+00  0.000E+00  0.000E+00  0.000E+00
  150.0000  0.000E+00  0.000E+00  0.000E+00  0.000E+00  0.000E+00  0.000E+00  0.000E+00  0.000E+00  0.000E+00  0.000E+00  0.000E+00  0.000E+00  0.000E+00  0.000E+00  0.000E+00  0.000E+00  0.000E+00  0.000E+00
  160.0000  0.000E+00  0.000E+00  0.000E+00  0.000E+00  0.000E+00  0.000E+00  0.000E+00  0.000E+00  0.000E+00  0.000E+00  0.000E+00  0.000E+00  0.000E+00  0.000E+00  0.000E+00  0.000E+00  0.000E+00  0.000E+00
  167.5000  0.000E+00  0.000E+00  0.000E+00  0.000E+00  0.000E+00  0.000E+00  0.000E+00  0.000E+00  0.000E+00  0.000E+00  0.000E+00  0.000E+00  0.000E+00  0.000E+00  0.000E+00  0.000E+00  0.000E+00  0.000E+00
  172.7000  0.000E+00  0.000E+00  0.000E+00  0.000E+00  0.000E+00  0.000E+00  0.000E+00  0.000E+00  0.000E+00  0.000E+00  0.000E+00  0.000E+00  0.000E+00  0.000E+00  0.000E+00  0.000E+00  0.000E+00  0.000E+00
  176.2000  0.000E+00  0.000E+00  0.000E+00  0.000E+00  0.000E+00  0.000E+00  0.000E+00  0.000E+00  0.000E+00  0.000E+00  0.000E+00  0.000E+00  0.000E+00  0.000E+00  0.000E+00  0.000E+00  0.000E+00  0.000E+00
  177.8000  0.000E+00  0.000E+00  0.000E+00  0.000E+00  0.000E+00  0.000E+00  0.000E+00  0.000E+00  0.000E+00  0.000E+00  0.000E+00  0.000E+00  0.000E+00  0.000E+00  0.000E+00  0.000E+00  0.000E+00  0.000E+00
  179.4000  0.000E+00  0.000E+00  0.000E+00  0.000E+00  0.000E+00  0.000E+00  0.000E+00  0.000E+00  0.000E+00  0.000E+00  0.000E+00  0.000E+00  0.000E+00  0.000E+00  0.000E+00  0.000E+00  0.000E+00  0.000E+00
  181.0000  0.000E+00  0.000E+00  0.000E+00  0.000E+00  0.000E+00  0.000E+00  0.000E+00  0.000E+00  0.000E+00  0.000E+00  0.000E+00  0.000E+00  0.000E+00  0.000E+00  0.000E+00  0.000E+00  0.000E+00  0.000E+00
  182.6500  0.000E+00  0.000E+00  0.000E+00  0.000E+00  0.000E+00  0.000E+00  0.000E+00  0.000E+00  0.000E+00  0.000E+00  0.000E+00  0.000E+00  0.000E+00  0.000E+00  0.000E+00  0.000E+00  0.000E+00  0.000E+00
  184.3500  0.000E+00  0.000E+00  0.000E+00  0.000E+00  0.000E+00  0.000E+00  0.000E+00  0.000E+00  0.000E+00  0.000E+00  0.000E+00  0.000E+00  0.000E+00  0.000E+00  0.000E+00  0.000E+00  0.000E+00  0.000E+00
  186.0500  0.000E+00  0.000E+00  0.000E+00  0.000E+00  0.000E+00  0.000E+00  0.000E+00  0.000E+00  0.000E+00  0.000E+00  0.000E+00  0.000E+00  0.000E+00  0.000E+00  0.000E+00  0.000E+00  0.000E+00  0.000E+00
  187.8000  0.000E+00  0.000E+00  0.000E+00  0.000E+00  0.000E+00  0.000E+00  0.000E+00  0.000E+00  0.000E+00  0.000E+00  0.000E+00  0.000E+00  0.000E+00  0.000E+00  0.000E+00  0.000E+00  0.000E+00  0.000E+00
  189.6000  0.000E+00  0.000E+00  0.000E+00  0.000E+00  0.000E+00  0.000E+00  0.000E+00  0.000E+00  0.000E+00  0.000E+00  0.000E+00  0.000E+00  0.000E+00  0.000E+00  0.000E+00  0.000E+00  0.000E+00  0.000E+00
  191.4000  0.000E+00  0.000E+00  0.000E+00  0.000E+00  0.000E+00  0.000E+00  0.000E+00  0.000E+00  0.000E+00  0.000E+00  0.000E+00  0.000E+00  0.000E+00  0.000E+00  0.000E+00  0.000E+00  0.000E+00  0.000E+00
  193.2500  0.000E+00  0.000E+00  0.000E+00  0.000E+00  0.000E+00  0.000E+00  0.000E+00  0.000E+00  0.000E+00  0.000E+00  0.000E+00  0.000E+00  0.000E+00  0.000E+00  0.000E+00  0.000E+00  0.000E+00  0.000E+00
  195.1500  0.000E+00  0.000E+00  0.000E+00  0.000E+00  0.000E+00  0.000E+00  0.000E+00  0.000E+00  0.000E+00  0.000E+00  0.000E+00  0.000E+00  0.000E+00  0.000E+00  0.000E+00  0.000E+00  0.000E+00  0.000E+00
  197.0500  0.000E+00  0.000E+00  0.000E+00  0.000E+00  0.000E+00  0.000E+00  0.000E+00  0.000E+00  0.000E+00  0.000E+00  0.000E+00  0.000E+00  0.000E+00  0.000E+00  0.000E+00  0.000E+00  0.000E+00  0.000E+00
  199.0000  0.000E+00  0.000E+00  0.000E+00  0.000E+00  0.000E+00  0.000E+00  0.000E+00  0.000E+00  0.000E+00  0.000E+00  0.000E+00  0.000E+00  0.000E+00  0.000E+00  0.000E+00  0.000E+00  0.000E+00  0.000E+00
  201.0000  0.000E+00  0.000E+00  0.000E+00  0.000E+00  0.000E+00  0.000E+00  0.000E+00  0.000E+00  0.000E+00  0.000E+00  0.000E+00  0.000E+00  0.000E+00  0.000E+00  0.000E+00  0.000E+00  0.000E+00  0.000E+00
  203.0500  0.000E+00  0.000E+00  0.000E+00  0.000E+00  0.000E+00  0.000E+00  0.000E+00  0.000E+00  0.000E+00  0.000E+00  0.000E+00  0.000E+00  0.000E+00  0.000E+00  0.000E+00  0.000E+00  0.000E+00  0.000E+00
  205.1500  0.000E+00  0.000E+00  0.000E+00  0.000E+00  0.000E+00  0.000E+00  0.000E+00  0.000E+00  0.000E+00  0.000E+00  0.000E+00  0.000E+00  0.000E+00  0.000E+00  0.000E+00  0.000E+00  0.000E+00  0.000E+00
  207.2665  6.599E-20  5.653E-20  3.533E-20  1.583E-20  4.927E-21  1.017E-21  1.300E-22  9.375E-24  3.377E-25  5.403E-27  5.429E-29  3.865E-30  1.294E-30  6.368E-31  3.698E-31  2.279E-31  1.359E-31  6.808E-32
  209.4295  5.677E-19  4.894E-19  3.118E-19  1.443E-19  4.713E-20  1.038E-20  1.444E-21  1.162E-22  4.816E-24  9.225E-26  1.138E-27  8.204E-29  2.620E-29  1.262E-29  7.335E-30  4.567E-30  2.764E-30  1.410E-30
  211.6460  6.002E-18  5.212E-18  3.395E-18  1.632E-18  5.634E-19  1.337E-19  2.054E-20  1.877E-21  9.165E-23  2.173E-24  3.264E-26  2.597E-27  7.803E-28  3.663E-28  2.137E-28  1.351E-28  8.336E-29  4.357E-29
  213.9100  2.375E-17  2.073E-17  1.370E-17  6.754E-18  2.418E-18  6.030E-19  9.881E-20  9.816E-21  5.336E-22  1.452E-23  2.686E-25  1.929E-26  5.298E-27  2.417E-27  1.424E-27  9.177E-28  5.786E-28  3.103E-28
  216.2225  7.725E-17  6.773E-17  4.543E-17  2.297E-17  8.533E-18  2.238E-18  3.917E-19  4.238E-20  2.572E-21  8.083E-23  1.751E-24  1.196E-25  2.931E-26  1.304E-26  7.826E-27  5.158E-27  3.330E-27  1.838E-27
  218.5855  4.137E-16  3.648E-16  2.490E-16  1.297E-16  5.028E-17  1.398E-17  2.644E-18  3.163E-19  2.188E-20  8.187E-22  2.044E-23  1.417E-24  3.025E-25  1.324E-25  8.164E-26  5.516E-26  3.651E-26  2.079E-26
  221.0010  9.389E-16  8.305E-16  5.721E-16  3.028E-16  1.202E-16  3.453E-17  6.811E-18  8.612E-19  6.409E-20  2.641E-21  7.207E-23  4.364E-24  7.872E-25  3.456E-25  2.200E-25  1.521E-25  1.030E-25  6.031E-26
  223.4705  1.841E-15  1.631E-15  1.130E-15  6.037E-16  2.429E-16  7.108E-17  1.438E-17  1.879E-18  1.462E-19  6.396E-21  1.907E-22  9.013E-24  1.344E-24  6.056E-25  3.980E-25  2.811E-25  1.941E-25  1.167E-25
  225.9960  2.186E-15  1.941E-15  1.352E-15  7.289E-16  2.974E-16  8.871E-17  1.842E-17  2.493E-18  2.036E-19  9.503E-21  2.921E-22  1.110E-23  1.353E-24  6.381E-25  4.314E-25  3.104E-25  2.184E-25  1.346E-25
  228.5790  1.727E-15  1.531E-15  1.064E-15  5.715E-16  2.319E-16  6.868E-17  1.414E-17  1.896E-18  1.534E-19  7.053E-21  2.000E-22  5.507E-24  5.436E-25  2.724E-25  1.886E-25  1.378E-25  9.849E-26  6.210E-26
  231.2215  7.427E-16  6.567E-16  4.519E-16  2.388E-16  9.462E-17  2.714E-17  5.363E-18  6.831E-19  5.176E-20  2.169E-21  5.132E-23  9.408E-25  7.614E-26  4.052E-26  2.855E-26  2.112E-26  1.529E-26  9.820E-27
  233.9260  1.507E-16  1.325E-16  8.983E-17  4.625E-17  1.766E-17  4.815E-18  8.910E-19  1.043E-19  7.088E-21  2.553E-22  4.678E-24  5.333E-26  3.605E-27  2.020E-27  1.443E-27  1.078E-27  7.883E-28  5.145E-28
  236.6945  3.340E-17  2.920E-17  1.942E-17  9.683E-18  3.527E-18  9.032E-19  1.539E-19  1.620E-20  9.573E-22  2.841E-23  3.838E-25  2.599E-27  1.499E-28  8.740E-29  6.313E-29  4.754E-29  3.505E-29  2.319E-29
  239.5295  1.456E-17  1.270E-17  8.400E-18  4.148E-18  1.490E-18  3.745E-19  6.225E-20  6.338E-21  3.565E-22  9.687E-24  1.079E-25  4.744E-28  2.384E-29  1.432E-29  1.045E-29  7.932E-30  5.906E-30  3.972E-30
  242.4330  2.285E-17  1.995E-17  1.305E-17  6.527E-18  2.348E-18  5.901E-19  9.787E-20  9.871E-21  5.404E-22  1.369E-23  1.287E-25  3.868E-28  1.725E-29  1.059E-29  7.796E-30  5.962E-30  4.480E-30  3.061E-30
  245.4080  8.005E-19  6.899E-19  4.394E-19  2.034E-19  6.648E-20  1.468E-20  2.053E-21  1.662E-22  6.867E-24  1.212E-25  7.147E-28  1.169E-30  4.693E-32  2.920E-32  2.155E-32  1.650E-32  1.241E-32  8.481E-33
  248.4570  4.845E-20  4.132E-20  2.547E-20  1.115E-20  3.361E-21  6.643E-22  8.039E-23  5.401E-24  1.756E-25  2.278E-27  8.999E-30  8.700E-33  3.182E-34  1.996E-34  1.476E-34  1.131E-34  8.511E-35  5.824E-35
  251.5825  9.798E-21  8.305E-21  5.027E-21  2.133E-21  6.142E-22  1.141E-22  1.273E-23  7.227E-25  2.182E-26  2.373E-28  7.445E-31  5.278E-34  1.787E-35  1.125E-35  8.328E-36  6.385E-36  4.806E-36  3.291E-36
  254.7875  7.108E-21  6.009E-21  3.609E-21  1.511E-21  4.264E-22  7.709E-23  8.294E-24  4.784E-25  1.277E-26  1.281E-28  3.609E-31  2.195E-34  6.951E-36  4.377E-36  3.241E-36  2.485E-36  1.872E-36  1.283E-36
  258.0750  4.259E-20  3.616E-20  2.201E-20  9.426E-21  2.749E-21  5.197E-22  5.924E-23  3.678E-24  1.077E-25  1.214E-27  3.958E-30  2.861E-33  8.651E-35  5.424E-35  4.011E-35  3.075E-35  2.316E-35  1.588E-35
  261.4490  2.981E-19  2.553E-19  1.594E-19  7.129E-20  2.215E-20  4.560E-21  5.809E-22  4.158E-23  1.459E-24  2.068E-26  9.022E-29  9.354E-32  2.742E-33  1.705E-33  1.258E-33  9.637E-34  7.255E-34  4.974E-34
  264.9125  2.805E-17  2.435E-17  1.584E-17  7.597E-18  2.614E-18  6.177E-19  9.423E-20  8.496E-21  3.999E-22  8.237E-24  5.790E-26  1.094E-28  3.186E-30  1.951E-30  1.434E-30  1.097E-30  8.247E-31  5.652E-31
  268.4685  3.615E-15  3.195E-15  2.196E-15  1.157E-15  4.566E-16  1.299E-16  2.524E-17  3.105E-18  2.171E-19  7.398E-21  9.914E-23  4.243E-25  1.276E-26  7.574E-27  5.532E-27  4.217E-27  3.166E-27  2.167E-27
  272.1215  6.873E-13  6.199E-13  4.530E-13  2.651E-13  1.218E-13  4.260E-14  1.084E-14  1.884E-15  2.045E-16  1.222E-17  3.361E-19  3.584E-21  1.185E-22  6.569E-23  4.750E-23  3.604E-23  2.699E-23  1.845E-23
  275.8755  1.791E-10  1.650E-10  1.287E-10  8.416E-11  4.546E-11  1.978E-11  6.700E-12  1.680E-12  2.908E-13  3.151E-14  1.860E-15  5.230E-17  2.168E-18  1.023E-18  7.272E-19  5.476E-19  4.084E-19  2.783E-19
  279.7340  2.271E-08  2.135E-08  1.768E-08  1.282E-08  8.036E-09  4.281E-09  1.888E-09  6.640E-10  1.769E-10  3.319E-11  3.963E-12  2.722E-13  1.711E-14  5.989E-15  4.116E-15  3.059E-15  2.266E-15  1.536E-15
  283.7020  4.422E-06  4.228E-06  3.691E-06  2.926E-06  2.090E-06  1.328E-06  7.373E-07  3.484E-07  1.351E-07  4.090E-08  9.020E-09  1.345E-09  1.524E-10  3.749E-11  2.328E-11  1.691E-11  1.236E-11  8.308E-12
  287.7845  2.418E-04  2.343E-04  2.133E-04  1.816E-04  1.439E-04  1.052E-04  7.012E-05  4.188E-05  2.189E-05  9.689E-06  3.472E-06  9.545E-07  1.996E-07  4.451E-08  2.060E-08  1.413E-08  1.009E-08  6.681E-09
  291.9865  5.786E-03  5.665E-03  5.315E-03  4.770E-03  4.079E-03  3.305E-03  2.520E-03  1.787E-03  1.162E-03  6.790E-04  3.463E-04  1.487E-04  5.184E-05  1.516E-05  5.105E-06  2.816E-06  1.907E-06  1.227E-06
  296.3090  3.158E-02  3.113E-02  2.980E-02  2.769E-02  2.490E-02  2.160E-02  1.799E-02  1.429E-02  1.073E-02  7.521E-03  4.834E-03  2.781E-03  1.388E-03  5.827E-04  2.110E-04  8.350E-05  4.661E-05  2.826E-05
  300.5000  7.759E-02  7.679E-02  7.439E-02  7.051E-02  6.527E-02  5.890E-02  5.163E-02  4.379E-02  3.571E-02  2.778E-02  2.038E-02  1.388E-02  8.571E-03  4.656E-03  2.148E-03  8.471E-04  3.483E-04  1.800E-04
  303.0000  1.586E-01  1.572E-01  1.530E-01  1.462E-01  1.369E-01  1.255E-01  1.123E-01  9.772E-02  8.236E-02  6.679E-02  5.164E-02  3.760E-02  2.532E-02  1.536E-02  8.088E-03  3.554E-03  1.361E-03  5.885E-04
  304.0000  1.620E-01  1.607E-01  1.566E-01  1.499E-01  1.408E-01  1.295E-01  1.164E-01  1.020E-01  8.662E-02  7.094E-02  5.551E-02  4.109E-02  2.824E-02  1.759E-02  9.573E-03  4.354E-03  1.671E-03  6.829E-04
  305.0000  2.033E-01  2.017E-01  1.968E-01  1.889E-01  1.780E-01  1.646E-01  1.489E-01  1.314E-01  1.127E-01  9.349E-02  7.437E-02  5.615E-02  3.962E-02  2.553E-02  1.452E-02  6.946E-03  2.716E-03  1.033E-03
  306.0000  1.811E-01  1.797E-01  1.755E-01  1.687E-01  1.593E-01  1.477E-01  1.342E-01  1.191E-01  1.028E-01  8.593E-02  6.905E-02  5.281E-02  3.789E-02  2.496E-02  1.461E-02  7.228E-03  2.884E-03  1.049E-03
  307.0000  2.202E-01  2.186E-01  2.137E-01  2.057E-01  1.948E-01  1.812E-01  1.653E-01  1.474E-01  1.282E-01  1.081E-01  8.779E-02  6.809E-02  4.974E-02  3.355E-02  2.026E-02  1.043E-02  4.292E-03  1.497E-03
  308.0000  2.449E-01  2.431E-01  2.379E-01  2.294E-01  2.177E-01  2.031E-01  1.860E-01  1.667E-01  1.458E-01  1.239E-01  1.017E-01  7.985E-02  5.929E-02  4.087E-02  2.540E-02  1.357E-02  5.791E-03  1.968E-03
  309.0000  2.469E-01  2.452E-01  2.400E-01  2.316E-01  2.201E-01  2.057E-01  1.888E-01  1.697E-01  1.489E-01  1.271E-01  1.049E-01  8.293E-02  6.214E-02  4.334E-02  2.737E-02  1.493E-02  6.514E-03  2.191E-03
  310.0000  2.300E-01  2.285E-01  2.239E-01  2.164E-01  2.061E-01  1.932E-01  1.780E-01  1.608E-01  1.421E-01  1.222E-01  1.019E-01  8.162E-02  6.220E-02  4.438E-02  2.889E-02  1.643E-02  7.534E-03  2.538E-03
  311.0000  3.785E-01  3.760E-01  3.687E-01  3.565E-01  3.399E-01  3.190E-01  2.944E-01  2.665E-01  2.361E-01  2.038E-01  1.705E-01  1.374E-01  1.054E-01  7.589E-02  5.001E-02  2.891E-02  1.354E-02  4.585E-03
  312.0000  3.274E-01  3.253E-01  3.191E-01  3.089E-01  2.949E-01  2.773E-01  2.565E-01  2.329E-01  2.061E-01  1.796E-01  1.512E-01  1.227E-01  9.508E-02  6.934E-02  4.651E-02  2.756E-02  1.334E-02  4.599E-03
  313.0000  3.548E-01  3.526E-01  3.461E-01  3.353E-01  3.205E-01  3.019E-01  2.799E-01  2.548E-01  2.274E-01  1.981E-01  1.677E-01  1.371E-01  1.073E-01  7.923E-02  5.407E-02  3.283E-02  1.644E-02  5.824E-03
  314.0000  3.831E-01  3.808E-01  3.738E-01  3.623E-01  3.465E-01  3.266E-01  3.030E-01  2.763E-01  2.469E-01  2.155E-01  1.829E-01  1.499E-01  1.177E-01  8.736E-02  6.000E-02  3.677E-02  1.865E-02  6.680E-03
  316.0000  3.755E-01  3.733E-01  3.667E-01  3.559E-01  3.410E-01  3.222E-01  3.000E-01  2.746E-01  2.466E-01  2.167E-01  1.854E-01  1.536E-01  1.223E-01  9.238E-02  6.503E-02  4.129E-02  2.207E-02  8.405E-03
  320.0000  4.597E-01  4.572E-01  4.495E-01  4.369E-01  4.194E-01  3.975E-01  3.713E-01  3.415E-01  3.084E-01  2.729E-01  2.356E-01  1.974E-01  1.594E-01  1.227E-01  8.862E-02  5.840E-02  3.307E-02  1.370E-02
  325.0000  5.678E-01  5.648E-01  5.557E-01  5.407E-01  5.199E-01  4.938E-01  4.627E-01  4.270E-01  3.875E-01  3.447E-01  2.997E-01  2.533E-01  2.068E-01  1.615E-01  1.190E-01  8.066E-02  4.783E-02  2.146E-02
  330.0000  6.956E-01  6.920E-01  6.811E-01  6.631E-01  6.383E-01  6.069E-01  5.695E-01  5.266E-01  4.789E-01  4.273E-01  3.727E-01  3.163E-01  2.596E-01  2.040E-01  1.516E-01  1.040E-01  6.291E-02  2.932E-02
  335.0000  6.574E-01  6.541E-01  6.439E-01  6.272E-01  6.041E-01  5.749E-01  5.401E-01  5.001E-01  4.555E-01  4.072E-01  3.560E-01  3.030E-01  2.495E-01  1.969E-01  1.470E-01  1.016E-01  6.215E-02  2.967E-02
  340.0000  7.130E-01  7.094E-01  6.985E-01  6.806E-01  6.558E-01  6.245E-01  5.870E-01  5.440E-01  4.961E-01  4.440E-01  3.887E-01  3.314E-01  2.733E-01  2.161E-01  1.617E-01  1.120E-01  6.881E-02  3.317E-02
  345.0000  7.026E-01  6.991E-01  6.885E-01  6.710E-01  6.467E-01  6.161E-01  5.795E-01  5.374E-01  4.905E-01  4.394E-01  3.851E-01  3.287E-01  2.714E-01  2.149E-01  1.609E-01  1.115E-01  6.863E-02  3.324E-02
  350.0000  7.355E-01  7.318E-01  7.208E-01  7.026E-01  6.774E-01  6.455E-01  6.075E-01  5.636E-01  5.147E-01  4.614E-01  4.048E-01  3.457E-01  2.857E-01  2.263E-01  1.695E-01  1.174E-01  7.214E-02  3.492E-02
  355.0000  7.780E-01  7.741E-01  7.626E-01  7.434E-01  7.170E-01  6.836E-01  6.435E-01  5.974E-01  5.459E-01  4.898E-01  4.300E-01  3.676E-01  3.041E-01  2.411E-01  1.806E-01  1.251E-01  7.683E-02  3.724E-02
  360.0000  7.118E-01  7.083E-01  6.978E-01  6.804E-01  6.564E-01  6.260E-01  5.896E-01  5.476E-01  5.007E-01  4.496E-01  3.950E-01  3.380E-01  2.798E-01  2.220E-01  1.663E-01  1.152E-01  7.067E-02  3.425E-02
  365.0000  9.056E-01  9.012E-01  8.879E-01  8.660E-01  8.356E-01  7.972E-01  7.511E-01  6.980E-01  6.386E-01  5.738E-01  5.045E-01  4.320E-01  3.580E-01  2.842E-01  2.130E-01  1.474E-01  9.036E-02  4.379E-02
  370.0000  9.421E-01  9.376E-01  9.238E-01  9.012E-01  8.698E-01  8.300E-01  7.824E-01  7.274E-01  6.659E-01  5.987E-01  5.268E-01  4.515E-01  3.744E-01  2.974E-01  2.231E-01  1.543E-01  9.445E-02  4.574E-02
  375.0000  8.516E-01  8.475E-01  8.352E-01  8.148E-01  7.866E-01  7.509E-01  7.080E-01  6.586E-01  6.032E-01  5.427E-01  4.779E-01  4.099E-01  3.402E-01  2.705E-01  2.029E-01  1.403E-01  8.576E-02  4.149E-02
  380.0000  9.795E-01  9.748E-01  9.607E-01  9.374E-01  9.052E-01  8.643E-01  8.153E-01  7.587E-01  6.953E-01  6.259E-01  5.515E-01  4.735E-01  3.933E-01  3.129E-01  2.348E-01  1.623E-01  9.909E-02  4.789E-02
  385.0000  7.388E-01  7.353E-01  7.247E-01  7.073E-01  6.831E-01  6.524E-01  6.156E-01  5.732E-01  5.255E-01  4.734E-01  4.174E-01  3.586E-01  2.981E-01  2.374E-01  1.782E-01  1.232E-01  7.508E-02  3.625E-02
  390.0000  9.652E-01  9.607E-01  9.469E-01  9.243E-01  8.928E-01  8.530E-01  8.052E-01  7.499E-01  6.879E-01  6.200E-01  5.471E-01  4.704E-01  3.914E-01  3.119E-01  2.343E-01  1.619E-01  9.854E-02  4.750E-02
  395.0000  7.491E-01  7.456E-01  7.350E-01  7.175E-01  6.932E-01  6.624E-01  6.255E-01  5.828E-01  5.349E-01  4.824E-01  4.259E-01  3.665E-01  3.052E-01  2.434E-01  1.830E-01  1.264E-01  7.683E-02  3.698E-02
  400.0000  1.391E+00  1.385E+00  1.365E+00  1.333E+00  1.288E+00  1.231E+00  1.163E+00  1.084E+00  9.953E-01  8.980E-01  7.935E-01  6.832E-01  5.694E-01  4.544E-01  3.418E-01  2.362E-01  1.433E-01  6.888E-02
  405.0000  1.419E+00  1.412E+00  1.392E+00  1.360E+00  1.314E+00  1.256E+00  1.187E+00  1.107E+00  1.017E+00  9.180E-01  8.116E-01  6.994E-01  5.833E-01  4.659E-01  3.507E-01  2.423E-01  1.469E-01  7.045E-02
  410.0000  1.464E+00  1.457E+00  1.437E+00  1.403E+00  1.356E+00  1.297E+00  1.226E+00  1.143E+00  1.051E+00  9.490E-01  8.396E-01  7.240E-01  6.043E-01  4.831E-01  3.639E-01  2.514E-01  1.522E-01  7.286E-02
  415.0000  1.525E+00  1.518E+00  1.497E+00  1.462E+00  1.414E+00  1.352E+00  1.278E+00  1.193E+00  1.097E+00  9.912E-01  8.774E-01  7.571E-01  6.324E-01  5.060E-01  3.814E-01  2.636E-01  1.594E-01  7.614E-02
  420.0000  1.540E+00  1.533E+00  1.512E+00  1.477E+00  1.428E+00  1.366E+00  1.292E+00  1.206E+00  1.109E+00  1.003E+00  8.881E-01  7.669E-01  6.411E-01  5.134E-01  3.872E-01  2.676E-01  1.617E-01  7.705E-02
  425.0000  1.470E+00  1.464E+00  1.444E+00  1.410E+00  1.364E+00  1.305E+00  1.234E+00  1.153E+00  1.061E+00  9.593E-01  8.501E-01  7.346E-01  6.145E-01  4.925E-01  3.717E-01  2.570E-01  1.550E-01  7.372E-02
  430.0000  1.357E+00  1.350E+00  1.332E+00  1.301E+00  1.259E+00  1.205E+00  1.140E+00  1.065E+00  9.799E-01  8.868E-01  7.863E-01  6.799E-01  5.692E-01  4.565E-01  3.448E-01  2.385E-01  1.437E-01  6.818E-02
  435.0000  1.575E+00  1.568E+00  1.546E+00  1.511E+00  1.462E+00  1.399E+00  1.324E+00  1.237E+00  1.139E+00  1.031E+00  9.150E-01  7.917E-01  6.633E-01  5.324E-01  4.025E-01  2.784E-01  1.676E-01  7.932E-02
  440.0000  1.621E+00  1.613E+00  1.591E+00  1.555E+00  1.504E+00  1.440E+00  1.363E+00  1.274E+00  1.174E+00  1.063E+00  9.435E-01  8.168E-01  6.848E-01  5.501E-01  4.161E-01  2.880E-01  1.732E-01  8.171E-02
  445.0000  1.741E+00  1.733E+00  1.709E+00  1.670E+00  1.616E+00  1.548E+00  1.465E+00  1.370E+00  1.262E+00  1.144E+00  1.016E+00  8.798E-01  7.381E-01  5.933E-01  4.492E-01  3.110E-01  1.869E-01  8.791E-02
  450.0000  1.851E+00  1.843E+00  1.818E+00  1.777E+00  1.720E+00  1.647E+00  1.560E+00  1.458E+00  1.344E+00  1.219E+00  1.083E+00  9.383E-01  7.877E-01  6.337E-01  4.801E-01  3.325E-01  1.997E-01  9.368E-02
  455.0000  1.812E+00  1.804E+00  1.780E+00  1.739E+00  1.684E+00  1.613E+00  1.527E+00  1.429E+00  1.317E+00  1.194E+00  1.062E+00  9.207E-01  7.734E-01  6.227E-01  4.721E-01  3.271E-01  1.963E-01  9.182E-02
  460.0000  1.865E+00  1.857E+00  1.832E+00  1.790E+00  1.733E+00  1.660E+00  1.573E+00  1.471E+00  1.357E+00  1.231E+00  1.095E+00  9.496E-01  7.982E-01  6.430E-01  4.877E-01  3.380E-01  2.026E-01  9.435E-02
  465.0000  1.844E+00  1.836E+00  1.811E+00  1.770E+00  1.714E+00  1.642E+00  1.556E+00  1.456E+00  1.343E+00  1.219E+00  1.084E+00  9.412E-01  7.916E-01  6.382E-01  4.845E-01  3.360E-01  2.013E-01  9.349E-02
  470.0000  1.834E+00  1.826E+00  1.801E+00  1.761E+00  1.705E+00  1.634E+00  1.549E+00  1.449E+00  1.337E+00  1.214E+00  1.080E+00  9.383E-01  7.896E-01  6.370E-01  4.839E-01  3.358E-01  2.010E-01  9.310E-02
  475.0000  1.856E+00  1.847E+00  1.823E+00  1.782E+00  1.726E+00  1.654E+00  1.568E+00  1.467E+00  1.355E+00  1.230E+00  1.095E+00  9.514E-01  8.011E-01  6.467E-01  4.916E-01  3.412E-01  2.042E-01  9.423E-02
  480.0000  1.909E+00  1.900E+00  1.875E+00  1.833E+00  1.775E+00  1.702E+00  1.613E+00  1.510E+00  1.394E+00  1.266E+00  1.128E+00  9.802E-01  8.256E-01  6.667E-01  5.070E-01  3.519E-01  2.102E-01  9.646E-02
  485.0000  1.734E+00  1.726E+00  1.703E+00  1.666E+00  1.613E+00  1.546E+00  1.466E+00  1.373E+00  1.268E+00  1.152E+00  1.026E+00  8.921E-01  7.519E-01  6.075E-01  4.623E-01  3.210E-01  1.917E-01  8.765E-02
  490.0000  1.806E+00  1.798E+00  1.774E+00  1.735E+00  1.680E+00  1.611E+00  1.528E+00  1.431E+00  1.322E+00  1.201E+00  1.070E+00  9.311E-01  7.851E-01  6.348E-01  4.835E-01  3.359E-01  2.006E-01  9.150E-02
  495.0000  1.840E+00  1.831E+00  1.807E+00  1.767E+00  1.712E+00  1.642E+00  1.557E+00  1.458E+00  1.347E+00  1.225E+00  1.092E+00  9.502E-01  8.016E-01  6.485E-01  4.942E-01  3.435E-01  2.050E-01  9.319E-02
  500.0000  1.754E+00  1.747E+00  1.724E+00  1.686E+00  1.633E+00  1.566E+00  1.485E+00  1.392E+00  1.286E+00  1.169E+00  1.042E+00  9.073E-01  7.656E-01  6.196E-01  4.722E-01  3.282E-01  1.956E-01  8.838E-02
  505.0000  1.782E+00  1.775E+00  1.751E+00  1.713E+00  1.659E+00  1.591E+00  1.509E+00  1.414E+00  1.307E+00  1.188E+00  1.060E+00  9.225E-01  7.786E-01  6.302E-01  4.803E-01  3.337E-01  1.984E-01  8.902E-02
  510.0000  1.767E+00  1.760E+00  1.737E+00  1.699E+00  1.646E+00  1.578E+00  1.497E+00  1.403E+00  1.297E+00  1.180E+00  1.052E+00  9.165E-01  7.740E-01  6.268E-01  4.781E-01  3.324E-01  1.977E-01  8.852E-02
  515.0000  1.638E+00  1.631E+00  1.610E+00  1.575E+00  1.526E+00  1.464E+00  1.389E+00  1.301E+00  1.203E+00  1.095E+00  9.767E-01  8.510E-01  7.189E-01  5.826E-01  4.446E-01  3.093E-01  1.839E-01  8.208E-02
  520.0000  1.684E+00  1.677E+00  1.655E+00  1.619E+00  1.569E+00  1.505E+00  1.428E+00  1.338E+00  1.238E+00  1.126E+00  1.005E+00  8.759E-01  7.402E-01  6.001E-01  4.581E-01  3.188E-01  1.894E-01  8.417E-02
  525.0000  1.690E+00  1.682E+00  1.661E+00  1.624E+00  1.574E+00  1.510E+00  1.433E+00  1.343E+00  1.242E+00  1.130E+00  1.009E+00  8.794E-01  7.433E-01  6.026E-01  4.601E-01  3.200E-01  1.898E-01  8.382E-02
  530.0000  1.780E+00  1.772E+00  1.749E+00  1.711E+00  1.658E+00  1.590E+00  1.509E+00  1.415E+00  1.308E+00  1.191E+00  1.063E+00  9.264E-01  7.831E-01  6.348E-01  4.846E-01  3.368E-01  1.993E-01  8.734E-02
  535.0000  1.724E+00  1.717E+00  1.695E+00  1.658E+00  1.606E+00  1.541E+00  1.463E+00  1.371E+00  1.268E+00  1.154E+00  1.031E+00  8.986E-01  7.598E-01  6.161E-01  4.704E-01  3.270E-01  1.934E-01  8.434E-02
  540.0000  1.726E+00  1.718E+00  1.696E+00  1.659E+00  1.608E+00  1.543E+00  1.464E+00  1.373E+00  1.270E+00  1.156E+00  1.033E+00  9.006E-01  7.617E-01  6.180E-01  4.721E-01  3.284E-01  1.942E-01  8.444E-02
  545.0000  1.751E+00  1.743E+00  1.721E+00  1.683E+00  1.631E+00  1.565E+00  1.486E+00  1.393E+00  1.289E+00  1.174E+00  1.048E+00  9.144E-01  7.736E-01  6.277E-01  4.797E-01  3.336E-01  1.971E-01  8.529E-02
  550.0000  1.756E+00  1.749E+00  1.726E+00  1.688E+00  1.636E+00  1.570E+00  1.491E+00  1.398E+00  1.293E+00  1.178E+00  1.052E+00  9.180E-01  7.767E-01  6.305E-01  4.819E-01  3.352E-01  1.979E-01  8.531E-02
  555.0000  1.743E+00  1.735E+00  1.713E+00  1.676E+00  1.624E+00  1.559E+00  1.480E+00  1.388E+00  1.284E+00  1.170E+00  1.045E+00  9.121E-01  7.721E-01  6.269E-01  4.794E-01  3.336E-01  1.968E-01  8.445E-02
  560.0000  1.698E+00  1.691E+00  1.669E+00  1.633E+00  1.583E+00  1.519E+00  1.442E+00  1.353E+00  1.252E+00  1.140E+00  1.019E+00  8.892E-01  7.527E-01  6.112E-01  4.673E-01  3.250E-01  1.914E-01  8.161E-02
  565.0000  1.701E+00  1.693E+00  1.672E+00  1.635E+00  1.585E+00  1.521E+00  1.444E+00  1.355E+00  1.254E+00  1.142E+00  1.020E+00  8.905E-01  7.537E-01  6.120E-01  4.679E-01  3.252E-01  1.912E-01  8.097E-02
  570.0000  1.691E+00  1.683E+00  1.662E+00  1.626E+00  1.576E+00  1.512E+00  1.436E+00  1.347E+00  1.246E+00  1.135E+00  1.015E+00  8.857E-01  7.498E-01  6.089E-01  4.655E-01  3.235E-01  1.900E-01  8.006E-02
  575.0000  1.719E+00  1.712E+00  1.690E+00  1.653E+00  1.602E+00  1.538E+00  1.460E+00  1.370E+00  1.268E+00  1.155E+00  1.032E+00  9.014E-01  7.632E-01  6.200E-01  4.741E-01  3.296E-01  1.935E-01  8.128E-02
  580.0000  1.691E+00  1.684E+00  1.662E+00  1.626E+00  1.577E+00  1.513E+00  1.437E+00  1.348E+00  1.248E+00  1.137E+00  1.017E+00  8.881E-01  7.524E-01  6.116E-01  4.681E-01  3.258E-01  1.916E-01  8.050E-02
  585.0000  1.692E+00  1.685E+00  1.663E+00  1.627E+00  1.578E+00  1.514E+00  1.438E+00  1.350E+00  1.250E+00  1.139E+00  1.019E+00  8.901E-01  7.544E-01  6.136E-01  4.701E-01  3.276E-01  1.929E-01  8.114E-02
  590.0000  1.632E+00  1.625E+00  1.605E+00  1.570E+00  1.522E+00  1.461E+00  1.388E+00  1.303E+00  1.206E+00  1.100E+00  9.838E-01  8.597E-01  7.290E-01  5.932E-01  4.547E-01  3.171E-01  1.869E-01  7.847E-02
  595.0000  1.665E+00  1.658E+00  1.636E+00  1.601E+00  1.552E+00  1.490E+00  1.416E+00  1.329E+00  1.230E+00  1.122E+00  1.004E+00  8.771E-01  7.437E-01  6.052E-01  4.639E-01  3.235E-01  1.904E-01  7.960E-02
  600.0000  1.624E+00  1.617E+00  1.597E+00  1.562E+00  1.515E+00  1.454E+00  1.381E+00  1.296E+00  1.201E+00  1.095E+00  9.792E-01  8.558E-01  7.257E-01  5.905E-01  4.526E-01  3.154E-01  1.854E-01  7.705E-02
  605.0000  1.643E+00  1.636E+00  1.615E+00  1.580E+00  1.532E+00  1.471E+00  1.397E+00  1.312E+00  1.215E+00  1.108E+00  9.912E-01  8.664E-01  7.349E-01  5.982E-01  4.587E-01  3.198E-01  1.881E-01  7.806E-02
  610.0000  1.622E+00  1.615E+00  1.594E+00  1.560E+00  1.513E+00  1.453E+00  1.380E+00  1.296E+00  1.200E+00  1.095E+00  9.799E-01  8.570E-01  7.274E-01  5.926E-01  4.549E-01  3.178E-01  1.873E-01  7.800E-02
  615.0000  1.583E+00  1.576E+00  1.556E+00  1.523E+00  1.477E+00  1.418E+00  1.348E+00  1.266E+00  1.173E+00  1.070E+00  9.580E-01  8.383E-01  7.119E-01  5.806E-01  4.463E-01  3.123E-01  1.846E-01  7.718E-02
  620.0000  1.605E+00  1.599E+00  1.579E+00  1.545E+00  1.498E+00  1.439E+00  1.367E+00  1.284E+00  1.190E+00  1.086E+00  9.730E-01  8.518E-01  7.239E-01  5.908E-01  4.546E-01  3.186E-01  1.888E-01  7.916E-02
  625.0000  1.571E+00  1.564E+00  1.545E+00  1.512E+00  1.466E+00  1.408E+00  1.338E+00  1.257E+00  1.165E+00  1.064E+00  9.532E-01  8.348E-01  7.097E-01  5.796E-01  4.464E-01  3.133E-01  1.861E-01  7.815E-02
  630.0000  1.573E+00  1.566E+00  1.547E+00  1.514E+00  1.468E+00  1.410E+00  1.341E+00  1.259E+00  1.168E+00  1.066E+00  9.555E-01  8.371E-01  7.121E-01  5.819E-01  4.487E-01  3.154E-01  1.877E-01  7.900E-02
  635.0000  1.562E+00  1.555E+00  1.536E+00  1.503E+00  1.458E+00  1.401E+00  1.331E+00  1.251E+00  1.160E+00  1.059E+00  9.499E-01  8.325E-01  7.086E-01  5.795E-01  4.473E-01  3.148E-01  1.878E-01  7.926E-02
  640.0000  1.543E+00  1.537E+00  1.518E+00  1.486E+00  1.441E+00  1.385E+00  1.316E+00  1.237E+00  1.147E+00  1.048E+00  9.399E-01  8.241E-01  7.018E-01  5.744E-01  4.438E-01  3.128E-01  1.870E-01  7.917E-02
  644.8000  1.534E+00  1.528E+00  1.509E+00  1.477E+00  1.433E+00  1.377E+00  1.309E+00  1.230E+00  1.141E+00  1.043E+00  9.355E-01  8.205E-01  6.991E-01  5.725E-01  4.427E-01  3.125E-01  1.872E-01  7.944E-02
  651.0500  1.515E+00  1.508E+00  1.490E+00  1.458E+00  1.415E+00  1.359E+00  1.293E+00  1.215E+00  1.128E+00  1.030E+00  9.248E-01  8.115E-01  6.917E-01  5.669E-01  4.389E-01  3.103E-01  1.862E-01  7.921E-02
  660.0000  1.437E+00  1.431E+00  1.413E+00  1.384E+00  1.342E+00  1.290E+00  1.227E+00  1.154E+00  1.071E+00  9.789E-01  8.789E-01  7.717E-01  6.583E-01  5.401E-01  4.187E-01  2.966E-01  1.786E-01  7.622E-02
  670.0000  1.475E+00  1.469E+00  1.450E+00  1.420E+00  1.378E+00  1.325E+00  1.260E+00  1.185E+00  1.100E+00  1.006E+00  9.037E-01  7.939E-01  6.779E-01  5.568E-01  4.323E-01  3.070E-01  1.855E-01  7.947E-02
  680.0000  1.448E+00  1.442E+00  1.424E+00  1.394E+00  1.353E+00  1.301E+00  1.238E+00  1.164E+00  1.081E+00  9.890E-01  8.887E-01  7.812E-01  6.675E-01  5.488E-01  4.267E-01  3.036E-01  1.840E-01  7.909E-02
  690.0000  1.427E+00  1.421E+00  1.403E+00  1.374E+00  1.334E+00  1.282E+00  1.220E+00  1.148E+00  1.066E+00  9.757E-01  8.772E-01  7.715E-01  6.596E-01  5.428E-01  4.225E-01  3.012E-01  1.830E-01  7.885E-02
  700.0000  1.402E+00  1.396E+00  1.379E+00  1.350E+00  1.311E+00  1.260E+00  1.199E+00  1.129E+00  1.049E+00  9.598E-01  8.632E-01  7.595E-01  6.498E-01  5.351E-01  4.171E-01  2.979E-01  1.815E-01  7.838E-02
  710.0000  1.369E+00  1.363E+00  1.346E+00  1.319E+00  1.280E+00  1.231E+00  1.171E+00  1.103E+00  1.025E+00  9.380E-01  8.439E-01  7.428E-01  6.358E-01  5.240E-01  4.088E-01  2.924E-01  1.785E-01  7.718E-02
  720.0000  1.324E+00  1.318E+00  1.302E+00  1.275E+00  1.238E+00  1.190E+00  1.133E+00  1.067E+00  9.914E-01  9.079E-01  8.170E-01  7.194E-01  6.160E-01  5.080E-01  3.967E-01  2.841E-01  1.737E-01  7.520E-02
  730.0000  1.293E+00  1.288E+00  1.272E+00  1.246E+00  1.209E+00  1.163E+00  1.107E+00  1.042E+00  9.689E-01  8.875E-01  7.988E-01  7.037E-01  6.029E-01  4.975E-01  3.889E-01  2.788E-01  1.708E-01  7.406E-02
------------------------------------------------------------
Dose rates, W m-2
   1 = UV-B, 280-315 nm                                  
   2 = UV-B*, 280-320 nm                                 
   3 = UV-A, 315-400 nm                                  
   4 = DNA damage, in vitro (Setlow, 1974)               
   5 = UV index (WMO, 1994; Webb et al., 2011)           
   6 = Plant damage (Caldwell, 1971)                     
   7 = Plant damage,Flint&Caldwell,2003,orig.            
   8 = Plant damage,Flint&Caldwell,2003,ext390           
values at z =      0.000 km
Columns: sza, weighting spectra
 sza, deg.          1          2          3          4          5          6          7          8
    0.0000  3.565E+00  4.692E+00  6.189E+01  3.821E-02  3.061E+01  1.175E+00  2.004E+00  2.474E+00
    5.0000  3.538E+00  4.658E+00  6.159E+01  3.772E-02  3.031E+01  1.163E+00  1.988E+00  2.456E+00
   10.0000  3.457E+00  4.557E+00  6.066E+01  3.627E-02  2.943E+01  1.128E+00  1.940E+00  2.401E+00
   15.0000  3.324E+00  4.392E+00  5.914E+01  3.396E-02  2.801E+01  1.071E+00  1.863E+00  2.312E+00
   20.0000  3.144E+00  4.167E+00  5.703E+01  3.092E-02  2.610E+01  9.939E-01  1.758E+00  2.192E+00
   25.0000  2.920E+00  3.887E+00  5.436E+01  2.732E-02  2.379E+01  9.011E-01  1.629E+00  2.044E+00
   30.0000  2.660E+00  3.560E+00  5.117E+01  2.338E-02  2.116E+01  7.960E-01  1.482E+00  1.873E+00
   35.0000  2.371E+00  3.195E+00  4.749E+01  1.932E-02  1.833E+01  6.833E-01  1.321E+00  1.684E+00
   40.0000  2.061E+00  2.801E+00  4.339E+01  1.535E-02  1.542E+01  5.679E-01  1.151E+00  1.484E+00
   45.0000  1.742E+00  2.392E+00  3.892E+01  1.166E-02  1.254E+01  4.547E-01  9.793E-01  1.279E+00
   50.0000  1.423E+00  1.979E+00  3.415E+01  8.423E-03  9.819E+00  3.483E-01  8.105E-01  1.075E+00
   55.0000  1.116E+00  1.576E+00  2.918E+01  5.735E-03  7.349E+00  2.530E-01  6.501E-01  8.770E-01
   60.0000  8.305E-01  1.197E+00  2.412E+01  3.644E-03  5.216E+00  1.720E-01  5.025E-01  6.910E-01
   65.0000  5.786E-01  8.558E-01  1.909E+01  2.134E-03  3.472E+00  1.077E-01  3.714E-01  5.214E-01
   70.0000  3.688E-01  5.639E-01  1.427E+01  1.138E-03  2.138E+00  6.050E-02  2.595E-01  3.721E-01
   75.0000  2.073E-01  3.311E-01  9.832E+00  5.490E-04  1.193E+00  2.959E-02  1.681E-01  2.459E-01
   80.0000  9.633E-02  1.625E-01  5.982E+00  2.431E-04  5.862E-01  1.236E-02  9.714E-02  1.446E-01
   85.0000  3.408E-02  5.930E-02  2.858E+00  1.031E-04  2.391E-01  4.762E-03  4.480E-02  6.776E-02
------------------------------------------------------------
