Spectral Irradiance, W m-2 nm-1
values at z =      0.000 km
Columns: wavelength (nm), solar zenith angles (deg.)
    wc, nm      0.000      5.000     10.000     15.000     20.000     25.000     30.000     35.000     40.000     45.000     50.000     55.000     60.000     65.000     70.000     75.000     80.000     85.000
  280.5000  1.051E-09  9.777E-10  7.841E-10  5.381E-10  3.115E-10  1.489E-10  5.700E-11  1.673E-11  3.544E-12  4.987E-13  4.194E-14  1.995E-15  1.405E-16  6.960E-17  5.388E-17  4.369E-17  3.477E-17  2.506E-17
  281.5000  1.228E-08  1.149E-08  9.391E-09  6.653E-09  4.034E-09  2.053E-09  8.532E-10  2.782E-10  6.741E-11  1.126E-11  1.179E-12  7.348E-14  5.783E-15  2.632E-15  2.014E-15  1.629E-15  1.297E-15  9.355E-16
  282.5000  6.952E-08  6.539E-08  5.429E-08  3.953E-08  2.494E-08  1.340E-08  5.976E-09  2.134E-09  5.802E-10  1.123E-10  1.419E-11  1.115E-12  9.812E-14  4.107E-14  3.100E-14  2.501E-14  1.989E-14  1.437E-14
  283.5000  1.938E-07  1.829E-07  1.535E-07  1.138E-07  7.367E-08  4.100E-08  1.914E-08  7.248E-09  2.125E-09  4.523E-10  6.454E-11  5.880E-12  5.601E-13  2.207E-13  1.646E-13  1.324E-13  1.053E-13  7.612E-14
  284.5000  7.688E-07  7.301E-07  6.244E-07  4.782E-07  3.247E-07  1.927E-07  9.786E-08  4.128E-08  1.388E-08  3.523E-09  6.287E-10  7.546E-11  8.565E-12  3.016E-12  2.179E-12  1.743E-12  1.384E-12  1.002E-12
  285.5000  1.329E-06  1.268E-06  1.099E-06  8.626E-07  6.067E-07  3.776E-07  2.040E-07  9.320E-08  3.470E-08  1.002E-08  2.108E-09  3.095E-10  4.058E-11  1.315E-11  9.167E-12  7.286E-12  5.778E-12  4.183E-12
  286.5000  9.122E-06  8.735E-06  7.659E-06  6.122E-06  4.424E-06  2.856E-06  1.619E-06  7.862E-07  3.164E-07  1.009E-07  2.407E-08  4.123E-09  6.092E-10  1.861E-10  1.248E-10  9.853E-11  7.799E-11  5.649E-11
  287.5000  2.875E-05  2.764E-05  2.453E-05  2.001E-05  1.491E-05  1.002E-05  5.991E-06  3.115E-06  1.367E-06  4.867E-07  1.336E-07  2.717E-08  4.640E-09  1.344E-09  8.513E-10  6.644E-10  5.244E-10  3.799E-10
  288.5000  7.505E-05  7.247E-05  6.516E-05  5.437E-05  4.184E-05  2.940E-05  1.862E-05  1.042E-05  5.025E-06  2.016E-06  6.437E-07  1.577E-07  3.188E-08  8.929E-09  5.206E-09  3.987E-09  3.131E-09  2.267E-09
  289.5000  2.582E-04  2.501E-04  2.270E-04  1.925E-04  1.516E-04  1.100E-04  7.257E-05  4.283E-05  2.209E-05  9.648E-06  3.432E-06  9.589E-07  2.201E-07  6.139E-08  3.321E-08  2.490E-08  1.945E-08  1.407E-08
  290.5000  6.974E-04  6.772E-04  6.196E-04  5.326E-04  4.278E-04  3.187E-04  2.177E-04  1.343E-04  7.331E-05  3.439E-05  1.339E-05  4.178E-06  1.071E-06  3.027E-07  1.524E-07  1.113E-07  8.643E-08  6.244E-08
  291.5000  1.407E-03  1.371E-03  1.266E-03  1.105E-03  9.073E-04  6.966E-04  4.950E-04  3.212E-04  1.868E-04  9.505E-05  4.098E-05  1.450E-05  4.235E-06  1.246E-06  5.754E-07  4.024E-07  3.091E-07  2.227E-07
  292.5000  2.336E-03  2.281E-03  2.122E-03  1.875E-03  1.569E-03  1.234E-03  9.060E-04  6.127E-04  3.755E-04  2.041E-04  9.563E-05  3.748E-05  1.222E-05  3.783E-06  1.632E-06  1.084E-06  8.218E-07  5.900E-07
  293.5000  4.757E-03  4.655E-03  4.360E-03  3.899E-03  3.319E-03  2.674E-03  2.023E-03  1.422E-03  9.156E-04  5.296E-04  2.683E-04  1.158E-04  4.201E-05  1.388E-05  5.679E-06  3.531E-06  2.625E-06  1.874E-06
  294.5000  6.856E-03  6.722E-03  6.329E-03  5.714E-03  4.929E-03  3.991E-03  3.132E-03  2.270E-03  1.519E-03  9.217E-04  4.961E-04  2.307E-04  9.103E-05  3.199E-05  1.271E-05  7.410E-06  5.383E-06  3.820E-06
  295.5000  1.290E-02  1.267E-02  1.200E-02  1.094E-02  9.572E-03  8.007E-03  6.362E-03  4.762E-03  3.319E-03  2.121E-03  1.218E-03  6.136E-04  2.656E-04  1.009E-04  3.966E-05  2.134E-05  1.493E-05  1.049E-05
  296.5000  1.766E-02  1.737E-02  1.654E-02  1.520E-02  1.346E-02  1.144E-02  9.285E-03  7.138E-03  5.145E-03  3.431E-03  2.078E-03  1.118E-03  5.230E-04  2.133E-04  8.472E-05  4.248E-05  2.839E-05  1.969E-05
  297.5000  2.740E-02  2.700E-02  2.580E-02  2.389E-02  2.138E-02  1.843E-02  1.523E-02  1.199E-02  8.903E-03  6.162E-03  3.911E-03  2.230E-03  1.117E-03  4.882E-04  1.989E-04  9.408E-05  5.941E-05  4.051E-05
  298.5000  2.733E-02  2.695E-02  2.585E-02  2.408E-02  2.174E-02  1.897E-02  1.592E-02  1.278E-02  9.727E-03  6.946E-03  4.584E-03  2.744E-03  1.457E-03  6.770E-04  2.853E-04  1.297E-04  7.699E-05  5.136E-05
  299.5000  5.160E-02  5.095E-02  4.903E-02  4.594E-02  4.183E-02  3.691E-02  3.144E-02  2.571E-02  2.004E-02  1.474E-02  1.009E-02  6.328E-03  3.555E-03  1.757E-03  7.740E-04  3.432E-04  1.899E-04  1.227E-04
  300.5000  4.251E-02  4.201E-02  4.053E-02  3.814E-02  3.452E-02  3.110E-02  2.679E-02  2.222E-02  1.763E-02  1.326E-02  9.337E-03  6.061E-03  3.553E-03  1.843E-03  8.448E-04  3.721E-04  1.939E-04  1.212E-04
  301.5000  7.353E-02  7.273E-02  7.037E-02  6.654E-02  6.139E-02  5.515E-02  4.808E-02  4.049E-02  3.276E-02  2.525E-02  1.834E-02  1.237E-02  7.601E-03  4.166E-03  2.011E-03  8.937E-04  4.362E-04  2.584E-04
  302.5000  8.372E-02  8.286E-02  8.032E-02  7.618E-02  7.061E-02  6.382E-02  5.608E-02  4.772E-02  3.910E-02  3.061E-02  2.268E-02  1.568E-02  9.942E-03  5.652E-03  2.831E-03  1.276E-03  5.983E-04  3.384E-04
  303.5000  1.285E-01  1.273E-01  1.237E-01  1.177E-01  1.097E-01  9.988E-02  8.860E-02  7.629E-02  6.345E-02  5.063E-02  3.841E-02  2.736E-02  1.800E-02  1.070E-02  5.627E-03  2.612E-03  1.180E-03  6.223E-04
  304.5000  1.323E-01  1.311E-01  1.275E-01  1.216E-01  1.137E-01  1.039E-01  9.269E-02  8.037E-02  6.742E-02  5.439E-02  4.182E-02  3.030E-02  2.036E-02  1.242E-02  6.718E-03  3.185E-03  1.416E-03  7.122E-04
  305.5000  1.599E-01  1.585E-01  1.545E-01  1.479E-01  1.389E-01  1.277E-01  1.149E-01  1.006E-01  8.551E-02  7.011E-02  5.502E-02  4.090E-02  2.838E-02  1.803E-02  1.022E-02  5.049E-03  2.227E-03  1.035E-03
  306.5000  1.607E-01  1.594E-01  1.555E-01  1.490E-01  1.402E-01  1.294E-01  1.167E-01  1.027E-01  8.778E-02  7.247E-02  5.738E-02  4.312E-02  3.034E-02  1.960E-02  1.133E-02  5.708E-03  2.520E-03  1.129E-03
  307.5000  2.159E-01  2.142E-01  2.093E-01  2.011E-01  1.900E-01  1.762E-01  1.600E-01  1.420E-01  1.227E-01  1.027E-01  8.268E-02  6.349E-02  4.589E-02  3.069E-02  1.851E-02  9.750E-03  4.383E-03  1.835E-03
  308.5000  2.351E-01  2.333E-01  2.280E-01  2.194E-01  2.076E-01  1.929E-01  1.756E-01  1.564E-01  1.357E-01  1.141E-01  9.250E-02  7.160E-02  5.229E-02  3.541E-02  2.169E-02  1.162E-02  5.274E-03  2.153E-03
  309.5000  1.977E-01  1.963E-01  1.921E-01  1.851E-01  1.756E-01  1.637E-01  1.498E-01  1.341E-01  1.172E-01  9.947E-02  8.153E-02  6.401E-02  4.760E-02  3.299E-02  2.081E-02  1.154E-02  5.370E-03  2.119E-03
  310.5000  2.603E-01  2.585E-01  2.531E-01  2.443E-01  2.321E-01  2.170E-01  1.992E-01  1.791E-01  1.573E-01  1.343E-01  1.110E-01  8.804E-02  6.631E-02  4.671E-02  3.008E-02  1.710E-02  8.144E-03  3.159E-03
  311.5000  3.277E-01  3.255E-01  3.175E-01  3.080E-01  2.931E-01  2.744E-01  2.524E-01  2.275E-01  2.005E-01  1.720E-01  1.429E-01  1.141E-01  8.668E-02  6.172E-02  4.031E-02  2.331E-02  1.128E-02  4.345E-03
  312.5000  3.074E-01  3.054E-01  2.995E-01  2.897E-01  2.762E-01  2.594E-01  2.395E-01  2.170E-01  1.923E-01  1.663E-01  1.394E-01  1.127E-01  8.691E-02  6.312E-02  4.229E-02  2.528E-02  1.269E-02  4.894E-03
  313.5000  3.453E-01  3.430E-01  3.364E-01  3.256E-01  3.106E-01  2.919E-01  2.697E-01  2.447E-01  2.172E-01  1.881E-01  1.581E-01  1.281E-01  9.918E-02  7.235E-02  4.874E-02  2.933E-02  1.483E-02  5.722E-03
  314.5000  3.337E-01  3.316E-01  3.255E-01  3.154E-01  3.014E-01  2.840E-01  2.633E-01  2.398E-01  2.140E-01  1.866E-01  1.581E-01  1.294E-01  1.015E-01  7.533E-02  5.191E-02  3.219E-02  1.690E-02  6.653E-03
  315.5000  3.424E-01  3.403E-01  3.341E-01  3.238E-01  3.096E-01  2.918E-01  2.707E-01  2.467E-01  2.204E-01  1.923E-01  1.632E-01  1.339E-01  1.052E-01  7.826E-02  5.409E-02  3.367E-02  1.775E-02  7.001E-03
  316.5000  3.322E-01  3.302E-01  3.243E-01  3.146E-01  3.013E-01  2.845E-01  2.646E-01  2.420E-01  2.170E-01  1.903E-01  1.625E-01  1.344E-01  1.067E-01  8.042E-02  5.657E-02  3.606E-02  1.963E-02  7.965E-03
  317.5000  4.693E-01  4.665E-01  4.582E-01  4.445E-01  4.257E-01  4.020E-01  3.740E-01  3.420E-01  3.068E-01  2.691E-01  2.298E-01  1.900E-01  1.508E-01  1.137E-01  7.994E-02  5.091E-02  2.767E-02  1.120E-02
  318.5000  3.603E-01  3.582E-01  3.520E-01  3.418E-01  3.278E-01  3.101E-01  2.891E-01  2.652E-01  2.387E-01  2.104E-01  1.807E-01  1.505E-01  1.206E-01  9.203E-02  6.578E-02  4.284E-02  2.403E-02  1.007E-02
  319.5000  4.372E-01  4.347E-01  4.273E-01  4.150E-01  3.981E-01  3.767E-01  3.514E-01  3.225E-01  2.906E-01  2.563E-01  2.204E-01  1.838E-01  1.476E-01  1.129E-01  8.088E-02  5.287E-02  2.979E-02  1.256E-02
  320.5000  5.288E-01  5.258E-01  5.169E-01  5.021E-01  4.818E-01  4.562E-01  4.258E-01  3.911E-01  3.527E-01  3.115E-01  2.682E-01  2.241E-01  1.803E-01  1.383E-01  9.944E-02  6.532E-02  3.706E-02  1.576E-02
  321.5000  4.388E-01  4.364E-01  4.292E-01  4.173E-01  4.009E-01  3.802E-01  3.556E-01  3.275E-01  2.963E-01  2.627E-01  2.275E-01  1.913E-01  1.552E-01  1.204E-01  8.788E-02  5.894E-02  3.449E-02  1.531E-02
  322.5000  4.493E-01  4.468E-01  4.392E-01  4.268E-01  4.097E-01  3.881E-01  3.625E-01  3.332E-01  3.008E-01  2.659E-01  2.294E-01  1.920E-01  1.548E-01  1.190E-01  8.581E-02  5.657E-02  3.227E-02  1.380E-02
  323.5000  4.500E-01  4.476E-01  4.403E-01  4.283E-01  4.117E-01  3.908E-01  3.659E-01  3.374E-01  3.058E-01  2.717E-01  2.358E-01  1.990E-01  1.621E-01  1.263E-01  9.281E-02  6.280E-02  3.724E-02  1.687E-02
  324.5000  5.284E-01  5.255E-01  5.170E-01  5.028E-01  4.834E-01  4.588E-01  4.296E-01  3.962E-01  3.591E-01  3.190E-01  2.768E-01  2.335E-01  1.902E-01  1.481E-01  1.087E-01  7.344E-02  4.344E-02  1.960E-02
  325.5000  5.942E-01  5.910E-01  5.813E-01  5.654E-01  5.435E-01  5.158E-01  4.828E-01  4.451E-01  4.033E-01  3.581E-01  3.106E-01  2.617E-01  2.129E-01  1.655E-01  1.212E-01  8.155E-02  4.796E-02  2.144E-02
  326.5000  7.048E-01  7.011E-01  6.899E-01  6.715E-01  6.461E-01  6.140E-01  5.757E-01  5.319E-01  4.832E-01  4.306E-01  3.750E-01  3.178E-01  2.603E-01  2.042E-01  1.514E-01  1.037E-01  6.265E-02  2.926E-02
  327.5000  6.602E-01  6.567E-01  6.462E-01  6.288E-01  6.049E-01  5.746E-01  5.386E-01  4.973E-01  4.515E-01  4.019E-01  3.496E-01  2.958E-01  2.417E-01  1.891E-01  1.396E-01  9.502E-02  5.684E-02  2.612E-02
  328.5000  6.094E-01  6.062E-01  5.965E-01  5.805E-01  5.584E-01  5.305E-01  4.973E-01  4.593E-01  4.170E-01  3.713E-01  3.231E-01  2.734E-01  2.235E-01  1.749E-01  1.291E-01  8.790E-02  5.260E-02  2.419E-02
  329.5000  7.776E-01  7.735E-01  7.614E-01  7.413E-01  7.137E-01  6.787E-01  6.371E-01  5.893E-01  5.361E-01  4.786E-01  4.177E-01  3.549E-01  2.916E-01  2.297E-01  1.712E-01  1.181E-01  7.209E-02  3.430E-02
  330.5000  7.112E-01  7.074E-01  6.963E-01  6.779E-01  6.524E-01  6.203E-01  5.820E-01  5.380E-01  4.892E-01  4.363E-01  3.804E-01  3.227E-01  2.646E-01  2.079E-01  1.543E-01  1.058E-01  6.401E-02  2.998E-02
  331.5000  7.035E-01  6.998E-01  6.888E-01  6.705E-01  6.454E-01  6.136E-01  5.757E-01  5.322E-01  4.839E-01  4.316E-01  3.763E-01  3.191E-01  2.616E-01  2.054E-01  1.523E-01  1.043E-01  6.299E-02  2.941E-02
  332.5000  6.847E-01  6.811E-01  6.705E-01  6.530E-01  6.288E-01  5.983E-01  5.619E-01  5.201E-01  4.736E-01  4.232E-01  3.698E-01  3.146E-01  2.589E-01  2.042E-01  1.525E-01  1.054E-01  6.459E-02  3.094E-02
  333.5000  6.463E-01  6.429E-01  6.329E-01  6.163E-01  5.934E-01  5.645E-01  5.300E-01  4.904E-01  4.463E-01  3.985E-01  3.480E-01  2.957E-01  2.430E-01  1.913E-01  1.424E-01  9.802E-02  5.965E-02  2.824E-02
  334.5000  7.200E-01  7.163E-01  7.051E-01  6.867E-01  6.613E-01  6.292E-01  5.909E-01  5.470E-01  4.980E-01  4.450E-01  3.888E-01  3.306E-01  2.720E-01  2.144E-01  1.598E-01  1.102E-01  6.729E-02  3.205E-02
  335.5000  7.254E-01  7.217E-01  7.106E-01  6.922E-01  6.667E-01  6.346E-01  5.963E-01  5.523E-01  5.033E-01  4.501E-01  3.937E-01  3.353E-01  2.763E-01  2.183E-01  1.633E-01  1.131E-01  6.954E-02  3.353E-02
  336.5000  5.678E-01  5.649E-01  5.562E-01  5.418E-01  5.219E-01  4.968E-01  4.667E-01  4.323E-01  3.939E-01  3.522E-01  3.081E-01  2.623E-01  2.161E-01  1.706E-01  1.275E-01  8.818E-02  5.408E-02  2.598E-02
  337.5000  6.255E-01  6.223E-01  6.127E-01  5.968E-01  5.748E-01  5.470E-01  5.139E-01  4.758E-01  4.334E-01  3.874E-01  3.386E-01  2.881E-01  2.371E-01  1.869E-01  1.393E-01  9.604E-02  5.858E-02  2.787E-02
  338.5000  6.561E-01  6.528E-01  6.428E-01  6.262E-01  6.033E-01  5.744E-01  5.399E-01  5.002E-01  4.560E-01  4.080E-01  3.571E-01  3.043E-01  2.509E-01  1.983E-01  1.483E-01  1.027E-01  6.314E-02  3.046E-02
  339.5000  7.125E-01  7.088E-01  6.980E-01  6.800E-01  6.553E-01  6.239E-01  5.865E-01  5.435E-01  4.956E-01  4.436E-01  3.883E-01  3.310E-01  2.730E-01  2.159E-01  1.615E-01  1.120E-01  6.887E-02  3.329E-02
  340.5000  7.630E-01  7.591E-01  7.475E-01  7.283E-01  7.017E-01  6.681E-01  6.280E-01  5.819E-01  5.306E-01  4.748E-01  4.156E-01  3.541E-01  2.919E-01  2.307E-01  1.724E-01  1.192E-01  7.310E-02  3.514E-02
  341.5000  6.754E-01  6.719E-01  6.617E-01  6.448E-01  6.213E-01  5.918E-01  5.564E-01  5.158E-01  4.705E-01  4.212E-01  3.689E-01  3.147E-01  2.597E-01  2.055E-01  1.538E-01  1.066E-01  6.563E-02  3.177E-02
  342.5000  7.475E-01  7.437E-01  7.324E-01  7.137E-01  6.878E-01  6.551E-01  6.161E-01  5.712E-01  5.211E-01  4.667E-01  4.089E-01  3.488E-01  2.879E-01  2.279E-01  1.707E-01  1.183E-01  7.288E-02  3.533E-02
  343.5000  7.769E-01  7.730E-01  7.612E-01  7.418E-01  7.149E-01  6.810E-01  6.404E-01  5.937E-01  5.417E-01  4.851E-01  4.250E-01  3.625E-01  2.992E-01  2.368E-01  1.772E-01  1.227E-01  7.547E-02  3.649E-02
  344.5000  5.450E-01  5.422E-01  5.340E-01  5.203E-01  5.015E-01  4.777E-01  4.492E-01  4.165E-01  3.800E-01  3.403E-01  2.981E-01  2.543E-01  2.098E-01  1.659E-01  1.241E-01  8.588E-02  5.270E-02  2.541E-02
  345.5000  7.442E-01  7.404E-01  7.292E-01  7.107E-01  6.851E-01  6.527E-01  6.140E-01  5.694E-01  5.198E-01  4.657E-01  4.083E-01  3.485E-01  2.879E-01  2.280E-01  1.708E-01  1.185E-01  7.298E-02  3.543E-02
  346.5000  6.971E-01  6.936E-01  6.831E-01  6.657E-01  6.417E-01  6.113E-01  5.751E-01  5.333E-01  4.868E-01  4.361E-01  3.822E-01  3.262E-01  2.694E-01  2.132E-01  1.596E-01  1.105E-01  6.788E-02  3.281E-02
  347.5000  6.807E-01  6.773E-01  6.670E-01  6.501E-01  6.267E-01  5.971E-01  5.617E-01  5.210E-01  4.756E-01  4.262E-01  3.736E-01  3.190E-01  2.634E-01  2.085E-01  1.561E-01  1.081E-01  6.641E-02  3.211E-02
  348.5000  7.473E-01  7.436E-01  7.323E-01  7.138E-01  6.882E-01  6.557E-01  6.170E-01  5.724E-01  5.226E-01  4.684E-01  4.107E-01  3.507E-01  2.898E-01  2.295E-01  1.718E-01  1.190E-01  7.318E-02  3.544E-02
  349.5000  6.261E-01  6.229E-01  6.136E-01  5.981E-01  5.766E-01  5.495E-01  5.170E-01  4.797E-01  4.380E-01  3.926E-01  3.444E-01  2.941E-01  2.430E-01  1.925E-01  1.441E-01  9.981E-02  6.134E-02  2.970E-02
  350.5000  8.761E-01  8.717E-01  8.586E-01  8.369E-01  8.070E-01  7.691E-01  7.237E-01  6.715E-01  6.133E-01  5.498E-01  4.823E-01  4.120E-01  3.405E-01  2.697E-01  2.020E-01  1.399E-01  8.597E-02  4.164E-02
  351.5000  7.550E-01  7.512E-01  7.399E-01  7.213E-01  6.955E-01  6.628E-01  6.238E-01  5.789E-01  5.287E-01  4.741E-01  4.159E-01  3.553E-01  2.937E-01  2.326E-01  1.742E-01  1.206E-01  7.407E-02  3.585E-02
  352.5000  6.805E-01  6.771E-01  6.669E-01  6.501E-01  6.269E-01  5.976E-01  5.624E-01  5.220E-01  4.768E-01  4.276E-01  3.752E-01  3.206E-01  2.650E-01  2.100E-01  1.573E-01  1.089E-01  6.689E-02  3.238E-02
  353.5000  8.185E-01  8.144E-01  8.023E-01  7.821E-01  7.542E-01  7.189E-01  6.767E-01  6.282E-01  5.739E-01  5.148E-01  4.518E-01  3.861E-01  3.193E-01  2.530E-01  1.895E-01  1.313E-01  8.064E-02  3.907E-02
  354.5000  8.853E-01  8.809E-01  8.677E-01  8.459E-01  8.158E-01  7.777E-01  7.322E-01  6.797E-01  6.211E-01  5.572E-01  4.891E-01  4.181E-01  3.458E-01  2.741E-01  2.054E-01  1.423E-01  8.740E-02  4.238E-02
  355.5000  8.270E-01  8.229E-01  8.106E-01  7.903E-01  7.622E-01  7.267E-01  6.841E-01  6.352E-01  5.805E-01  5.208E-01  4.573E-01  3.910E-01  3.234E-01  2.564E-01  1.921E-01  1.330E-01  8.173E-02  3.962E-02
  356.5000  7.671E-01  7.633E-01  7.520E-01  7.331E-01  7.071E-01  6.742E-01  6.348E-01  5.894E-01  5.387E-01  4.834E-01  4.245E-01  3.630E-01  3.004E-01  2.381E-01  1.784E-01  1.236E-01  7.588E-02  3.678E-02
  357.5000  6.521E-01  6.489E-01  6.392E-01  6.233E-01  6.012E-01  5.732E-01  5.398E-01  5.012E-01  4.582E-01  4.112E-01  3.611E-01  3.089E-01  2.556E-01  2.027E-01  1.518E-01  1.051E-01  6.454E-02  3.128E-02
  358.5000  5.029E-01  5.005E-01  4.930E-01  4.807E-01  4.637E-01  4.422E-01  4.164E-01  3.867E-01  3.536E-01  3.174E-01  2.788E-01  2.385E-01  1.974E-01  1.565E-01  1.173E-01  8.121E-02  4.985E-02  2.417E-02
  359.5000  8.461E-01  8.419E-01  8.294E-01  8.088E-01  7.802E-01  7.440E-01  7.007E-01  6.508E-01  5.951E-01  5.342E-01  4.693E-01  4.015E-01  3.324E-01  2.637E-01  1.976E-01  1.368E-01  8.394E-02  4.069E-02
  360.5000  7.839E-01  7.801E-01  7.685E-01  7.494E-01  7.229E-01  6.895E-01  6.494E-01  6.032E-01  5.516E-01  4.953E-01  4.352E-01  3.724E-01  3.083E-01  2.446E-01  1.833E-01  1.269E-01  7.785E-02  3.773E-02
  361.5000  7.064E-01  7.029E-01  6.925E-01  6.753E-01  6.515E-01  6.214E-01  5.854E-01  5.438E-01  4.973E-01  4.466E-01  3.925E-01  3.359E-01  2.782E-01  2.207E-01  1.654E-01  1.145E-01  7.024E-02  3.405E-02
  362.5000  8.292E-01  8.251E-01  8.129E-01  7.928E-01  7.649E-01  7.295E-01  6.873E-01  6.385E-01  5.840E-01  5.245E-01  4.610E-01  3.947E-01  3.269E-01  2.594E-01  1.944E-01  1.346E-01  8.255E-02  4.001E-02
  363.5000  7.373E-01  7.337E-01  7.229E-01  7.050E-01  6.802E-01  6.488E-01  6.113E-01  5.680E-01  5.196E-01  4.667E-01  4.103E-01  3.513E-01  2.910E-01  2.309E-01  1.731E-01  1.198E-01  7.347E-02  3.561E-02
  364.5000  8.040E-01  8.001E-01  7.883E-01  7.688E-01  7.418E-01  7.077E-01  6.668E-01  6.196E-01  5.668E-01  5.092E-01  4.477E-01  3.834E-01  3.176E-01  2.521E-01  1.890E-01  1.308E-01  8.018E-02  3.886E-02
  365.5000  9.794E-01  9.746E-01  9.602E-01  9.365E-01  9.037E-01  8.621E-01  8.124E-01  7.550E-01  6.908E-01  6.207E-01  5.458E-01  4.674E-01  3.873E-01  3.075E-01  2.305E-01  1.595E-01  9.774E-02  4.735E-02
  366.5000  1.036E+00  1.031E+00  1.016E+00  9.908E-01  9.561E-01  9.122E-01  8.596E-01  7.990E-01  7.311E-01  6.570E-01  5.778E-01  4.949E-01  4.102E-01  3.257E-01  2.442E-01  1.690E-01  1.035E-01  5.015E-02
  367.5000  9.833E-01  9.785E-01  9.641E-01  9.404E-01  9.075E-01  8.659E-01  8.160E-01  7.585E-01  6.942E-01  6.239E-01  5.488E-01  4.702E-01  3.897E-01  3.095E-01  2.321E-01  1.606E-01  9.835E-02  4.764E-02
  368.5000  8.635E-01  8.592E-01  8.467E-01  8.258E-01  7.970E-01  7.605E-01  7.168E-01  6.663E-01  6.099E-01  5.482E-01  4.823E-01  4.132E-01  3.426E-01  2.721E-01  2.040E-01  1.412E-01  8.644E-02  4.187E-02
  369.5000  1.035E+00  1.030E+00  1.015E+00  9.903E-01  9.557E-01  9.120E-01  8.596E-01  7.992E-01  7.316E-01  6.577E-01  5.787E-01  4.959E-01  4.112E-01  3.267E-01  2.450E-01  1.695E-01  1.037E-01  5.024E-02
  370.5000  9.390E-01  9.344E-01  9.208E-01  8.982E-01  8.669E-01  8.273E-01  7.798E-01  7.251E-01  6.638E-01  5.968E-01  5.252E-01  4.502E-01  3.733E-01  2.966E-01  2.224E-01  1.539E-01  9.417E-02  4.560E-02
  371.5000  1.074E+00  1.069E+00  1.053E+00  1.027E+00  9.917E-01  9.464E-01  8.922E-01  8.296E-01  7.596E-01  6.830E-01  6.012E-01  5.154E-01  4.275E-01  3.397E-01  2.548E-01  1.762E-01  1.078E-01  5.220E-02
  372.5000  7.930E-01  7.892E-01  7.777E-01  7.586E-01  7.323E-01  6.989E-01  6.589E-01  6.128E-01  5.611E-01  5.046E-01  4.442E-01  3.809E-01  3.160E-01  2.511E-01  1.884E-01  1.303E-01  7.968E-02  3.857E-02
  373.5000  7.166E-01  7.131E-01  7.027E-01  6.855E-01  6.618E-01  6.316E-01  5.955E-01  5.539E-01  5.072E-01  4.562E-01  4.017E-01  3.445E-01  2.858E-01  2.272E-01  1.704E-01  1.178E-01  7.206E-02  3.487E-02
  374.5000  7.862E-01  7.824E-01  7.710E-01  7.522E-01  7.261E-01  6.931E-01  6.536E-01  6.079E-01  5.568E-01  5.008E-01  4.410E-01  3.782E-01  3.139E-01  2.495E-01  1.872E-01  1.294E-01  7.913E-02  3.829E-02
  375.5000  8.867E-01  8.824E-01  8.696E-01  8.484E-01  8.190E-01  7.819E-01  7.373E-01  6.859E-01  6.282E-01  5.652E-01  4.977E-01  4.270E-01  3.544E-01  2.818E-01  2.114E-01  1.462E-01  8.933E-02  4.322E-02
  376.5000  8.851E-01  8.808E-01  8.681E-01  8.469E-01  8.177E-01  7.806E-01  7.361E-01  6.849E-01  6.274E-01  5.645E-01  4.972E-01  4.266E-01  3.541E-01  2.816E-01  2.113E-01  1.461E-01  8.926E-02  4.317E-02
  377.5000  1.054E+00  1.049E+00  1.033E+00  1.008E+00  9.734E-01  9.293E-01  8.765E-01  8.155E-01  7.471E-01  6.723E-01  5.922E-01  5.082E-01  4.220E-01  3.356E-01  2.518E-01  1.741E-01  1.063E-01  5.143E-02
  378.5000  1.148E+00  1.142E+00  1.126E+00  1.099E+00  1.061E+00  1.013E+00  9.552E-01  8.888E-01  8.144E-01  7.329E-01  6.457E-01  5.542E-01  4.602E-01  3.661E-01  2.747E-01  1.899E-01  1.160E-01  5.607E-02
  379.5000  8.491E-01  8.450E-01  8.328E-01  8.126E-01  7.846E-01  7.491E-01  7.066E-01  6.576E-01  6.026E-01  5.424E-01  4.779E-01  4.102E-01  3.407E-01  2.711E-01  2.034E-01  1.406E-01  8.585E-02  4.150E-02
  380.5000  1.021E+00  1.016E+00  1.001E+00  9.769E-01  9.433E-01  9.008E-01  8.497E-01  7.908E-01  7.247E-01  6.524E-01  5.749E-01  4.936E-01  4.100E-01  3.263E-01  2.449E-01  1.693E-01  1.033E-01  4.992E-02
  381.5000  9.589E-01  9.543E-01  9.405E-01  9.177E-01  8.862E-01  8.463E-01  7.984E-01  7.431E-01  6.811E-01  6.132E-01  5.405E-01  4.641E-01  3.856E-01  3.068E-01  2.303E-01  1.592E-01  9.713E-02  4.693E-02
  382.5000  6.387E-01  6.357E-01  6.265E-01  6.114E-01  5.904E-01  5.638E-01  5.319E-01  4.951E-01  4.539E-01  4.087E-01  3.603E-01  3.094E-01  2.571E-01  2.046E-01  1.536E-01  1.062E-01  6.476E-02  3.128E-02
  383.5000  5.607E-01  5.580E-01  5.500E-01  5.367E-01  5.183E-01  4.950E-01  4.671E-01  4.348E-01  3.986E-01  3.589E-01  3.165E-01  2.718E-01  2.259E-01  1.798E-01  1.350E-01  9.332E-02  5.690E-02  2.748E-02
  384.5000  8.412E-01  8.371E-01  8.251E-01  8.052E-01  7.777E-01  7.427E-01  7.008E-01  6.525E-01  5.982E-01  5.388E-01  4.751E-01  4.081E-01  3.392E-01  2.701E-01  2.028E-01  1.402E-01  8.544E-02  4.125E-02
  385.5000  8.320E-01  8.280E-01  8.161E-01  7.965E-01  7.692E-01  7.347E-01  6.933E-01  6.455E-01  5.919E-01  5.332E-01  4.702E-01  4.040E-01  3.359E-01  2.674E-01  2.008E-01  1.388E-01  8.458E-02  4.083E-02
  386.5000  8.478E-01  8.438E-01  8.317E-01  8.117E-01  7.839E-01  7.488E-01  7.067E-01  6.580E-01  6.034E-01  5.436E-01  4.794E-01  4.120E-01  3.426E-01  2.728E-01  2.049E-01  1.416E-01  8.627E-02  4.163E-02
  387.5000  7.877E-01  7.839E-01  7.727E-01  7.541E-01  7.284E-01  6.958E-01  6.567E-01  6.115E-01  5.608E-01  5.053E-01  4.457E-01  3.831E-01  3.186E-01  2.538E-01  1.906E-01  1.317E-01  8.023E-02  3.870E-02
  388.5000  7.893E-01  7.856E-01  7.743E-01  7.557E-01  7.300E-01  6.974E-01  6.582E-01  6.130E-01  5.622E-01  5.066E-01  4.469E-01  3.842E-01  3.196E-01  2.546E-01  1.912E-01  1.322E-01  8.047E-02  3.881E-02
  389.5000  9.951E-01  9.904E-01  9.762E-01  9.528E-01  9.204E-01  8.793E-01  8.300E-01  7.730E-01  7.091E-01  6.390E-01  5.638E-01  4.847E-01  4.033E-01  3.213E-01  2.414E-01  1.668E-01  1.015E-01  4.896E-02
  390.5000  9.771E-01  9.725E-01  9.586E-01  9.357E-01  9.039E-01  8.636E-01  8.152E-01  7.593E-01  6.966E-01  6.278E-01  5.540E-01  4.764E-01  3.964E-01  3.159E-01  2.373E-01  1.640E-01  9.980E-02  4.810E-02
  391.5000  1.159E+00  1.153E+00  1.137E+00  1.110E+00  1.072E+00  1.024E+00  9.670E-01  9.008E-01  8.264E-01  7.450E-01  6.575E-01  5.654E-01  4.706E-01  3.751E-01  2.818E-01  1.947E-01  1.185E-01  5.709E-02
  392.5000  8.688E-01  8.647E-01  8.524E-01  8.320E-01  8.038E-01  7.680E-01  7.251E-01  6.755E-01  6.198E-01  5.588E-01  4.932E-01  4.242E-01  3.531E-01  2.815E-01  2.115E-01  1.462E-01  8.890E-02  4.282E-02
  393.5000  3.776E-01  3.758E-01  3.705E-01  3.617E-01  3.494E-01  3.339E-01  3.152E-01  2.937E-01  2.695E-01  2.430E-01  2.145E-01  1.845E-01  1.536E-01  1.225E-01  9.206E-02  6.360E-02  3.867E-02  1.862E-02
  394.5000  8.884E-01  8.842E-01  8.716E-01  8.508E-01  8.220E-01  7.855E-01  7.417E-01  6.911E-01  6.342E-01  5.719E-01  5.049E-01  4.344E-01  3.617E-01  2.884E-01  2.168E-01  1.498E-01  9.106E-02  4.384E-02
  395.5000  1.143E+00  1.137E+00  1.121E+00  1.094E+00  1.057E+00  1.011E+00  9.543E-01  8.892E-01  8.161E-01  7.360E-01  6.499E-01  5.593E-01  4.657E-01  3.714E-01  2.792E-01  1.929E-01  1.172E-01  5.642E-02
  396.5000  6.708E-01  6.677E-01  6.582E-01  6.425E-01  6.208E-01  5.933E-01  5.603E-01  5.221E-01  4.793E-01  4.323E-01  3.818E-01  3.286E-01  2.737E-01  2.183E-01  1.641E-01  1.134E-01  6.889E-02  3.314E-02
  397.5000  7.739E-01  7.703E-01  7.594E-01  7.413E-01  7.163E-01  6.846E-01  6.465E-01  6.025E-01  5.531E-01  4.989E-01  4.407E-01  3.793E-01  3.160E-01  2.521E-01  1.896E-01  1.310E-01  7.955E-02  3.826E-02
  398.5000  1.330E+00  1.323E+00  1.305E+00  1.274E+00  1.231E+00  1.176E+00  1.111E+00  1.035E+00  9.506E-01  8.575E-01  7.575E-01  6.522E-01  5.433E-01  4.336E-01  3.261E-01  2.253E-01  1.368E-01  6.577E-02
  399.5000  1.383E+00  1.376E+00  1.357E+00  1.324E+00  1.280E+00  1.223E+00  1.155E+00  1.077E+00  9.889E-01  8.922E-01  7.882E-01  6.787E-01  5.655E-01  4.513E-01  3.395E-01  2.345E-01  1.424E-01  6.843E-02
  400.5000  1.453E+00  1.446E+00  1.426E+00  1.392E+00  1.345E+00  1.286E+00  1.215E+00  1.132E+00  1.040E+00  9.382E-01  8.290E-01  7.139E-01  5.950E-01  4.749E-01  3.573E-01  2.468E-01  1.498E-01  7.197E-02
  401.5000  1.495E+00  1.488E+00  1.467E+00  1.432E+00  1.384E+00  1.323E+00  1.250E+00  1.165E+00  1.070E+00  9.655E-01  8.532E-01  7.349E-01  6.125E-01  4.890E-01  3.679E-01  2.542E-01  1.542E-01  7.407E-02
  402.5000  1.551E+00  1.544E+00  1.522E+00  1.486E+00  1.437E+00  1.373E+00  1.297E+00  1.210E+00  1.111E+00  1.003E+00  8.861E-01  7.633E-01  6.364E-01  5.081E-01  3.823E-01  2.641E-01  1.602E-01  7.692E-02
  403.5000  1.420E+00  1.413E+00  1.393E+00  1.360E+00  1.315E+00  1.257E+00  1.187E+00  1.107E+00  1.017E+00  9.179E-01  8.114E-01  6.990E-01  5.829E-01  4.655E-01  3.503E-01  2.420E-01  1.467E-01  7.043E-02
  404.5000  1.392E+00  1.386E+00  1.366E+00  1.334E+00  1.289E+00  1.233E+00  1.165E+00  1.086E+00  9.975E-01  9.005E-01  7.961E-01  6.859E-01  5.720E-01  4.569E-01  3.439E-01  2.376E-01  1.440E-01  6.910E-02
  405.5000  1.446E+00  1.439E+00  1.419E+00  1.386E+00  1.339E+00  1.280E+00  1.210E+00  1.128E+00  1.036E+00  9.356E-01  8.273E-01  7.129E-01  5.946E-01  4.750E-01  3.576E-01  2.470E-01  1.497E-01  7.181E-02
  406.5000  1.362E+00  1.355E+00  1.336E+00  1.305E+00  1.261E+00  1.206E+00  1.139E+00  1.063E+00  9.763E-01  8.815E-01  7.795E-01  6.719E-01  5.605E-01  4.478E-01  3.371E-01  2.329E-01  1.411E-01  6.766E-02
  407.5000  1.372E+00  1.366E+00  1.347E+00  1.315E+00  1.271E+00  1.216E+00  1.149E+00  1.071E+00  9.844E-01  8.889E-01  7.862E-01  6.777E-01  5.654E-01  4.518E-01  3.402E-01  2.350E-01  1.424E-01  6.823E-02
  408.5000  1.528E+00  1.521E+00  1.500E+00  1.465E+00  1.416E+00  1.354E+00  1.279E+00  1.193E+00  1.097E+00  9.903E-01  8.759E-01  7.551E-01  6.301E-01  5.036E-01  3.793E-01  2.620E-01  1.587E-01  7.601E-02
  409.5000  1.498E+00  1.491E+00  1.470E+00  1.436E+00  1.388E+00  1.327E+00  1.254E+00  1.170E+00  1.075E+00  9.710E-01  8.590E-01  7.406E-01  6.181E-01  4.941E-01  3.721E-01  2.571E-01  1.557E-01  7.454E-02
  410.5000  1.299E+00  1.293E+00  1.275E+00  1.245E+00  1.203E+00  1.151E+00  1.088E+00  1.015E+00  9.325E-01  8.423E-01  7.452E-01  6.426E-01  5.364E-01  4.289E-01  3.230E-01  2.232E-01  1.351E-01  6.466E-02
  411.5000  1.561E+00  1.553E+00  1.532E+00  1.496E+00  1.446E+00  1.383E+00  1.307E+00  1.220E+00  1.121E+00  1.013E+00  8.960E-01  7.728E-01  6.452E-01  5.159E-01  3.887E-01  2.685E-01  1.625E-01  7.775E-02
  412.5000  1.547E+00  1.539E+00  1.518E+00  1.482E+00  1.433E+00  1.371E+00  1.296E+00  1.209E+00  1.111E+00  1.004E+00  8.883E-01  7.663E-01  6.399E-01  5.117E-01  3.856E-01  2.664E-01  1.612E-01  7.709E-02
  413.5000  1.500E+00  1.493E+00  1.472E+00  1.438E+00  1.390E+00  1.329E+00  1.257E+00  1.172E+00  1.078E+00  9.739E-01  8.619E-01  7.436E-01  6.210E-01  4.967E-01  3.743E-01  2.587E-01  1.565E-01  7.480E-02
  414.5000  1.541E+00  1.534E+00  1.513E+00  1.477E+00  1.428E+00  1.366E+00  1.291E+00  1.205E+00  1.108E+00  1.001E+00  8.862E-01  7.646E-01  6.387E-01  5.110E-01  3.851E-01  2.661E-01  1.609E-01  7.690E-02
  415.5000  1.474E+00  1.467E+00  1.447E+00  1.413E+00  1.366E+00  1.307E+00  1.235E+00  1.153E+00  1.060E+00  9.578E-01  8.479E-01  7.317E-01  6.113E-01  4.891E-01  3.687E-01  2.548E-01  1.540E-01  7.357E-02
  416.5000  1.604E+00  1.596E+00  1.574E+00  1.537E+00  1.487E+00  1.422E+00  1.344E+00  1.255E+00  1.154E+00  1.043E+00  9.232E-01  7.968E-01  6.657E-01  5.328E-01  4.016E-01  2.776E-01  1.678E-01  8.009E-02
  417.5000  1.466E+00  1.459E+00  1.439E+00  1.405E+00  1.359E+00  1.300E+00  1.229E+00  1.147E+00  1.055E+00  9.534E-01  8.442E-01  7.287E-01  6.090E-01  4.874E-01  3.675E-01  2.540E-01  1.535E-01  7.324E-02
  418.5000  1.477E+00  1.470E+00  1.450E+00  1.416E+00  1.369E+00  1.310E+00  1.239E+00  1.156E+00  1.063E+00  9.612E-01  8.511E-01  7.348E-01  6.141E-01  4.916E-01  3.707E-01  2.562E-01  1.548E-01  7.384E-02
  419.5000  1.526E+00  1.519E+00  1.497E+00  1.463E+00  1.414E+00  1.353E+00  1.280E+00  1.194E+00  1.098E+00  9.931E-01  8.795E-01  7.594E-01  6.348E-01  5.083E-01  3.833E-01  2.650E-01  1.600E-01  7.630E-02
------------------------------------------------------------
Dose rates, W m-2
   1 = UV-B, 280-315 nm                                  
   2 = UV-B*, 280-320 nm                                 
   3 = UV-A, 315-400 nm                                  
   4 = DNA damage, in vitro (Setlow, 1974)               
   5 = UV index (WMO, 1994; Webb et al., 2011)           
   6 = Plant damage (Caldwell, 1971)                     
   7 = Plant damage,Flint&Caldwell,2003,orig.            
   8 = Plant damage,Flint&Caldwell,2003,ext390           
values at z =      0.000 km
Columns: sza, weighting spectra
 sza, deg.          1          2          3          4          5          6          7          8
    0.0000  3.158E+00  5.099E+00  6.478E+01  2.223E-02  2.279E+01  8.381E-01  1.636E+00  2.089E+00
    5.0000  3.133E+00  5.063E+00  6.446E+01  2.193E-02  2.256E+01  8.293E-01  1.623E+00  2.074E+00
   10.0000  3.058E+00  4.954E+00  6.350E+01  2.107E-02  2.189E+01  8.031E-01  1.586E+00  2.030E+00
   15.0000  2.939E+00  4.779E+00  6.190E+01  1.970E-02  2.082E+01  7.610E-01  1.524E+00  1.958E+00
   20.0000  2.775E+00  4.537E+00  5.970E+01  1.790E-02  1.937E+01  7.041E-01  1.441E+00  1.860E+00
   25.0000  2.573E+00  4.238E+00  5.691E+01  1.579E-02  1.763E+01  6.364E-01  1.340E+00  1.739E+00
   30.0000  2.338E+00  3.888E+00  5.357E+01  1.349E-02  1.567E+01  5.598E-01  1.223E+00  1.600E+00
   35.0000  2.078E+00  3.497E+00  4.973E+01  1.113E-02  1.355E+01  4.779E-01  1.095E+00  1.446E+00
   40.0000  1.801E+00  3.074E+00  4.544E+01  8.830E-03  1.139E+01  3.947E-01  9.604E-01  1.282E+00
   45.0000  1.516E+00  2.634E+00  4.077E+01  6.714E-03  9.264E+00  3.136E-01  8.229E-01  1.112E+00
   50.0000  1.232E+00  2.189E+00  3.578E+01  4.865E-03  7.261E+00  2.382E-01  6.871E-01  9.417E-01
   55.0000  9.607E-01  1.753E+00  3.058E+01  3.338E-03  5.455E+00  1.715E-01  5.569E-01  7.754E-01
   60.0000  7.116E-01  1.343E+00  2.528E+01  2.152E-03  3.903E+00  1.156E-01  4.359E-01  6.173E-01
   65.0000  4.940E-01  9.713E-01  2.002E+01  1.293E-03  2.636E+00  7.203E-02  3.269E-01  4.712E-01
   70.0000  3.153E-01  6.526E-01  1.496E+01  7.205E-04  1.663E+00  4.075E-02  2.322E-01  3.404E-01
   75.0000  1.799E-01  3.962E-01  1.031E+01  3.730E-04  9.661E-01  2.066E-02  1.531E-01  2.280E-01
   80.0000  8.783E-02  2.067E-01  6.277E+00  1.837E-04  5.047E-01  9.539E-03  9.022E-02  1.359E-01
   85.0000  3.535E-02  8.414E-02  3.007E+00  8.935E-05  2.260E-01  4.422E-03  4.254E-02  6.464E-02
------------------------------------------------------------
