Spectral Irradiance, W m-2 nm-1
values at z =      0.000 km
Columns: wavelength (nm), solar zenith angles (deg.)
    wc, nm      0.000      5.000     10.000     15.000     20.000     25.000     30.000     35.000     40.000     45.000     50.000     55.000     60.000     65.000     70.000     75.000     80.000     85.000
  280.5000  2.739E-14  2.448E-14  1.740E-14  9.719E-15  4.170E-15  1.328E-15  2.988E-16  4.427E-17  3.909E-18  1.782E-19  3.414E-21  2.159E-23  3.088E-25  1.379E-25  8.919E-26  6.214E-26  4.297E-26  2.664E-26
  281.5000  8.667E-13  7.822E-13  5.730E-13  3.369E-13  1.557E-13  5.484E-14  1.376E-14  2.471E-15  2.708E-16  1.627E-17  4.448E-19  4.449E-21  7.216E-23  3.002E-23  1.924E-23  1.334E-23  9.201E-24  5.701E-24
  282.5000  1.151E-11  1.048E-11  7.875E-12  4.837E-12  2.383E-12  9.157E-13  2.633E-13  5.344E-14  7.050E-15  5.367E-16  1.991E-17  2.950E-19  5.488E-21  2.101E-21  1.334E-21  9.202E-22  6.330E-22  3.919E-22
  283.5000  5.590E-11  5.116E-11  3.911E-11  2.472E-11  1.270E-11  5.161E-12  1.597E-12  3.563E-13  5.302E-14  4.707E-15  2.128E-16  4.066E-18  8.392E-20  2.998E-20  1.890E-20  1.299E-20  8.917E-21  5.516E-21
  284.5000  6.005E-10  5.551E-10  4.374E-10  2.913E-10  1.614E-10  7.098E-11  2.571E-11  6.812E-12  1.262E-12  1.483E-13  9.619E-15  2.925E-16  7.693E-18  2.348E-18  1.456E-18  9.922E-19  6.778E-19  4.186E-19
  285.5000  2.174E-09  2.025E-09  1.632E-09  1.129E-09  6.618E-10  3.215E-10  1.256E-10  3.779E-11  8.233E-12  1.190E-12  1.008E-13  4.316E-15  1.414E-16  3.739E-17  2.279E-17  1.542E-17  1.049E-17  6.461E-18
  286.5000  2.636E-08  2.469E-08  2.025E-08  1.443E-08  8.828E-09  4.547E-09  1.917E-09  6.359E-10  1.569E-10  2.659E-11  2.764E-12  1.539E-13  6.114E-15  1.427E-15  8.541E-16  5.740E-16  3.886E-16  2.389E-16
  287.5000  1.554E-07  1.465E-07  1.225E-07  9.023E-08  5.790E-08  3.181E-08  1.459E-08  5.396E-09  1.529E-09  3.091E-10  4.032E-11  3.004E-12  1.518E-13  3.065E-14  1.779E-14  1.185E-14  7.972E-15  4.886E-15
  288.5000  8.035E-07  7.627E-07  6.510E-07  4.969E-07  3.359E-07  1.980E-07  9.956E-08  4.141E-08  1.363E-08  3.340E-09  5.575E-10  5.697E-11  3.853E-12  6.704E-13  3.685E-13  2.422E-13  1.616E-13  9.858E-14
  289.5000  4.503E-06  4.295E-06  3.632E-06  2.915E-06  2.044E-06  1.267E-06  6.805E-07  3.080E-07  1.129E-07  3.172E-08  6.314E-09  8.082E-10  6.840E-11  1.090E-11  5.629E-12  3.655E-12  2.422E-12  1.470E-12
  290.5000  1.834E-05  1.756E-05  1.541E-05  1.233E-05  8.925E-06  5.771E-06  3.276E-06  1.591E-06  6.385E-07  2.013E-07  4.646E-08  7.185E-09  7.412E-10  1.124E-10  5.375E-11  3.443E-11  2.264E-11  1.367E-11
  291.5000  5.883E-05  5.661E-05  5.039E-05  4.131E-05  3.097E-05  2.101E-05  1.270E-05  6.683E-06  2.971E-06  1.067E-06  2.912E-07  5.579E-08  7.280E-09  1.091E-09  4.619E-10  2.893E-10  1.881E-10  1.127E-10
  292.5000  1.426E-04  1.377E-04  1.240E-04  1.037E-04  8.007E-05  5.649E-05  3.593E-05  2.020E-05  9.761E-06  3.901E-06  1.221E-06  2.786E-07  4.434E-08  6.878E-09  2.562E-09  1.560E-09  1.003E-09  5.964E-10
  293.5000  4.137E-04  4.011E-04  3.652E-04  3.112E-04  2.469E-04  1.807E-04  1.206E-04  7.213E-05  3.772E-05  1.667E-05  5.931E-06  1.595E-06  3.076E-07  5.151E-08  1.670E-08  9.732E-09  6.171E-09  3.634E-09
  294.5000  7.884E-04  7.666E-04  7.040E-04  6.088E-04  4.934E-04  3.718E-04  2.577E-04  1.618E-04  8.996E-05  4.300E-05  1.692E-05  5.172E-06  1.163E-06  2.132E-07  6.204E-08  3.424E-08  2.141E-08  1.249E-08
  295.5000  1.985E-03  1.936E-03  1.794E-03  1.576E-03  1.307E-03  1.015E-03  7.326E-04  4.840E-04  2.874E-04  1.493E-04  6.534E-05  2.289E-05  6.071E-06  1.263E-06  3.335E-07  1.683E-07  1.030E-07  5.931E-08
  296.5000  3.469E-03  3.392E-03  3.167E-03  2.818E-03  2.381E-03  1.898E-03  1.416E-03  9.764E-04  6.120E-04  3.406E-04  1.628E-04  6.387E-05  1.947E-05  4.591E-06  1.157E-06  5.252E-07  3.130E-07  1.777E-07
  297.5000  6.654E-03  6.519E-03  6.129E-03  5.517E-03  4.738E-03  3.863E-03  2.967E-03  2.124E-03  1.396E-03  8.255E-04  4.263E-04  1.846E-04  6.363E-05  1.699E-05  4.266E-06  1.720E-06  9.877E-07  5.519E-07
  298.5000  7.937E-03  7.791E-03  7.366E-03  6.694E-03  5.830E-03  4.844E-03  3.813E-03  2.817E-03  1.927E-03  1.199E-03  6.607E-04  3.109E-04  1.190E-04  3.560E-05  9.225E-06  3.332E-06  1.820E-06  9.996E-07
  299.5000  1.771E-02  1.741E-02  1.655E-02  1.517E-02  1.339E-02  1.132E-02  9.123E-03  6.943E-03  4.933E-03  3.220E-03  1.886E-03  9.599E-04  4.059E-04  1.360E-04  3.747E-05  1.225E-05  6.215E-06  3.338E-06
  300.5000  1.660E-02  1.635E-02  1.560E-02  1.441E-02  1.284E-02  1.101E-02  9.030E-03  7.030E-03  5.142E-03  3.481E-03  2.137E-03  1.155E-03  5.271E-04  1.935E-04  5.704E-05  1.758E-05  8.240E-06  4.322E-06
  301.5000  3.272E-02  3.252E-02  3.117E-02  2.900E-02  2.613E-02  2.274E-02  1.901E-02  1.517E-02  1.145E-02  8.064E-03  5.207E-03  3.003E-03  1.490E-03  6.061E-04  1.960E-04  5.853E-05  2.447E-05  1.236E-05
  302.5000  4.111E-02  4.058E-02  3.901E-02  3.647E-02  3.311E-02  2.909E-02  2.463E-02  1.997E-02  1.538E-02  1.112E-02  7.425E-03  4.468E-03  2.342E-03  1.020E-03  3.540E-04  1.061E-04  4.064E-05  1.979E-05
  303.5000  7.018E-02  6.935E-02  6.689E-02  6.291E-02  5.759E-02  5.118E-02  4.398E-02  3.635E-02  2.869E-02  2.139E-02  1.485E-02  9.395E-03  5.256E-03  2.488E-03  9.469E-04  2.939E-04  1.013E-04  4.625E-05
  304.5000  7.581E-02  7.596E-02  7.341E-02  6.927E-02  6.373E-02  5.701E-02  4.942E-02  4.130E-02  3.305E-02  2.508E-02  1.781E-02  1.160E-02  6.737E-03  3.347E-03  1.348E-03  4.337E-04  1.416E-04  6.131E-05
  305.5000  1.016E-01  1.005E-01  9.746E-02  9.243E-02  8.565E-02  7.738E-02  6.793E-02  5.770E-02  4.714E-02  3.673E-02  2.696E-02  1.834E-02  1.127E-02  6.022E-03  2.656E-03  9.210E-04  2.838E-04  1.104E-04
  306.5000  1.061E-01  1.051E-01  1.020E-01  9.694E-02  9.012E-02  8.176E-02  7.218E-02  6.175E-02  5.090E-02  4.010E-02  2.987E-02  2.070E-02  1.302E-02  7.184E-03  3.296E-03  1.188E-03  3.618E-04  1.329E-04
  307.5000  1.532E-01  1.519E-01  1.477E-01  1.410E-01  1.319E-01  1.206E-01  1.076E-01  9.328E-02  7.821E-02  6.297E-02  4.822E-02  3.461E-02  2.282E-02  1.338E-02  6.653E-03  2.620E-03  8.058E-04  2.604E-04
  308.5000  1.716E-01  1.701E-01  1.657E-01  1.584E-01  1.484E-01  1.362E-01  1.220E-01  1.063E-01  8.974E-02  7.286E-02  5.638E-02  4.103E-02  2.754E-02  1.654E-02  8.478E-03  3.463E-03  1.082E-03  3.324E-04
  309.5000  1.513E-01  1.501E-01  1.464E-01  1.403E-01  1.320E-01  1.218E-01  1.099E-01  9.662E-02  8.247E-02  6.792E-02  5.352E-02  3.988E-02  2.759E-02  1.726E-02  9.351E-03  4.093E-03  1.340E-03  3.785E-04
  310.5000  2.061E-01  2.045E-01  1.997E-01  1.918E-01  1.810E-01  1.676E-01  1.519E-01  1.345E-01  1.157E-01  9.628E-02  7.687E-02  5.824E-02  4.120E-02  2.654E-02  1.496E-02  6.901E-03  2.369E-03  6.386E-04
  311.5000  2.649E-01  2.632E-01  2.572E-01  2.474E-01  2.339E-01  2.172E-01  1.975E-01  1.755E-01  1.519E-01  1.272E-01  1.025E-01  7.849E-02  5.633E-02  3.700E-02  2.141E-02  1.023E-02  3.643E-03  9.601E-04
  312.5000  2.588E-01  2.570E-01  2.514E-01  2.424E-01  2.299E-01  2.144E-01  1.962E-01  1.757E-01  1.534E-01  1.301E-01  1.063E-01  8.309E-02  6.120E-02  4.162E-02  2.527E-02  1.291E-02  4.977E-03  1.303E-03
  313.5000  2.935E-01  2.914E-01  2.853E-01  2.751E-01  2.612E-01  2.439E-01  2.235E-01  2.005E-01  1.755E-01  1.492E-01  1.225E-01  9.615E-02  7.126E-02  4.886E-02  3.000E-02  1.556E-02  6.122E-03  1.610E-03
  314.5000  2.932E-01  2.913E-01  2.854E-01  2.758E-01  2.626E-01  2.461E-01  2.267E-01  2.046E-01  1.806E-01  1.551E-01  1.290E-01  1.030E-01  7.803E-02  5.513E-02  3.528E-02  1.942E-02  8.289E-03  2.281E-03
  315.5000  3.028E-01  3.008E-01  2.948E-01  2.850E-01  2.715E-01  2.546E-01  2.347E-01  2.122E-01  1.875E-01  1.614E-01  1.345E-01  1.077E-01  8.190E-02  5.815E-02  3.747E-02  2.083E-02  9.011E-03  2.509E-03
  316.5000  3.014E-01  2.995E-01  2.938E-01  2.845E-01  2.716E-01  2.555E-01  2.364E-01  2.147E-01  1.910E-01  1.657E-01  1.395E-01  1.131E-01  8.753E-02  6.360E-02  4.233E-02  2.467E-02  1.145E-02  3.426E-03
  317.5000  4.261E-01  4.234E-01  4.154E-01  4.022E-01  3.841E-01  3.613E-01  3.344E-01  3.038E-01  2.702E-01  2.345E-01  1.974E-01  1.602E-01  1.240E-01  9.009E-02  5.996E-02  3.494E-02  1.621E-02  4.851E-03
  318.5000  3.349E-01  3.329E-01  3.268E-01  3.169E-01  3.032E-01  2.860E-01  2.657E-01  2.424E-01  2.169E-01  1.896E-01  1.611E-01  1.323E-01  1.040E-01  7.719E-02  5.293E-02  3.223E-02  1.601E-02  5.247E-03
  319.5000  4.085E-01  4.060E-01  3.988E-01  3.867E-01  3.702E-01  3.494E-01  3.248E-01  2.967E-01  2.658E-01  2.326E-01  1.981E-01  1.630E-01  1.286E-01  9.582E-02  6.608E-02  4.057E-02  2.042E-02  6.828E-03
  320.5000  4.968E-01  4.938E-01  4.851E-01  4.707E-01  4.508E-01  4.258E-01  3.961E-01  3.623E-01  3.249E-01  2.849E-01  2.432E-01  2.007E-01  1.588E-01  1.190E-01  8.260E-02  5.123E-02  2.619E-02  8.972E-03
  321.5000  4.213E-01  4.189E-01  4.118E-01  4.001E-01  3.839E-01  3.635E-01  3.392E-01  3.115E-01  2.809E-01  2.479E-01  2.134E-01  1.781E-01  1.429E-01  1.091E-01  7.788E-02  5.031E-02  2.749E-02  1.053E-02
  322.5000  4.244E-01  4.219E-01  4.145E-01  4.023E-01  3.855E-01  3.644E-01  3.393E-01  3.107E-01  2.791E-01  2.452E-01  2.097E-01  1.736E-01  1.379E-01  1.037E-01  7.247E-02  4.534E-02  2.352E-02  8.242E-03
  323.5000  4.363E-01  4.339E-01  4.267E-01  4.148E-01  3.984E-01  3.777E-01  3.530E-01  3.249E-01  2.937E-01  2.600E-01  2.247E-01  1.884E-01  1.523E-01  1.173E-01  8.468E-02  5.570E-02  3.135E-02  1.266E-02
  324.5000  5.120E-01  5.091E-01  5.007E-01  4.867E-01  4.674E-01  4.431E-01  4.142E-01  3.811E-01  3.442E-01  3.050E-01  2.635E-01  2.209E-01  1.784E-01  1.373E-01  9.903E-02  6.500E-02  3.646E-02  1.465E-02
  325.5000  5.739E-01  5.707E-01  5.611E-01  5.454E-01  5.237E-01  4.963E-01  4.637E-01  4.265E-01  3.853E-01  3.408E-01  2.941E-01  2.462E-01  1.984E-01  1.522E-01  1.093E-01  7.127E-02  3.954E-02  1.556E-02
  326.5000  6.930E-01  6.892E-01  6.781E-01  6.595E-01  6.345E-01  6.025E-01  5.645E-01  5.208E-01  4.726E-01  4.203E-01  3.651E-01  3.084E-01  2.515E-01  1.960E-01  1.439E-01  9.708E-02  5.698E-02  2.495E-02
  327.5000  6.456E-01  6.421E-01  6.316E-01  6.144E-01  5.906E-01  5.606E-01  5.248E-01  4.838E-01  4.384E-01  3.893E-01  3.376E-01  2.843E-01  2.310E-01  1.792E-01  1.306E-01  8.714E-02  5.020E-02  2.122E-02
  328.5000  5.959E-01  5.927E-01  5.830E-01  5.672E-01  5.452E-01  5.176E-01  4.846E-01  4.468E-01  4.050E-01  3.597E-01  3.119E-01  2.628E-01  2.136E-01  1.657E-01  1.208E-01  8.061E-02  4.645E-02  1.964E-02
  329.5000  7.706E-01  7.665E-01  7.544E-01  7.344E-01  7.068E-01  6.720E-01  6.304E-01  5.828E-01  5.298E-01  4.725E-01  4.119E-01  3.493E-01  2.864E-01  2.248E-01  1.667E-01  1.140E-01  6.856E-02  3.151E-02
  330.5000  7.010E-01  6.973E-01  6.862E-01  6.679E-01  6.425E-01  6.105E-01  5.724E-01  5.287E-01  4.801E-01  4.275E-01  3.720E-01  3.147E-01  2.571E-01  2.009E-01  1.479E-01  1.001E-01  5.912E-02  2.623E-02
  331.5000  6.927E-01  6.890E-01  6.780E-01  6.599E-01  6.348E-01  6.032E-01  5.655E-01  5.222E-01  4.742E-01  4.222E-01  3.672E-01  3.106E-01  2.536E-01  1.979E-01  1.455E-01  9.827E-02  5.782E-02  2.546E-02
  332.5000  6.807E-01  6.771E-01  6.666E-01  6.491E-01  6.249E-01  5.945E-01  5.581E-01  5.164E-01  4.700E-01  4.197E-01  3.664E-01  3.113E-01  2.558E-01  2.014E-01  1.499E-01  1.031E-01  6.253E-02  2.929E-02
  333.5000  6.399E-01  6.366E-01  6.266E-01  6.100E-01  5.872E-01  5.584E-01  5.240E-01  4.845E-01  4.406E-01  3.930E-01  3.427E-01  2.907E-01  2.382E-01  1.869E-01  1.383E-01  9.438E-02  5.650E-02  2.576E-02
  334.5000  7.144E-01  7.107E-01  6.996E-01  6.812E-01  6.559E-01  6.239E-01  5.857E-01  5.418E-01  4.930E-01  4.401E-01  3.841E-01  3.262E-01  2.677E-01  2.104E-01  1.562E-01  1.070E-01  6.447E-02  2.980E-02
  335.5000  7.232E-01  7.195E-01  7.083E-01  6.900E-01  6.646E-01  6.325E-01  5.942E-01  5.502E-01  5.012E-01  4.481E-01  3.918E-01  3.335E-01  2.746E-01  2.167E-01  1.618E-01  1.118E-01  6.836E-02  3.257E-02
  336.5000  5.654E-01  5.624E-01  5.537E-01  5.394E-01  5.195E-01  4.944E-01  4.644E-01  4.300E-01  3.916E-01  3.501E-01  3.060E-01  2.603E-01  2.142E-01  1.689E-01  1.258E-01  8.670E-02  5.279E-02  2.493E-02
  337.5000  6.208E-01  6.176E-01  6.080E-01  5.921E-01  5.702E-01  5.425E-01  5.094E-01  4.715E-01  4.292E-01  3.833E-01  3.347E-01  2.844E-01  2.335E-01  1.836E-01  1.363E-01  9.331E-02  5.620E-02  2.598E-02
  338.5000  6.543E-01  6.510E-01  6.410E-01  6.244E-01  6.016E-01  5.727E-01  5.382E-01  4.985E-01  4.544E-01  4.064E-01  3.556E-01  3.028E-01  2.495E-01  1.970E-01  1.471E-01  1.016E-01  6.218E-02  2.968E-02
  339.5000  7.110E-01  7.073E-01  6.965E-01  6.786E-01  6.538E-01  6.225E-01  5.851E-01  5.421E-01  4.942E-01  4.422E-01  3.870E-01  3.298E-01  2.719E-01  2.148E-01  1.605E-01  1.110E-01  6.806E-02  3.263E-02
  340.5000  7.602E-01  7.563E-01  7.446E-01  7.254E-01  6.989E-01  6.654E-01  6.253E-01  5.793E-01  5.280E-01  4.722E-01  4.131E-01  3.518E-01  2.897E-01  2.286E-01  1.705E-01  1.175E-01  7.159E-02  3.392E-02
  341.5000  6.745E-01  6.711E-01  6.608E-01  6.439E-01  6.205E-01  5.909E-01  5.556E-01  5.149E-01  4.697E-01  4.204E-01  3.682E-01  3.139E-01  2.590E-01  2.048E-01  1.532E-01  1.061E-01  6.515E-02  3.138E-02
  342.5000  7.468E-01  7.431E-01  7.317E-01  7.130E-01  6.872E-01  6.545E-01  6.155E-01  5.706E-01  5.205E-01  4.661E-01  4.083E-01  3.483E-01  2.874E-01  2.274E-01  1.702E-01  1.179E-01  7.253E-02  3.504E-02
  343.5000  7.756E-01  7.717E-01  7.600E-01  7.405E-01  7.137E-01  6.797E-01  6.391E-01  5.925E-01  5.405E-01  4.840E-01  4.239E-01  3.615E-01  2.982E-01  2.358E-01  1.763E-01  1.220E-01  7.477E-02  3.592E-02
  344.5000  5.436E-01  5.408E-01  5.326E-01  5.190E-01  5.001E-01  4.763E-01  4.479E-01  4.152E-01  3.787E-01  3.390E-01  2.969E-01  2.531E-01  2.087E-01  1.649E-01  1.232E-01  8.504E-02  5.197E-02  2.481E-02
  345.5000  7.440E-01  7.403E-01  7.291E-01  7.106E-01  6.849E-01  6.526E-01  6.138E-01  5.693E-01  5.196E-01  4.656E-01  4.082E-01  3.484E-01  2.878E-01  2.279E-01  1.707E-01  1.184E-01  7.291E-02  3.537E-02
  346.5000  6.960E-01  6.925E-01  6.820E-01  6.646E-01  6.406E-01  6.103E-01  5.740E-01  5.323E-01  4.858E-01  4.351E-01  3.813E-01  3.253E-01  2.685E-01  2.124E-01  1.588E-01  1.098E-01  6.730E-02  3.233E-02
  347.5000  6.797E-01  6.763E-01  6.661E-01  6.492E-01  6.258E-01  5.962E-01  5.608E-01  5.201E-01  4.747E-01  4.253E-01  3.728E-01  3.182E-01  2.627E-01  2.078E-01  1.554E-01  1.075E-01  6.590E-02  3.170E-02
  348.5000  7.467E-01  7.429E-01  7.317E-01  7.131E-01  6.875E-01  6.551E-01  6.163E-01  5.717E-01  5.220E-01  4.678E-01  4.102E-01  3.502E-01  2.893E-01  2.290E-01  1.714E-01  1.186E-01  7.283E-02  3.515E-02
  349.5000  6.255E-01  6.224E-01  6.130E-01  5.975E-01  5.760E-01  5.489E-01  5.165E-01  4.791E-01  4.375E-01  3.921E-01  3.439E-01  2.936E-01  2.425E-01  1.920E-01  1.437E-01  9.946E-02  6.103E-02  2.944E-02
  350.5000  8.754E-01  8.710E-01  8.579E-01  8.362E-01  8.063E-01  7.684E-01  7.230E-01  6.709E-01  6.126E-01  5.492E-01  4.817E-01  4.114E-01  3.399E-01  2.692E-01  2.015E-01  1.395E-01  8.559E-02  4.132E-02
  351.5000  7.542E-01  7.505E-01  7.392E-01  7.205E-01  6.947E-01  6.621E-01  6.231E-01  5.782E-01  5.280E-01  4.734E-01  4.152E-01  3.547E-01  2.931E-01  2.321E-01  1.737E-01  1.201E-01  7.367E-02  3.552E-02
  352.5000  6.799E-01  6.765E-01  6.664E-01  6.496E-01  6.264E-01  5.970E-01  5.619E-01  5.214E-01  4.763E-01  4.271E-01  3.747E-01  3.201E-01  2.646E-01  2.096E-01  1.569E-01  1.086E-01  6.659E-02  3.214E-02
  353.5000  8.181E-01  8.140E-01  8.018E-01  7.816E-01  7.538E-01  7.185E-01  6.763E-01  6.277E-01  5.735E-01  5.144E-01  4.514E-01  3.858E-01  3.189E-01  2.527E-01  1.892E-01  1.310E-01  8.040E-02  3.887E-02
  354.5000  8.850E-01  8.806E-01  8.674E-01  8.456E-01  8.155E-01  7.775E-01  7.319E-01  6.794E-01  6.208E-01  5.569E-01  4.888E-01  4.179E-01  3.456E-01  2.739E-01  2.052E-01  1.421E-01  8.725E-02  4.225E-02
  355.5000  8.267E-01  8.226E-01  8.103E-01  7.900E-01  7.619E-01  7.264E-01  6.839E-01  6.349E-01  5.802E-01  5.206E-01  4.570E-01  3.908E-01  3.232E-01  2.562E-01  1.919E-01  1.329E-01  8.159E-02  3.951E-02
  356.5000  7.669E-01  7.631E-01  7.517E-01  7.329E-01  7.069E-01  6.740E-01  6.346E-01  5.892E-01  5.385E-01  4.832E-01  4.243E-01  3.628E-01  3.002E-01  2.380E-01  1.783E-01  1.234E-01  7.575E-02  3.667E-02
  357.5000  6.519E-01  6.486E-01  6.390E-01  6.230E-01  6.009E-01  5.730E-01  5.395E-01  5.010E-01  4.579E-01  4.110E-01  3.609E-01  3.087E-01  2.554E-01  2.025E-01  1.517E-01  1.050E-01  6.442E-02  3.118E-02
  358.5000  5.028E-01  5.003E-01  4.929E-01  4.806E-01  4.636E-01  4.421E-01  4.163E-01  3.866E-01  3.534E-01  3.172E-01  2.787E-01  2.384E-01  1.973E-01  1.564E-01  1.172E-01  8.114E-02  4.979E-02  2.411E-02
  359.5000  8.459E-01  8.417E-01  8.292E-01  8.086E-01  7.800E-01  7.438E-01  7.005E-01  6.506E-01  5.949E-01  5.340E-01  4.691E-01  4.014E-01  3.322E-01  2.635E-01  1.974E-01  1.367E-01  8.383E-02  4.060E-02
  360.5000  7.837E-01  7.799E-01  7.683E-01  7.492E-01  7.228E-01  6.893E-01  6.492E-01  6.031E-01  5.514E-01  4.951E-01  4.350E-01  3.722E-01  3.082E-01  2.445E-01  1.832E-01  1.268E-01  7.776E-02  3.765E-02
  361.5000  7.063E-01  7.028E-01  6.924E-01  6.752E-01  6.514E-01  6.213E-01  5.852E-01  5.437E-01  4.972E-01  4.465E-01  3.924E-01  3.358E-01  2.781E-01  2.206E-01  1.653E-01  1.144E-01  7.019E-02  3.400E-02
  362.5000  8.291E-01  8.250E-01  8.128E-01  7.927E-01  7.648E-01  7.295E-01  6.872E-01  6.385E-01  5.839E-01  5.245E-01  4.610E-01  3.946E-01  3.268E-01  2.593E-01  1.944E-01  1.345E-01  8.250E-02  3.997E-02
  363.5000  7.372E-01  7.336E-01  7.228E-01  7.049E-01  6.801E-01  6.488E-01  6.112E-01  5.679E-01  5.195E-01  4.667E-01  4.102E-01  3.512E-01  2.909E-01  2.309E-01  1.731E-01  1.198E-01  7.344E-02  3.558E-02
  364.5000  8.039E-01  8.000E-01  7.882E-01  7.687E-01  7.417E-01  7.076E-01  6.667E-01  6.195E-01  5.668E-01  5.092E-01  4.476E-01  3.833E-01  3.176E-01  2.521E-01  1.890E-01  1.308E-01  8.014E-02  3.882E-02
  365.5000  9.792E-01  9.744E-01  9.601E-01  9.364E-01  9.036E-01  8.620E-01  8.122E-01  7.549E-01  6.906E-01  6.205E-01  5.456E-01  4.673E-01  3.872E-01  3.074E-01  2.304E-01  1.594E-01  9.767E-02  4.730E-02
  366.5000  1.036E+00  1.031E+00  1.016E+00  9.907E-01  9.560E-01  9.121E-01  8.595E-01  7.989E-01  7.310E-01  6.569E-01  5.777E-01  4.948E-01  4.101E-01  3.256E-01  2.441E-01  1.689E-01  1.035E-01  5.010E-02
  367.5000  9.832E-01  9.784E-01  9.641E-01  9.403E-01  9.074E-01  8.658E-01  8.160E-01  7.585E-01  6.941E-01  6.238E-01  5.487E-01  4.701E-01  3.897E-01  3.095E-01  2.320E-01  1.605E-01  9.832E-02  4.762E-02
  368.5000  8.634E-01  8.592E-01  8.466E-01  8.258E-01  7.969E-01  7.604E-01  7.167E-01  6.663E-01  6.098E-01  5.481E-01  4.822E-01  4.132E-01  3.426E-01  2.721E-01  2.040E-01  1.411E-01  8.642E-02  4.185E-02
  369.5000  1.035E+00  1.030E+00  1.015E+00  9.902E-01  9.557E-01  9.120E-01  8.596E-01  7.992E-01  7.315E-01  6.576E-01  5.786E-01  4.959E-01  4.112E-01  3.266E-01  2.449E-01  1.694E-01  1.037E-01  5.022E-02
  370.5000  9.389E-01  9.344E-01  9.207E-01  8.981E-01  8.668E-01  8.272E-01  7.798E-01  7.251E-01  6.638E-01  5.968E-01  5.252E-01  4.501E-01  3.733E-01  2.966E-01  2.224E-01  1.538E-01  9.415E-02  4.558E-02
  371.5000  1.074E+00  1.069E+00  1.053E+00  1.027E+00  9.916E-01  9.463E-01  8.921E-01  8.296E-01  7.595E-01  6.830E-01  6.011E-01  5.153E-01  4.274E-01  3.396E-01  2.547E-01  1.762E-01  1.078E-01  5.218E-02
  372.5000  7.930E-01  7.891E-01  7.776E-01  7.586E-01  7.323E-01  6.989E-01  6.589E-01  6.128E-01  5.611E-01  5.046E-01  4.442E-01  3.809E-01  3.160E-01  2.511E-01  1.883E-01  1.303E-01  7.967E-02  3.856E-02
  373.5000  7.165E-01  7.130E-01  7.027E-01  6.855E-01  6.617E-01  6.316E-01  5.955E-01  5.539E-01  5.072E-01  4.562E-01  4.016E-01  3.444E-01  2.858E-01  2.271E-01  1.704E-01  1.178E-01  7.205E-02  3.486E-02
  374.5000  7.861E-01  7.823E-01  7.709E-01  7.521E-01  7.261E-01  6.931E-01  6.535E-01  6.079E-01  5.567E-01  5.008E-01  4.409E-01  3.782E-01  3.139E-01  2.495E-01  1.872E-01  1.294E-01  7.911E-02  3.827E-02
  375.5000  8.866E-01  8.824E-01  8.696E-01  8.484E-01  8.190E-01  7.818E-01  7.372E-01  6.858E-01  6.282E-01  5.652E-01  4.977E-01  4.269E-01  3.544E-01  2.817E-01  2.114E-01  1.462E-01  8.932E-02  4.321E-02
  376.5000  8.851E-01  8.808E-01  8.680E-01  8.469E-01  8.176E-01  7.806E-01  7.361E-01  6.848E-01  6.274E-01  5.645E-01  4.972E-01  4.266E-01  3.541E-01  2.816E-01  2.113E-01  1.461E-01  8.925E-02  4.317E-02
  377.5000  1.054E+00  1.049E+00  1.033E+00  1.008E+00  9.734E-01  9.293E-01  8.765E-01  8.155E-01  7.471E-01  6.723E-01  5.922E-01  5.082E-01  4.220E-01  3.356E-01  2.518E-01  1.741E-01  1.063E-01  5.142E-02
  378.5000  1.148E+00  1.142E+00  1.126E+00  1.099E+00  1.061E+00  1.013E+00  9.552E-01  8.888E-01  8.144E-01  7.329E-01  6.457E-01  5.542E-01  4.602E-01  3.661E-01  2.747E-01  1.899E-01  1.160E-01  5.606E-02
  379.5000  8.490E-01  8.449E-01  8.327E-01  8.125E-01  7.845E-01  7.491E-01  7.066E-01  6.575E-01  6.025E-01  5.424E-01  4.779E-01  4.102E-01  3.407E-01  2.710E-01  2.034E-01  1.406E-01  8.584E-02  4.149E-02
  380.5000  1.021E+00  1.016E+00  1.001E+00  9.769E-01  9.433E-01  9.007E-01  8.497E-01  7.908E-01  7.247E-01  6.524E-01  5.749E-01  4.936E-01  4.100E-01  3.262E-01  2.449E-01  1.693E-01  1.033E-01  4.992E-02
  381.5000  9.588E-01  9.542E-01  9.405E-01  9.177E-01  8.862E-01  8.463E-01  7.984E-01  7.431E-01  6.811E-01  6.132E-01  5.404E-01  4.641E-01  3.855E-01  3.068E-01  2.303E-01  1.592E-01  9.712E-02  4.692E-02
  382.5000  6.387E-01  6.356E-01  6.265E-01  6.113E-01  5.904E-01  5.638E-01  5.319E-01  4.951E-01  4.539E-01  4.087E-01  3.602E-01  3.094E-01  2.571E-01  2.046E-01  1.536E-01  1.062E-01  6.475E-02  3.128E-02
  383.5000  5.607E-01  5.580E-01  5.500E-01  5.367E-01  5.183E-01  4.950E-01  4.670E-01  4.348E-01  3.986E-01  3.589E-01  3.164E-01  2.718E-01  2.259E-01  1.798E-01  1.350E-01  9.331E-02  5.689E-02  2.747E-02
  384.5000  8.412E-01  8.371E-01  8.251E-01  8.052E-01  7.776E-01  7.427E-01  7.008E-01  6.525E-01  5.982E-01  5.388E-01  4.751E-01  4.081E-01  3.392E-01  2.701E-01  2.028E-01  1.402E-01  8.543E-02  4.124E-02
  385.5000  8.320E-01  8.280E-01  8.161E-01  7.964E-01  7.692E-01  7.347E-01  6.933E-01  6.455E-01  5.919E-01  5.332E-01  4.702E-01  4.040E-01  3.358E-01  2.674E-01  2.008E-01  1.388E-01  8.458E-02  4.082E-02
  386.5000  8.478E-01  8.437E-01  8.317E-01  8.116E-01  7.839E-01  7.488E-01  7.067E-01  6.580E-01  6.034E-01  5.436E-01  4.794E-01  4.120E-01  3.426E-01  2.728E-01  2.049E-01  1.416E-01  8.627E-02  4.163E-02
  387.5000  7.877E-01  7.839E-01  7.727E-01  7.541E-01  7.284E-01  6.958E-01  6.567E-01  6.115E-01  5.608E-01  5.053E-01  4.457E-01  3.831E-01  3.186E-01  2.538E-01  1.906E-01  1.317E-01  8.022E-02  3.870E-02
  388.5000  7.893E-01  7.855E-01  7.743E-01  7.557E-01  7.300E-01  6.973E-01  6.582E-01  6.130E-01  5.622E-01  5.066E-01  4.469E-01  3.842E-01  3.196E-01  2.546E-01  1.912E-01  1.321E-01  8.046E-02  3.880E-02
  389.5000  9.951E-01  9.903E-01  9.762E-01  9.528E-01  9.204E-01  8.793E-01  8.300E-01  7.730E-01  7.091E-01  6.390E-01  5.638E-01  4.847E-01  4.032E-01  3.213E-01  2.414E-01  1.668E-01  1.015E-01  4.895E-02
  390.5000  9.771E-01  9.725E-01  9.586E-01  9.356E-01  9.038E-01  8.635E-01  8.151E-01  7.593E-01  6.965E-01  6.278E-01  5.540E-01  4.764E-01  3.964E-01  3.159E-01  2.373E-01  1.640E-01  9.978E-02  4.809E-02
  391.5000  1.159E+00  1.153E+00  1.137E+00  1.110E+00  1.072E+00  1.024E+00  9.670E-01  9.008E-01  8.264E-01  7.449E-01  6.575E-01  5.654E-01  4.705E-01  3.750E-01  2.818E-01  1.947E-01  1.185E-01  5.708E-02
  392.5000  8.688E-01  8.647E-01  8.524E-01  8.320E-01  8.038E-01  7.680E-01  7.251E-01  6.755E-01  6.198E-01  5.587E-01  4.932E-01  4.242E-01  3.531E-01  2.815E-01  2.115E-01  1.461E-01  8.889E-02  4.281E-02
  393.5000  3.776E-01  3.758E-01  3.705E-01  3.616E-01  3.494E-01  3.338E-01  3.152E-01  2.937E-01  2.695E-01  2.430E-01  2.145E-01  1.845E-01  1.536E-01  1.225E-01  9.205E-02  6.360E-02  3.867E-02  1.862E-02
  394.5000  8.883E-01  8.841E-01  8.716E-01  8.508E-01  8.220E-01  7.855E-01  7.417E-01  6.910E-01  6.342E-01  5.719E-01  5.049E-01  4.344E-01  3.617E-01  2.884E-01  2.168E-01  1.498E-01  9.104E-02  4.383E-02
  395.5000  1.143E+00  1.137E+00  1.121E+00  1.094E+00  1.057E+00  1.011E+00  9.542E-01  8.891E-01  8.161E-01  7.359E-01  6.499E-01  5.592E-01  4.657E-01  3.714E-01  2.792E-01  1.929E-01  1.172E-01  5.640E-02
  396.5000  6.708E-01  6.676E-01  6.582E-01  6.425E-01  6.208E-01  5.933E-01  5.603E-01  5.221E-01  4.793E-01  4.322E-01  3.817E-01  3.285E-01  2.736E-01  2.183E-01  1.641E-01  1.134E-01  6.888E-02  3.313E-02
  397.5000  7.739E-01  7.702E-01  7.593E-01  7.413E-01  7.163E-01  6.846E-01  6.465E-01  6.025E-01  5.531E-01  4.989E-01  4.407E-01  3.793E-01  3.160E-01  2.521E-01  1.896E-01  1.310E-01  7.954E-02  3.825E-02
  398.5000  1.329E+00  1.323E+00  1.304E+00  1.274E+00  1.231E+00  1.176E+00  1.111E+00  1.035E+00  9.505E-01  8.575E-01  7.575E-01  6.521E-01  5.433E-01  4.335E-01  3.260E-01  2.252E-01  1.368E-01  6.575E-02
  399.5000  1.382E+00  1.376E+00  1.357E+00  1.324E+00  1.280E+00  1.223E+00  1.155E+00  1.077E+00  9.888E-01  8.921E-01  7.882E-01  6.786E-01  5.655E-01  4.513E-01  3.395E-01  2.345E-01  1.424E-01  6.841E-02
  400.5000  1.453E+00  1.446E+00  1.426E+00  1.392E+00  1.345E+00  1.286E+00  1.215E+00  1.132E+00  1.040E+00  9.381E-01  8.289E-01  7.138E-01  5.949E-01  4.749E-01  3.572E-01  2.468E-01  1.498E-01  7.194E-02
  401.5000  1.495E+00  1.488E+00  1.467E+00  1.432E+00  1.384E+00  1.323E+00  1.250E+00  1.165E+00  1.070E+00  9.654E-01  8.532E-01  7.348E-01  6.125E-01  4.890E-01  3.679E-01  2.541E-01  1.542E-01  7.404E-02
  402.5000  1.551E+00  1.544E+00  1.522E+00  1.486E+00  1.436E+00  1.373E+00  1.297E+00  1.209E+00  1.111E+00  1.002E+00  8.860E-01  7.632E-01  6.363E-01  5.080E-01  3.823E-01  2.641E-01  1.602E-01  7.689E-02
  403.5000  1.420E+00  1.413E+00  1.393E+00  1.360E+00  1.315E+00  1.257E+00  1.187E+00  1.107E+00  1.017E+00  9.178E-01  8.113E-01  6.989E-01  5.828E-01  4.654E-01  3.502E-01  2.420E-01  1.467E-01  7.040E-02
  404.5000  1.392E+00  1.386E+00  1.366E+00  1.334E+00  1.289E+00  1.233E+00  1.165E+00  1.086E+00  9.975E-01  9.004E-01  7.960E-01  6.859E-01  5.720E-01  4.568E-01  3.438E-01  2.375E-01  1.440E-01  6.907E-02
  405.5000  1.446E+00  1.439E+00  1.419E+00  1.385E+00  1.339E+00  1.280E+00  1.210E+00  1.128E+00  1.036E+00  9.356E-01  8.272E-01  7.129E-01  5.946E-01  4.750E-01  3.575E-01  2.470E-01  1.497E-01  7.178E-02
  406.5000  1.362E+00  1.355E+00  1.336E+00  1.305E+00  1.261E+00  1.206E+00  1.139E+00  1.063E+00  9.762E-01  8.814E-01  7.794E-01  6.718E-01  5.604E-01  4.477E-01  3.371E-01  2.329E-01  1.411E-01  6.763E-02
  407.5000  1.372E+00  1.366E+00  1.347E+00  1.315E+00  1.271E+00  1.216E+00  1.149E+00  1.071E+00  9.843E-01  8.888E-01  7.861E-01  6.776E-01  5.653E-01  4.518E-01  3.401E-01  2.350E-01  1.423E-01  6.819E-02
  408.5000  1.528E+00  1.521E+00  1.500E+00  1.465E+00  1.416E+00  1.354E+00  1.279E+00  1.193E+00  1.096E+00  9.901E-01  8.758E-01  7.550E-01  6.300E-01  5.035E-01  3.792E-01  2.620E-01  1.586E-01  7.596E-02
  409.5000  1.498E+00  1.491E+00  1.470E+00  1.435E+00  1.388E+00  1.327E+00  1.254E+00  1.170E+00  1.075E+00  9.709E-01  8.588E-01  7.405E-01  6.180E-01  4.940E-01  3.721E-01  2.570E-01  1.556E-01  7.448E-02
  410.5000  1.299E+00  1.293E+00  1.275E+00  1.245E+00  1.203E+00  1.151E+00  1.088E+00  1.014E+00  9.323E-01  8.421E-01  7.451E-01  6.425E-01  5.363E-01  4.288E-01  3.230E-01  2.231E-01  1.350E-01  6.461E-02
  411.5000  1.561E+00  1.553E+00  1.532E+00  1.496E+00  1.446E+00  1.383E+00  1.307E+00  1.219E+00  1.121E+00  1.012E+00  8.959E-01  7.727E-01  6.451E-01  5.158E-01  3.886E-01  2.685E-01  1.624E-01  7.769E-02
  412.5000  1.546E+00  1.539E+00  1.518E+00  1.482E+00  1.433E+00  1.371E+00  1.296E+00  1.209E+00  1.111E+00  1.004E+00  8.882E-01  7.662E-01  6.398E-01  5.116E-01  3.855E-01  2.664E-01  1.611E-01  7.704E-02
  413.5000  1.500E+00  1.493E+00  1.472E+00  1.437E+00  1.390E+00  1.329E+00  1.256E+00  1.172E+00  1.078E+00  9.737E-01  8.618E-01  7.435E-01  6.209E-01  4.966E-01  3.742E-01  2.586E-01  1.564E-01  7.474E-02
  414.5000  1.541E+00  1.534E+00  1.512E+00  1.477E+00  1.428E+00  1.366E+00  1.291E+00  1.205E+00  1.108E+00  1.001E+00  8.861E-01  7.645E-01  6.386E-01  5.109E-01  3.850E-01  2.660E-01  1.609E-01  7.684E-02
  415.5000  1.474E+00  1.467E+00  1.446E+00  1.413E+00  1.366E+00  1.306E+00  1.235E+00  1.153E+00  1.060E+00  9.577E-01  8.478E-01  7.316E-01  6.112E-01  4.890E-01  3.686E-01  2.547E-01  1.540E-01  7.351E-02
  416.5000  1.604E+00  1.596E+00  1.574E+00  1.537E+00  1.486E+00  1.422E+00  1.344E+00  1.254E+00  1.154E+00  1.043E+00  9.230E-01  7.966E-01  6.656E-01  5.326E-01  4.015E-01  2.775E-01  1.677E-01  8.002E-02
  417.5000  1.466E+00  1.459E+00  1.439E+00  1.405E+00  1.359E+00  1.300E+00  1.229E+00  1.147E+00  1.055E+00  9.533E-01  8.441E-01  7.286E-01  6.088E-01  4.873E-01  3.674E-01  2.539E-01  1.534E-01  7.317E-02
  418.5000  1.477E+00  1.470E+00  1.450E+00  1.416E+00  1.369E+00  1.310E+00  1.239E+00  1.156E+00  1.063E+00  9.610E-01  8.510E-01  7.347E-01  6.140E-01  4.915E-01  3.706E-01  2.561E-01  1.547E-01  7.376E-02
  419.5000  1.525E+00  1.518E+00  1.497E+00  1.462E+00  1.414E+00  1.353E+00  1.279E+00  1.194E+00  1.098E+00  9.929E-01  8.794E-01  7.593E-01  6.347E-01  5.081E-01  3.832E-01  2.648E-01  1.599E-01  7.623E-02
------------------------------------------------------------
Dose rates, W m-2
   1 = UV-B, 280-315 nm                                  
   2 = UV-B*, 280-320 nm                                 
   3 = UV-A, 315-400 nm                                  
   4 = DNA damage, in vitro (Setlow, 1974)               
   5 = UV index (WMO, 1994; Webb et al., 2011)           
   6 = Plant damage (Caldwell, 1971)                     
   7 = Plant damage,Flint&Caldwell,2003,orig.            
   8 = Plant damage,Flint&Caldwell,2003,ext390           
values at z =      0.000 km
Columns: sza, weighting spectra
 sza, deg.          1          2          3          4          5          6          7          8
    0.0000  2.276E+00  4.050E+00  6.438E+01  8.706E-03  1.324E+01  4.334E-01  1.253E+00  1.706E+00
    5.0000  2.258E+00  4.021E+00  6.405E+01  8.603E-03  1.312E+01  4.292E-01  1.245E+00  1.695E+00
   10.0000  2.201E+00  3.930E+00  6.309E+01  8.259E-03  1.273E+01  4.144E-01  1.218E+00  1.662E+00
   15.0000  2.106E+00  3.782E+00  6.150E+01  7.712E-03  1.209E+01  3.905E-01  1.175E+00  1.608E+00
   20.0000  1.979E+00  3.579E+00  5.931E+01  6.994E-03  1.125E+01  3.588E-01  1.116E+00  1.534E+00
   25.0000  1.822E+00  3.328E+00  5.652E+01  6.152E-03  1.022E+01  3.208E-01  1.044E+00  1.443E+00
   30.0000  1.640E+00  3.036E+00  5.320E+01  5.236E-03  9.071E+00  2.782E-01  9.597E-01  1.337E+00
   35.0000  1.440E+00  2.710E+00  4.937E+01  4.299E-03  7.837E+00  2.333E-01  8.670E-01  1.218E+00
   40.0000  1.229E+00  2.360E+00  4.509E+01  3.392E-03  6.577E+00  1.882E-01  7.682E-01  1.089E+00
   45.0000  1.013E+00  1.997E+00  4.043E+01  2.558E-03  5.343E+00  1.450E-01  6.660E-01  9.550E-01
   50.0000  8.027E-01  1.633E+00  3.546E+01  1.833E-03  4.181E+00  1.058E-01  5.634E-01  8.180E-01
   55.0000  6.047E-01  1.281E+00  3.028E+01  1.236E-03  3.135E+00  7.204E-02  4.631E-01  6.815E-01
   60.0000  4.272E-01  9.532E-01  2.500E+01  7.766E-04  2.234E+00  4.500E-02  3.676E-01  5.490E-01
   65.0000  2.774E-01  6.622E-01  1.977E+01  4.487E-04  1.499E+00  2.509E-02  2.795E-01  4.238E-01
   70.0000  1.603E-01  4.191E-01  1.474E+01  2.350E-04  9.329E-01  1.203E-02  2.009E-01  3.091E-01
   75.0000  7.824E-02  2.315E-01  1.013E+01  1.103E-04  5.275E-01  4.746E-03  1.335E-01  2.083E-01
   80.0000  2.960E-02  1.027E-01  6.128E+00  4.606E-05  2.606E-01  1.548E-03  7.841E-02  1.241E-01
   85.0000  8.157E-03  3.102E-02  2.906E+00  1.664E-05  1.021E-01  5.115E-04  3.595E-02  5.805E-02
------------------------------------------------------------
