Spectral Irradiance, W m-2 nm-1
values at z =      0.000 km
Columns: wavelength (nm), solar zenith angles (deg.)
    wc, nm      0.000      5.000     10.000     15.000     20.000     25.000     30.000     35.000     40.000     45.000     50.000     55.000     60.000     65.000     70.000     75.000     80.000     85.000
  120.7000  0.000E+00  0.000E+00  0.000E+00  0.000E+00  0.000E+00  0.000E+00  0.000E+00  0.000E+00  0.000E+00  0.000E+00  0.000E+00  0.000E+00  0.000E+00  0.000E+00  0.000E+00  0.000E+00  0.000E+00  0.000E+00
  121.6500  0.000E+00  0.000E+00  0.000E+00  0.000E+00  0.000E+00  0.000E+00  0.000E+00  0.000E+00  0.000E+00  0.000E+00  0.000E+00  0.000E+00  0.000E+00  0.000E+00  0.000E+00  0.000E+00  0.000E+00  0.000E+00
  122.1000  0.000E+00  0.000E+00  0.000E+00  0.000E+00  0.000E+00  0.000E+00  0.000E+00  0.000E+00  0.000E+00  0.000E+00  0.000E+00  0.000E+00  0.000E+00  0.000E+00  0.000E+00  0.000E+00  0.000E+00  0.000E+00
  122.7000  0.000E+00  0.000E+00  0.000E+00  0.000E+00  0.000E+00  0.000E+00  0.000E+00  0.000E+00  0.000E+00  0.000E+00  0.000E+00  0.000E+00  0.000E+00  0.000E+00  0.000E+00  0.000E+00  0.000E+00  0.000E+00
  123.4500  0.000E+00  0.000E+00  0.000E+00  0.000E+00  0.000E+00  0.000E+00  0.000E+00  0.000E+00  0.000E+00  0.000E+00  0.000E+00  0.000E+00  0.000E+00  0.000E+00  0.000E+00  0.000E+00  0.000E+00  0.000E+00
  124.2000  0.000E+00  0.000E+00  0.000E+00  0.000E+00  0.000E+00  0.000E+00  0.000E+00  0.000E+00  0.000E+00  0.000E+00  0.000E+00  0.000E+00  0.000E+00  0.000E+00  0.000E+00  0.000E+00  0.000E+00  0.000E+00
  125.0000  0.000E+00  0.000E+00  0.000E+00  0.000E+00  0.000E+00  0.000E+00  0.000E+00  0.000E+00  0.000E+00  0.000E+00  0.000E+00  0.000E+00  0.000E+00  0.000E+00  0.000E+00  0.000E+00  0.000E+00  0.000E+00
  125.8000  0.000E+00  0.000E+00  0.000E+00  0.000E+00  0.000E+00  0.000E+00  0.000E+00  0.000E+00  0.000E+00  0.000E+00  0.000E+00  0.000E+00  0.000E+00  0.000E+00  0.000E+00  0.000E+00  0.000E+00  0.000E+00
  126.6000  0.000E+00  0.000E+00  0.000E+00  0.000E+00  0.000E+00  0.000E+00  0.000E+00  0.000E+00  0.000E+00  0.000E+00  0.000E+00  0.000E+00  0.000E+00  0.000E+00  0.000E+00  0.000E+00  0.000E+00  0.000E+00
  127.8000  0.000E+00  0.000E+00  0.000E+00  0.000E+00  0.000E+00  0.000E+00  0.000E+00  0.000E+00  0.000E+00  0.000E+00  0.000E+00  0.000E+00  0.000E+00  0.000E+00  0.000E+00  0.000E+00  0.000E+00  0.000E+00
  129.0000  0.000E+00  0.000E+00  0.000E+00  0.000E+00  0.000E+00  0.000E+00  0.000E+00  0.000E+00  0.000E+00  0.000E+00  0.000E+00  0.000E+00  0.000E+00  0.000E+00  0.000E+00  0.000E+00  0.000E+00  0.000E+00
  129.8500  0.000E+00  0.000E+00  0.000E+00  0.000E+00  0.000E+00  0.000E+00  0.000E+00  0.000E+00  0.000E+00  0.000E+00  0.000E+00  0.000E+00  0.000E+00  0.000E+00  0.000E+00  0.000E+00  0.000E+00  0.000E+00
  131.1500  0.000E+00  0.000E+00  0.000E+00  0.000E+00  0.000E+00  0.000E+00  0.000E+00  0.000E+00  0.000E+00  0.000E+00  0.000E+00  0.000E+00  0.000E+00  0.000E+00  0.000E+00  0.000E+00  0.000E+00  0.000E+00
  133.5000  0.000E+00  0.000E+00  0.000E+00  0.000E+00  0.000E+00  0.000E+00  0.000E+00  0.000E+00  0.000E+00  0.000E+00  0.000E+00  0.000E+00  0.000E+00  0.000E+00  0.000E+00  0.000E+00  0.000E+00  0.000E+00
  136.0000  0.000E+00  0.000E+00  0.000E+00  0.000E+00  0.000E+00  0.000E+00  0.000E+00  0.000E+00  0.000E+00  0.000E+00  0.000E+00  0.000E+00  0.000E+00  0.000E+00  0.000E+00  0.000E+00  0.000E+00  0.000E+00
  141.0000  0.000E+00  0.000E+00  0.000E+00  0.000E+00  0.000E+00  0.000E+00  0.000E+00  0.000E+00  0.000E+00  0.000E+00  0.000E+00  0.000E+00  0.000E+00  0.000E+00  0.000E+00  0.000E+00  0.000E+00  0.000E+00
  150.0000  0.000E+00  0.000E+00  0.000E+00  0.000E+00  0.000E+00  0.000E+00  0.000E+00  0.000E+00  0.000E+00  0.000E+00  0.000E+00  0.000E+00  0.000E+00  0.000E+00  0.000E+00  0.000E+00  0.000E+00  0.000E+00
  160.0000  0.000E+00  0.000E+00  0.000E+00  0.000E+00  0.000E+00  0.000E+00  0.000E+00  0.000E+00  0.000E+00  0.000E+00  0.000E+00  0.000E+00  0.000E+00  0.000E+00  0.000E+00  0.000E+00  0.000E+00  0.000E+00
  167.5000  0.000E+00  0.000E+00  0.000E+00  0.000E+00  0.000E+00  0.000E+00  0.000E+00  0.000E+00  0.000E+00  0.000E+00  0.000E+00  0.000E+00  0.000E+00  0.000E+00  0.000E+00  0.000E+00  0.000E+00  0.000E+00
  172.7000  0.000E+00  0.000E+00  0.000E+00  0.000E+00  0.000E+00  0.000E+00  0.000E+00  0.000E+00  0.000E+00  0.000E+00  0.000E+00  0.000E+00  0.000E+00  0.000E+00  0.000E+00  0.000E+00  0.000E+00  0.000E+00
  176.2000  0.000E+00  0.000E+00  0.000E+00  0.000E+00  0.000E+00  0.000E+00  0.000E+00  0.000E+00  0.000E+00  0.000E+00  0.000E+00  0.000E+00  0.000E+00  0.000E+00  0.000E+00  0.000E+00  0.000E+00  0.000E+00
  177.8000  0.000E+00  0.000E+00  0.000E+00  0.000E+00  0.000E+00  0.000E+00  0.000E+00  0.000E+00  0.000E+00  0.000E+00  0.000E+00  0.000E+00  0.000E+00  0.000E+00  0.000E+00  0.000E+00  0.000E+00  0.000E+00
  179.4000  0.000E+00  0.000E+00  0.000E+00  0.000E+00  0.000E+00  0.000E+00  0.000E+00  0.000E+00  0.000E+00  0.000E+00  0.000E+00  0.000E+00  0.000E+00  0.000E+00  0.000E+00  0.000E+00  0.000E+00  0.000E+00
  181.0000  0.000E+00  0.000E+00  0.000E+00  0.000E+00  0.000E+00  0.000E+00  0.000E+00  0.000E+00  0.000E+00  0.000E+00  0.000E+00  0.000E+00  0.000E+00  0.000E+00  0.000E+00  0.000E+00  0.000E+00  0.000E+00
  182.6500  0.000E+00  0.000E+00  0.000E+00  0.000E+00  0.000E+00  0.000E+00  0.000E+00  0.000E+00  0.000E+00  0.000E+00  0.000E+00  0.000E+00  0.000E+00  0.000E+00  0.000E+00  0.000E+00  0.000E+00  0.000E+00
  184.3500  0.000E+00  0.000E+00  0.000E+00  0.000E+00  0.000E+00  0.000E+00  0.000E+00  0.000E+00  0.000E+00  0.000E+00  0.000E+00  0.000E+00  0.000E+00  0.000E+00  0.000E+00  0.000E+00  0.000E+00  0.000E+00
  186.0500  0.000E+00  0.000E+00  0.000E+00  0.000E+00  0.000E+00  0.000E+00  0.000E+00  0.000E+00  0.000E+00  0.000E+00  0.000E+00  0.000E+00  0.000E+00  0.000E+00  0.000E+00  0.000E+00  0.000E+00  0.000E+00
  187.8000  0.000E+00  0.000E+00  0.000E+00  0.000E+00  0.000E+00  0.000E+00  0.000E+00  0.000E+00  0.000E+00  0.000E+00  0.000E+00  0.000E+00  0.000E+00  0.000E+00  0.000E+00  0.000E+00  0.000E+00  0.000E+00
  189.6000  0.000E+00  0.000E+00  0.000E+00  0.000E+00  0.000E+00  0.000E+00  0.000E+00  0.000E+00  0.000E+00  0.000E+00  0.000E+00  0.000E+00  0.000E+00  0.000E+00  0.000E+00  0.000E+00  0.000E+00  0.000E+00
  191.4000  0.000E+00  0.000E+00  0.000E+00  0.000E+00  0.000E+00  0.000E+00  0.000E+00  0.000E+00  0.000E+00  0.000E+00  0.000E+00  0.000E+00  0.000E+00  0.000E+00  0.000E+00  0.000E+00  0.000E+00  0.000E+00
  193.2500  0.000E+00  0.000E+00  0.000E+00  0.000E+00  0.000E+00  0.000E+00  0.000E+00  0.000E+00  0.000E+00  0.000E+00  0.000E+00  0.000E+00  0.000E+00  0.000E+00  0.000E+00  0.000E+00  0.000E+00  0.000E+00
  195.1500  0.000E+00  0.000E+00  0.000E+00  0.000E+00  0.000E+00  0.000E+00  0.000E+00  0.000E+00  0.000E+00  0.000E+00  0.000E+00  0.000E+00  0.000E+00  0.000E+00  0.000E+00  0.000E+00  0.000E+00  0.000E+00
  197.0500  0.000E+00  0.000E+00  0.000E+00  0.000E+00  0.000E+00  0.000E+00  0.000E+00  0.000E+00  0.000E+00  0.000E+00  0.000E+00  0.000E+00  0.000E+00  0.000E+00  0.000E+00  0.000E+00  0.000E+00  0.000E+00
  199.0000  0.000E+00  0.000E+00  0.000E+00  0.000E+00  0.000E+00  0.000E+00  0.000E+00  0.000E+00  0.000E+00  0.000E+00  0.000E+00  0.000E+00  0.000E+00  0.000E+00  0.000E+00  0.000E+00  0.000E+00  0.000E+00
  201.0000  0.000E+00  0.000E+00  0.000E+00  0.000E+00  0.000E+00  0.000E+00  0.000E+00  0.000E+00  0.000E+00  0.000E+00  0.000E+00  0.000E+00  0.000E+00  0.000E+00  0.000E+00  0.000E+00  0.000E+00  0.000E+00
  203.0500  0.000E+00  0.000E+00  0.000E+00  0.000E+00  0.000E+00  0.000E+00  0.000E+00  0.000E+00  0.000E+00  0.000E+00  0.000E+00  0.000E+00  0.000E+00  0.000E+00  0.000E+00  0.000E+00  0.000E+00  0.000E+00
  205.1500  0.000E+00  0.000E+00  0.000E+00  0.000E+00  0.000E+00  0.000E+00  0.000E+00  0.000E+00  0.000E+00  0.000E+00  0.000E+00  0.000E+00  0.000E+00  0.000E+00  0.000E+00  0.000E+00  0.000E+00  0.000E+00
  207.2665  1.799E-19  1.547E-19  9.781E-20  4.469E-20  1.432E-20  3.072E-21  4.133E-22  3.183E-23  1.247E-24  2.223E-26  2.583E-28  2.216E-29  8.635E-30  4.610E-30  2.715E-30  1.622E-30  9.129E-31  4.239E-31
  209.4295  1.990E-18  1.724E-18  1.114E-18  5.287E-19  1.790E-19  4.138E-20  6.138E-21  5.361E-22  2.468E-23  5.411E-25  8.005E-27  7.285E-28  2.817E-28  1.501E-28  8.852E-29  5.304E-29  2.996E-29  1.394E-29
  211.6460  3.009E-17  2.629E-17  1.744E-17  8.658E-18  3.130E-18  7.910E-19  1.319E-19  1.339E-20  7.482E-22  2.111E-23  4.252E-25  4.291E-26  1.652E-26  8.790E-27  5.200E-27  3.132E-27  1.779E-27  8.315E-28
  213.9100  1.940E-16  1.706E-16  1.155E-16  5.938E-17  2.257E-17  6.109E-18  1.114E-18  1.270E-19  8.227E-21  2.809E-22  7.038E-24  7.443E-25  2.817E-25  1.492E-25  8.855E-26  5.366E-26  3.071E-26  1.443E-26
  216.2225  1.208E-15  1.070E-15  7.410E-16  3.956E-16  1.590E-16  4.639E-17  9.339E-18  1.210E-18  9.243E-20  3.909E-21  1.259E-22  1.425E-23  5.291E-24  2.788E-24  1.661E-24  1.016E-24  5.874E-25  2.784E-25
  218.5855  1.515E-14  1.354E-14  9.632E-15  5.386E-15  2.316E-15  7.408E-16  1.682E-16  2.547E-17  2.383E-18  1.316E-19  5.841E-21  7.384E-22  2.692E-22  1.410E-22  8.458E-23  5.235E-23  3.073E-23  1.477E-23
  221.0010  9.882E-14  8.896E-14  6.467E-14  3.752E-14  1.702E-14  5.860E-15  1.465E-15  2.513E-16  2.764E-17  1.886E-18  1.061E-19  1.420E-20  5.003E-21  2.595E-21  1.568E-21  9.843E-22  5.876E-22  2.870E-22
  223.4705  7.045E-13  6.385E-13  4.737E-13  2.845E-13  1.358E-13  5.008E-14  1.371E-14  2.646E-15  3.393E-16  2.827E-17  1.971E-18  2.749E-19  9.266E-20  4.751E-20  2.897E-20  1.848E-20  1.125E-20  5.605E-21
  225.9960  3.934E-12  3.593E-12  2.728E-12  1.705E-12  8.631E-13  3.446E-13  1.048E-13  2.320E-14  3.558E-15  3.741E-16  3.342E-17  4.948E-18  1.588E-18  8.046E-19  4.967E-19  3.230E-19  2.013E-19  1.028E-19
  228.5790  1.991E-11  1.830E-11  1.417E-11  9.151E-12  4.858E-12  2.071E-12  6.868E-13  1.702E-13  3.024E-14  3.829E-15  4.085E-16  6.129E-17  1.841E-17  9.212E-18  5.771E-18  3.830E-18  2.444E-18  1.283E-18
  231.2215  6.806E-11  6.285E-11  4.934E-11  3.267E-11  1.798E-11  8.053E-12  2.850E-12  7.689E-13  1.523E-13  2.197E-14  2.601E-15  3.780E-16  1.047E-16  5.190E-17  3.304E-17  2.236E-17  1.458E-17  7.848E-18
  233.9260  1.344E-10  1.246E-10  9.892E-11  6.677E-11  3.780E-11  1.759E-11  6.551E-12  1.887E-12  4.056E-13  6.408E-14  8.025E-15  1.095E-15  2.766E-16  1.365E-16  8.839E-17  6.089E-17  4.052E-17  2.232E-17
  236.6945  3.372E-10  3.135E-10  2.513E-10  1.723E-10  9.984E-11  4.796E-11  1.861E-11  5.649E-12  1.293E-12  2.177E-13  2.794E-14  3.512E-15  8.043E-16  3.970E-16  2.614E-16  1.831E-16  1.240E-16  6.975E-17
  239.5295  1.903E-09  1.783E-09  1.464E-09  1.046E-09  6.431E-10  3.347E-10  1.442E-10  4.989E-11  1.338E-11  2.680E-12  3.977E-13  5.096E-14  1.079E-14  5.319E-15  3.568E-15  2.549E-15  1.769E-15  1.030E-15
  242.4330  4.162E-08  3.938E-08  3.328E-08  2.498E-08  1.649E-08  9.435E-09  4.579E-09  1.831E-09  5.806E-10  1.352E-10  2.411E-11  3.265E-12  6.479E-13  3.176E-13  2.169E-13  1.582E-13  1.127E-13  6.841E-14
  245.4080  1.212E-08  1.141E-08  9.511E-09  6.973E-09  4.447E-09  2.427E-09  1.107E-09  4.088E-10  1.169E-10  2.451E-11  3.569E-12  3.897E-13  6.872E-14  3.422E-14  2.355E-14  1.723E-14  1.227E-14  7.405E-15
  248.4570  4.473E-09  4.197E-09  3.458E-09  2.485E-09  1.540E-09  8.077E-10  3.498E-10  1.207E-10  3.165E-11  5.924E-12  7.429E-13  6.716E-14  1.068E-14  5.389E-15  3.728E-15  2.734E-15  1.945E-15  1.167E-15
  251.5825  2.533E-09  2.372E-09  1.942E-09  1.380E-09  8.418E-10  4.322E-10  1.819E-10  6.047E-11  1.510E-11  2.650E-12  3.047E-13  2.451E-14  3.619E-15  1.830E-15  1.269E-15  9.312E-16  6.624E-16  3.963E-16
  254.7875  2.931E-09  2.742E-09  2.239E-09  1.585E-09  9.605E-10  4.888E-10  2.033E-10  6.655E-11  1.627E-11  2.755E-12  3.063E-13  2.313E-14  3.229E-15  1.627E-15  1.128E-15  8.278E-16  5.888E-16  3.521E-16
  258.0750  8.733E-09  8.183E-09  6.718E-09  4.799E-09  2.946E-09  1.526E-09  6.490E-10  2.186E-10  5.537E-11  9.865E-12  1.147E-12  9.088E-14  1.248E-14  6.163E-15  4.257E-15  3.121E-15  2.222E-15  1.334E-15
  261.4490  1.560E-08  1.467E-08  1.216E-08  8.828E-09  5.551E-09  2.969E-09  1.317E-09  4.681E-10  1.269E-10  2.461E-11  3.177E-12  2.821E-13  3.921E-14  1.873E-14  1.286E-14  9.405E-15  6.704E-15  4.054E-15
  264.9125  1.593E-07  1.505E-07  1.267E-07  9.448E-08  6.172E-08  3.477E-08  1.650E-08  6.390E-09  1.932E-09  4.097E-10  6.604E-11  7.140E-12  1.050E-12  4.762E-13  3.229E-13  2.353E-13  1.680E-13  1.026E-13
  268.4685  1.030E-06  9.802E-07  8.423E-07  6.505E-07  4.472E-07  2.700E-07  1.402E-07  6.095E-08  2.134E-08  5.724E-09  1.112E-09  1.578E-10  2.605E-11  1.096E-11  7.272E-12  5.258E-12  3.755E-12  2.323E-12
  272.1215  6.979E-06  6.689E-06  5.881E-06  4.723E-06  3.437E-06  2.241E-06  1.287E-06  6.360E-07  2.622E-07  8.653E-08  2.184E-08  4.207E-09  8.240E-10  3.183E-10  2.032E-10  1.451E-10  1.033E-10  6.469E-11
  275.8755  5.270E-05  5.092E-05  4.587E-05  3.840E-05  2.968E-05  2.100E-05  1.341E-05  7.600E-06  3.561E-06  1.533E-06  5.104E-07  1.361E-07  3.356E-08  1.212E-08  7.197E-09  5.025E-09  3.545E-09  2.239E-09
  279.7340  2.536E-04  2.469E-04  2.275E-04  1.979E-04  1.618E-04  1.234E-04  8.703E-05  5.595E-05  3.221E-05  1.622E-05  6.962E-06  2.505E-06  7.974E-07  2.885E-07  1.535E-07  1.027E-07  7.114E-08  4.492E-08
  283.7020  2.848E-03  2.790E-03  2.622E-03  2.359E-03  2.025E-03  1.651E-03  1.269E-03  9.091E-04  6.033E-04  3.623E-04  1.935E-04  9.031E-05  3.712E-05  1.479E-05  7.075E-06  4.349E-06  2.908E-06  1.808E-06
  287.7845  1.613E-02  1.588E-02  1.516E-02  1.401E-02  1.251E-02  1.076E-02  8.856E-03  6.940E-03  5.131E-03  3.538E-03  2.243E-03  1.287E-03  6.616E-04  3.102E-04  1.458E-04  7.930E-05  4.942E-05  2.961E-05
  291.9865  7.335E-02  7.251E-02  7.004E-02  6.604E-02  6.068E-02  5.423E-02  4.696E-02  3.923E-02  3.144E-02  2.397E-02  1.721E-02  1.149E-02  7.040E-03  3.919E-03  2.012E-03  1.023E-03  5.665E-04  3.162E-04
  296.3090  1.341E-01  1.329E-01  1.294E-01  1.237E-01  1.158E-01  1.062E-01  9.510E-02  8.289E-02  7.005E-02  5.706E-02  4.448E-02  3.287E-02  2.273E-02  1.451E-02  8.440E-03  4.484E-03  2.274E-03  1.133E-03
  300.5000  1.761E-01  1.748E-01  1.710E-01  1.646E-01  1.560E-01  1.452E-01  1.326E-01  1.185E-01  1.033E-01  8.744E-02  7.151E-02  5.607E-02  4.173E-02  2.908E-02  1.865E-02  1.077E-02  5.508E-03  2.483E-03
  303.0000  2.808E-01  2.789E-01  2.733E-01  2.640E-01  2.512E-01  2.353E-01  2.166E-01  1.955E-01  1.726E-01  1.484E-01  1.238E-01  9.943E-02  7.625E-02  5.514E-02  3.697E-02  2.240E-02  1.182E-02  5.181E-03
  304.0000  2.706E-01  2.688E-01  2.635E-01  2.548E-01  2.427E-01  2.277E-01  2.079E-01  1.900E-01  1.683E-01  1.453E-01  1.217E-01  9.832E-02  7.594E-02  5.541E-02  3.754E-02  2.302E-02  1.228E-02  5.358E-03
  305.0000  3.152E-01  3.132E-01  3.071E-01  2.972E-01  2.836E-01  2.665E-01  2.464E-01  2.236E-01  1.988E-01  1.724E-01  1.453E-01  1.183E-01  9.219E-02  6.804E-02  4.676E-02  2.916E-02  1.579E-02  6.887E-03
  306.0000  2.676E-01  2.659E-01  2.609E-01  2.526E-01  2.413E-01  2.271E-01  2.102E-01  1.912E-01  1.704E-01  1.482E-01  1.254E-01  1.026E-01  8.041E-02  5.979E-02  4.146E-02  2.614E-02  1.430E-02  6.244E-03
  307.0000  3.092E-01  3.073E-01  3.016E-01  2.923E-01  2.794E-01  2.633E-01  2.430E-01  2.226E-01  1.988E-01  1.736E-01  1.475E-01  1.212E-01  9.563E-02  7.167E-02  5.020E-02  3.203E-02  1.775E-02  7.777E-03
  308.0000  3.283E-01  3.263E-01  3.204E-01  3.106E-01  2.972E-01  2.804E-01  2.605E-01  2.379E-01  2.130E-01  1.865E-01  1.590E-01  1.313E-01  1.042E-01  7.868E-02  5.561E-02  3.588E-02  2.014E-02  8.871E-03
  309.0000  3.225E-01  3.206E-01  3.149E-01  3.054E-01  2.924E-01  2.760E-01  2.567E-01  2.346E-01  2.104E-01  1.846E-01  1.577E-01  1.306E-01  1.040E-01  7.878E-02  5.596E-02  3.633E-02  2.053E-02  9.073E-03
  310.0000  2.864E-01  2.848E-01  2.798E-01  2.715E-01  2.602E-01  2.459E-01  2.290E-01  2.098E-01  1.886E-01  1.659E-01  1.423E-01  1.184E-01  9.483E-02  7.242E-02  5.194E-02  3.413E-02  1.957E-02  8.739E-03
  311.0000  4.623E-01  4.587E-01  4.516E-01  4.384E-01  4.203E-01  3.975E-01  3.704E-01  3.396E-01  3.057E-01  2.693E-01  2.314E-01  1.928E-01  1.548E-01  1.186E-01  8.537E-02  5.637E-02  3.250E-02  1.457E-02
  312.0000  3.889E-01  3.867E-01  3.800E-01  3.691E-01  3.540E-01  3.351E-01  3.126E-01  2.869E-01  2.586E-01  2.282E-01  1.965E-01  1.643E-01  1.324E-01  1.018E-01  7.371E-02  4.901E-02  2.851E-02  1.288E-02
  313.0000  4.103E-01  4.080E-01  4.011E-01  3.897E-01  3.740E-01  3.542E-01  3.307E-01  3.039E-01  2.743E-01  2.426E-01  2.093E-01  1.754E-01  1.418E-01  1.096E-01  7.974E-02  5.340E-02  3.134E-02  1.428E-02
  314.0000  4.385E-01  4.360E-01  4.287E-01  4.165E-01  3.998E-01  3.788E-01  3.539E-01  3.254E-01  2.939E-01  2.600E-01  2.246E-01  1.884E-01  1.526E-01  1.180E-01  8.609E-02  5.779E-02  3.403E-02  1.554E-02
  316.0000  4.136E-01  4.113E-01  4.045E-01  3.933E-01  3.778E-01  3.583E-01  3.352E-01  3.087E-01  2.794E-01  2.479E-01  2.148E-01  1.809E-01  1.472E-01  1.146E-01  8.420E-02  5.709E-02  3.407E-02  1.579E-02
  320.0000  4.865E-01  4.838E-01  4.760E-01  4.631E-01  4.453E-01  4.229E-01  3.962E-01  3.657E-01  3.318E-01  2.952E-01  2.567E-01  2.172E-01  1.776E-01  1.391E-01  1.031E-01  7.062E-02  4.273E-02  2.014E-02
  325.0000  5.828E-01  5.797E-01  5.706E-01  5.554E-01  5.345E-01  5.082E-01  4.768E-01  4.407E-01  4.007E-01  3.575E-01  3.118E-01  2.647E-01  2.174E-01  1.712E-01  1.276E-01  8.808E-02  5.389E-02  2.579E-02
  330.0000  7.048E-01  7.011E-01  6.902E-01  6.721E-01  6.472E-01  6.157E-01  5.781E-01  5.350E-01  4.871E-01  4.351E-01  3.802E-01  3.234E-01  2.662E-01  2.101E-01  1.570E-01  1.087E-01  6.681E-02  3.220E-02
  335.0000  6.610E-01  6.576E-01  6.474E-01  6.307E-01  6.075E-01  5.783E-01  5.434E-01  5.033E-01  4.587E-01  4.103E-01  3.589E-01  3.058E-01  2.520E-01  1.993E-01  1.491E-01  1.034E-01  6.371E-02  3.085E-02
  340.0000  7.146E-01  7.110E-01  7.001E-01  6.822E-01  6.574E-01  6.260E-01  5.885E-01  5.455E-01  4.975E-01  4.454E-01  3.901E-01  3.326E-01  2.745E-01  2.172E-01  1.626E-01  1.128E-01  6.953E-02  3.373E-02
  345.0000  7.032E-01  6.996E-01  6.890E-01  6.715E-01  6.473E-01  6.167E-01  5.800E-01  5.379E-01  4.910E-01  4.399E-01  3.856E-01  3.291E-01  2.718E-01  2.153E-01  1.612E-01  1.118E-01  6.889E-02  3.344E-02
  350.0000  7.361E-01  7.324E-01  7.214E-01  7.031E-01  6.780E-01  6.461E-01  6.080E-01  5.642E-01  5.152E-01  4.620E-01  4.052E-01  3.462E-01  2.861E-01  2.267E-01  1.698E-01  1.177E-01  7.242E-02  3.514E-02
  355.0000  7.783E-01  7.744E-01  7.628E-01  7.437E-01  7.173E-01  6.838E-01  6.438E-01  5.977E-01  5.462E-01  4.901E-01  4.302E-01  3.679E-01  3.043E-01  2.413E-01  1.808E-01  1.252E-01  7.696E-02  3.734E-02
  360.0000  7.119E-01  7.084E-01  6.979E-01  6.805E-01  6.565E-01  6.261E-01  5.897E-01  5.478E-01  5.009E-01  4.497E-01  3.951E-01  3.381E-01  2.799E-01  2.221E-01  1.664E-01  1.152E-01  7.073E-02  3.430E-02
  365.0000  9.057E-01  9.013E-01  8.880E-01  8.660E-01  8.357E-01  7.972E-01  7.512E-01  6.981E-01  6.387E-01  5.738E-01  5.046E-01  4.321E-01  3.580E-01  2.842E-01  2.131E-01  1.475E-01  9.040E-02  4.381E-02
  370.0000  9.422E-01  9.376E-01  9.239E-01  9.012E-01  8.698E-01  8.300E-01  7.824E-01  7.275E-01  6.659E-01  5.987E-01  5.268E-01  4.515E-01  3.744E-01  2.975E-01  2.231E-01  1.543E-01  9.446E-02  4.575E-02
  375.0000  8.516E-01  8.475E-01  8.352E-01  8.148E-01  7.866E-01  7.509E-01  7.080E-01  6.586E-01  6.032E-01  5.427E-01  4.779E-01  4.099E-01  3.402E-01  2.705E-01  2.029E-01  1.403E-01  8.577E-02  4.150E-02
  380.0000  9.795E-01  9.748E-01  9.607E-01  9.374E-01  9.052E-01  8.643E-01  8.153E-01  7.587E-01  6.953E-01  6.259E-01  5.515E-01  4.735E-01  3.933E-01  3.129E-01  2.349E-01  1.623E-01  9.910E-02  4.790E-02
  385.0000  7.388E-01  7.353E-01  7.248E-01  7.073E-01  6.831E-01  6.524E-01  6.157E-01  5.732E-01  5.255E-01  4.734E-01  4.174E-01  3.586E-01  2.981E-01  2.374E-01  1.783E-01  1.232E-01  7.509E-02  3.625E-02
  390.0000  9.653E-01  9.607E-01  9.470E-01  9.243E-01  8.928E-01  8.530E-01  8.052E-01  7.499E-01  6.880E-01  6.200E-01  5.471E-01  4.704E-01  3.914E-01  3.119E-01  2.343E-01  1.619E-01  9.855E-02  4.751E-02
  395.0000  7.491E-01  7.456E-01  7.350E-01  7.175E-01  6.932E-01  6.625E-01  6.255E-01  5.829E-01  5.349E-01  4.824E-01  4.259E-01  3.665E-01  3.052E-01  2.434E-01  1.830E-01  1.264E-01  7.684E-02  3.699E-02
  400.0000  1.391E+00  1.385E+00  1.365E+00  1.333E+00  1.288E+00  1.231E+00  1.163E+00  1.084E+00  9.953E-01  8.981E-01  7.935E-01  6.833E-01  5.694E-01  4.545E-01  3.419E-01  2.362E-01  1.434E-01  6.890E-02
  405.0000  1.419E+00  1.412E+00  1.393E+00  1.360E+00  1.314E+00  1.256E+00  1.187E+00  1.107E+00  1.017E+00  9.181E-01  8.117E-01  6.994E-01  5.833E-01  4.660E-01  3.508E-01  2.423E-01  1.469E-01  7.048E-02
  410.0000  1.464E+00  1.457E+00  1.437E+00  1.403E+00  1.356E+00  1.297E+00  1.226E+00  1.143E+00  1.051E+00  9.491E-01  8.397E-01  7.241E-01  6.044E-01  4.832E-01  3.639E-01  2.515E-01  1.523E-01  7.290E-02
  415.0000  1.526E+00  1.518E+00  1.497E+00  1.462E+00  1.414E+00  1.352E+00  1.279E+00  1.193E+00  1.097E+00  9.913E-01  8.775E-01  7.572E-01  6.325E-01  5.061E-01  3.815E-01  2.636E-01  1.594E-01  7.618E-02
  420.0000  1.540E+00  1.533E+00  1.512E+00  1.477E+00  1.428E+00  1.366E+00  1.292E+00  1.206E+00  1.109E+00  1.003E+00  8.882E-01  7.670E-01  6.412E-01  5.135E-01  3.873E-01  2.677E-01  1.617E-01  7.712E-02
  425.0000  1.471E+00  1.464E+00  1.444E+00  1.410E+00  1.364E+00  1.305E+00  1.235E+00  1.153E+00  1.061E+00  9.595E-01  8.503E-01  7.348E-01  6.147E-01  4.927E-01  3.719E-01  2.571E-01  1.552E-01  7.381E-02
  430.0000  1.357E+00  1.351E+00  1.332E+00  1.301E+00  1.259E+00  1.205E+00  1.140E+00  1.065E+00  9.802E-01  8.870E-01  7.865E-01  6.801E-01  5.694E-01  4.567E-01  3.450E-01  2.386E-01  1.439E-01  6.828E-02
  435.0000  1.575E+00  1.568E+00  1.547E+00  1.511E+00  1.462E+00  1.400E+00  1.325E+00  1.238E+00  1.140E+00  1.032E+00  9.153E-01  7.920E-01  6.636E-01  5.327E-01  4.027E-01  2.786E-01  1.678E-01  7.946E-02
  440.0000  1.621E+00  1.614E+00  1.592E+00  1.555E+00  1.505E+00  1.441E+00  1.364E+00  1.275E+00  1.174E+00  1.064E+00  9.440E-01  8.173E-01  6.852E-01  5.505E-01  4.165E-01  2.883E-01  1.735E-01  8.193E-02
  445.0000  1.741E+00  1.734E+00  1.710E+00  1.671E+00  1.617E+00  1.549E+00  1.466E+00  1.371E+00  1.263E+00  1.144E+00  1.016E+00  8.804E-01  7.387E-01  5.939E-01  4.497E-01  3.114E-01  1.873E-01  8.820E-02
  450.0000  1.852E+00  1.844E+00  1.819E+00  1.778E+00  1.721E+00  1.648E+00  1.561E+00  1.459E+00  1.345E+00  1.219E+00  1.083E+00  9.390E-01  7.884E-01  6.344E-01  4.807E-01  3.331E-01  2.001E-01  9.403E-02
  455.0000  1.813E+00  1.805E+00  1.781E+00  1.740E+00  1.685E+00  1.614E+00  1.528E+00  1.430E+00  1.318E+00  1.195E+00  1.063E+00  9.215E-01  7.742E-01  6.234E-01  4.728E-01  3.278E-01  1.968E-01  9.222E-02
  460.0000  1.867E+00  1.858E+00  1.833E+00  1.792E+00  1.735E+00  1.662E+00  1.575E+00  1.473E+00  1.359E+00  1.233E+00  1.096E+00  9.511E-01  7.996E-01  6.443E-01  4.889E-01  3.391E-01  2.035E-01  9.505E-02
  465.0000  1.846E+00  1.837E+00  1.813E+00  1.772E+00  1.716E+00  1.644E+00  1.558E+00  1.458E+00  1.345E+00  1.220E+00  1.086E+00  9.427E-01  7.930E-01  6.395E-01  4.857E-01  3.371E-01  2.022E-01  9.419E-02
  470.0000  1.836E+00  1.828E+00  1.803E+00  1.763E+00  1.707E+00  1.636E+00  1.550E+00  1.451E+00  1.339E+00  1.216E+00  1.082E+00  9.399E-01  7.912E-01  6.385E-01  4.853E-01  3.370E-01  2.021E-01  9.388E-02
  475.0000  1.858E+00  1.849E+00  1.825E+00  1.784E+00  1.728E+00  1.656E+00  1.570E+00  1.470E+00  1.357E+00  1.232E+00  1.097E+00  9.533E-01  8.029E-01  6.484E-01  4.932E-01  3.427E-01  2.054E-01  9.515E-02
  480.0000  1.912E+00  1.904E+00  1.879E+00  1.837E+00  1.779E+00  1.705E+00  1.617E+00  1.514E+00  1.398E+00  1.270E+00  1.131E+00  9.832E-01  8.286E-01  6.695E-01  5.096E-01  3.542E-01  2.122E-01  9.793E-02
  485.0000  1.737E+00  1.730E+00  1.707E+00  1.669E+00  1.617E+00  1.550E+00  1.469E+00  1.376E+00  1.271E+00  1.155E+00  1.029E+00  8.952E-01  7.548E-01  6.103E-01  4.649E-01  3.233E-01  1.936E-01  8.912E-02
  490.0000  1.809E+00  1.801E+00  1.778E+00  1.738E+00  1.684E+00  1.615E+00  1.531E+00  1.434E+00  1.325E+00  1.204E+00  1.074E+00  9.343E-01  7.882E-01  6.378E-01  4.862E-01  3.383E-01  2.026E-01  9.303E-02
  495.0000  1.844E+00  1.836E+00  1.811E+00  1.771E+00  1.716E+00  1.646E+00  1.561E+00  1.462E+00  1.351E+00  1.229E+00  1.096E+00  9.538E-01  8.051E-01  6.518E-01  4.972E-01  3.463E-01  2.073E-01  9.492E-02
  500.0000  1.760E+00  1.752E+00  1.729E+00  1.691E+00  1.638E+00  1.571E+00  1.490E+00  1.397E+00  1.291E+00  1.174E+00  1.047E+00  9.119E-01  7.700E-01  6.238E-01  4.761E-01  3.317E-01  1.985E-01  9.055E-02
  505.0000  1.789E+00  1.782E+00  1.758E+00  1.720E+00  1.666E+00  1.598E+00  1.516E+00  1.421E+00  1.313E+00  1.195E+00  1.066E+00  9.287E-01  7.846E-01  6.359E-01  4.856E-01  3.384E-01  2.024E-01  9.196E-02
  510.0000  1.774E+00  1.767E+00  1.743E+00  1.705E+00  1.652E+00  1.585E+00  1.504E+00  1.410E+00  1.303E+00  1.186E+00  1.059E+00  9.226E-01  7.798E-01  6.324E-01  4.833E-01  3.371E-01  2.016E-01  9.140E-02
  515.0000  1.645E+00  1.638E+00  1.617E+00  1.581E+00  1.532E+00  1.470E+00  1.395E+00  1.308E+00  1.209E+00  1.101E+00  9.828E-01  8.569E-01  7.246E-01  5.880E-01  4.497E-01  3.138E-01  1.877E-01  8.488E-02
  520.0000  1.692E+00  1.685E+00  1.663E+00  1.626E+00  1.576E+00  1.512E+00  1.435E+00  1.346E+00  1.245E+00  1.133E+00  1.012E+00  8.827E-01  7.467E-01  6.062E-01  4.639E-01  3.239E-01  1.937E-01  8.735E-02
  525.0000  1.699E+00  1.691E+00  1.669E+00  1.633E+00  1.583E+00  1.519E+00  1.441E+00  1.352E+00  1.251E+00  1.139E+00  1.017E+00  8.874E-01  7.510E-01  6.100E-01  4.670E-01  3.262E-01  1.950E-01  8.761E-02
  530.0000  1.791E+00  1.783E+00  1.760E+00  1.722E+00  1.669E+00  1.602E+00  1.520E+00  1.426E+00  1.319E+00  1.201E+00  1.073E+00  9.368E-01  7.931E-01  6.443E-01  4.935E-01  3.448E-01  2.060E-01  9.217E-02
  535.0000  1.737E+00  1.729E+00  1.707E+00  1.670E+00  1.618E+00  1.553E+00  1.474E+00  1.383E+00  1.280E+00  1.166E+00  1.042E+00  9.095E-01  7.702E-01  6.261E-01  4.797E-01  3.354E-01  2.004E-01  8.939E-02
  540.0000  1.738E+00  1.731E+00  1.709E+00  1.672E+00  1.620E+00  1.555E+00  1.476E+00  1.385E+00  1.282E+00  1.168E+00  1.044E+00  9.117E-01  7.725E-01  6.282E-01  4.817E-01  3.369E-01  2.013E-01  8.962E-02
  545.0000  1.765E+00  1.757E+00  1.734E+00  1.697E+00  1.645E+00  1.579E+00  1.499E+00  1.407E+00  1.302E+00  1.186E+00  1.061E+00  9.267E-01  7.854E-01  6.390E-01  4.902E-01  3.431E-01  2.050E-01  9.097E-02
  550.0000  1.771E+00  1.763E+00  1.740E+00  1.703E+00  1.651E+00  1.584E+00  1.505E+00  1.412E+00  1.307E+00  1.191E+00  1.065E+00  9.310E-01  7.893E-01  6.425E-01  4.931E-01  3.453E-01  2.063E-01  9.133E-02
  555.0000  1.758E+00  1.750E+00  1.728E+00  1.691E+00  1.639E+00  1.574E+00  1.494E+00  1.403E+00  1.299E+00  1.184E+00  1.059E+00  9.258E-01  7.853E-01  6.396E-01  4.912E-01  3.442E-01  2.057E-01  9.076E-02
  560.0000  1.715E+00  1.708E+00  1.686E+00  1.649E+00  1.599E+00  1.535E+00  1.458E+00  1.369E+00  1.268E+00  1.156E+00  1.034E+00  9.040E-01  7.670E-01  6.248E-01  4.801E-01  3.365E-01  2.010E-01  8.841E-02
  565.0000  1.719E+00  1.711E+00  1.690E+00  1.653E+00  1.603E+00  1.539E+00  1.462E+00  1.372E+00  1.271E+00  1.159E+00  1.037E+00  9.069E-01  7.696E-01  6.272E-01  4.820E-01  3.380E-01  2.018E-01  8.846E-02
  570.0000  1.710E+00  1.703E+00  1.681E+00  1.645E+00  1.595E+00  1.531E+00  1.455E+00  1.366E+00  1.265E+00  1.154E+00  1.033E+00  9.031E-01  7.666E-01  6.249E-01  4.805E-01  3.370E-01  2.013E-01  8.796E-02
  575.0000  1.739E+00  1.732E+00  1.710E+00  1.673E+00  1.622E+00  1.558E+00  1.480E+00  1.390E+00  1.287E+00  1.174E+00  1.051E+00  9.196E-01  7.809E-01  6.368E-01  4.899E-01  3.438E-01  2.054E-01  8.956E-02
  580.0000  1.710E+00  1.703E+00  1.681E+00  1.645E+00  1.596E+00  1.532E+00  1.456E+00  1.367E+00  1.267E+00  1.155E+00  1.035E+00  9.055E-01  7.692E-01  6.276E-01  4.831E-01  3.394E-01  2.029E-01  8.841E-02
  585.0000  1.710E+00  1.703E+00  1.682E+00  1.646E+00  1.596E+00  1.533E+00  1.456E+00  1.368E+00  1.267E+00  1.156E+00  1.036E+00  9.068E-01  7.706E-01  6.291E-01  4.846E-01  3.407E-01  2.039E-01  8.878E-02
  590.0000  1.650E+00  1.643E+00  1.622E+00  1.588E+00  1.540E+00  1.479E+00  1.405E+00  1.320E+00  1.223E+00  1.116E+00  1.000E+00  8.759E-01  7.446E-01  6.081E-01  4.687E-01  3.297E-01  1.974E-01  8.586E-02
  595.0000  1.684E+00  1.677E+00  1.656E+00  1.620E+00  1.572E+00  1.509E+00  1.434E+00  1.347E+00  1.249E+00  1.140E+00  1.021E+00  8.945E-01  7.607E-01  6.214E-01  4.792E-01  3.372E-01  2.019E-01  8.758E-02
  600.0000  1.645E+00  1.638E+00  1.617E+00  1.583E+00  1.535E+00  1.474E+00  1.401E+00  1.316E+00  1.220E+00  1.114E+00  9.980E-01  8.742E-01  7.435E-01  6.076E-01  4.686E-01  3.298E-01  1.975E-01  8.542E-02
  605.0000  1.664E+00  1.657E+00  1.636E+00  1.601E+00  1.553E+00  1.491E+00  1.418E+00  1.332E+00  1.235E+00  1.127E+00  1.010E+00  8.852E-01  7.531E-01  6.156E-01  4.750E-01  3.346E-01  2.004E-01  8.658E-02
  610.0000  1.641E+00  1.634E+00  1.613E+00  1.579E+00  1.532E+00  1.471E+00  1.399E+00  1.314E+00  1.218E+00  1.113E+00  9.975E-01  8.743E-01  7.441E-01  6.086E-01  4.700E-01  3.314E-01  1.987E-01  8.590E-02
  615.0000  1.600E+00  1.593E+00  1.573E+00  1.540E+00  1.494E+00  1.435E+00  1.364E+00  1.282E+00  1.189E+00  1.086E+00  9.738E-01  8.537E-01  7.269E-01  5.949E-01  4.598E-01  3.245E-01  1.949E-01  8.430E-02
  620.0000  1.622E+00  1.615E+00  1.595E+00  1.561E+00  1.514E+00  1.455E+00  1.383E+00  1.300E+00  1.206E+00  1.101E+00  9.879E-01  8.663E-01  7.380E-01  6.043E-01  4.673E-01  3.302E-01  1.985E-01  8.591E-02
  625.0000  1.586E+00  1.579E+00  1.559E+00  1.526E+00  1.481E+00  1.423E+00  1.353E+00  1.271E+00  1.180E+00  1.078E+00  9.669E-01  8.482E-01  7.227E-01  5.921E-01  4.582E-01  3.240E-01  1.951E-01  8.440E-02
  630.0000  1.587E+00  1.580E+00  1.560E+00  1.527E+00  1.482E+00  1.424E+00  1.354E+00  1.273E+00  1.181E+00  1.079E+00  9.683E-01  8.496E-01  7.242E-01  5.936E-01  4.597E-01  3.254E-01  1.961E-01  8.487E-02
  635.0000  1.574E+00  1.568E+00  1.548E+00  1.515E+00  1.470E+00  1.413E+00  1.344E+00  1.263E+00  1.172E+00  1.071E+00  9.615E-01  8.439E-01  7.197E-01  5.901E-01  4.573E-01  3.240E-01  1.955E-01  8.465E-02
  640.0000  1.555E+00  1.548E+00  1.529E+00  1.497E+00  1.452E+00  1.396E+00  1.327E+00  1.248E+00  1.158E+00  1.059E+00  9.504E-01  8.344E-01  7.118E-01  5.840E-01  4.528E-01  3.211E-01  1.940E-01  8.404E-02
  644.8000  1.544E+00  1.538E+00  1.519E+00  1.487E+00  1.443E+00  1.387E+00  1.319E+00  1.240E+00  1.151E+00  1.052E+00  9.450E-01  8.298E-01  7.081E-01  5.812E-01  4.510E-01  3.201E-01  1.936E-01  8.390E-02
  651.0500  1.524E+00  1.518E+00  1.499E+00  1.467E+00  1.424E+00  1.368E+00  1.302E+00  1.224E+00  1.136E+00  1.039E+00  9.333E-01  8.198E-01  6.999E-01  5.748E-01  4.463E-01  3.170E-01  1.920E-01  8.323E-02
  660.0000  1.444E+00  1.438E+00  1.421E+00  1.391E+00  1.350E+00  1.297E+00  1.234E+00  1.161E+00  1.078E+00  9.859E-01  8.858E-01  7.784E-01  6.649E-01  5.464E-01  4.247E-01  3.022E-01  1.833E-01  7.951E-02
  670.0000  1.481E+00  1.475E+00  1.456E+00  1.426E+00  1.384E+00  1.330E+00  1.266E+00  1.191E+00  1.106E+00  1.012E+00  9.094E-01  7.996E-01  6.834E-01  5.621E-01  4.373E-01  3.116E-01  1.894E-01  8.223E-02
  680.0000  1.453E+00  1.447E+00  1.429E+00  1.399E+00  1.358E+00  1.305E+00  1.242E+00  1.169E+00  1.086E+00  9.936E-01  8.933E-01  7.857E-01  6.719E-01  5.530E-01  4.307E-01  3.073E-01  1.872E-01  8.131E-02
  690.0000  1.431E+00  1.425E+00  1.407E+00  1.378E+00  1.338E+00  1.286E+00  1.224E+00  1.152E+00  1.070E+00  9.795E-01  8.809E-01  7.751E-01  6.631E-01  5.462E-01  4.258E-01  3.042E-01  1.856E-01  8.065E-02
  700.0000  1.405E+00  1.399E+00  1.382E+00  1.353E+00  1.314E+00  1.263E+00  1.202E+00  1.131E+00  1.051E+00  9.626E-01  8.660E-01  7.622E-01  6.525E-01  5.378E-01  4.196E-01  3.002E-01  1.834E-01  7.976E-02
  710.0000  1.371E+00  1.366E+00  1.349E+00  1.321E+00  1.282E+00  1.233E+00  1.174E+00  1.105E+00  1.027E+00  9.404E-01  8.462E-01  7.451E-01  6.380E-01  5.262E-01  4.109E-01  2.943E-01  1.801E-01  7.832E-02
  720.0000  1.326E+00  1.320E+00  1.304E+00  1.277E+00  1.240E+00  1.192E+00  1.135E+00  1.069E+00  9.933E-01  9.098E-01  8.189E-01  7.212E-01  6.179E-01  5.098E-01  3.984E-01  2.856E-01  1.751E-01  7.615E-02
  730.0000  1.294E+00  1.289E+00  1.273E+00  1.247E+00  1.211E+00  1.165E+00  1.109E+00  1.044E+00  9.704E-01  8.890E-01  8.003E-01  7.051E-01  6.043E-01  4.989E-01  3.902E-01  2.800E-01  1.719E-01  7.478E-02
------------------------------------------------------------
Dose rates, W m-2
   1 = UV-B, 280-315 nm                                  
   2 = UV-B*, 280-320 nm                                 
   3 = UV-A, 315-400 nm                                  
   4 = DNA damage, in vitro (Setlow, 1974)               
   5 = UV index (WMO, 1994; Webb et al., 2011)           
   6 = Plant damage (Caldwell, 1971)                     
   7 = Plant damage,Flint&Caldwell,2003,orig.            
   8 = Plant damage,Flint&Caldwell,2003,ext390           
values at z =      0.000 km
Columns: sza, weighting spectra
 sza, deg.          1          2          3          4          5          6          7          8
    0.0000  5.764E+00  7.004E+00  6.230E+01  2.009E-01  7.882E+01  3.342E+00  4.264E+00  4.734E+00
    5.0000  5.723E+00  6.957E+00  6.199E+01  1.987E-01  7.815E+01  3.312E+00  4.229E+00  4.696E+00
   10.0000  5.606E+00  6.819E+00  6.106E+01  1.923E-01  7.618E+01  3.224E+00  4.125E+00  4.586E+00
   15.0000  5.412E+00  6.591E+00  5.953E+01  1.819E-01  7.296E+01  3.081E+00  3.956E+00  4.405E+00
   20.0000  5.146E+00  6.280E+00  5.742E+01  1.680E-01  6.860E+01  2.888E+00  3.727E+00  4.161E+00
   25.0000  4.816E+00  5.891E+00  5.475E+01  1.513E-01  6.324E+01  2.652E+00  3.446E+00  3.860E+00
   30.0000  4.427E+00  5.433E+00  5.154E+01  1.325E-01  5.704E+01  2.381E+00  3.121E+00  3.512E+00
   35.0000  3.998E+00  4.924E+00  4.786E+01  1.126E-01  5.030E+01  2.088E+00  2.767E+00  3.131E+00
   40.0000  3.531E+00  4.369E+00  4.374E+01  9.251E-02  4.318E+01  1.780E+00  2.394E+00  2.727E+00
   45.0000  3.043E+00  3.787E+00  3.925E+01  7.313E-02  3.596E+01  1.471E+00  2.015E+00  2.315E+00
   50.0000  2.549E+00  3.193E+00  3.447E+01  5.531E-02  2.892E+01  1.173E+00  1.644E+00  1.908E+00
   55.0000  2.064E+00  2.607E+00  2.948E+01  3.977E-02  2.233E+01  8.972E-01  1.295E+00  1.522E+00
   60.0000  1.604E+00  2.046E+00  2.439E+01  2.699E-02  1.644E+01  6.532E-01  9.785E-01  1.167E+00
   65.0000  1.186E+00  1.530E+00  1.934E+01  1.717E-02  1.143E+01  4.486E-01  7.047E-01  8.546E-01
   70.0000  8.221E-01  1.075E+00  1.449E+01  1.022E-02  7.428E+00  2.876E-01  4.790E-01  5.916E-01
   75.0000  5.231E-01  6.944E-01  1.002E+01  5.705E-03  4.454E+00  1.697E-01  3.030E-01  3.808E-01
   80.0000  2.932E-01  3.954E-01  6.132E+00  3.018E-03  2.414E+00  9.042E-02  1.732E-01  2.207E-01
   85.0000  1.318E-01  1.791E-01  2.960E+00  1.472E-03  1.116E+00  4.148E-02  8.198E-02  1.049E-01
------------------------------------------------------------
