Spectral Irradiance, W m-2 nm-1
values at z =      0.000 km
Columns: wavelength (nm), solar zenith angles (deg.)
    wc, nm      0.000      5.000     10.000     15.000     20.000     25.000     30.000     35.000     40.000     45.000     50.000     55.000     60.000     65.000     70.000     75.000     80.000     85.000
  280.5000  1.057E-12  9.577E-13  7.101E-13  4.261E-13  2.029E-13  7.443E-14  2.013E-14  3.772E-15  4.480E-16  2.965E-17  9.043E-19  9.860E-21  1.384E-22  6.415E-23  4.382E-23  3.111E-23  2.140E-23  1.297E-23
  281.5000  2.422E-11  2.214E-11  1.685E-11  1.058E-11  5.374E-12  2.153E-12  6.532E-13  1.419E-13  2.035E-14  1.715E-15  7.142E-17  1.170E-18  1.909E-20  7.964E-21  5.419E-21  3.847E-21  2.648E-21  1.605E-21
  282.5000  2.432E-10  2.240E-10  1.744E-10  1.137E-10  6.110E-11  2.639E-11  8.840E-12  2.180E-12  3.676E-13  3.808E-14  2.073E-15  4.810E-17  9.269E-19  3.424E-19  2.319E-19  1.646E-19  1.134E-19  6.874E-20
  283.5000  9.850E-10  9.114E-10  7.199E-10  4.813E-10  2.682E-10  1.217E-10  4.346E-11  1.164E-11  2.179E-12  2.583E-13  1.673E-14  4.865E-16  1.063E-17  3.560E-18  2.401E-18  1.704E-18  1.174E-18  7.122E-19
  284.5000  7.588E-09  7.083E-09  5.745E-09  4.019E-09  2.392E-09  1.187E-09  4.763E-10  1.481E-10  3.359E-11  5.085E-12  4.518E-13  1.984E-14  5.747E-16  1.561E-16  1.039E-16  7.361E-17  5.076E-17  3.081E-17
  285.5000  2.145E-08  2.015E-08  1.667E-08  1.206E-08  7.537E-09  3.995E-09  1.748E-09  6.072E-10  1.586E-10  2.877E-11  3.230E-12  1.921E-13  7.120E-15  1.617E-15  1.058E-15  7.483E-16  5.163E-16  3.136E-16
  286.5000  2.147E-07  2.027E-07  1.703E-07  1.264E-07  8.201E-08  4.573E-08  2.138E-08  8.088E-09  2.355E-09  4.910E-10  6.595E-11  4.954E-12  2.264E-13  4.440E-14  2.843E-14  2.006E-14  1.385E-14  8.418E-15
  287.5000  1.024E-06  9.718E-07  8.298E-07  6.339E-07  4.288E-07  2.529E-07  1.273E-07  5.292E-08  1.739E-08  4.229E-09  6.931E-10  6.742E-11  3.968E-12  6.646E-13  4.084E-13  2.871E-13  1.981E-13  1.205E-13
  288.5000  4.199E-06  4.010E-06  3.487E-06  2.748E-06  1.945E-06  1.220E-06  6.648E-07  3.063E-07  1.147E-07  3.299E-08  6.715E-09  8.650E-10  6.849E-11  9.944E-12  5.639E-12  3.936E-12  2.715E-12  1.653E-12
  289.5000  1.991E-05  1.909E-05  1.682E-05  1.355E-05  9.907E-06  6.491E-06  3.746E-06  1.858E-06  7.641E-07  2.477E-07  5.885E-08  9.262E-09  9.164E-10  1.245E-10  6.418E-11  4.444E-11  3.062E-11  1.866E-11
  290.5000  7.042E-05  6.779E-05  6.038E-05  4.956E-05  3.723E-05  2.531E-05  1.533E-05  8.086E-06  3.599E-06  1.291E-06  3.491E-07  6.502E-08  7.809E-09  1.040E-09  4.786E-10  3.276E-10  2.253E-10  1.374E-10
  291.5000  1.926E-04  1.861E-04  1.679E-04  1.407E-04  1.090E-04  7.729E-05  4.943E-05  2.797E-05  1.361E-05  5.471E-06  1.715E-06  3.864E-07  5.819E-08  8.020E-09  3.112E-09  2.080E-09  1.425E-09  8.696E-10
  292.5000  4.090E-04  3.966E-04  3.613E-04  3.083E-04  2.449E-04  1.796E-04  1.201E-04  7.197E-05  3.768E-05  1.663E-05  5.878E-06  1.548E-06  2.816E-07  4.190E-08  1.377E-08  8.879E-09  6.054E-09  3.694E-09
  293.5000  1.047E-03  1.019E-03  9.368E-04  8.124E-04  6.609E-04  5.006E-04  3.491E-04  2.208E-04  1.238E-04  5.965E-05  2.361E-05  7.196E-06  1.568E-06  2.616E-07  7.314E-08  4.432E-08  2.998E-08  1.828E-08
  294.5000  1.808E-03  1.763E-03  1.634E-03  1.435E-03  1.190E-03  9.241E-04  6.661E-04  4.393E-04  2.600E-04  1.342E-04  5.801E-05  1.983E-05  4.987E-06  9.339E-07  2.337E-07  1.306E-07  8.752E-08  5.330E-08
  295.5000  4.095E-03  4.004E-03  3.740E-03  3.330E-03  2.815E-03  2.246E-03  1.676E-03  1.156E-03  7.242E-04  4.020E-04  1.909E-04  7.365E-05  2.160E-05  4.678E-06  1.082E-06  5.307E-07  3.490E-07  2.119E-07
  296.5000  6.550E-03  6.418E-03  6.035E-03  5.434E-03  4.670E-03  3.809E-03  2.926E-03  2.095E-03  1.376E-03  8.115E-04  4.164E-04  1.777E-04  5.926E-05  1.471E-05  3.348E-06  1.415E-06  9.038E-07  5.465E-07
  297.5000  1.162E-02  1.141E-02  1.079E-02  9.810E-03  8.551E-03  7.112E-03  5.605E-03  4.145E-03  2.838E-03  1.765E-03  9.693E-04  4.517E-04  1.687E-04  4.764E-05  1.118E-05  4.058E-06  2.470E-06  1.484E-06
  298.5000  1.297E-02  1.275E-02  1.212E-02  1.112E-02  9.808E-03  8.292E-03  6.676E-03  5.075E-03  3.598E-03  2.340E-03  1.361E-03  6.829E-04  2.808E-04  8.892E-05  2.220E-05  7.081E-06  4.021E-06  2.394E-06
  299.5000  2.716E-02  2.675E-02  2.554E-02  2.360E-02  2.107E-02  1.809E-02  1.486E-02  1.159E-02  8.494E-03  5.759E-03  3.535E-03  1.902E-03  8.567E-04  3.035E-04  8.262E-05  2.383E-05  1.218E-05  7.140E-06
  300.5000  2.427E-02  2.393E-02  2.293E-02  2.132E-02  1.920E-02  1.668E-02  1.392E-02  1.107E-02  8.323E-03  5.828E-03  3.728E-03  2.117E-03  1.022E-03  3.958E-04  1.171E-04  3.226E-05  1.473E-05  8.459E-06
  301.5000  4.572E-02  4.513E-02  4.341E-02  4.063E-02  3.693E-02  3.250E-02  2.758E-02  2.242E-02  1.731E-02  1.255E-02  8.397E-03  5.052E-03  2.633E-03  1.124E-03  3.698E-04  1.012E-04  3.961E-05  2.187E-05
  302.5000  5.503E-02  5.438E-02  5.243E-02  4.928E-02  4.508E-02  4.001E-02  3.432E-02  2.830E-02  2.225E-02  1.651E-02  1.137E-02  7.105E-03  3.892E-03  1.774E-03  6.297E-04  1.766E-04  6.184E-05  3.267E-05
  303.5000  9.012E-02  8.913E-02  8.620E-02  8.143E-02  7.503E-02  6.726E-02  5.845E-02  4.900E-02  3.936E-02  2.999E-02  2.138E-02  1.397E-02  8.121E-03  4.003E-03  1.565E-03  4.665E-04  1.444E-04  7.011E-05
  304.5000  9.630E-02  9.530E-02  9.232E-02  8.747E-02  8.094E-02  7.298E-02  6.390E-02  5.409E-02  4.398E-02  3.403E-02  2.475E-02  1.660E-02  9.984E-03  5.150E-03  2.133E-03  6.682E-04  1.953E-04  8.824E-05
  305.5000  1.229E-01  1.217E-01  1.182E-01  1.125E-01  1.047E-01  9.524E-02  8.432E-02  7.240E-02  5.994E-02  4.747E-02  3.556E-02  2.479E-02  1.568E-02  8.659E-03  3.925E-03  1.349E-03  3.763E-04  1.468E-04
  306.5000  1.264E-01  1.252E-01  1.217E-01  1.161E-01  1.084E-01  9.891E-02  8.800E-02  7.602E-02  6.343E-02  5.074E-02  3.850E-02  2.728E-02  1.764E-02  1.003E-02  4.729E-03  1.700E-03  4.727E-04  1.705E-04
  307.5000  1.771E-01  1.756E-01  1.711E-01  1.637E-01  1.536E-01  1.412E-01  1.268E-01  1.108E-01  9.385E-02  7.651E-02  5.948E-02  4.350E-02  2.933E-02  1.765E-02  8.994E-03  3.562E-03  1.025E-03  3.131E-04
  308.5000  1.960E-01  1.944E-01  1.895E-01  1.816E-01  1.708E-01  1.574E-01  1.419E-01  1.246E-01  1.061E-01  8.714E-02  6.838E-02  5.063E-02  3.469E-02  2.134E-02  1.120E-02  4.614E-03  1.363E-03  3.898E-04
  309.5000  1.694E-01  1.681E-01  1.641E-01  1.577E-01  1.488E-01  1.378E-01  1.249E-01  1.105E-01  9.509E-02  7.907E-02  6.306E-02  4.767E-02  3.358E-02  2.144E-02  1.186E-02  5.251E-03  1.654E-03  4.276E-04
  310.5000  2.275E-01  2.258E-01  2.207E-01  2.124E-01  2.009E-01  1.867E-01  1.700E-01  1.512E-01  1.310E-01  1.100E-01  8.870E-02  6.807E-02  4.890E-02  3.209E-02  1.844E-02  8.608E-03  2.876E-03  7.058E-04
  311.5000  2.900E-01  2.879E-01  2.816E-01  2.712E-01  2.570E-01  2.393E-01  2.186E-01  1.952E-01  1.699E-01  1.434E-01  1.166E-01  9.036E-02  6.577E-02  4.392E-02  2.588E-02  1.252E-02  4.369E-03  1.049E-03
  312.5000  2.783E-01  2.764E-01  2.706E-01  2.612E-01  2.483E-01  2.321E-01  2.130E-01  1.915E-01  1.681E-01  1.434E-01  1.181E-01  9.317E-02  6.941E-02  4.786E-02  2.950E-02  1.525E-02  5.819E-03  1.403E-03
  313.5000  3.143E-01  3.122E-01  3.058E-01  2.953E-01  2.808E-01  2.628E-01  2.415E-01  2.175E-01  1.913E-01  1.636E-01  1.352E-01  1.071E-01  8.025E-02  5.575E-02  3.473E-02  1.823E-02  7.115E-03  1.729E-03
  314.5000  3.095E-01  3.075E-01  3.015E-01  2.917E-01  2.781E-01  2.611E-01  2.410E-01  2.182E-01  1.933E-01  1.668E-01  1.395E-01  1.122E-01  8.572E-02  6.118E-02  3.962E-02  2.204E-02  9.384E-03  2.431E-03
  315.5000  3.188E-01  3.168E-01  3.107E-01  3.006E-01  2.868E-01  2.694E-01  2.489E-01  2.256E-01  2.001E-01  1.730E-01  1.449E-01  1.168E-01  8.959E-02  6.424E-02  4.186E-02  2.351E-02  1.016E-02  2.671E-03
  316.5000  3.139E-01  3.119E-01  3.062E-01  2.966E-01  2.835E-01  2.671E-01  2.475E-01  2.254E-01  2.010E-01  1.749E-01  1.479E-01  1.206E-01  9.392E-02  6.878E-02  4.619E-02  2.716E-02  1.262E-02  3.626E-03
  317.5000  4.437E-01  4.409E-01  4.328E-01  4.193E-01  4.008E-01  3.776E-01  3.500E-01  3.187E-01  2.843E-01  2.475E-01  2.093E-01  1.707E-01  1.330E-01  9.741E-02  6.543E-02  3.847E-02  1.787E-02  5.135E-03
  318.5000  3.452E-01  3.431E-01  3.370E-01  3.270E-01  3.131E-01  2.945E-01  2.749E-01  2.513E-01  2.253E-01  1.974E-01  1.683E-01  1.388E-01  1.096E-01  8.184E-02  5.651E-02  3.466E-02  1.726E-02  5.510E-03
  319.5000  4.202E-01  4.177E-01  4.103E-01  3.982E-01  3.815E-01  3.604E-01  3.354E-01  3.069E-01  2.754E-01  2.416E-01  2.064E-01  1.705E-01  1.350E-01  1.012E-01  7.026E-02  4.343E-02  2.192E-02  7.158E-03
  320.5000  5.098E-01  5.069E-01  4.980E-01  4.834E-01  4.633E-01  4.380E-01  4.079E-01  3.736E-01  3.357E-01  2.950E-01  2.525E-01  2.091E-01  1.662E-01  1.251E-01  8.739E-02  5.454E-02  2.797E-02  9.388E-03
  321.5000  4.284E-01  4.260E-01  4.189E-01  4.070E-01  3.907E-01  3.702E-01  3.458E-01  3.178E-01  2.869E-01  2.536E-01  2.186E-01  1.828E-01  1.472E-01  1.127E-01  8.076E-02  5.240E-02  2.870E-02  1.088E-02
  322.5000  4.345E-01  4.320E-01  4.246E-01  4.122E-01  3.953E-01  3.739E-01  3.485E-01  3.196E-01  2.875E-01  2.526E-01  2.170E-01  1.802E-01  1.437E-01  1.086E-01  7.631E-02  4.804E-02  2.500E-02  8.607E-03
  323.5000  4.419E-01  4.394E-01  4.322E-01  4.202E-01  4.037E-01  3.829E-01  3.581E-01  3.298E-01  2.983E-01  2.645E-01  2.288E-01  1.922E-01  1.556E-01  1.202E-01  8.703E-02  5.744E-02  3.240E-02  1.300E-02
  324.5000  5.186E-01  5.158E-01  5.073E-01  4.932E-01  4.738E-01  4.494E-01  4.203E-01  3.870E-01  3.501E-01  3.103E-01  2.685E-01  2.255E-01  1.825E-01  1.408E-01  1.019E-01  6.710E-02  3.773E-02  1.505E-02
  325.5000  5.821E-01  5.789E-01  5.693E-01  5.535E-01  5.316E-01  5.041E-01  4.713E-01  4.338E-01  3.923E-01  3.474E-01  3.002E-01  2.518E-01  2.034E-01  1.566E-01  1.128E-01  7.384E-02  4.108E-02  1.604E-02
  326.5000  6.977E-01  6.940E-01  6.829E-01  6.645E-01  6.391E-01  6.071E-01  5.689E-01  5.252E-01  4.766E-01  4.242E-01  3.688E-01  3.117E-01  2.545E-01  1.987E-01  1.461E-01  9.874E-02  5.804E-02  2.534E-02
  327.5000  6.516E-01  6.480E-01  6.376E-01  6.202E-01  5.964E-01  5.662E-01  5.303E-01  4.892E-01  4.435E-01  3.942E-01  3.421E-01  2.885E-01  2.348E-01  1.825E-01  1.333E-01  8.916E-02  5.148E-02  2.167E-02
  328.5000  6.013E-01  5.981E-01  5.884E-01  5.725E-01  5.505E-01  5.227E-01  4.896E-01  4.517E-01  4.096E-01  3.641E-01  3.161E-01  2.666E-01  2.170E-01  1.687E-01  1.233E-01  8.246E-02  4.762E-02  2.005E-02
  329.5000  7.734E-01  7.693E-01  7.572E-01  7.372E-01  7.095E-01  6.746E-01  6.330E-01  5.853E-01  5.322E-01  4.748E-01  4.140E-01  3.513E-01  2.882E-01  2.264E-01  1.680E-01  1.150E-01  6.923E-02  3.178E-02
  330.5000  7.051E-01  7.014E-01  6.903E-01  6.718E-01  6.465E-01  6.144E-01  5.762E-01  5.323E-01  4.836E-01  4.309E-01  3.751E-01  3.176E-01  2.597E-01  2.032E-01  1.498E-01  1.016E-01  6.009E-02  2.660E-02
  331.5000  6.970E-01  6.933E-01  6.823E-01  6.641E-01  6.390E-01  6.073E-01  5.695E-01  5.261E-01  4.779E-01  4.258E-01  3.706E-01  3.137E-01  2.564E-01  2.004E-01  1.476E-01  9.984E-02  5.884E-02  2.586E-02
  332.5000  6.822E-01  6.787E-01  6.681E-01  6.506E-01  6.265E-01  5.960E-01  5.596E-01  5.178E-01  4.713E-01  4.210E-01  3.676E-01  3.125E-01  2.569E-01  2.023E-01  1.506E-01  1.037E-01  6.294E-02  2.947E-02
  333.5000  6.425E-01  6.391E-01  6.291E-01  6.125E-01  5.897E-01  5.608E-01  5.263E-01  4.868E-01  4.428E-01  3.951E-01  3.447E-01  2.925E-01  2.399E-01  1.884E-01  1.396E-01  9.534E-02  5.714E-02  2.603E-02
  334.5000  7.166E-01  7.129E-01  7.018E-01  6.834E-01  6.581E-01  6.260E-01  5.877E-01  5.438E-01  4.949E-01  4.420E-01  3.858E-01  3.278E-01  2.692E-01  2.117E-01  1.573E-01  1.078E-01  6.504E-02  3.005E-02
  335.5000  7.241E-01  7.204E-01  7.092E-01  6.908E-01  6.654E-01  6.333E-01  5.950E-01  5.510E-01  5.020E-01  4.489E-01  3.925E-01  3.342E-01  2.752E-01  2.173E-01  1.622E-01  1.121E-01  6.860E-02  3.268E-02
  336.5000  5.664E-01  5.634E-01  5.547E-01  5.403E-01  5.204E-01  4.953E-01  4.653E-01  4.309E-01  3.925E-01  3.509E-01  3.068E-01  2.610E-01  2.148E-01  1.695E-01  1.263E-01  8.709E-02  5.305E-02  2.505E-02
  337.5000  6.227E-01  6.195E-01  6.099E-01  5.940E-01  5.721E-01  5.443E-01  5.112E-01  4.732E-01  4.308E-01  3.849E-01  3.362E-01  2.857E-01  2.348E-01  1.847E-01  1.372E-01  9.405E-02  5.670E-02  2.620E-02
  338.5000  6.550E-01  6.517E-01  6.417E-01  6.251E-01  6.022E-01  5.733E-01  5.388E-01  4.992E-01  4.550E-01  4.070E-01  3.561E-01  3.034E-01  2.500E-01  1.974E-01  1.475E-01  1.019E-01  6.238E-02  2.977E-02
  339.5000  7.116E-01  7.079E-01  6.971E-01  6.791E-01  6.543E-01  6.230E-01  5.856E-01  5.426E-01  4.947E-01  4.427E-01  3.875E-01  3.302E-01  2.723E-01  2.152E-01  1.608E-01  1.113E-01  6.822E-02  3.270E-02
  340.5000  7.613E-01  7.574E-01  7.458E-01  7.266E-01  7.000E-01  6.665E-01  6.264E-01  5.803E-01  5.290E-01  4.732E-01  4.140E-01  3.526E-01  2.905E-01  2.293E-01  1.711E-01  1.180E-01  7.191E-02  3.407E-02
  341.5000  6.748E-01  6.714E-01  6.612E-01  6.442E-01  6.208E-01  5.912E-01  5.559E-01  5.153E-01  4.700E-01  4.207E-01  3.685E-01  3.142E-01  2.592E-01  2.050E-01  1.534E-01  1.062E-01  6.525E-02  3.143E-02
  342.5000  7.471E-01  7.433E-01  7.320E-01  7.133E-01  6.874E-01  6.548E-01  6.157E-01  5.708E-01  5.207E-01  4.663E-01  4.085E-01  3.485E-01  2.876E-01  2.276E-01  1.703E-01  1.181E-01  7.260E-02  3.508E-02
  343.5000  7.762E-01  7.722E-01  7.605E-01  7.410E-01  7.142E-01  6.802E-01  6.396E-01  5.930E-01  5.409E-01  4.844E-01  4.243E-01  3.619E-01  2.986E-01  2.361E-01  1.766E-01  1.222E-01  7.492E-02  3.599E-02
  344.5000  5.441E-01  5.414E-01  5.331E-01  5.195E-01  5.007E-01  4.769E-01  4.484E-01  4.157E-01  3.792E-01  3.395E-01  2.973E-01  2.535E-01  2.091E-01  1.653E-01  1.235E-01  8.527E-02  5.213E-02  2.489E-02
  345.5000  7.441E-01  7.404E-01  7.292E-01  7.106E-01  6.850E-01  6.526E-01  6.139E-01  5.694E-01  5.197E-01  4.657E-01  4.082E-01  3.485E-01  2.878E-01  2.280E-01  1.708E-01  1.184E-01  7.293E-02  3.539E-02
  346.5000  6.964E-01  6.929E-01  6.824E-01  6.650E-01  6.410E-01  6.107E-01  5.744E-01  5.327E-01  4.861E-01  4.355E-01  3.817E-01  3.257E-01  2.688E-01  2.127E-01  1.591E-01  1.100E-01  6.743E-02  3.239E-02
  347.5000  6.801E-01  6.767E-01  6.664E-01  6.495E-01  6.261E-01  5.965E-01  5.612E-01  5.205E-01  4.751E-01  4.257E-01  3.731E-01  3.184E-01  2.629E-01  2.081E-01  1.556E-01  1.077E-01  6.601E-02  3.175E-02
  348.5000  7.469E-01  7.432E-01  7.319E-01  7.134E-01  6.878E-01  6.553E-01  6.166E-01  5.720E-01  5.222E-01  4.680E-01  4.104E-01  3.504E-01  2.894E-01  2.291E-01  1.715E-01  1.187E-01  7.291E-02  3.519E-02
  349.5000  6.257E-01  6.226E-01  6.132E-01  5.977E-01  5.762E-01  5.491E-01  5.167E-01  4.793E-01  4.377E-01  3.923E-01  3.440E-01  2.938E-01  2.427E-01  1.922E-01  1.438E-01  9.956E-02  6.110E-02  2.948E-02
  350.5000  8.757E-01  8.713E-01  8.582E-01  8.365E-01  8.065E-01  7.686E-01  7.233E-01  6.711E-01  6.129E-01  5.494E-01  4.819E-01  4.116E-01  3.401E-01  2.694E-01  2.016E-01  1.396E-01  8.568E-02  4.137E-02
  351.5000  7.545E-01  7.507E-01  7.395E-01  7.208E-01  6.950E-01  6.624E-01  6.234E-01  5.784E-01  5.283E-01  4.736E-01  4.155E-01  3.549E-01  2.933E-01  2.323E-01  1.738E-01  1.203E-01  7.376E-02  3.556E-02
  352.5000  6.801E-01  6.767E-01  6.666E-01  6.498E-01  6.266E-01  5.972E-01  5.621E-01  5.216E-01  4.765E-01  4.273E-01  3.749E-01  3.203E-01  2.648E-01  2.097E-01  1.570E-01  1.086E-01  6.665E-02  3.217E-02
  353.5000  8.182E-01  8.142E-01  8.020E-01  7.818E-01  7.539E-01  7.187E-01  6.765E-01  6.279E-01  5.736E-01  5.145E-01  4.515E-01  3.859E-01  3.191E-01  2.528E-01  1.893E-01  1.311E-01  8.045E-02  3.890E-02
  354.5000  8.851E-01  8.807E-01  8.675E-01  8.457E-01  8.156E-01  7.776E-01  7.320E-01  6.795E-01  6.209E-01  5.570E-01  4.889E-01  4.180E-01  3.457E-01  2.740E-01  2.052E-01  1.421E-01  8.728E-02  4.226E-02
  355.5000  8.268E-01  8.227E-01  8.104E-01  7.901E-01  7.620E-01  7.265E-01  6.840E-01  6.350E-01  5.803E-01  5.207E-01  4.571E-01  3.908E-01  3.233E-01  2.563E-01  1.920E-01  1.329E-01  8.162E-02  3.953E-02
  356.5000  7.670E-01  7.632E-01  7.518E-01  7.330E-01  7.070E-01  6.741E-01  6.347E-01  5.893E-01  5.386E-01  4.833E-01  4.244E-01  3.629E-01  3.002E-01  2.380E-01  1.783E-01  1.235E-01  7.578E-02  3.669E-02
  357.5000  6.520E-01  6.487E-01  6.391E-01  6.231E-01  6.010E-01  5.731E-01  5.396E-01  5.011E-01  4.580E-01  4.111E-01  3.610E-01  3.087E-01  2.555E-01  2.026E-01  1.517E-01  1.050E-01  6.445E-02  3.119E-02
  358.5000  5.029E-01  5.004E-01  4.929E-01  4.806E-01  4.636E-01  4.421E-01  4.163E-01  3.867E-01  3.535E-01  3.173E-01  2.787E-01  2.384E-01  1.973E-01  1.565E-01  1.172E-01  8.116E-02  4.980E-02  2.412E-02
  359.5000  8.460E-01  8.418E-01  8.293E-01  8.086E-01  7.801E-01  7.439E-01  7.006E-01  6.507E-01  5.949E-01  5.341E-01  4.692E-01  4.014E-01  3.323E-01  2.636E-01  1.975E-01  1.367E-01  8.386E-02  4.061E-02
  360.5000  7.838E-01  7.799E-01  7.684E-01  7.493E-01  7.228E-01  6.894E-01  6.493E-01  6.031E-01  5.515E-01  4.952E-01  4.351E-01  3.723E-01  3.082E-01  2.445E-01  1.832E-01  1.268E-01  7.778E-02  3.766E-02
  361.5000  7.063E-01  7.029E-01  6.925E-01  6.753E-01  6.515E-01  6.214E-01  5.853E-01  5.437E-01  4.973E-01  4.465E-01  3.924E-01  3.359E-01  2.781E-01  2.207E-01  1.654E-01  1.145E-01  7.020E-02  3.401E-02
  362.5000  8.291E-01  8.250E-01  8.128E-01  7.927E-01  7.648E-01  7.295E-01  6.872E-01  6.385E-01  5.840E-01  5.245E-01  4.610E-01  3.946E-01  3.268E-01  2.594E-01  1.944E-01  1.345E-01  8.251E-02  3.998E-02
  363.5000  7.373E-01  7.336E-01  7.228E-01  7.049E-01  6.801E-01  6.488E-01  6.112E-01  5.679E-01  5.195E-01  4.667E-01  4.102E-01  3.512E-01  2.909E-01  2.309E-01  1.731E-01  1.198E-01  7.345E-02  3.559E-02
  364.5000  8.040E-01  8.000E-01  7.882E-01  7.687E-01  7.418E-01  7.076E-01  6.667E-01  6.195E-01  5.668E-01  5.092E-01  4.477E-01  3.833E-01  3.176E-01  2.521E-01  1.890E-01  1.308E-01  8.015E-02  3.883E-02
  365.5000  9.793E-01  9.745E-01  9.601E-01  9.364E-01  9.036E-01  8.621E-01  8.123E-01  7.549E-01  6.907E-01  6.206E-01  5.457E-01  4.673E-01  3.872E-01  3.074E-01  2.304E-01  1.594E-01  9.769E-02  4.730E-02
  366.5000  1.036E+00  1.031E+00  1.016E+00  9.907E-01  9.560E-01  9.121E-01  8.595E-01  7.989E-01  7.310E-01  6.569E-01  5.777E-01  4.949E-01  4.101E-01  3.256E-01  2.441E-01  1.689E-01  1.035E-01  5.011E-02
  367.5000  9.832E-01  9.784E-01  9.641E-01  9.403E-01  9.075E-01  8.658E-01  8.160E-01  7.585E-01  6.941E-01  6.239E-01  5.487E-01  4.701E-01  3.897E-01  3.095E-01  2.320E-01  1.605E-01  9.833E-02  4.763E-02
  368.5000  8.634E-01  8.592E-01  8.466E-01  8.258E-01  7.970E-01  7.605E-01  7.167E-01  6.663E-01  6.098E-01  5.482E-01  4.822E-01  4.132E-01  3.426E-01  2.721E-01  2.040E-01  1.411E-01  8.642E-02  4.185E-02
  369.5000  1.035E+00  1.030E+00  1.015E+00  9.902E-01  9.557E-01  9.120E-01  8.596E-01  7.992E-01  7.316E-01  6.577E-01  5.786E-01  4.959E-01  4.112E-01  3.266E-01  2.449E-01  1.694E-01  1.037E-01  5.022E-02
  370.5000  9.389E-01  9.344E-01  9.207E-01  8.981E-01  8.669E-01  8.273E-01  7.798E-01  7.251E-01  6.638E-01  5.968E-01  5.252E-01  4.502E-01  3.733E-01  2.966E-01  2.224E-01  1.538E-01  9.415E-02  4.558E-02
  371.5000  1.074E+00  1.069E+00  1.053E+00  1.027E+00  9.916E-01  9.464E-01  8.921E-01  8.296E-01  7.596E-01  6.830E-01  6.011E-01  5.153E-01  4.274E-01  3.396E-01  2.547E-01  1.762E-01  1.078E-01  5.218E-02
  372.5000  7.930E-01  7.891E-01  7.776E-01  7.586E-01  7.323E-01  6.989E-01  6.589E-01  6.128E-01  5.611E-01  5.046E-01  4.442E-01  3.809E-01  3.160E-01  2.511E-01  1.883E-01  1.303E-01  7.967E-02  3.856E-02
  373.5000  7.165E-01  7.130E-01  7.027E-01  6.855E-01  6.617E-01  6.316E-01  5.955E-01  5.539E-01  5.072E-01  4.562E-01  4.016E-01  3.444E-01  2.858E-01  2.271E-01  1.704E-01  1.178E-01  7.205E-02  3.486E-02
  374.5000  7.861E-01  7.823E-01  7.710E-01  7.521E-01  7.261E-01  6.931E-01  6.535E-01  6.079E-01  5.567E-01  5.008E-01  4.410E-01  3.782E-01  3.139E-01  2.495E-01  1.872E-01  1.294E-01  7.912E-02  3.828E-02
  375.5000  8.867E-01  8.824E-01  8.696E-01  8.484E-01  8.190E-01  7.818E-01  7.373E-01  6.858E-01  6.282E-01  5.652E-01  4.977E-01  4.270E-01  3.544E-01  2.817E-01  2.114E-01  1.462E-01  8.932E-02  4.321E-02
  376.5000  8.851E-01  8.808E-01  8.680E-01  8.469E-01  8.176E-01  7.806E-01  7.361E-01  6.848E-01  6.274E-01  5.645E-01  4.972E-01  4.266E-01  3.541E-01  2.816E-01  2.113E-01  1.461E-01  8.925E-02  4.317E-02
  377.5000  1.054E+00  1.049E+00  1.033E+00  1.008E+00  9.734E-01  9.293E-01  8.765E-01  8.155E-01  7.471E-01  6.723E-01  5.922E-01  5.082E-01  4.220E-01  3.356E-01  2.518E-01  1.741E-01  1.063E-01  5.142E-02
  378.5000  1.148E+00  1.142E+00  1.126E+00  1.099E+00  1.061E+00  1.013E+00  9.552E-01  8.888E-01  8.144E-01  7.329E-01  6.457E-01  5.542E-01  4.602E-01  3.661E-01  2.747E-01  1.899E-01  1.160E-01  5.606E-02
  379.5000  8.490E-01  8.449E-01  8.327E-01  8.125E-01  7.845E-01  7.491E-01  7.066E-01  6.575E-01  6.026E-01  5.424E-01  4.779E-01  4.102E-01  3.407E-01  2.710E-01  2.034E-01  1.406E-01  8.584E-02  4.149E-02
  380.5000  1.021E+00  1.016E+00  1.001E+00  9.769E-01  9.433E-01  9.007E-01  8.497E-01  7.908E-01  7.247E-01  6.524E-01  5.749E-01  4.936E-01  4.100E-01  3.262E-01  2.449E-01  1.693E-01  1.033E-01  4.992E-02
  381.5000  9.588E-01  9.542E-01  9.405E-01  9.177E-01  8.862E-01  8.463E-01  7.984E-01  7.431E-01  6.811E-01  6.132E-01  5.404E-01  4.641E-01  3.856E-01  3.068E-01  2.303E-01  1.592E-01  9.712E-02  4.692E-02
  382.5000  6.387E-01  6.356E-01  6.265E-01  6.114E-01  5.904E-01  5.638E-01  5.319E-01  4.951E-01  4.539E-01  4.087E-01  3.602E-01  3.094E-01  2.571E-01  2.046E-01  1.536E-01  1.062E-01  6.476E-02  3.128E-02
  383.5000  5.607E-01  5.580E-01  5.500E-01  5.367E-01  5.183E-01  4.950E-01  4.670E-01  4.348E-01  3.986E-01  3.589E-01  3.164E-01  2.718E-01  2.259E-01  1.798E-01  1.350E-01  9.331E-02  5.690E-02  2.747E-02
  384.5000  8.412E-01  8.371E-01  8.251E-01  8.052E-01  7.777E-01  7.427E-01  7.008E-01  6.525E-01  5.982E-01  5.388E-01  4.751E-01  4.081E-01  3.392E-01  2.701E-01  2.028E-01  1.402E-01  8.544E-02  4.125E-02
  385.5000  8.320E-01  8.280E-01  8.161E-01  7.964E-01  7.692E-01  7.347E-01  6.933E-01  6.455E-01  5.919E-01  5.332E-01  4.702E-01  4.040E-01  3.359E-01  2.674E-01  2.008E-01  1.388E-01  8.458E-02  4.082E-02
  386.5000  8.478E-01  8.438E-01  8.317E-01  8.117E-01  7.839E-01  7.488E-01  7.067E-01  6.580E-01  6.034E-01  5.436E-01  4.794E-01  4.120E-01  3.426E-01  2.728E-01  2.049E-01  1.416E-01  8.627E-02  4.163E-02
  387.5000  7.877E-01  7.839E-01  7.727E-01  7.541E-01  7.284E-01  6.958E-01  6.567E-01  6.115E-01  5.608E-01  5.053E-01  4.457E-01  3.831E-01  3.186E-01  2.538E-01  1.906E-01  1.317E-01  8.022E-02  3.870E-02
  388.5000  7.893E-01  7.855E-01  7.743E-01  7.557E-01  7.300E-01  6.973E-01  6.582E-01  6.130E-01  5.622E-01  5.066E-01  4.469E-01  3.842E-01  3.196E-01  2.546E-01  1.912E-01  1.321E-01  8.046E-02  3.880E-02
  389.5000  9.951E-01  9.903E-01  9.762E-01  9.528E-01  9.204E-01  8.793E-01  8.300E-01  7.730E-01  7.091E-01  6.390E-01  5.638E-01  4.847E-01  4.033E-01  3.213E-01  2.414E-01  1.668E-01  1.015E-01  4.895E-02
  390.5000  9.771E-01  9.725E-01  9.586E-01  9.356E-01  9.038E-01  8.635E-01  8.151E-01  7.593E-01  6.965E-01  6.278E-01  5.540E-01  4.764E-01  3.964E-01  3.159E-01  2.373E-01  1.640E-01  9.979E-02  4.809E-02
  391.5000  1.159E+00  1.153E+00  1.137E+00  1.110E+00  1.072E+00  1.024E+00  9.670E-01  9.008E-01  8.264E-01  7.449E-01  6.575E-01  5.654E-01  4.705E-01  3.750E-01  2.818E-01  1.947E-01  1.185E-01  5.708E-02
  392.5000  8.688E-01  8.647E-01  8.524E-01  8.320E-01  8.038E-01  7.680E-01  7.251E-01  6.755E-01  6.198E-01  5.587E-01  4.932E-01  4.242E-01  3.531E-01  2.815E-01  2.115E-01  1.462E-01  8.889E-02  4.282E-02
  393.5000  3.776E-01  3.758E-01  3.705E-01  3.616E-01  3.494E-01  3.339E-01  3.152E-01  2.937E-01  2.695E-01  2.430E-01  2.145E-01  1.845E-01  1.536E-01  1.225E-01  9.205E-02  6.360E-02  3.867E-02  1.862E-02
  394.5000  8.883E-01  8.841E-01  8.716E-01  8.508E-01  8.220E-01  7.855E-01  7.417E-01  6.910E-01  6.342E-01  5.719E-01  5.049E-01  4.344E-01  3.617E-01  2.884E-01  2.168E-01  1.498E-01  9.105E-02  4.383E-02
  395.5000  1.143E+00  1.137E+00  1.121E+00  1.094E+00  1.057E+00  1.011E+00  9.542E-01  8.891E-01  8.161E-01  7.360E-01  6.499E-01  5.592E-01  4.657E-01  3.714E-01  2.792E-01  1.929E-01  1.172E-01  5.641E-02
  396.5000  6.708E-01  6.676E-01  6.582E-01  6.425E-01  6.208E-01  5.933E-01  5.603E-01  5.221E-01  4.793E-01  4.323E-01  3.817E-01  3.285E-01  2.736E-01  2.183E-01  1.641E-01  1.134E-01  6.888E-02  3.313E-02
  397.5000  7.739E-01  7.702E-01  7.593E-01  7.413E-01  7.163E-01  6.846E-01  6.465E-01  6.025E-01  5.531E-01  4.989E-01  4.407E-01  3.793E-01  3.160E-01  2.521E-01  1.896E-01  1.310E-01  7.954E-02  3.825E-02
  398.5000  1.329E+00  1.323E+00  1.304E+00  1.274E+00  1.231E+00  1.176E+00  1.111E+00  1.035E+00  9.505E-01  8.575E-01  7.575E-01  6.521E-01  5.433E-01  4.335E-01  3.260E-01  2.253E-01  1.368E-01  6.575E-02
  399.5000  1.382E+00  1.376E+00  1.357E+00  1.324E+00  1.280E+00  1.223E+00  1.155E+00  1.077E+00  9.888E-01  8.921E-01  7.882E-01  6.787E-01  5.655E-01  4.513E-01  3.395E-01  2.345E-01  1.424E-01  6.841E-02
  400.5000  1.453E+00  1.446E+00  1.426E+00  1.392E+00  1.345E+00  1.286E+00  1.215E+00  1.132E+00  1.040E+00  9.381E-01  8.290E-01  7.138E-01  5.949E-01  4.749E-01  3.572E-01  2.468E-01  1.498E-01  7.195E-02
  401.5000  1.495E+00  1.488E+00  1.467E+00  1.432E+00  1.384E+00  1.323E+00  1.250E+00  1.165E+00  1.070E+00  9.654E-01  8.532E-01  7.348E-01  6.125E-01  4.890E-01  3.679E-01  2.541E-01  1.542E-01  7.404E-02
  402.5000  1.551E+00  1.544E+00  1.522E+00  1.486E+00  1.437E+00  1.373E+00  1.297E+00  1.209E+00  1.111E+00  1.003E+00  8.861E-01  7.632E-01  6.363E-01  5.081E-01  3.823E-01  2.641E-01  1.602E-01  7.689E-02
  403.5000  1.420E+00  1.413E+00  1.393E+00  1.360E+00  1.315E+00  1.257E+00  1.187E+00  1.107E+00  1.017E+00  9.178E-01  8.113E-01  6.990E-01  5.828E-01  4.654E-01  3.502E-01  2.420E-01  1.467E-01  7.040E-02
  404.5000  1.392E+00  1.386E+00  1.366E+00  1.334E+00  1.289E+00  1.233E+00  1.165E+00  1.086E+00  9.975E-01  9.004E-01  7.960E-01  6.859E-01  5.720E-01  4.569E-01  3.438E-01  2.376E-01  1.440E-01  6.908E-02
  405.5000  1.446E+00  1.439E+00  1.419E+00  1.385E+00  1.339E+00  1.280E+00  1.210E+00  1.128E+00  1.036E+00  9.356E-01  8.272E-01  7.129E-01  5.946E-01  4.750E-01  3.575E-01  2.470E-01  1.497E-01  7.178E-02
  406.5000  1.362E+00  1.355E+00  1.336E+00  1.305E+00  1.261E+00  1.206E+00  1.139E+00  1.063E+00  9.762E-01  8.814E-01  7.794E-01  6.718E-01  5.604E-01  4.478E-01  3.371E-01  2.329E-01  1.411E-01  6.763E-02
  407.5000  1.372E+00  1.366E+00  1.347E+00  1.315E+00  1.271E+00  1.216E+00  1.149E+00  1.071E+00  9.844E-01  8.889E-01  7.861E-01  6.776E-01  5.654E-01  4.518E-01  3.402E-01  2.350E-01  1.424E-01  6.820E-02
  408.5000  1.528E+00  1.521E+00  1.500E+00  1.465E+00  1.416E+00  1.354E+00  1.279E+00  1.193E+00  1.096E+00  9.902E-01  8.758E-01  7.551E-01  6.301E-01  5.036E-01  3.792E-01  2.620E-01  1.586E-01  7.597E-02
  409.5000  1.498E+00  1.491E+00  1.470E+00  1.435E+00  1.388E+00  1.327E+00  1.254E+00  1.170E+00  1.075E+00  9.709E-01  8.589E-01  7.406E-01  6.181E-01  4.941E-01  3.721E-01  2.571E-01  1.556E-01  7.449E-02
  410.5000  1.299E+00  1.293E+00  1.275E+00  1.245E+00  1.203E+00  1.151E+00  1.088E+00  1.015E+00  9.324E-01  8.422E-01  7.451E-01  6.425E-01  5.363E-01  4.288E-01  3.230E-01  2.231E-01  1.351E-01  6.462E-02
  411.5000  1.561E+00  1.553E+00  1.532E+00  1.496E+00  1.446E+00  1.383E+00  1.307E+00  1.219E+00  1.121E+00  1.013E+00  8.959E-01  7.727E-01  6.451E-01  5.158E-01  3.886E-01  2.685E-01  1.625E-01  7.770E-02
  412.5000  1.546E+00  1.539E+00  1.518E+00  1.482E+00  1.433E+00  1.371E+00  1.296E+00  1.209E+00  1.111E+00  1.004E+00  8.883E-01  7.662E-01  6.398E-01  5.117E-01  3.855E-01  2.664E-01  1.611E-01  7.705E-02
  413.5000  1.500E+00  1.493E+00  1.472E+00  1.437E+00  1.390E+00  1.329E+00  1.257E+00  1.172E+00  1.078E+00  9.738E-01  8.618E-01  7.435E-01  6.209E-01  4.967E-01  3.743E-01  2.586E-01  1.564E-01  7.475E-02
  414.5000  1.541E+00  1.534E+00  1.513E+00  1.477E+00  1.428E+00  1.366E+00  1.291E+00  1.205E+00  1.108E+00  1.001E+00  8.861E-01  7.646E-01  6.386E-01  5.109E-01  3.850E-01  2.661E-01  1.609E-01  7.685E-02
  415.5000  1.474E+00  1.467E+00  1.446E+00  1.413E+00  1.366E+00  1.307E+00  1.235E+00  1.153E+00  1.060E+00  9.577E-01  8.478E-01  7.316E-01  6.112E-01  4.890E-01  3.686E-01  2.547E-01  1.540E-01  7.352E-02
  416.5000  1.604E+00  1.596E+00  1.574E+00  1.537E+00  1.486E+00  1.422E+00  1.344E+00  1.255E+00  1.154E+00  1.043E+00  9.231E-01  7.967E-01  6.656E-01  5.327E-01  4.016E-01  2.775E-01  1.677E-01  8.003E-02
  417.5000  1.466E+00  1.459E+00  1.439E+00  1.405E+00  1.359E+00  1.300E+00  1.229E+00  1.147E+00  1.055E+00  9.533E-01  8.441E-01  7.287E-01  6.089E-01  4.873E-01  3.674E-01  2.539E-01  1.534E-01  7.318E-02
  418.5000  1.477E+00  1.470E+00  1.450E+00  1.416E+00  1.369E+00  1.310E+00  1.239E+00  1.156E+00  1.063E+00  9.611E-01  8.511E-01  7.347E-01  6.141E-01  4.916E-01  3.707E-01  2.562E-01  1.547E-01  7.378E-02
  419.5000  1.525E+00  1.518E+00  1.497E+00  1.463E+00  1.414E+00  1.353E+00  1.279E+00  1.194E+00  1.098E+00  9.930E-01  8.794E-01  7.593E-01  6.347E-01  5.082E-01  3.833E-01  2.649E-01  1.600E-01  7.624E-02
------------------------------------------------------------
Dose rates, W m-2
   1 = UV-B, 280-315 nm                                  
   2 = UV-B*, 280-320 nm                                 
   3 = UV-A, 315-400 nm                                  
   4 = DNA damage, in vitro (Setlow, 1974)               
   5 = UV index (WMO, 1994; Webb et al., 2011)           
   6 = Plant damage (Caldwell, 1971)                     
   7 = Plant damage,Flint&Caldwell,2003,orig.            
   8 = Plant damage,Flint&Caldwell,2003,ext390           
values at z =      0.000 km
Columns: sza, weighting spectra
 sza, deg.          1          2          3          4          5          6          7          8
    0.0000  2.589E+00  4.431E+00  6.454E+01  1.210E-02  1.609E+01  5.558E-01  1.366E+00  1.819E+00
    5.0000  2.567E+00  4.398E+00  6.422E+01  1.194E-02  1.592E+01  5.495E-01  1.356E+00  1.807E+00
   10.0000  2.504E+00  4.301E+00  6.326E+01  1.146E-02  1.545E+01  5.312E-01  1.326E+00  1.771E+00
   15.0000  2.399E+00  4.141E+00  6.166E+01  1.070E-02  1.467E+01  5.015E-01  1.277E+00  1.711E+00
   20.0000  2.258E+00  3.923E+00  5.946E+01  9.710E-03  1.364E+01  4.619E-01  1.211E+00  1.630E+00
   25.0000  2.083E+00  3.652E+00  5.668E+01  8.541E-03  1.239E+01  4.144E-01  1.130E+00  1.529E+00
   30.0000  1.881E+00  3.338E+00  5.335E+01  7.269E-03  1.099E+01  3.610E-01  1.036E+00  1.413E+00
   35.0000  1.658E+00  2.986E+00  4.951E+01  5.966E-03  9.480E+00  3.044E-01  9.326E-01  1.283E+00
   40.0000  1.421E+00  2.607E+00  4.522E+01  4.703E-03  7.940E+00  2.471E-01  8.227E-01  1.144E+00
   45.0000  1.178E+00  2.213E+00  4.055E+01  3.541E-03  6.429E+00  1.920E-01  7.098E-01  9.988E-01
   50.0000  9.393E-01  1.816E+00  3.558E+01  2.529E-03  5.010E+00  1.413E-01  5.970E-01  8.516E-01
   55.0000  7.129E-01  1.430E+00  3.039E+01  1.696E-03  3.732E+00  9.732E-02  4.876E-01  7.060E-01
   60.0000  5.080E-01  1.069E+00  2.510E+01  1.056E-03  2.636E+00  6.150E-02  3.844E-01  5.658E-01
   65.0000  3.328E-01  7.463E-01  1.985E+01  5.997E-04  1.745E+00  3.467E-02  2.901E-01  4.344E-01
   70.0000  1.938E-01  4.741E-01  1.481E+01  3.051E-04  1.066E+00  1.670E-02  2.069E-01  3.152E-01
   75.0000  9.461E-02  2.618E-01  1.017E+01  1.366E-04  5.873E-01  6.482E-03  1.365E-01  2.113E-01
   80.0000  3.493E-02  1.148E-01  6.154E+00  5.393E-05  2.808E-01  1.993E-03  7.966E-02  1.254E-01
   85.0000  9.000E-03  3.310E-02  2.914E+00  1.918E-05  1.068E-01  6.483E-04  3.630E-02  5.840E-02
------------------------------------------------------------
