Spectral Irradiance, W m-2 nm-1
values at z =      0.000 km
Columns: wavelength (nm), solar zenith angles (deg.)
    wc, nm      0.000      5.000     10.000     15.000     20.000     25.000     30.000     35.000     40.000     45.000     50.000     55.000     60.000     65.000     70.000     75.000     80.000     85.000
  280.5000  7.200E-11  6.628E-11  5.155E-11  3.356E-11  1.800E-11  7.752E-12  2.586E-12  6.344E-13  1.063E-13  1.094E-14  5.934E-16  1.437E-17  5.108E-19  2.423E-19  1.695E-19  1.240E-19  8.868E-20  5.681E-20
  281.5000  1.097E-09  1.017E-09  8.083E-10  5.461E-10  3.089E-10  1.431E-10  5.247E-11  1.454E-11  2.846E-12  3.573E-13  2.506E-14  8.456E-16  3.404E-17  1.483E-17  1.031E-17  7.537E-18  5.387E-18  3.446E-18
  282.5000  7.774E-09  7.251E-09  5.870E-09  4.093E-09  2.424E-09  1.195E-09  4.754E-10  1.463E-10  3.272E-11  4.873E-12  4.263E-13  1.911E-14  8.765E-16  3.483E-16  2.406E-16  1.755E-16  1.254E-16  8.011E-17
  283.5000  2.500E-08  2.341E-08  1.918E-08  1.365E-08  8.332E-09  4.276E-09  1.793E-09  5.903E-10  1.440E-10  2.395E-11  2.417E-12  1.301E-13  6.565E-15  2.430E-15  1.668E-15  1.215E-15  8.677E-16  5.540E-16
  284.5000  1.311E-07  1.236E-07  1.011E-07  7.655E-08  4.936E-08  2.730E-08  1.262E-08  4.710E-09  1.348E-09  2.752E-10  3.620E-11  2.738E-12  1.716E-13  5.491E-14  3.705E-14  2.690E-14  1.919E-14  1.224E-14
  285.5000  2.760E-07  2.618E-07  2.229E-07  1.694E-07  1.138E-07  6.645E-08  3.301E-08  1.351E-08  4.348E-09  1.032E-09  1.648E-10  1.599E-11  1.205E-12  3.422E-13  2.260E-13  1.635E-13  1.165E-13  7.427E-14
  286.5000  2.201E-06  2.096E-06  1.807E-06  1.403E-06  9.722E-07  5.924E-07  3.109E-07  1.365E-07  4.811E-08  1.282E-08  2.377E-09  2.790E-10  2.455E-11  6.347E-12  4.088E-12  2.946E-12  2.097E-12  1.336E-12
  287.5000  8.219E-06  7.863E-06  6.875E-06  5.467E-06  3.921E-06  2.504E-06  1.398E-06  6.644E-07  2.589E-07  7.848E-08  1.718E-08  2.495E-09  2.654E-10  6.229E-11  3.844E-11  2.754E-11  1.957E-11  1.245E-11
  288.5000  2.573E-05  2.474E-05  2.196E-05  1.792E-05  1.335E-05  8.971E-06  5.353E-06  2.771E-06  1.204E-06  4.199E-07  1.101E-07  2.012E-08  2.673E-09  5.788E-10  3.320E-10  2.355E-10  1.668E-10  1.061E-10
  289.5000  1.004E-04  9.684E-05  8.690E-05  7.224E-05  5.527E-05  3.852E-05  2.410E-05  1.326E-05  6.233E-06  2.400E-06  7.154E-07  1.540E-07  2.419E-08  5.067E-09  2.690E-09  1.887E-09  1.333E-09  8.467E-10
  290.5000  3.011E-04  2.914E-04  2.639E-04  2.228E-04  1.743E-04  1.253E-04  8.161E-05  4.727E-05  2.372E-05  9.933E-06  3.296E-06  8.137E-07  1.480E-07  3.088E-08  1.507E-08  1.042E-08  7.333E-09  4.653E-09
  291.5000  6.857E-04  6.659E-04  6.092E-04  5.236E-04  4.204E-04  3.128E-04  2.132E-04  1.310E-04  7.079E-05  3.200E-05  1.223E-05  3.528E-06  7.632E-07  1.643E-07  7.145E-08  4.807E-08  3.363E-08  2.130E-08
  292.5000  1.252E-03  1.220E-03  1.125E-03  9.812E-04  8.046E-04  6.160E-04  4.358E-04  2.807E-04  1.613E-04  8.029E-05  3.327E-05  1.090E-05  2.725E-06  6.209E-07  2.430E-07  1.575E-07  1.094E-07  6.912E-08
  293.5000  2.790E-03  2.725E-03  2.534E-03  2.240E-03  1.874E-03  1.474E-03  1.080E-03  7.276E-04  4.427E-04  2.372E-04  1.079E-04  3.985E-05  1.147E-05  2.833E-06  1.007E-06  6.166E-07  4.238E-07  2.669E-07
  294.5000  4.296E-03  4.203E-03  3.934E-03  3.514E-03  2.985E-03  2.397E-03  1.805E-03  1.259E-03  8.013E-04  4.543E-04  2.223E-04  9.001E-05  2.893E-05  7.742E-06  2.584E-06  1.483E-06  1.007E-06  6.318E-07
  295.5000  8.690E-03  8.521E-03  8.028E-03  7.254E-03  6.265E-03  5.145E-03  3.989E-03  2.890E-03  1.929E-03  1.162E-03  6.148E-04  2.750E-04  9.975E-05  2.962E-05  9.478E-06  4.950E-06  3.285E-06  2.049E-06
  296.5000  1.260E-02  1.238E-02  1.172E-02  1.069E-02  9.361E-03  7.832E-03  6.220E-03  4.648E-03  3.226E-03  2.044E-03  1.153E-03  5.593E-04  2.243E-04  7.341E-05  2.336E-05  1.107E-05  7.125E-06  4.411E-06
  297.5000  2.054E-02  2.021E-02  1.924E-02  1.769E-02  1.568E-02  1.333E-02  1.082E-02  8.304E-03  5.967E-03  3.950E-03  2.356E-03  1.228E-03  5.388E-04  1.936E-04  6.301E-05  2.720E-05  1.674E-05  1.026E-05
  298.5000  2.131E-02  2.100E-02  2.007E-02  1.859E-02  1.663E-02  1.434E-02  1.184E-02  9.301E-03  6.879E-03  4.724E-03  2.953E-03  1.635E-03  7.731E-04  3.021E-04  1.023E-04  4.101E-05  2.385E-05  1.444E-05
  299.5000  4.184E-02  4.128E-02  3.960E-02  3.692E-02  3.336E-02  2.913E-02  2.447E-02  1.964E-02  1.493E-02  1.062E-02  6.943E-03  4.070E-03  2.069E-03  8.798E-04  3.157E-04  1.195E-04  6.439E-05  3.825E-05
  300.5000  3.539E-02  3.494E-02  3.362E-02  3.150E-02  2.867E-02  2.528E-02  2.151E-02  1.755E-02  1.362E-02  9.943E-03  6.721E-03  4.112E-03  2.208E-03  1.002E-03  3.800E-04  1.402E-04  7.015E-05  4.078E-05
  301.5000  6.307E-02  6.234E-02  6.019E-02  5.669E-02  5.201E-02  4.636E-02  3.999E-02  3.322E-02  2.637E-02  1.982E-02  1.390E-02  8.914E-03  5.085E-03  2.486E-03  1.013E-03  3.726E-04  1.697E-04  9.497E-05
  302.5000  7.310E-02  7.231E-02  6.995E-02  6.612E-02  6.098E-02  5.473E-02  4.765E-02  4.004E-02  3.226E-02  2.470E-02  1.774E-02  1.173E-02  6.960E-03  3.575E-03  1.535E-03  5.721E-04  2.441E-04  1.316E-04
  303.5000  1.147E-01  1.135E-01  1.101E-01  1.045E-01  9.699E-02  8.778E-02  7.724E-02  6.581E-02  5.396E-02  4.225E-02  3.121E-02  2.141E-02  1.331E-02  7.259E-03  3.336E-03  1.290E-03  5.130E-04  2.596E-04
  304.5000  1.193E-01  1.182E-01  1.148E-01  1.092E-01  1.017E-01  9.247E-02  8.188E-02  7.031E-02  5.823E-02  4.617E-02  3.466E-02  2.427E-02  1.550E-02  8.747E-03  4.186E-03  1.666E-03  6.407E-04  3.090E-04
  305.5000  1.470E-01  1.456E-01  1.417E-01  1.354E-01  1.267E-01  1.161E-01  1.037E-01  9.013E-02  7.579E-02  6.124E-02  4.711E-02  3.404E-02  2.265E-02  1.348E-02  6.889E-03  2.908E-03  1.087E-03  4.783E-04
  306.5000  1.487E-01  1.474E-01  1.436E-01  1.374E-01  1.289E-01  1.184E-01  1.062E-01  9.279E-02  7.853E-02  6.398E-02  4.973E-02  3.641E-02  2.465E-02  1.500E-02  7.887E-03  3.424E-03  1.275E-03  5.349E-04
  307.5000  2.028E-01  2.012E-01  1.964E-01  1.884E-01  1.775E-01  1.641E-01  1.484E-01  1.309E-01  1.122E-01  9.285E-02  7.365E-02  5.536E-02  3.877E-02  2.469E-02  1.377E-02  6.383E-03  2.417E-03  9.211E-04
  308.5000  2.218E-01  2.201E-01  2.149E-01  2.064E-01  1.949E-01  1.805E-01  1.637E-01  1.450E-01  1.248E-01  1.039E-01  8.309E-02  6.306E-02  4.473E-02  2.896E-02  1.651E-02  7.852E-03  3.009E-03  1.104E-03
  309.5000  1.884E-01  1.870E-01  1.828E-01  1.760E-01  1.666E-01  1.549E-01  1.412E-01  1.259E-01  1.093E-01  9.199E-02  7.453E-02  5.755E-02  4.176E-02  2.787E-02  1.653E-02  8.270E-03  3.287E-03  1.138E-03
  310.5000  2.496E-01  2.478E-01  2.425E-01  2.337E-01  2.217E-01  2.068E-01  1.892E-01  1.694E-01  1.480E-01  1.255E-01  1.026E-01  8.024E-02  5.916E-02  4.033E-02  2.462E-02  1.278E-02  5.256E-03  1.763E-03
  311.5000  3.155E-01  3.133E-01  3.067E-01  2.938E-01  2.812E-01  2.627E-01  2.409E-01  2.164E-01  1.898E-01  1.617E-01  1.331E-01  1.049E-01  7.819E-02  5.406E-02  3.364E-02  1.791E-02  7.556E-03  2.495E-03
  312.5000  2.983E-01  2.963E-01  2.904E-01  2.807E-01  2.673E-01  2.506E-01  2.308E-01  2.085E-01  1.841E-01  1.583E-01  1.318E-01  1.054E-01  8.004E-02  5.677E-02  3.658E-02  2.045E-02  9.124E-03  3.001E-03
  313.5000  3.353E-01  3.331E-01  3.265E-01  3.157E-01  3.008E-01  2.822E-01  2.603E-01  2.354E-01  2.082E-01  1.794E-01  1.497E-01  1.201E-01  9.164E-02  6.536E-02  4.244E-02  2.396E-02  1.083E-02  3.561E-03
  314.5000  3.264E-01  3.243E-01  3.182E-01  3.081E-01  2.943E-01  2.769E-01  2.563E-01  2.329E-01  2.072E-01  1.799E-01  1.516E-01  1.232E-01  9.555E-02  6.967E-02  4.665E-02  2.751E-02  1.317E-02  4.463E-03
  315.5000  3.349E-01  3.328E-01  3.266E-01  3.163E-01  3.022E-01  2.845E-01  2.635E-01  2.396E-01  2.135E-01  1.855E-01  1.566E-01  1.275E-01  9.912E-02  7.250E-02  4.875E-02  2.892E-02  1.395E-02  4.744E-03
  316.5000  3.267E-01  3.247E-01  3.189E-01  3.092E-01  2.959E-01  2.791E-01  2.593E-01  2.367E-01  2.118E-01  1.852E-01  1.575E-01  1.295E-01  1.019E-01  7.586E-02  5.223E-02  3.207E-02  1.626E-02  5.793E-03
  317.5000  4.611E-01  4.584E-01  4.501E-01  4.365E-01  4.176E-01  3.940E-01  3.661E-01  3.342E-01  2.991E-01  2.616E-01  2.225E-01  1.829E-01  1.439E-01  1.071E-01  7.370E-02  4.520E-02  2.288E-02  8.121E-03
  318.5000  3.558E-01  3.538E-01  3.476E-01  3.374E-01  3.234E-01  3.057E-01  2.848E-01  2.609E-01  2.345E-01  2.062E-01  1.766E-01  1.464E-01  1.166E-01  8.814E-02  6.201E-02  3.928E-02  2.088E-02  7.867E-03
  319.5000  4.320E-01  4.295E-01  4.220E-01  4.098E-01  3.929E-01  3.716E-01  3.463E-01  3.174E-01  2.856E-01  2.513E-01  2.155E-01  1.790E-01  1.429E-01  1.083E-01  7.646E-02  4.869E-02  2.609E-02  9.930E-03
  320.5000  5.230E-01  5.200E-01  5.110E-01  4.963E-01  4.760E-01  4.505E-01  4.200E-01  3.854E-01  3.471E-01  3.059E-01  2.628E-01  2.187E-01  1.751E-01  1.331E-01  9.446E-02  6.057E-02  3.281E-02  1.268E-02
  321.5000  4.360E-01  4.336E-01  4.263E-01  4.145E-01  3.980E-01  3.774E-01  3.528E-01  3.247E-01  2.935E-01  2.599E-01  2.247E-01  1.885E-01  1.525E-01  1.176E-01  8.514E-02  5.624E-02  3.194E-02  1.329E-02
  322.5000  4.444E-01  4.419E-01  4.344E-01  4.220E-01  4.049E-01  3.834E-01  3.578E-01  3.285E-01  2.962E-01  2.614E-01  2.249E-01  1.876E-01  1.505E-01  1.148E-01  8.176E-02  5.273E-02  2.881E-02  1.127E-02
  323.5000  4.479E-01  4.455E-01  4.382E-01  4.262E-01  4.096E-01  3.887E-01  3.638E-01  3.353E-01  3.037E-01  2.696E-01  2.337E-01  1.969E-01  1.600E-01  1.242E-01  9.069E-02  6.068E-02  3.518E-02  1.516E-02
  324.5000  5.255E-01  5.226E-01  5.141E-01  4.999E-01  4.805E-01  4.559E-01  4.267E-01  3.933E-01  3.562E-01  3.162E-01  2.740E-01  2.307E-01  1.874E-01  1.453E-01  1.060E-01  7.076E-02  4.089E-02  1.751E-02
  325.5000  5.904E-01  5.871E-01  5.775E-01  5.616E-01  5.397E-01  5.120E-01  4.780E-01  4.414E-01  3.996E-01  3.545E-01  3.070E-01  2.582E-01  2.093E-01  1.620E-01  1.177E-01  7.821E-02  4.481E-02  1.891E-02
  326.5000  7.032E-01  6.994E-01  6.883E-01  6.698E-01  6.444E-01  6.123E-01  5.740E-01  5.302E-01  4.815E-01  4.289E-01  3.733E-01  3.160E-01  2.585E-01  2.024E-01  1.496E-01  1.018E-01  6.078E-02  2.760E-02
  327.5000  6.575E-01  6.539E-01  6.423E-01  6.261E-01  6.021E-01  5.719E-01  5.359E-01  4.946E-01  4.488E-01  3.993E-01  3.470E-01  2.932E-01  2.391E-01  1.865E-01  1.370E-01  9.250E-02  5.441E-02  2.406E-02
  328.5000  6.070E-01  6.037E-01  5.941E-01  5.781E-01  5.560E-01  5.282E-01  4.950E-01  4.569E-01  4.147E-01  3.690E-01  3.208E-01  2.711E-01  2.212E-01  1.726E-01  1.268E-01  8.564E-02  5.041E-02  2.232E-02
  329.5000  7.767E-01  7.727E-01  7.605E-01  7.405E-01  7.128E-01  6.779E-01  6.362E-01  5.884E-01  5.352E-01  4.777E-01  4.168E-01  3.540E-01  2.907E-01  2.287E-01  1.702E-01  1.170E-01  7.100E-02  3.328E-02
  330.5000  7.093E-01  7.056E-01  6.944E-01  6.760E-01  6.505E-01  6.184E-01  5.801E-01  5.362E-01  4.874E-01  4.345E-01  3.786E-01  3.209E-01  2.629E-01  2.061E-01  1.525E-01  1.040E-01  6.227E-02  2.845E-02
  331.5000  7.015E-01  6.978E-01  6.868E-01  6.685E-01  6.434E-01  6.116E-01  5.737E-01  5.303E-01  4.819E-01  4.296E-01  3.743E-01  3.172E-01  2.597E-01  2.035E-01  1.504E-01  1.024E-01  6.115E-02  2.779E-02
  332.5000  6.841E-01  6.806E-01  6.700E-01  6.525E-01  6.283E-01  5.978E-01  5.614E-01  5.196E-01  4.730E-01  4.226E-01  3.692E-01  3.140E-01  2.583E-01  2.036E-01  1.519E-01  1.048E-01  6.395E-02  3.034E-02
  333.5000  6.451E-01  6.417E-01  6.317E-01  6.151E-01  5.922E-01  5.633E-01  5.288E-01  4.892E-01  4.451E-01  3.974E-01  3.469E-01  2.946E-01  2.419E-01  1.902E-01  1.413E-01  9.690E-02  5.854E-02  2.724E-02
  334.5000  7.191E-01  7.153E-01  7.042E-01  6.858E-01  6.604E-01  6.283E-01  5.900E-01  5.461E-01  4.971E-01  4.441E-01  3.879E-01  3.297E-01  2.710E-01  2.135E-01  1.589E-01  1.093E-01  6.634E-02  3.117E-02
  335.5000  7.251E-01  7.214E-01  7.103E-01  6.919E-01  6.665E-01  6.344E-01  5.960E-01  5.520E-01  5.030E-01  4.498E-01  3.934E-01  3.350E-01  2.760E-01  2.180E-01  1.629E-01  1.128E-01  6.918E-02  3.319E-02
  336.5000  5.674E-01  5.645E-01  5.558E-01  5.414E-01  5.215E-01  4.964E-01  4.664E-01  4.319E-01  3.935E-01  3.518E-01  3.077E-01  2.619E-01  2.157E-01  1.702E-01  1.271E-01  8.776E-02  5.366E-02  2.558E-02
  337.5000  6.246E-01  6.214E-01  6.117E-01  5.958E-01  5.738E-01  5.461E-01  5.129E-01  4.749E-01  4.325E-01  3.865E-01  3.377E-01  2.872E-01  2.362E-01  1.861E-01  1.385E-01  9.517E-02  5.773E-02  2.710E-02
  338.5000  6.559E-01  6.525E-01  6.425E-01  6.259E-01  6.031E-01  5.742E-01  5.396E-01  4.999E-01  4.557E-01  4.078E-01  3.568E-01  3.040E-01  2.506E-01  1.980E-01  1.480E-01  1.024E-01  6.284E-02  3.017E-02
  339.5000  7.123E-01  7.087E-01  6.978E-01  6.799E-01  6.551E-01  6.238E-01  5.863E-01  5.434E-01  4.954E-01  4.434E-01  3.882E-01  3.309E-01  2.728E-01  2.157E-01  1.613E-01  1.117E-01  6.864E-02  3.306E-02
  340.5000  7.625E-01  7.586E-01  7.470E-01  7.277E-01  7.012E-01  6.676E-01  6.275E-01  5.814E-01  5.300E-01  4.743E-01  4.150E-01  3.536E-01  2.914E-01  2.301E-01  1.718E-01  1.187E-01  7.258E-02  3.466E-02
  341.5000  6.753E-01  6.718E-01  6.616E-01  6.446E-01  6.212E-01  5.916E-01  5.563E-01  5.157E-01  4.704E-01  4.211E-01  3.688E-01  3.146E-01  2.596E-01  2.053E-01  1.537E-01  1.065E-01  6.549E-02  3.164E-02
  342.5000  7.475E-01  7.437E-01  7.324E-01  7.136E-01  6.878E-01  6.551E-01  6.160E-01  5.711E-01  5.211E-01  4.666E-01  4.088E-01  3.488E-01  2.879E-01  2.278E-01  1.706E-01  1.183E-01  7.280E-02  3.524E-02
  343.5000  7.767E-01  7.728E-01  7.611E-01  7.416E-01  7.147E-01  6.808E-01  6.402E-01  5.935E-01  5.415E-01  4.849E-01  4.248E-01  3.624E-01  2.990E-01  2.366E-01  1.770E-01  1.225E-01  7.525E-02  3.628E-02
  344.5000  5.447E-01  5.419E-01  5.337E-01  5.200E-01  5.012E-01  4.774E-01  4.489E-01  4.162E-01  3.797E-01  3.400E-01  2.978E-01  2.540E-01  2.095E-01  1.657E-01  1.238E-01  8.562E-02  5.244E-02  2.516E-02
  345.5000  7.442E-01  7.405E-01  7.293E-01  7.107E-01  6.851E-01  6.527E-01  6.140E-01  5.695E-01  5.198E-01  4.657E-01  4.083E-01  3.486E-01  2.879E-01  2.280E-01  1.708E-01  1.185E-01  7.298E-02  3.542E-02
  346.5000  6.968E-01  6.933E-01  6.828E-01  6.654E-01  6.414E-01  6.111E-01  5.748E-01  5.331E-01  4.865E-01  4.359E-01  3.820E-01  3.260E-01  2.692E-01  2.130E-01  1.593E-01  1.103E-01  6.767E-02  3.261E-02
  347.5000  6.805E-01  6.770E-01  6.668E-01  6.499E-01  6.265E-01  5.969E-01  5.615E-01  5.208E-01  4.754E-01  4.260E-01  3.734E-01  3.187E-01  2.632E-01  2.083E-01  1.559E-01  1.079E-01  6.622E-02  3.194E-02
  348.5000  7.472E-01  7.434E-01  7.322E-01  7.136E-01  6.880E-01  6.556E-01  6.168E-01  5.722E-01  5.224E-01  4.682E-01  4.106E-01  3.506E-01  2.896E-01  2.293E-01  1.717E-01  1.189E-01  7.305E-02  3.532E-02
  349.5000  6.259E-01  6.228E-01  6.134E-01  5.979E-01  5.765E-01  5.493E-01  5.169E-01  4.796E-01  4.379E-01  3.925E-01  3.442E-01  2.940E-01  2.429E-01  1.923E-01  1.440E-01  9.970E-02  6.123E-02  2.959E-02
  350.5000  8.759E-01  8.716E-01  8.584E-01  8.368E-01  8.068E-01  7.689E-01  7.235E-01  6.714E-01  6.131E-01  5.497E-01  4.822E-01  4.118E-01  3.403E-01  2.696E-01  2.018E-01  1.398E-01  8.583E-02  4.151E-02
  351.5000  7.548E-01  7.510E-01  7.397E-01  7.211E-01  6.953E-01  6.627E-01  6.236E-01  5.787E-01  5.285E-01  4.739E-01  4.157E-01  3.551E-01  2.935E-01  2.325E-01  1.740E-01  1.205E-01  7.393E-02  3.571E-02
  352.5000  6.803E-01  6.769E-01  6.668E-01  6.500E-01  6.268E-01  5.974E-01  5.623E-01  5.218E-01  4.767E-01  4.275E-01  3.751E-01  3.205E-01  2.649E-01  2.099E-01  1.571E-01  1.088E-01  6.678E-02  3.228E-02
  353.5000  8.184E-01  8.143E-01  8.021E-01  7.820E-01  7.541E-01  7.188E-01  6.766E-01  6.281E-01  5.738E-01  5.147E-01  4.517E-01  3.860E-01  3.192E-01  2.530E-01  1.894E-01  1.312E-01  8.056E-02  3.899E-02
  354.5000  8.852E-01  8.808E-01  8.676E-01  8.459E-01  8.158E-01  7.777E-01  7.321E-01  6.796E-01  6.210E-01  5.571E-01  4.890E-01  4.181E-01  3.458E-01  2.741E-01  2.053E-01  1.422E-01  8.735E-02  4.232E-02
  355.5000  8.269E-01  8.228E-01  8.105E-01  7.902E-01  7.621E-01  7.266E-01  6.841E-01  6.351E-01  5.804E-01  5.208E-01  4.572E-01  3.909E-01  3.234E-01  2.564E-01  1.921E-01  1.330E-01  8.168E-02  3.958E-02
  356.5000  7.671E-01  7.633E-01  7.519E-01  7.331E-01  7.071E-01  6.742E-01  6.348E-01  5.894E-01  5.387E-01  4.834E-01  4.245E-01  3.630E-01  3.003E-01  2.381E-01  1.784E-01  1.235E-01  7.583E-02  3.674E-02
  357.5000  6.521E-01  6.488E-01  6.392E-01  6.232E-01  6.011E-01  5.732E-01  5.397E-01  5.012E-01  4.581E-01  4.111E-01  3.611E-01  3.088E-01  2.555E-01  2.026E-01  1.518E-01  1.051E-01  6.450E-02  3.124E-02
  358.5000  5.029E-01  5.004E-01  4.930E-01  4.807E-01  4.637E-01  4.422E-01  4.164E-01  3.867E-01  3.535E-01  3.173E-01  2.787E-01  2.384E-01  1.973E-01  1.565E-01  1.173E-01  8.119E-02  4.983E-02  2.414E-02
  359.5000  8.460E-01  8.419E-01  8.294E-01  8.087E-01  7.801E-01  7.440E-01  7.007E-01  6.508E-01  5.950E-01  5.342E-01  4.693E-01  4.015E-01  3.323E-01  2.636E-01  1.975E-01  1.367E-01  8.390E-02  4.065E-02
  360.5000  7.839E-01  7.800E-01  7.685E-01  7.493E-01  7.229E-01  6.894E-01  6.494E-01  6.032E-01  5.516E-01  4.952E-01  4.351E-01  3.724E-01  3.083E-01  2.446E-01  1.833E-01  1.269E-01  7.782E-02  3.770E-02
  361.5000  7.064E-01  7.029E-01  6.925E-01  6.753E-01  6.515E-01  6.214E-01  5.853E-01  5.438E-01  4.973E-01  4.466E-01  3.924E-01  3.359E-01  2.781E-01  2.207E-01  1.654E-01  1.145E-01  7.022E-02  3.403E-02
  362.5000  8.291E-01  8.251E-01  8.129E-01  7.927E-01  7.648E-01  7.295E-01  6.872E-01  6.385E-01  5.840E-01  5.245E-01  4.610E-01  3.946E-01  3.269E-01  2.594E-01  1.944E-01  1.346E-01  8.253E-02  4.000E-02
  363.5000  7.373E-01  7.337E-01  7.229E-01  7.050E-01  6.802E-01  6.488E-01  6.113E-01  5.680E-01  5.196E-01  4.667E-01  4.103E-01  3.513E-01  2.910E-01  2.309E-01  1.731E-01  1.198E-01  7.346E-02  3.560E-02
  364.5000  8.040E-01  8.000E-01  7.883E-01  7.688E-01  7.418E-01  7.076E-01  6.667E-01  6.196E-01  5.668E-01  5.092E-01  4.477E-01  3.834E-01  3.176E-01  2.521E-01  1.890E-01  1.308E-01  8.017E-02  3.884E-02
  365.5000  9.793E-01  9.745E-01  9.602E-01  9.365E-01  9.037E-01  8.621E-01  8.123E-01  7.550E-01  6.907E-01  6.206E-01  5.457E-01  4.674E-01  3.873E-01  3.075E-01  2.305E-01  1.595E-01  9.772E-02  4.733E-02
  366.5000  1.036E+00  1.031E+00  1.016E+00  9.908E-01  9.561E-01  9.122E-01  8.596E-01  7.989E-01  7.311E-01  6.570E-01  5.778E-01  4.949E-01  4.102E-01  3.257E-01  2.442E-01  1.689E-01  1.035E-01  5.013E-02
  367.5000  9.833E-01  9.785E-01  9.641E-01  9.404E-01  9.075E-01  8.659E-01  8.160E-01  7.585E-01  6.942E-01  6.239E-01  5.488E-01  4.702E-01  3.897E-01  3.095E-01  2.321E-01  1.605E-01  9.834E-02  4.764E-02
  368.5000  8.635E-01  8.592E-01  8.467E-01  8.258E-01  7.970E-01  7.605E-01  7.168E-01  6.663E-01  6.099E-01  5.482E-01  4.823E-01  4.132E-01  3.426E-01  2.721E-01  2.040E-01  1.412E-01  8.643E-02  4.186E-02
  369.5000  1.035E+00  1.030E+00  1.015E+00  9.903E-01  9.557E-01  9.120E-01  8.596E-01  7.992E-01  7.316E-01  6.577E-01  5.787E-01  4.959E-01  4.112E-01  3.267E-01  2.450E-01  1.695E-01  1.037E-01  5.023E-02
  370.5000  9.390E-01  9.344E-01  9.208E-01  8.982E-01  8.669E-01  8.273E-01  7.798E-01  7.251E-01  6.638E-01  5.968E-01  5.252E-01  4.502E-01  3.733E-01  2.966E-01  2.224E-01  1.539E-01  9.416E-02  4.559E-02
  371.5000  1.074E+00  1.069E+00  1.053E+00  1.027E+00  9.916E-01  9.464E-01  8.922E-01  8.296E-01  7.596E-01  6.830E-01  6.011E-01  5.154E-01  4.275E-01  3.397E-01  2.548E-01  1.762E-01  1.078E-01  5.219E-02
  372.5000  7.930E-01  7.892E-01  7.777E-01  7.586E-01  7.323E-01  6.989E-01  6.589E-01  6.128E-01  5.611E-01  5.046E-01  4.442E-01  3.809E-01  3.160E-01  2.511E-01  1.883E-01  1.303E-01  7.968E-02  3.857E-02
  373.5000  7.166E-01  7.131E-01  7.027E-01  6.855E-01  6.617E-01  6.316E-01  5.955E-01  5.539E-01  5.072E-01  4.562E-01  4.016E-01  3.444E-01  2.858E-01  2.272E-01  1.704E-01  1.178E-01  7.206E-02  3.487E-02
  374.5000  7.862E-01  7.824E-01  7.710E-01  7.522E-01  7.261E-01  6.931E-01  6.535E-01  6.079E-01  5.568E-01  5.008E-01  4.410E-01  3.782E-01  3.139E-01  2.495E-01  1.872E-01  1.294E-01  7.912E-02  3.828E-02
  375.5000  8.867E-01  8.824E-01  8.696E-01  8.484E-01  8.190E-01  7.819E-01  7.373E-01  6.858E-01  6.282E-01  5.652E-01  4.977E-01  4.270E-01  3.544E-01  2.818E-01  2.114E-01  1.462E-01  8.933E-02  4.321E-02
  376.5000  8.851E-01  8.809E-01  8.681E-01  8.469E-01  8.177E-01  7.806E-01  7.361E-01  6.849E-01  6.274E-01  5.645E-01  4.972E-01  4.266E-01  3.541E-01  2.816E-01  2.113E-01  1.461E-01  8.925E-02  4.317E-02
  377.5000  1.054E+00  1.049E+00  1.033E+00  1.008E+00  9.734E-01  9.294E-01  8.765E-01  8.155E-01  7.471E-01  6.723E-01  5.923E-01  5.082E-01  4.220E-01  3.356E-01  2.518E-01  1.741E-01  1.063E-01  5.143E-02
  378.5000  1.148E+00  1.142E+00  1.126E+00  1.099E+00  1.061E+00  1.013E+00  9.552E-01  8.888E-01  8.144E-01  7.330E-01  6.457E-01  5.542E-01  4.602E-01  3.661E-01  2.747E-01  1.899E-01  1.160E-01  5.607E-02
  379.5000  8.490E-01  8.450E-01  8.328E-01  8.126E-01  7.846E-01  7.491E-01  7.066E-01  6.576E-01  6.026E-01  5.424E-01  4.779E-01  4.102E-01  3.407E-01  2.711E-01  2.034E-01  1.406E-01  8.585E-02  4.149E-02
  380.5000  1.021E+00  1.016E+00  1.001E+00  9.769E-01  9.433E-01  9.008E-01  8.497E-01  7.908E-01  7.247E-01  6.524E-01  5.750E-01  4.936E-01  4.100E-01  3.263E-01  2.449E-01  1.693E-01  1.033E-01  4.992E-02
  381.5000  9.589E-01  9.543E-01  9.405E-01  9.178E-01  8.862E-01  8.463E-01  7.984E-01  7.431E-01  6.811E-01  6.132E-01  5.405E-01  4.641E-01  3.856E-01  3.068E-01  2.303E-01  1.592E-01  9.713E-02  4.693E-02
  382.5000  6.387E-01  6.357E-01  6.265E-01  6.114E-01  5.904E-01  5.638E-01  5.319E-01  4.951E-01  4.539E-01  4.087E-01  3.603E-01  3.094E-01  2.571E-01  2.046E-01  1.536E-01  1.062E-01  6.476E-02  3.128E-02
  383.5000  5.607E-01  5.580E-01  5.500E-01  5.367E-01  5.183E-01  4.950E-01  4.671E-01  4.348E-01  3.986E-01  3.590E-01  3.165E-01  2.718E-01  2.259E-01  1.798E-01  1.350E-01  9.332E-02  5.690E-02  2.748E-02
  384.5000  8.412E-01  8.372E-01  8.251E-01  8.052E-01  7.777E-01  7.428E-01  7.009E-01  6.525E-01  5.982E-01  5.388E-01  4.751E-01  4.081E-01  3.392E-01  2.701E-01  2.028E-01  1.402E-01  8.544E-02  4.125E-02
  385.5000  8.320E-01  8.280E-01  8.161E-01  7.965E-01  7.692E-01  7.347E-01  6.933E-01  6.455E-01  5.919E-01  5.332E-01  4.702E-01  4.040E-01  3.359E-01  2.674E-01  2.008E-01  1.388E-01  8.458E-02  4.083E-02
  386.5000  8.478E-01  8.438E-01  8.317E-01  8.117E-01  7.840E-01  7.488E-01  7.067E-01  6.580E-01  6.034E-01  5.436E-01  4.795E-01  4.120E-01  3.426E-01  2.728E-01  2.049E-01  1.416E-01  8.627E-02  4.163E-02
  387.5000  7.877E-01  7.839E-01  7.727E-01  7.542E-01  7.284E-01  6.958E-01  6.567E-01  6.115E-01  5.609E-01  5.053E-01  4.457E-01  3.831E-01  3.186E-01  2.538E-01  1.906E-01  1.317E-01  8.023E-02  3.870E-02
  388.5000  7.893E-01  7.856E-01  7.743E-01  7.557E-01  7.300E-01  6.974E-01  6.582E-01  6.130E-01  5.622E-01  5.066E-01  4.469E-01  3.842E-01  3.196E-01  2.546E-01  1.912E-01  1.322E-01  8.046E-02  3.880E-02
  389.5000  9.951E-01  9.904E-01  9.762E-01  9.528E-01  9.204E-01  8.793E-01  8.300E-01  7.730E-01  7.091E-01  6.390E-01  5.638E-01  4.848E-01  4.033E-01  3.213E-01  2.414E-01  1.668E-01  1.015E-01  4.895E-02
  390.5000  9.771E-01  9.725E-01  9.586E-01  9.357E-01  9.039E-01  8.636E-01  8.152E-01  7.593E-01  6.966E-01  6.278E-01  5.540E-01  4.764E-01  3.964E-01  3.159E-01  2.373E-01  1.640E-01  9.979E-02  4.810E-02
  391.5000  1.159E+00  1.153E+00  1.137E+00  1.110E+00  1.072E+00  1.024E+00  9.670E-01  9.008E-01  8.265E-01  7.450E-01  6.575E-01  5.654E-01  4.706E-01  3.751E-01  2.818E-01  1.947E-01  1.185E-01  5.708E-02
  392.5000  8.688E-01  8.647E-01  8.524E-01  8.320E-01  8.038E-01  7.680E-01  7.251E-01  6.755E-01  6.198E-01  5.588E-01  4.932E-01  4.242E-01  3.531E-01  2.815E-01  2.115E-01  1.462E-01  8.889E-02  4.282E-02
  393.5000  3.776E-01  3.758E-01  3.705E-01  3.616E-01  3.494E-01  3.339E-01  3.152E-01  2.937E-01  2.695E-01  2.430E-01  2.145E-01  1.845E-01  1.536E-01  1.225E-01  9.205E-02  6.360E-02  3.867E-02  1.862E-02
  394.5000  8.883E-01  8.841E-01  8.716E-01  8.508E-01  8.220E-01  7.855E-01  7.417E-01  6.911E-01  6.342E-01  5.719E-01  5.049E-01  4.344E-01  3.617E-01  2.884E-01  2.168E-01  1.498E-01  9.106E-02  4.383E-02
  395.5000  1.143E+00  1.137E+00  1.121E+00  1.094E+00  1.057E+00  1.011E+00  9.543E-01  8.892E-01  8.161E-01  7.360E-01  6.499E-01  5.592E-01  4.657E-01  3.714E-01  2.792E-01  1.929E-01  1.172E-01  5.642E-02
  396.5000  6.708E-01  6.677E-01  6.582E-01  6.425E-01  6.208E-01  5.933E-01  5.603E-01  5.221E-01  4.793E-01  4.323E-01  3.818E-01  3.286E-01  2.736E-01  2.183E-01  1.641E-01  1.134E-01  6.889E-02  3.314E-02
  397.5000  7.739E-01  7.702E-01  7.593E-01  7.413E-01  7.163E-01  6.846E-01  6.465E-01  6.025E-01  5.531E-01  4.989E-01  4.407E-01  3.793E-01  3.160E-01  2.521E-01  1.896E-01  1.310E-01  7.955E-02  3.826E-02
  398.5000  1.329E+00  1.323E+00  1.305E+00  1.274E+00  1.231E+00  1.176E+00  1.111E+00  1.035E+00  9.506E-01  8.575E-01  7.575E-01  6.522E-01  5.433E-01  4.336E-01  3.261E-01  2.253E-01  1.368E-01  6.576E-02
  399.5000  1.383E+00  1.376E+00  1.357E+00  1.324E+00  1.280E+00  1.223E+00  1.155E+00  1.077E+00  9.888E-01  8.922E-01  7.882E-01  6.787E-01  5.655E-01  4.513E-01  3.395E-01  2.345E-01  1.424E-01  6.842E-02
  400.5000  1.453E+00  1.446E+00  1.426E+00  1.392E+00  1.345E+00  1.286E+00  1.215E+00  1.132E+00  1.040E+00  9.382E-01  8.290E-01  7.139E-01  5.950E-01  4.749E-01  3.572E-01  2.468E-01  1.498E-01  7.196E-02
  401.5000  1.495E+00  1.488E+00  1.467E+00  1.432E+00  1.384E+00  1.323E+00  1.250E+00  1.165E+00  1.070E+00  9.655E-01  8.532E-01  7.349E-01  6.125E-01  4.890E-01  3.679E-01  2.542E-01  1.542E-01  7.406E-02
  402.5000  1.551E+00  1.544E+00  1.522E+00  1.486E+00  1.437E+00  1.373E+00  1.297E+00  1.210E+00  1.111E+00  1.003E+00  8.861E-01  7.633E-01  6.363E-01  5.081E-01  3.823E-01  2.641E-01  1.602E-01  7.691E-02
  403.5000  1.420E+00  1.413E+00  1.393E+00  1.360E+00  1.315E+00  1.257E+00  1.187E+00  1.107E+00  1.017E+00  9.179E-01  8.114E-01  6.990E-01  5.828E-01  4.654E-01  3.503E-01  2.420E-01  1.467E-01  7.042E-02
  404.5000  1.392E+00  1.386E+00  1.366E+00  1.334E+00  1.289E+00  1.233E+00  1.165E+00  1.086E+00  9.975E-01  9.005E-01  7.961E-01  6.859E-01  5.720E-01  4.569E-01  3.439E-01  2.376E-01  1.440E-01  6.909E-02
  405.5000  1.446E+00  1.439E+00  1.419E+00  1.385E+00  1.339E+00  1.280E+00  1.210E+00  1.128E+00  1.036E+00  9.356E-01  8.273E-01  7.129E-01  5.946E-01  4.750E-01  3.576E-01  2.470E-01  1.497E-01  7.180E-02
  406.5000  1.362E+00  1.355E+00  1.336E+00  1.305E+00  1.261E+00  1.206E+00  1.139E+00  1.063E+00  9.763E-01  8.815E-01  7.795E-01  6.718E-01  5.604E-01  4.478E-01  3.371E-01  2.329E-01  1.411E-01  6.765E-02
  407.5000  1.372E+00  1.366E+00  1.347E+00  1.315E+00  1.271E+00  1.216E+00  1.149E+00  1.071E+00  9.844E-01  8.889E-01  7.861E-01  6.777E-01  5.654E-01  4.518E-01  3.402E-01  2.350E-01  1.424E-01  6.822E-02
  408.5000  1.528E+00  1.521E+00  1.500E+00  1.465E+00  1.416E+00  1.354E+00  1.279E+00  1.193E+00  1.097E+00  9.902E-01  8.759E-01  7.551E-01  6.301E-01  5.036E-01  3.792E-01  2.620E-01  1.587E-01  7.599E-02
  409.5000  1.498E+00  1.491E+00  1.470E+00  1.436E+00  1.388E+00  1.327E+00  1.254E+00  1.170E+00  1.075E+00  9.710E-01  8.589E-01  7.406E-01  6.181E-01  4.941E-01  3.721E-01  2.571E-01  1.557E-01  7.452E-02
  410.5000  1.299E+00  1.293E+00  1.275E+00  1.245E+00  1.203E+00  1.151E+00  1.088E+00  1.015E+00  9.324E-01  8.422E-01  7.451E-01  6.426E-01  5.364E-01  4.288E-01  3.230E-01  2.232E-01  1.351E-01  6.464E-02
  411.5000  1.561E+00  1.553E+00  1.532E+00  1.496E+00  1.446E+00  1.383E+00  1.307E+00  1.220E+00  1.121E+00  1.013E+00  8.960E-01  7.728E-01  6.451E-01  5.159E-01  3.886E-01  2.685E-01  1.625E-01  7.773E-02
  412.5000  1.547E+00  1.539E+00  1.518E+00  1.482E+00  1.433E+00  1.371E+00  1.296E+00  1.209E+00  1.111E+00  1.004E+00  8.883E-01  7.663E-01  6.398E-01  5.117E-01  3.856E-01  2.664E-01  1.612E-01  7.707E-02
  413.5000  1.500E+00  1.493E+00  1.472E+00  1.438E+00  1.390E+00  1.329E+00  1.257E+00  1.172E+00  1.078E+00  9.738E-01  8.619E-01  7.436E-01  6.210E-01  4.967E-01  3.743E-01  2.586E-01  1.564E-01  7.478E-02
  414.5000  1.541E+00  1.534E+00  1.513E+00  1.477E+00  1.428E+00  1.366E+00  1.291E+00  1.205E+00  1.108E+00  1.001E+00  8.861E-01  7.646E-01  6.387E-01  5.109E-01  3.851E-01  2.661E-01  1.609E-01  7.688E-02
  415.5000  1.474E+00  1.467E+00  1.447E+00  1.413E+00  1.366E+00  1.307E+00  1.235E+00  1.153E+00  1.060E+00  9.578E-01  8.479E-01  7.317E-01  6.112E-01  4.891E-01  3.687E-01  2.548E-01  1.540E-01  7.355E-02
  416.5000  1.604E+00  1.596E+00  1.574E+00  1.537E+00  1.487E+00  1.422E+00  1.344E+00  1.255E+00  1.154E+00  1.043E+00  9.231E-01  7.967E-01  6.657E-01  5.327E-01  4.016E-01  2.775E-01  1.677E-01  8.006E-02
  417.5000  1.466E+00  1.459E+00  1.439E+00  1.405E+00  1.359E+00  1.300E+00  1.229E+00  1.147E+00  1.055E+00  9.534E-01  8.442E-01  7.287E-01  6.089E-01  4.874E-01  3.675E-01  2.540E-01  1.535E-01  7.321E-02
  418.5000  1.477E+00  1.470E+00  1.450E+00  1.416E+00  1.369E+00  1.310E+00  1.239E+00  1.156E+00  1.063E+00  9.611E-01  8.511E-01  7.348E-01  6.141E-01  4.916E-01  3.707E-01  2.562E-01  1.548E-01  7.381E-02
  419.5000  1.526E+00  1.518E+00  1.497E+00  1.463E+00  1.414E+00  1.353E+00  1.279E+00  1.194E+00  1.098E+00  9.931E-01  8.795E-01  7.594E-01  6.348E-01  5.082E-01  3.833E-01  2.649E-01  1.600E-01  7.627E-02
------------------------------------------------------------
Dose rates, W m-2
   1 = UV-B, 280-315 nm                                  
   2 = UV-B*, 280-320 nm                                 
   3 = UV-A, 315-400 nm                                  
   4 = DNA damage, in vitro (Setlow, 1974)               
   5 = UV index (WMO, 1994; Webb et al., 2011)           
   6 = Plant damage (Caldwell, 1971)                     
   7 = Plant damage,Flint&Caldwell,2003,orig.            
   8 = Plant damage,Flint&Caldwell,2003,ext390           
values at z =      0.000 km
Columns: sza, weighting spectra
 sza, deg.          1          2          3          4          5          6          7          8
    0.0000  2.954E+00  4.864E+00  6.471E+01  1.774E-02  2.010E+01  7.253E-01  1.527E+00  1.980E+00
    5.0000  2.930E+00  4.829E+00  6.439E+01  1.750E-02  1.990E+01  7.175E-01  1.515E+00  1.966E+00
   10.0000  2.860E+00  4.725E+00  6.342E+01  1.681E-02  1.930E+01  6.943E-01  1.481E+00  1.925E+00
   15.0000  2.742E+00  4.552E+00  6.183E+01  1.570E-02  1.834E+01  6.568E-01  1.424E+00  1.857E+00
   20.0000  2.588E+00  4.320E+00  5.963E+01  1.426E-02  1.706E+01  6.068E-01  1.348E+00  1.766E+00
   25.0000  2.394E+00  4.029E+00  5.684E+01  1.255E-02  1.550E+01  5.464E-01  1.254E+00  1.654E+00
   30.0000  2.170E+00  3.690E+00  5.350E+01  1.069E-02  1.375E+01  4.786E-01  1.146E+00  1.523E+00
   35.0000  1.921E+00  3.310E+00  4.966E+01  8.788E-03  1.186E+01  4.063E-01  1.028E+00  1.378E+00
   40.0000  1.657E+00  2.901E+00  4.537E+01  6.940E-03  9.938E+00  3.328E-01  9.025E-01  1.224E+00
   45.0000  1.385E+00  2.475E+00  4.070E+01  5.239E-03  8.049E+00  2.616E-01  7.746E-01  1.064E+00
   50.0000  1.116E+00  2.044E+00  3.571E+01  3.755E-03  6.272E+00  1.957E-01  6.477E-01  9.023E-01
   55.0000  8.587E-01  1.624E+00  3.051E+01  2.534E-03  4.674E+00  1.377E-01  5.257E-01  7.442E-01
   60.0000  6.240E-01  1.228E+00  2.521E+01  1.593E-03  3.304E+00  8.981E-02  4.119E-01  5.932E-01
   65.0000  4.207E-01  8.726E-01  1.995E+01  9.214E-04  2.194E+00  5.312E-02  3.089E-01  4.532E-01
   70.0000  2.565E-01  5.696E-01  1.490E+01  4.844E-04  1.350E+00  2.771E-02  2.192E-01  3.275E-01
   75.0000  1.357E-01  3.298E-01  1.025E+01  2.310E-04  7.566E-01  1.242E-02  1.442E-01  2.191E-01
   80.0000  5.877E-02  1.588E-01  6.221E+00  1.025E-04  3.758E-01  4.917E-03  8.441E-02  1.301E-01
   85.0000  2.037E-02  5.682E-02  2.964E+00  4.371E-05  1.553E-01  2.030E-03  3.908E-02  6.118E-02
------------------------------------------------------------
