Spectral Irradiance, W m-2 nm-1
values at z =      0.000 km
Columns: wavelength (nm), solar zenith angles (deg.)
    wc, nm      0.000      5.000     10.000     15.000     20.000     25.000     30.000     35.000     40.000     45.000     50.000     55.000     60.000     65.000     70.000     75.000     80.000     85.000
  120.7000  0.000E+00  0.000E+00  0.000E+00  0.000E+00  0.000E+00  0.000E+00  0.000E+00  0.000E+00  0.000E+00  0.000E+00  0.000E+00  0.000E+00  0.000E+00  0.000E+00  0.000E+00  0.000E+00  0.000E+00  0.000E+00
  121.6500  0.000E+00  0.000E+00  0.000E+00  0.000E+00  0.000E+00  0.000E+00  0.000E+00  0.000E+00  0.000E+00  0.000E+00  0.000E+00  0.000E+00  0.000E+00  0.000E+00  0.000E+00  0.000E+00  0.000E+00  0.000E+00
  122.1000  0.000E+00  0.000E+00  0.000E+00  0.000E+00  0.000E+00  0.000E+00  0.000E+00  0.000E+00  0.000E+00  0.000E+00  0.000E+00  0.000E+00  0.000E+00  0.000E+00  0.000E+00  0.000E+00  0.000E+00  0.000E+00
  122.7000  0.000E+00  0.000E+00  0.000E+00  0.000E+00  0.000E+00  0.000E+00  0.000E+00  0.000E+00  0.000E+00  0.000E+00  0.000E+00  0.000E+00  0.000E+00  0.000E+00  0.000E+00  0.000E+00  0.000E+00  0.000E+00
  123.4500  0.000E+00  0.000E+00  0.000E+00  0.000E+00  0.000E+00  0.000E+00  0.000E+00  0.000E+00  0.000E+00  0.000E+00  0.000E+00  0.000E+00  0.000E+00  0.000E+00  0.000E+00  0.000E+00  0.000E+00  0.000E+00
  124.2000  0.000E+00  0.000E+00  0.000E+00  0.000E+00  0.000E+00  0.000E+00  0.000E+00  0.000E+00  0.000E+00  0.000E+00  0.000E+00  0.000E+00  0.000E+00  0.000E+00  0.000E+00  0.000E+00  0.000E+00  0.000E+00
  125.0000  0.000E+00  0.000E+00  0.000E+00  0.000E+00  0.000E+00  0.000E+00  0.000E+00  0.000E+00  0.000E+00  0.000E+00  0.000E+00  0.000E+00  0.000E+00  0.000E+00  0.000E+00  0.000E+00  0.000E+00  0.000E+00
  125.8000  0.000E+00  0.000E+00  0.000E+00  0.000E+00  0.000E+00  0.000E+00  0.000E+00  0.000E+00  0.000E+00  0.000E+00  0.000E+00  0.000E+00  0.000E+00  0.000E+00  0.000E+00  0.000E+00  0.000E+00  0.000E+00
  126.6000  0.000E+00  0.000E+00  0.000E+00  0.000E+00  0.000E+00  0.000E+00  0.000E+00  0.000E+00  0.000E+00  0.000E+00  0.000E+00  0.000E+00  0.000E+00  0.000E+00  0.000E+00  0.000E+00  0.000E+00  0.000E+00
  127.8000  0.000E+00  0.000E+00  0.000E+00  0.000E+00  0.000E+00  0.000E+00  0.000E+00  0.000E+00  0.000E+00  0.000E+00  0.000E+00  0.000E+00  0.000E+00  0.000E+00  0.000E+00  0.000E+00  0.000E+00  0.000E+00
  129.0000  0.000E+00  0.000E+00  0.000E+00  0.000E+00  0.000E+00  0.000E+00  0.000E+00  0.000E+00  0.000E+00  0.000E+00  0.000E+00  0.000E+00  0.000E+00  0.000E+00  0.000E+00  0.000E+00  0.000E+00  0.000E+00
  129.8500  0.000E+00  0.000E+00  0.000E+00  0.000E+00  0.000E+00  0.000E+00  0.000E+00  0.000E+00  0.000E+00  0.000E+00  0.000E+00  0.000E+00  0.000E+00  0.000E+00  0.000E+00  0.000E+00  0.000E+00  0.000E+00
  131.1500  0.000E+00  0.000E+00  0.000E+00  0.000E+00  0.000E+00  0.000E+00  0.000E+00  0.000E+00  0.000E+00  0.000E+00  0.000E+00  0.000E+00  0.000E+00  0.000E+00  0.000E+00  0.000E+00  0.000E+00  0.000E+00
  133.5000  0.000E+00  0.000E+00  0.000E+00  0.000E+00  0.000E+00  0.000E+00  0.000E+00  0.000E+00  0.000E+00  0.000E+00  0.000E+00  0.000E+00  0.000E+00  0.000E+00  0.000E+00  0.000E+00  0.000E+00  0.000E+00
  136.0000  0.000E+00  0.000E+00  0.000E+00  0.000E+00  0.000E+00  0.000E+00  0.000E+00  0.000E+00  0.000E+00  0.000E+00  0.000E+00  0.000E+00  0.000E+00  0.000E+00  0.000E+00  0.000E+00  0.000E+00  0.000E+00
  141.0000  0.000E+00  0.000E+00  0.000E+00  0.000E+00  0.000E+00  0.000E+00  0.000E+00  0.000E+00  0.000E+00  0.000E+00  0.000E+00  0.000E+00  0.000E+00  0.000E+00  0.000E+00  0.000E+00  0.000E+00  0.000E+00
  150.0000  0.000E+00  0.000E+00  0.000E+00  0.000E+00  0.000E+00  0.000E+00  0.000E+00  0.000E+00  0.000E+00  0.000E+00  0.000E+00  0.000E+00  0.000E+00  0.000E+00  0.000E+00  0.000E+00  0.000E+00  0.000E+00
  160.0000  0.000E+00  0.000E+00  0.000E+00  0.000E+00  0.000E+00  0.000E+00  0.000E+00  0.000E+00  0.000E+00  0.000E+00  0.000E+00  0.000E+00  0.000E+00  0.000E+00  0.000E+00  0.000E+00  0.000E+00  0.000E+00
  167.5000  0.000E+00  0.000E+00  0.000E+00  0.000E+00  0.000E+00  0.000E+00  0.000E+00  0.000E+00  0.000E+00  0.000E+00  0.000E+00  0.000E+00  0.000E+00  0.000E+00  0.000E+00  0.000E+00  0.000E+00  0.000E+00
  172.7000  0.000E+00  0.000E+00  0.000E+00  0.000E+00  0.000E+00  0.000E+00  0.000E+00  0.000E+00  0.000E+00  0.000E+00  0.000E+00  0.000E+00  0.000E+00  0.000E+00  0.000E+00  0.000E+00  0.000E+00  0.000E+00
  176.2000  0.000E+00  0.000E+00  0.000E+00  0.000E+00  0.000E+00  0.000E+00  0.000E+00  0.000E+00  0.000E+00  0.000E+00  0.000E+00  0.000E+00  0.000E+00  0.000E+00  0.000E+00  0.000E+00  0.000E+00  0.000E+00
  177.8000  0.000E+00  0.000E+00  0.000E+00  0.000E+00  0.000E+00  0.000E+00  0.000E+00  0.000E+00  0.000E+00  0.000E+00  0.000E+00  0.000E+00  0.000E+00  0.000E+00  0.000E+00  0.000E+00  0.000E+00  0.000E+00
  179.4000  0.000E+00  0.000E+00  0.000E+00  0.000E+00  0.000E+00  0.000E+00  0.000E+00  0.000E+00  0.000E+00  0.000E+00  0.000E+00  0.000E+00  0.000E+00  0.000E+00  0.000E+00  0.000E+00  0.000E+00  0.000E+00
  181.0000  0.000E+00  0.000E+00  0.000E+00  0.000E+00  0.000E+00  0.000E+00  0.000E+00  0.000E+00  0.000E+00  0.000E+00  0.000E+00  0.000E+00  0.000E+00  0.000E+00  0.000E+00  0.000E+00  0.000E+00  0.000E+00
  182.6500  0.000E+00  0.000E+00  0.000E+00  0.000E+00  0.000E+00  0.000E+00  0.000E+00  0.000E+00  0.000E+00  0.000E+00  0.000E+00  0.000E+00  0.000E+00  0.000E+00  0.000E+00  0.000E+00  0.000E+00  0.000E+00
  184.3500  0.000E+00  0.000E+00  0.000E+00  0.000E+00  0.000E+00  0.000E+00  0.000E+00  0.000E+00  0.000E+00  0.000E+00  0.000E+00  0.000E+00  0.000E+00  0.000E+00  0.000E+00  0.000E+00  0.000E+00  0.000E+00
  186.0500  0.000E+00  0.000E+00  0.000E+00  0.000E+00  0.000E+00  0.000E+00  0.000E+00  0.000E+00  0.000E+00  0.000E+00  0.000E+00  0.000E+00  0.000E+00  0.000E+00  0.000E+00  0.000E+00  0.000E+00  0.000E+00
  187.8000  0.000E+00  0.000E+00  0.000E+00  0.000E+00  0.000E+00  0.000E+00  0.000E+00  0.000E+00  0.000E+00  0.000E+00  0.000E+00  0.000E+00  0.000E+00  0.000E+00  0.000E+00  0.000E+00  0.000E+00  0.000E+00
  189.6000  0.000E+00  0.000E+00  0.000E+00  0.000E+00  0.000E+00  0.000E+00  0.000E+00  0.000E+00  0.000E+00  0.000E+00  0.000E+00  0.000E+00  0.000E+00  0.000E+00  0.000E+00  0.000E+00  0.000E+00  0.000E+00
  191.4000  0.000E+00  0.000E+00  0.000E+00  0.000E+00  0.000E+00  0.000E+00  0.000E+00  0.000E+00  0.000E+00  0.000E+00  0.000E+00  0.000E+00  0.000E+00  0.000E+00  0.000E+00  0.000E+00  0.000E+00  0.000E+00
  193.2500  0.000E+00  0.000E+00  0.000E+00  0.000E+00  0.000E+00  0.000E+00  0.000E+00  0.000E+00  0.000E+00  0.000E+00  0.000E+00  0.000E+00  0.000E+00  0.000E+00  0.000E+00  0.000E+00  0.000E+00  0.000E+00
  195.1500  0.000E+00  0.000E+00  0.000E+00  0.000E+00  0.000E+00  0.000E+00  0.000E+00  0.000E+00  0.000E+00  0.000E+00  0.000E+00  0.000E+00  0.000E+00  0.000E+00  0.000E+00  0.000E+00  0.000E+00  0.000E+00
  197.0500  0.000E+00  0.000E+00  0.000E+00  0.000E+00  0.000E+00  0.000E+00  0.000E+00  0.000E+00  0.000E+00  0.000E+00  0.000E+00  0.000E+00  0.000E+00  0.000E+00  0.000E+00  0.000E+00  0.000E+00  0.000E+00
  199.0000  0.000E+00  0.000E+00  0.000E+00  0.000E+00  0.000E+00  0.000E+00  0.000E+00  0.000E+00  0.000E+00  0.000E+00  0.000E+00  0.000E+00  0.000E+00  0.000E+00  0.000E+00  0.000E+00  0.000E+00  0.000E+00
  201.0000  0.000E+00  0.000E+00  0.000E+00  0.000E+00  0.000E+00  0.000E+00  0.000E+00  0.000E+00  0.000E+00  0.000E+00  0.000E+00  0.000E+00  0.000E+00  0.000E+00  0.000E+00  0.000E+00  0.000E+00  0.000E+00
  203.0500  0.000E+00  0.000E+00  0.000E+00  0.000E+00  0.000E+00  0.000E+00  0.000E+00  0.000E+00  0.000E+00  0.000E+00  0.000E+00  0.000E+00  0.000E+00  0.000E+00  0.000E+00  0.000E+00  0.000E+00  0.000E+00
  205.1500  0.000E+00  0.000E+00  0.000E+00  0.000E+00  0.000E+00  0.000E+00  0.000E+00  0.000E+00  0.000E+00  0.000E+00  0.000E+00  0.000E+00  0.000E+00  0.000E+00  0.000E+00  0.000E+00  0.000E+00  0.000E+00
  207.2665  4.760E-20  4.072E-20  2.535E-20  1.128E-20  3.480E-21  7.090E-22  8.913E-23  6.291E-24  2.204E-25  3.402E-27  3.238E-29  2.187E-30  7.384E-31  3.694E-31  2.152E-31  1.317E-31  7.788E-32  3.873E-32
  209.4295  3.772E-19  3.247E-19  2.059E-19  9.453E-20  3.051E-20  6.611E-21  9.010E-22  7.056E-23  2.825E-24  5.171E-26  5.964E-28  4.026E-29  1.298E-29  6.383E-30  3.720E-30  2.297E-30  1.377E-30  6.964E-31
  211.6460  3.549E-18  3.076E-18  1.991E-18  9.476E-19  3.221E-19  7.491E-20  1.120E-20  9.886E-22  4.616E-23  1.032E-24  1.502E-26  1.040E-27  3.161E-28  1.522E-28  8.899E-29  5.568E-29  3.397E-29  1.759E-29
  213.9100  1.198E-17  1.043E-17  6.837E-18  3.325E-18  1.167E-18  2.834E-19  4.483E-20  4.257E-21  2.183E-22  5.507E-24  9.099E-26  5.857E-27  1.631E-27  7.677E-28  4.522E-28  2.877E-28  1.792E-28  9.511E-29
  216.2225  3.152E-17  2.754E-17  1.828E-17  9.083E-18  3.287E-18  8.324E-19  1.391E-19  1.419E-20  7.978E-22  2.268E-23  4.241E-25  2.511E-26  6.263E-27  2.888E-27  1.726E-27  1.121E-27  7.144E-28  3.901E-28
  218.5855  1.279E-16  1.122E-16  7.557E-17  3.846E-17  1.442E-17  3.829E-18  6.816E-19  7.544E-20  4.722E-21  1.548E-22  3.375E-24  1.835E-25  4.006E-26  1.824E-26  1.114E-26  7.409E-27  4.842E-27  2.727E-27
  221.0010  2.057E-16  1.809E-16  1.224E-16  6.288E-17  2.389E-17  6.465E-18  1.180E-18  1.349E-19  8.815E-21  3.059E-22  6.893E-24  3.106E-25  5.770E-26  2.634E-26  1.652E-26  1.124E-26  7.517E-27  4.357E-27
  223.4705  2.650E-16  2.331E-16  1.578E-16  8.114E-17  3.087E-17  8.371E-18  1.533E-18  1.761E-19  1.160E-20  4.071E-22  8.881E-24  3.092E-25  4.792E-26  2.233E-26  1.440E-26  1.002E-26  6.838E-27  4.071E-27
  225.9960  1.897E-16  1.669E-16  1.130E-16  5.802E-17  2.206E-17  5.977E-18  1.094E-18  1.258E-19  8.323E-21  2.934E-22  6.112E-24  1.582E-25  2.028E-26  9.791E-27  6.487E-27  4.602E-27  3.203E-27  1.958E-27
  228.5790  8.150E-17  7.145E-17  4.791E-17  2.422E-17  8.994E-18  2.362E-18  4.151E-19  4.539E-20  2.818E-21  9.114E-23  1.602E-24  2.733E-26  2.876E-27  1.454E-27  9.871E-28  7.122E-28  5.040E-28  3.154E-28
  231.2215  1.777E-17  1.549E-17  1.021E-17  5.006E-18  1.780E-18  4.407E-19  7.175E-20  7.113E-21  3.893E-22  1.062E-23  1.414E-25  1.442E-27  1.260E-28  6.677E-29  4.619E-29  3.377E-29  2.422E-29  1.546E-29
  233.9260  1.708E-18  1.477E-18  9.503E-19  4.475E-19  1.499E-19  3.425E-20  5.021E-21  4.349E-22  1.999E-23  4.308E-25  4.010E-27  2.255E-29  1.663E-30  9.176E-31  6.446E-31  4.764E-31  3.455E-31  2.242E-31
  236.6945  1.706E-19  1.462E-19  9.141E-20  4.101E-20  1.281E-20  2.661E-21  3.444E-22  2.540E-23  9.475E-25  1.543E-26  9.511E-29  2.790E-31  1.769E-32  1.009E-32  7.174E-33  5.348E-33  3.915E-33  2.578E-33
  239.5295  3.171E-20  2.703E-20  1.663E-20  7.262E-21  2.180E-21  4.293E-22  5.180E-23  3.486E-24  1.150E-25  1.568E-27  7.194E-30  1.210E-32  6.714E-34  3.932E-34  2.827E-34  2.127E-34  1.573E-34  1.054E-34
  242.4330  2.020E-20  1.716E-20  1.046E-20  4.493E-21  1.317E-21  2.507E-22  2.888E-23  1.823E-24  5.481E-26  6.454E-28  2.291E-30  2.347E-33  1.160E-34  6.936E-35  5.035E-35  3.817E-35  2.851E-35  1.941E-35
  245.4080  3.586E-22  3.001E-22  1.747E-22  6.932E-23  1.810E-23  2.948E-24  2.768E-25  1.342E-26  2.875E-28  2.190E-30  4.410E-33  2.153E-36  9.602E-38  5.817E-38  4.239E-38  3.219E-38  2.406E-38  1.640E-38
  248.4570  1.212E-23  1.001E-23  5.605E-24  2.080E-24  4.927E-25  7.025E-26  5.541E-27  2.146E-28  3.446E-30  1.810E-32  2.245E-35  5.770E-39  2.348E-40  1.435E-40  1.048E-40  7.968E-41  5.964E-41  4.071E-41
  251.5825  1.765E-24  1.448E-24  7.926E-25  2.833E-25  6.350E-26  8.403E-27  6.009E-28  2.050E-29  2.796E-31  1.188E-33  1.116E-36  1.959E-40  7.396E-42  4.535E-42  3.317E-42  2.522E-42  1.890E-42  1.291E-42
  254.7875  1.106E-24  9.043E-25  4.904E-25  1.724E-25  3.774E-26  4.834E-27  3.311E-28  1.068E-29  1.354E-31  5.230E-34  4.316E-37  6.266E-41  2.214E-42  1.358E-42  9.935E-43  7.567E-43  5.661E-43  3.882E-43
  258.0750  8.341E-24  6.855E-24  3.778E-24  1.365E-24  3.109E-25  4.202E-26  3.087E-27  1.088E-28  1.545E-30  6.878E-33  6.786E-36  1.208E-39  4.079E-41  2.491E-41  1.819E-41  1.384E-41  1.037E-41  7.095E-42
  261.4490  9.165E-23  7.609E-23  4.324E-23  1.646E-23  4.047E-24  6.064E-25  5.097E-26  2.135E-27  3.774E-29  2.221E-31  3.126E-34  8.580E-38  2.807E-39  1.700E-39  1.239E-39  9.408E-40  7.044E-40  4.817E-40
  264.9125  1.775E-20  1.498E-20  8.943E-21  3.706E-21  1.030E-21  1.823E-22  1.904E-23  1.054E-24  2.658E-26  2.459E-28  6.187E-31  3.498E-34  1.135E-35  6.771E-36  4.910E-36  3.721E-36  2.782E-36  1.901E-36
  268.4685  6.055E-18  5.222E-18  3.332E-18  1.546E-18  5.070E-19  1.122E-19  1.569E-20  1.264E-21  5.143E-23  8.764E-25  4.832E-27  7.314E-30  2.438E-31  1.416E-31  1.019E-31  7.693E-32  5.737E-32  3.912E-32
  272.1215  3.399E-15  3.004E-15  2.063E-15  1.087E-15  4.281E-16  1.215E-16  2.353E-17  2.878E-18  1.994E-19  6.707E-21  8.866E-23  4.031E-25  1.448E-26  8.010E-27  5.695E-27  4.276E-27  3.178E-27  2.160E-27
  275.8755  2.792E-12  2.532E-12  1.882E-12  1.133E-12  5.425E-13  2.005E-13  5.483E-14  1.044E-14  1.273E-15  8.812E-17  2.948E-18  4.304E-20  1.830E-21  9.149E-22  6.376E-22  4.742E-22  3.504E-22  2.371E-22
  279.7340  1.026E-09  9.531E-10  7.614E-10  5.190E-10  2.975E-10  1.404E-10  5.281E-11  1.515E-11  3.112E-12  4.197E-13  3.309E-14  1.411E-15  8.267E-17  3.384E-17  2.280E-17  1.669E-17  1.222E-17  8.211E-18
  283.7020  5.053E-07  4.792E-07  4.078E-07  3.098E-07  2.079E-07  1.214E-07  6.031E-08  2.473E-08  8.012E-09  1.932E-09  3.210E-10  3.462E-11  3.388E-12  1.028E-12  6.447E-13  4.596E-13  3.314E-13  2.201E-13
  287.7845  5.788E-05  5.581E-05  4.995E-05  4.136E-05  3.146E-05  2.176E-05  1.350E-05  7.353E-06  3.422E-06  1.309E-06  3.919E-07  8.766E-08  1.572E-08  3.930E-09  2.043E-09  1.382E-09  9.690E-10  6.319E-10
  291.9865  2.393E-03  2.336E-03  2.170E-03  1.914E-03  1.596E-03  1.251E-03  9.131E-04  6.128E-04  3.717E-04  1.991E-04  9.137E-05  3.469E-05  1.076E-05  3.088E-06  1.206E-06  7.081E-07  4.701E-07  2.963E-07
  296.3090  1.885E-02  1.854E-02  1.765E-02  1.624E-02  1.440E-02  1.225E-02  9.958E-03  7.668E-03  5.537E-03  3.697E-03  2.240E-03  1.202E-03  5.563E-04  2.211E-04  8.274E-05  3.734E-05  2.163E-05  1.277E-05
  300.5000  5.752E-02  5.686E-02  5.491E-02  5.176E-02  4.754E-02  4.243E-02  3.669E-02  3.057E-02  2.439E-02  1.847E-02  1.311E-02  8.578E-03  5.063E-03  2.630E-03  1.188E-03  4.954E-04  2.281E-04  1.182E-04
  303.0000  1.284E-01  1.272E-01  1.235E-01  1.176E-01  1.081E-01  9.964E-02  8.830E-02  7.593E-02  6.303E-02  5.017E-02  3.792E-02  2.685E-02  1.751E-02  1.026E-02  5.263E-03  2.347E-03  9.898E-04  4.504E-04
  304.0000  1.340E-01  1.328E-01  1.292E-01  1.232E-01  1.152E-01  1.052E-01  9.381E-02  8.127E-02  6.811E-02  5.485E-02  4.207E-02  3.036E-02  2.026E-02  1.222E-02  6.484E-03  2.970E-03  1.241E-03  5.416E-04
  305.0000  1.728E-01  1.713E-01  1.669E-01  1.597E-01  1.499E-01  1.378E-01  1.237E-01  1.082E-01  9.177E-02  7.502E-02  5.864E-02  4.334E-02  2.982E-02  1.869E-02  1.037E-02  4.957E-03  2.074E-03  8.555E-04
  306.0000  1.566E-01  1.553E-01  1.515E-01  1.452E-01  1.366E-01  1.261E-01  1.137E-01  1.001E-01  8.554E-02  6.985E-02  5.585E-02  4.192E-02  2.940E-02  1.888E-02  1.080E-02  5.317E-03  2.243E-03  8.915E-04
  307.0000  1.940E-01  1.925E-01  1.880E-01  1.805E-01  1.704E-01  1.578E-01  1.431E-01  1.268E-01  1.092E-01  9.109E-02  7.300E-02  5.569E-02  3.988E-02  2.631E-02  1.555E-02  7.937E-03  3.410E-03  1.306E-03
  308.0000  2.195E-01  2.178E-01  2.129E-01  2.049E-01  1.939E-01  1.802E-01  1.642E-01  1.463E-01  1.270E-01  1.069E-01  8.668E-02  6.711E-02  4.899E-02  3.311E-02  2.017E-02  1.067E-02  4.699E-03  1.751E-03
  309.0000  2.234E-01  2.217E-01  2.169E-01  2.089E-01  1.980E-01  1.844E-01  1.685E-01  1.506E-01  1.313E-01  1.111E-01  9.065E-02  7.077E-02  5.220E-02  3.575E-02  2.216E-02  1.196E-02  5.352E-03  1.969E-03
  310.0000  2.118E-01  2.104E-01  2.060E-01  1.988E-01  1.889E-01  1.766E-01  1.621E-01  1.458E-01  1.280E-01  1.094E-01  9.037E-02  7.165E-02  5.390E-02  3.788E-02  2.427E-02  1.365E-02  6.357E-03  2.318E-03
  311.0000  3.511E-01  3.487E-01  3.416E-01  3.300E-01  3.139E-01  2.939E-01  2.703E-01  2.437E-01  2.147E-01  1.842E-01  1.529E-01  1.220E-01  9.251E-02  6.567E-02  4.263E-02  2.438E-02  1.155E-02  4.210E-03
  312.0000  3.069E-01  3.048E-01  2.988E-01  2.889E-01  2.754E-01  2.583E-01  2.383E-01  2.156E-01  1.908E-01  1.646E-01  1.376E-01  1.107E-01  8.495E-02  6.120E-02  4.051E-02  2.376E-02  1.158E-02  4.256E-03
  313.0000  3.359E-01  3.338E-01  3.274E-01  3.169E-01  3.025E-01  2.844E-01  2.630E-01  2.388E-01  2.122E-01  1.836E-01  1.549E-01  1.258E-01  9.755E-02  7.130E-02  4.811E-02  2.893E-02  1.454E-02  5.431E-03
  314.0000  3.641E-01  3.619E-01  3.550E-01  3.438E-01  3.284E-01  3.090E-01  2.861E-01  2.601E-01  2.316E-01  2.012E-01  1.699E-01  1.384E-01  1.078E-01  7.920E-02  5.381E-02  3.267E-02  1.661E-02  6.246E-03
  316.0000  3.621E-01  3.599E-01  3.534E-01  3.428E-01  3.281E-01  3.097E-01  2.878E-01  2.630E-01  2.356E-01  2.063E-01  1.759E-01  1.450E-01  1.148E-01  8.610E-02  6.013E-02  3.789E-02  2.024E-02  7.959E-03
  320.0000  4.501E-01  4.475E-01  4.399E-01  4.274E-01  4.101E-01  3.884E-01  3.625E-01  3.330E-01  3.003E-01  2.652E-01  2.284E-01  1.908E-01  1.536E-01  1.177E-01  8.461E-02  5.548E-02  3.135E-02  1.319E-02
  325.0000  5.623E-01  5.593E-01  5.502E-01  5.353E-01  5.146E-01  4.886E-01  4.576E-01  4.221E-01  3.828E-01  3.402E-01  2.954E-01  2.494E-01  2.033E-01  1.584E-01  1.164E-01  7.874E-02  4.661E-02  2.103E-02
  330.0000  6.923E-01  6.886E-01  6.778E-01  6.598E-01  6.350E-01  6.037E-01  5.664E-01  5.236E-01  4.760E-01  4.245E-01  3.701E-01  3.139E-01  2.574E-01  2.021E-01  1.499E-01  1.028E-01  6.208E-02  2.899E-02
  335.0000  6.562E-01  6.528E-01  6.427E-01  6.259E-01  6.028E-01  5.737E-01  5.389E-01  4.989E-01  4.544E-01  4.061E-01  3.550E-01  3.021E-01  2.486E-01  1.961E-01  1.463E-01  1.011E-01  6.181E-02  2.952E-02
  340.0000  7.124E-01  7.088E-01  6.979E-01  6.800E-01  6.552E-01  6.239E-01  5.865E-01  5.435E-01  4.956E-01  4.435E-01  3.883E-01  3.310E-01  2.729E-01  2.158E-01  1.614E-01  1.117E-01  6.865E-02  3.310E-02
  345.0000  7.024E-01  6.989E-01  6.883E-01  6.708E-01  6.465E-01  6.159E-01  5.793E-01  5.372E-01  4.903E-01  4.392E-01  3.849E-01  3.285E-01  2.713E-01  2.148E-01  1.608E-01  1.114E-01  6.857E-02  3.321E-02
  350.0000  7.353E-01  7.316E-01  7.206E-01  7.024E-01  6.772E-01  6.453E-01  6.073E-01  5.634E-01  5.145E-01  4.613E-01  4.046E-01  3.456E-01  2.856E-01  2.262E-01  1.693E-01  1.173E-01  7.208E-02  3.489E-02
  355.0000  7.779E-01  7.740E-01  7.625E-01  7.433E-01  7.169E-01  6.835E-01  6.434E-01  5.973E-01  5.459E-01  4.897E-01  4.299E-01  3.676E-01  3.040E-01  2.410E-01  1.805E-01  1.250E-01  7.680E-02  3.722E-02
  360.0000  7.117E-01  7.082E-01  6.977E-01  6.804E-01  6.563E-01  6.259E-01  5.895E-01  5.476E-01  5.007E-01  4.495E-01  3.950E-01  3.380E-01  2.798E-01  2.219E-01  1.663E-01  1.151E-01  7.066E-02  3.425E-02
  365.0000  9.056E-01  9.012E-01  8.879E-01  8.660E-01  8.356E-01  7.971E-01  7.511E-01  6.980E-01  6.386E-01  5.737E-01  5.045E-01  4.320E-01  3.580E-01  2.842E-01  2.130E-01  1.474E-01  9.036E-02  4.378E-02
  370.0000  9.421E-01  9.375E-01  9.238E-01  9.011E-01  8.697E-01  8.300E-01  7.824E-01  7.274E-01  6.659E-01  5.987E-01  5.268E-01  4.515E-01  3.744E-01  2.974E-01  2.231E-01  1.543E-01  9.444E-02  4.574E-02
  375.0000  8.516E-01  8.475E-01  8.352E-01  8.148E-01  7.866E-01  7.508E-01  7.080E-01  6.586E-01  6.032E-01  5.427E-01  4.778E-01  4.099E-01  3.402E-01  2.704E-01  2.029E-01  1.403E-01  8.576E-02  4.149E-02
  380.0000  9.795E-01  9.748E-01  9.607E-01  9.374E-01  9.052E-01  8.643E-01  8.153E-01  7.587E-01  6.953E-01  6.259E-01  5.515E-01  4.735E-01  3.933E-01  3.129E-01  2.348E-01  1.623E-01  9.909E-02  4.789E-02
  385.0000  7.388E-01  7.353E-01  7.247E-01  7.073E-01  6.831E-01  6.524E-01  6.156E-01  5.732E-01  5.255E-01  4.734E-01  4.174E-01  3.586E-01  2.981E-01  2.374E-01  1.782E-01  1.232E-01  7.508E-02  3.624E-02
  390.0000  9.652E-01  9.607E-01  9.469E-01  9.243E-01  8.928E-01  8.530E-01  8.052E-01  7.499E-01  6.879E-01  6.200E-01  5.471E-01  4.704E-01  3.914E-01  3.119E-01  2.343E-01  1.619E-01  9.854E-02  4.750E-02
  395.0000  7.491E-01  7.456E-01  7.350E-01  7.175E-01  6.932E-01  6.624E-01  6.255E-01  5.828E-01  5.349E-01  4.824E-01  4.259E-01  3.665E-01  3.052E-01  2.434E-01  1.829E-01  1.264E-01  7.682E-02  3.698E-02
  400.0000  1.391E+00  1.385E+00  1.365E+00  1.333E+00  1.288E+00  1.231E+00  1.163E+00  1.084E+00  9.953E-01  8.980E-01  7.934E-01  6.832E-01  5.694E-01  4.544E-01  3.418E-01  2.362E-01  1.433E-01  6.888E-02
  405.0000  1.419E+00  1.412E+00  1.392E+00  1.360E+00  1.314E+00  1.256E+00  1.187E+00  1.107E+00  1.017E+00  9.180E-01  8.116E-01  6.994E-01  5.833E-01  4.659E-01  3.507E-01  2.423E-01  1.469E-01  7.045E-02
  410.0000  1.464E+00  1.457E+00  1.436E+00  1.403E+00  1.356E+00  1.297E+00  1.226E+00  1.143E+00  1.051E+00  9.490E-01  8.395E-01  7.240E-01  6.043E-01  4.831E-01  3.638E-01  2.514E-01  1.522E-01  7.285E-02
  415.0000  1.525E+00  1.518E+00  1.497E+00  1.462E+00  1.414E+00  1.352E+00  1.278E+00  1.193E+00  1.097E+00  9.911E-01  8.774E-01  7.571E-01  6.324E-01  5.060E-01  3.814E-01  2.635E-01  1.594E-01  7.613E-02
  420.0000  1.540E+00  1.533E+00  1.512E+00  1.476E+00  1.428E+00  1.366E+00  1.292E+00  1.206E+00  1.109E+00  1.003E+00  8.881E-01  7.669E-01  6.411E-01  5.133E-01  3.872E-01  2.676E-01  1.616E-01  7.704E-02
  425.0000  1.470E+00  1.464E+00  1.443E+00  1.410E+00  1.364E+00  1.305E+00  1.234E+00  1.153E+00  1.060E+00  9.592E-01  8.501E-01  7.345E-01  6.145E-01  4.924E-01  3.717E-01  2.569E-01  1.550E-01  7.370E-02
  430.0000  1.357E+00  1.350E+00  1.332E+00  1.301E+00  1.259E+00  1.205E+00  1.140E+00  1.064E+00  9.799E-01  8.867E-01  7.862E-01  6.798E-01  5.691E-01  4.565E-01  3.448E-01  2.384E-01  1.437E-01  6.816E-02
  435.0000  1.575E+00  1.568E+00  1.546E+00  1.511E+00  1.462E+00  1.399E+00  1.324E+00  1.237E+00  1.139E+00  1.031E+00  9.149E-01  7.916E-01  6.632E-01  5.323E-01  4.024E-01  2.784E-01  1.676E-01  7.929E-02
  440.0000  1.620E+00  1.613E+00  1.591E+00  1.555E+00  1.504E+00  1.440E+00  1.363E+00  1.274E+00  1.174E+00  1.063E+00  9.434E-01  8.166E-01  6.846E-01  5.499E-01  4.160E-01  2.878E-01  1.731E-01  8.165E-02
  445.0000  1.740E+00  1.733E+00  1.709E+00  1.670E+00  1.616E+00  1.548E+00  1.465E+00  1.370E+00  1.262E+00  1.144E+00  1.016E+00  8.796E-01  7.379E-01  5.932E-01  4.490E-01  3.108E-01  1.868E-01  8.784E-02
  450.0000  1.851E+00  1.843E+00  1.818E+00  1.777E+00  1.719E+00  1.647E+00  1.559E+00  1.458E+00  1.344E+00  1.218E+00  1.082E+00  9.380E-01  7.875E-01  6.335E-01  4.799E-01  3.324E-01  1.996E-01  9.359E-02
  455.0000  1.812E+00  1.804E+00  1.779E+00  1.739E+00  1.683E+00  1.612E+00  1.527E+00  1.428E+00  1.317E+00  1.194E+00  1.061E+00  9.204E-01  7.732E-01  6.224E-01  4.719E-01  3.269E-01  1.962E-01  9.172E-02
  460.0000  1.864E+00  1.856E+00  1.831E+00  1.790E+00  1.733E+00  1.660E+00  1.572E+00  1.471E+00  1.357E+00  1.230E+00  1.094E+00  9.491E-01  7.977E-01  6.425E-01  4.873E-01  3.377E-01  2.023E-01  9.418E-02
  465.0000  1.843E+00  1.835E+00  1.811E+00  1.770E+00  1.713E+00  1.642E+00  1.556E+00  1.456E+00  1.343E+00  1.218E+00  1.084E+00  9.408E-01  7.912E-01  6.377E-01  4.841E-01  3.356E-01  2.010E-01  9.332E-02
  470.0000  1.833E+00  1.825E+00  1.801E+00  1.761E+00  1.705E+00  1.633E+00  1.548E+00  1.449E+00  1.337E+00  1.213E+00  1.080E+00  9.378E-01  7.891E-01  6.365E-01  4.835E-01  3.354E-01  2.007E-01  9.291E-02
  475.0000  1.855E+00  1.847E+00  1.822E+00  1.781E+00  1.725E+00  1.653E+00  1.567E+00  1.467E+00  1.354E+00  1.229E+00  1.094E+00  9.508E-01  8.005E-01  6.461E-01  4.911E-01  3.408E-01  2.038E-01  9.400E-02
  480.0000  1.908E+00  1.899E+00  1.874E+00  1.832E+00  1.774E+00  1.701E+00  1.612E+00  1.509E+00  1.393E+00  1.265E+00  1.127E+00  9.791E-01  8.246E-01  6.658E-01  5.061E-01  3.511E-01  2.096E-01  9.608E-02
  485.0000  1.733E+00  1.725E+00  1.702E+00  1.664E+00  1.612E+00  1.545E+00  1.465E+00  1.372E+00  1.267E+00  1.151E+00  1.025E+00  8.911E-01  7.509E-01  6.066E-01  4.614E-01  3.203E-01  1.911E-01  8.728E-02
  490.0000  1.805E+00  1.797E+00  1.773E+00  1.734E+00  1.679E+00  1.610E+00  1.526E+00  1.430E+00  1.320E+00  1.200E+00  1.069E+00  9.301E-01  7.841E-01  6.339E-01  4.826E-01  3.352E-01  2.000E-01  9.111E-02
  495.0000  1.838E+00  1.830E+00  1.806E+00  1.766E+00  1.711E+00  1.640E+00  1.556E+00  1.457E+00  1.346E+00  1.224E+00  1.091E+00  9.490E-01  8.005E-01  6.474E-01  4.932E-01  3.427E-01  2.043E-01  9.274E-02
  500.0000  1.753E+00  1.745E+00  1.722E+00  1.684E+00  1.631E+00  1.564E+00  1.484E+00  1.390E+00  1.284E+00  1.167E+00  1.041E+00  9.058E-01  7.642E-01  6.182E-01  4.710E-01  3.271E-01  1.947E-01  8.780E-02
  505.0000  1.780E+00  1.772E+00  1.749E+00  1.710E+00  1.657E+00  1.589E+00  1.507E+00  1.412E+00  1.305E+00  1.186E+00  1.058E+00  9.205E-01  7.767E-01  6.283E-01  4.786E-01  3.322E-01  1.972E-01  8.825E-02
  510.0000  1.765E+00  1.757E+00  1.734E+00  1.696E+00  1.643E+00  1.576E+00  1.495E+00  1.401E+00  1.295E+00  1.177E+00  1.050E+00  9.145E-01  7.720E-01  6.250E-01  4.764E-01  3.309E-01  1.965E-01  8.775E-02
  515.0000  1.636E+00  1.629E+00  1.608E+00  1.573E+00  1.524E+00  1.461E+00  1.386E+00  1.299E+00  1.201E+00  1.093E+00  9.747E-01  8.491E-01  7.171E-01  5.808E-01  4.430E-01  3.079E-01  1.828E-01  8.133E-02
  520.0000  1.682E+00  1.675E+00  1.653E+00  1.616E+00  1.566E+00  1.502E+00  1.425E+00  1.336E+00  1.235E+00  1.124E+00  1.003E+00  8.737E-01  7.381E-01  5.981E-01  4.563E-01  3.171E-01  1.881E-01  8.331E-02
  525.0000  1.687E+00  1.679E+00  1.658E+00  1.621E+00  1.571E+00  1.507E+00  1.430E+00  1.340E+00  1.239E+00  1.127E+00  1.006E+00  8.767E-01  7.407E-01  6.002E-01  4.579E-01  3.181E-01  1.883E-01  8.280E-02
  530.0000  1.776E+00  1.768E+00  1.745E+00  1.707E+00  1.654E+00  1.586E+00  1.505E+00  1.411E+00  1.305E+00  1.187E+00  1.059E+00  9.231E-01  7.798E-01  6.317E-01  4.818E-01  3.343E-01  1.973E-01  8.603E-02
  535.0000  1.720E+00  1.713E+00  1.691E+00  1.654E+00  1.602E+00  1.537E+00  1.459E+00  1.368E+00  1.264E+00  1.151E+00  1.027E+00  8.951E-01  7.564E-01  6.129E-01  4.675E-01  3.244E-01  1.913E-01  8.297E-02
  540.0000  1.722E+00  1.714E+00  1.692E+00  1.655E+00  1.604E+00  1.539E+00  1.460E+00  1.369E+00  1.266E+00  1.152E+00  1.029E+00  8.970E-01  7.582E-01  6.147E-01  4.691E-01  3.257E-01  1.920E-01  8.302E-02
  545.0000  1.746E+00  1.739E+00  1.716E+00  1.679E+00  1.627E+00  1.561E+00  1.481E+00  1.389E+00  1.285E+00  1.169E+00  1.044E+00  9.105E-01  7.697E-01  6.241E-01  4.763E-01  3.306E-01  1.947E-01  8.373E-02
  550.0000  1.751E+00  1.744E+00  1.721E+00  1.684E+00  1.632E+00  1.565E+00  1.486E+00  1.393E+00  1.289E+00  1.173E+00  1.048E+00  9.137E-01  7.727E-01  6.266E-01  4.784E-01  3.321E-01  1.954E-01  8.365E-02
  555.0000  1.738E+00  1.730E+00  1.708E+00  1.671E+00  1.619E+00  1.554E+00  1.475E+00  1.383E+00  1.280E+00  1.165E+00  1.041E+00  9.077E-01  7.678E-01  6.229E-01  4.757E-01  3.303E-01  1.942E-01  8.270E-02
  560.0000  1.693E+00  1.686E+00  1.664E+00  1.628E+00  1.578E+00  1.514E+00  1.437E+00  1.348E+00  1.247E+00  1.135E+00  1.014E+00  8.844E-01  7.480E-01  6.068E-01  4.632E-01  3.214E-01  1.885E-01  7.973E-02
  565.0000  1.695E+00  1.687E+00  1.665E+00  1.629E+00  1.579E+00  1.515E+00  1.438E+00  1.349E+00  1.248E+00  1.136E+00  1.015E+00  8.851E-01  7.486E-01  6.072E-01  4.634E-01  3.212E-01  1.880E-01  7.889E-02
  570.0000  1.683E+00  1.677E+00  1.655E+00  1.619E+00  1.569E+00  1.506E+00  1.430E+00  1.341E+00  1.240E+00  1.129E+00  1.009E+00  8.800E-01  7.444E-01  6.037E-01  4.607E-01  3.193E-01  1.866E-01  7.787E-02
  575.0000  1.712E+00  1.705E+00  1.683E+00  1.647E+00  1.596E+00  1.531E+00  1.453E+00  1.364E+00  1.262E+00  1.149E+00  1.026E+00  8.955E-01  7.576E-01  6.146E-01  4.691E-01  3.252E-01  1.900E-01  7.898E-02
  580.0000  1.685E+00  1.678E+00  1.656E+00  1.620E+00  1.570E+00  1.507E+00  1.431E+00  1.342E+00  1.242E+00  1.131E+00  1.011E+00  8.825E-01  7.470E-01  6.064E-01  4.633E-01  3.216E-01  1.882E-01  7.829E-02
  585.0000  1.686E+00  1.679E+00  1.657E+00  1.621E+00  1.572E+00  1.508E+00  1.432E+00  1.343E+00  1.244E+00  1.133E+00  1.013E+00  8.847E-01  7.492E-01  6.087E-01  4.655E-01  3.235E-01  1.896E-01  7.898E-02
  590.0000  1.627E+00  1.620E+00  1.599E+00  1.564E+00  1.516E+00  1.456E+00  1.382E+00  1.297E+00  1.201E+00  1.094E+00  9.784E-01  8.545E-01  7.239E-01  5.884E-01  4.503E-01  3.131E-01  1.836E-01  7.638E-02
  595.0000  1.658E+00  1.651E+00  1.630E+00  1.595E+00  1.546E+00  1.484E+00  1.409E+00  1.323E+00  1.224E+00  1.116E+00  9.977E-01  8.714E-01  7.382E-01  6.000E-01  4.591E-01  3.191E-01  1.869E-01  7.733E-02
  600.0000  1.618E+00  1.611E+00  1.590E+00  1.556E+00  1.508E+00  1.448E+00  1.375E+00  1.290E+00  1.194E+00  1.088E+00  9.731E-01  8.498E-01  7.199E-01  5.850E-01  4.475E-01  3.108E-01  1.817E-01  7.467E-02
  605.0000  1.636E+00  1.629E+00  1.608E+00  1.574E+00  1.526E+00  1.464E+00  1.391E+00  1.305E+00  1.208E+00  1.101E+00  9.849E-01  8.604E-01  7.290E-01  5.927E-01  4.535E-01  3.152E-01  1.843E-01  7.563E-02
  610.0000  1.616E+00  1.609E+00  1.588E+00  1.554E+00  1.507E+00  1.447E+00  1.374E+00  1.290E+00  1.194E+00  1.089E+00  9.742E-01  8.514E-01  7.220E-01  5.875E-01  4.502E-01  3.135E-01  1.838E-01  7.573E-02
  615.0000  1.578E+00  1.571E+00  1.551E+00  1.518E+00  1.471E+00  1.413E+00  1.342E+00  1.259E+00  1.167E+00  1.065E+00  9.529E-01  8.333E-01  7.071E-01  5.760E-01  4.420E-01  3.084E-01  1.815E-01  7.511E-02
  620.0000  1.600E+00  1.594E+00  1.573E+00  1.540E+00  1.493E+00  1.434E+00  1.362E+00  1.279E+00  1.185E+00  1.081E+00  9.682E-01  8.471E-01  7.193E-01  5.864E-01  4.505E-01  3.150E-01  1.858E-01  7.718E-02
  625.0000  1.566E+00  1.560E+00  1.540E+00  1.507E+00  1.462E+00  1.404E+00  1.334E+00  1.253E+00  1.161E+00  1.059E+00  9.487E-01  8.304E-01  7.055E-01  5.756E-01  4.427E-01  3.100E-01  1.833E-01  7.630E-02
  630.0000  1.568E+00  1.562E+00  1.542E+00  1.509E+00  1.464E+00  1.406E+00  1.336E+00  1.255E+00  1.163E+00  1.062E+00  9.513E-01  8.331E-01  7.082E-01  5.782E-01  4.452E-01  3.122E-01  1.850E-01  7.726E-02
  635.0000  1.558E+00  1.551E+00  1.531E+00  1.499E+00  1.454E+00  1.397E+00  1.327E+00  1.247E+00  1.156E+00  1.056E+00  9.461E-01  8.288E-01  7.050E-01  5.761E-01  4.440E-01  3.119E-01  1.853E-01  7.764E-02
  640.0000  1.540E+00  1.533E+00  1.514E+00  1.482E+00  1.437E+00  1.381E+00  1.313E+00  1.233E+00  1.144E+00  1.045E+00  9.365E-01  8.208E-01  6.986E-01  5.713E-01  4.409E-01  3.102E-01  1.848E-01  7.769E-02
  644.8000  1.531E+00  1.525E+00  1.505E+00  1.474E+00  1.429E+00  1.373E+00  1.306E+00  1.227E+00  1.138E+00  1.040E+00  9.324E-01  8.175E-01  6.961E-01  5.697E-01  4.401E-01  3.101E-01  1.852E-01  7.808E-02
  651.0500  1.512E+00  1.505E+00  1.487E+00  1.455E+00  1.412E+00  1.357E+00  1.290E+00  1.212E+00  1.125E+00  1.028E+00  9.220E-01  8.087E-01  6.891E-01  5.644E-01  4.365E-01  3.081E-01  1.844E-01  7.797E-02
  660.0000  1.435E+00  1.429E+00  1.411E+00  1.381E+00  1.340E+00  1.288E+00  1.225E+00  1.151E+00  1.068E+00  9.766E-01  8.766E-01  7.695E-01  6.562E-01  5.380E-01  4.167E-01  2.949E-01  1.771E-01  7.520E-02
  670.0000  1.473E+00  1.467E+00  1.448E+00  1.418E+00  1.376E+00  1.322E+00  1.258E+00  1.183E+00  1.098E+00  1.004E+00  9.018E-01  7.921E-01  6.761E-01  5.550E-01  4.307E-01  3.055E-01  1.842E-01  7.860E-02
  680.0000  1.446E+00  1.440E+00  1.422E+00  1.393E+00  1.351E+00  1.299E+00  1.236E+00  1.163E+00  1.079E+00  9.874E-01  8.872E-01  7.798E-01  6.661E-01  5.474E-01  4.254E-01  3.025E-01  1.830E-01  7.838E-02
  690.0000  1.425E+00  1.420E+00  1.402E+00  1.373E+00  1.332E+00  1.281E+00  1.219E+00  1.147E+00  1.065E+00  9.745E-01  8.760E-01  7.703E-01  6.584E-01  5.416E-01  4.215E-01  3.003E-01  1.822E-01  7.827E-02
  700.0000  1.401E+00  1.395E+00  1.378E+00  1.349E+00  1.310E+00  1.259E+00  1.198E+00  1.128E+00  1.048E+00  9.588E-01  8.622E-01  7.586E-01  6.489E-01  5.343E-01  4.163E-01  2.971E-01  1.808E-01  7.793E-02
  710.0000  1.368E+00  1.362E+00  1.346E+00  1.318E+00  1.279E+00  1.230E+00  1.171E+00  1.102E+00  1.024E+00  9.373E-01  8.431E-01  7.421E-01  6.351E-01  5.233E-01  4.082E-01  2.918E-01  1.780E-01  7.681E-02
  720.0000  1.323E+00  1.318E+00  1.301E+00  1.275E+00  1.237E+00  1.190E+00  1.133E+00  1.066E+00  9.907E-01  9.073E-01  8.163E-01  7.188E-01  6.154E-01  5.075E-01  3.962E-01  2.836E-01  1.733E-01  7.489E-02
  730.0000  1.292E+00  1.287E+00  1.271E+00  1.245E+00  1.209E+00  1.163E+00  1.107E+00  1.042E+00  9.684E-01  8.870E-01  7.984E-01  7.032E-01  6.025E-01  4.971E-01  3.885E-01  2.784E-01  1.705E-01  7.383E-02
------------------------------------------------------------
Dose rates, W m-2
   1 = UV-B, 280-315 nm                                  
   2 = UV-B*, 280-320 nm                                 
   3 = UV-A, 315-400 nm                                  
   4 = DNA damage, in vitro (Setlow, 1974)               
   5 = UV index (WMO, 1994; Webb et al., 2011)           
   6 = Plant damage (Caldwell, 1971)                     
   7 = Plant damage,Flint&Caldwell,2003,orig.            
   8 = Plant damage,Flint&Caldwell,2003,ext390           
values at z =      0.000 km
Columns: sza, weighting spectra
 sza, deg.          1          2          3          4          5          6          7          8
    0.0000  3.122E+00  4.208E+00  6.175E+01  2.547E-02  2.412E+01  8.993E-01  1.733E+00  2.202E+00
    5.0000  3.097E+00  4.177E+00  6.144E+01  2.513E-02  2.388E+01  8.899E-01  1.719E+00  2.186E+00
   10.0000  3.024E+00  4.085E+00  6.052E+01  2.415E-02  2.318E+01  8.620E-01  1.679E+00  2.140E+00
   15.0000  2.905E+00  3.933E+00  5.900E+01  2.258E-02  2.205E+01  8.169E-01  1.614E+00  2.063E+00
   20.0000  2.741E+00  3.726E+00  5.689E+01  2.050E-02  2.051E+01  7.556E-01  1.525E+00  1.959E+00
   25.0000  2.542E+00  3.471E+00  5.422E+01  1.809E-02  1.869E+01  6.838E-01  1.418E+00  1.832E+00
   30.0000  2.310E+00  3.173E+00  5.104E+01  1.544E-02  1.660E+01  6.017E-01  1.294E+00  1.685E+00
   35.0000  2.052E+00  2.841E+00  4.737E+01  1.273E-02  1.437E+01  5.141E-01  1.158E+00  1.522E+00
   40.0000  1.777E+00  2.484E+00  4.327E+01  1.008E-02  1.208E+01  4.248E-01  1.015E+00  1.348E+00
   45.0000  1.493E+00  2.112E+00  3.880E+01  7.646E-03  9.816E+00  3.375E-01  8.684E-01  1.168E+00
   50.0000  1.213E+00  1.741E+00  3.404E+01  5.522E-03  7.695E+00  2.567E-01  7.246E-01  9.889E-01
   55.0000  9.443E-01  1.379E+00  2.908E+01  3.767E-03  5.775E+00  1.848E-01  5.865E-01  8.135E-01
   60.0000  6.975E-01  1.042E+00  2.403E+01  2.409E-03  4.123E+00  1.245E-01  4.584E-01  6.468E-01
   65.0000  4.820E-01  7.403E-01  1.902E+01  1.431E-03  2.774E+00  7.736E-02  3.431E-01  4.931E-01
   70.0000  3.053E-01  4.856E-01  1.421E+01  7.843E-04  1.739E+00  4.344E-02  2.432E-01  3.557E-01
   75.0000  1.717E-01  2.854E-01  9.786E+00  3.955E-04  9.986E-01  2.162E-02  1.599E-01  2.377E-01
   80.0000  8.166E-02  1.424E-01  5.954E+00  1.850E-04  5.104E-01  9.523E-03  9.379E-02  1.413E-01
   85.0000  3.075E-02  5.463E-02  2.849E+00  7.975E-05  2.157E-01  3.867E-03  4.373E-02  6.668E-02
------------------------------------------------------------
