Spectral Irradiance, W m-2 nm-1
values at z =      0.000 km
Columns: wavelength (nm), solar zenith angles (deg.)
    wc, nm      0.000      5.000     10.000     15.000     20.000     25.000     30.000     35.000     40.000     45.000     50.000     55.000     60.000     65.000     70.000     75.000     80.000     85.000
  120.7000  0.000E+00  0.000E+00  0.000E+00  0.000E+00  0.000E+00  0.000E+00  0.000E+00  0.000E+00  0.000E+00  0.000E+00  0.000E+00  0.000E+00  0.000E+00  0.000E+00  0.000E+00  0.000E+00  0.000E+00  0.000E+00
  121.6500  0.000E+00  0.000E+00  0.000E+00  0.000E+00  0.000E+00  0.000E+00  0.000E+00  0.000E+00  0.000E+00  0.000E+00  0.000E+00  0.000E+00  0.000E+00  0.000E+00  0.000E+00  0.000E+00  0.000E+00  0.000E+00
  122.1000  0.000E+00  0.000E+00  0.000E+00  0.000E+00  0.000E+00  0.000E+00  0.000E+00  0.000E+00  0.000E+00  0.000E+00  0.000E+00  0.000E+00  0.000E+00  0.000E+00  0.000E+00  0.000E+00  0.000E+00  0.000E+00
  122.7000  0.000E+00  0.000E+00  0.000E+00  0.000E+00  0.000E+00  0.000E+00  0.000E+00  0.000E+00  0.000E+00  0.000E+00  0.000E+00  0.000E+00  0.000E+00  0.000E+00  0.000E+00  0.000E+00  0.000E+00  0.000E+00
  123.4500  0.000E+00  0.000E+00  0.000E+00  0.000E+00  0.000E+00  0.000E+00  0.000E+00  0.000E+00  0.000E+00  0.000E+00  0.000E+00  0.000E+00  0.000E+00  0.000E+00  0.000E+00  0.000E+00  0.000E+00  0.000E+00
  124.2000  0.000E+00  0.000E+00  0.000E+00  0.000E+00  0.000E+00  0.000E+00  0.000E+00  0.000E+00  0.000E+00  0.000E+00  0.000E+00  0.000E+00  0.000E+00  0.000E+00  0.000E+00  0.000E+00  0.000E+00  0.000E+00
  125.0000  0.000E+00  0.000E+00  0.000E+00  0.000E+00  0.000E+00  0.000E+00  0.000E+00  0.000E+00  0.000E+00  0.000E+00  0.000E+00  0.000E+00  0.000E+00  0.000E+00  0.000E+00  0.000E+00  0.000E+00  0.000E+00
  125.8000  0.000E+00  0.000E+00  0.000E+00  0.000E+00  0.000E+00  0.000E+00  0.000E+00  0.000E+00  0.000E+00  0.000E+00  0.000E+00  0.000E+00  0.000E+00  0.000E+00  0.000E+00  0.000E+00  0.000E+00  0.000E+00
  126.6000  0.000E+00  0.000E+00  0.000E+00  0.000E+00  0.000E+00  0.000E+00  0.000E+00  0.000E+00  0.000E+00  0.000E+00  0.000E+00  0.000E+00  0.000E+00  0.000E+00  0.000E+00  0.000E+00  0.000E+00  0.000E+00
  127.8000  0.000E+00  0.000E+00  0.000E+00  0.000E+00  0.000E+00  0.000E+00  0.000E+00  0.000E+00  0.000E+00  0.000E+00  0.000E+00  0.000E+00  0.000E+00  0.000E+00  0.000E+00  0.000E+00  0.000E+00  0.000E+00
  129.0000  0.000E+00  0.000E+00  0.000E+00  0.000E+00  0.000E+00  0.000E+00  0.000E+00  0.000E+00  0.000E+00  0.000E+00  0.000E+00  0.000E+00  0.000E+00  0.000E+00  0.000E+00  0.000E+00  0.000E+00  0.000E+00
  129.8500  0.000E+00  0.000E+00  0.000E+00  0.000E+00  0.000E+00  0.000E+00  0.000E+00  0.000E+00  0.000E+00  0.000E+00  0.000E+00  0.000E+00  0.000E+00  0.000E+00  0.000E+00  0.000E+00  0.000E+00  0.000E+00
  131.1500  0.000E+00  0.000E+00  0.000E+00  0.000E+00  0.000E+00  0.000E+00  0.000E+00  0.000E+00  0.000E+00  0.000E+00  0.000E+00  0.000E+00  0.000E+00  0.000E+00  0.000E+00  0.000E+00  0.000E+00  0.000E+00
  133.5000  0.000E+00  0.000E+00  0.000E+00  0.000E+00  0.000E+00  0.000E+00  0.000E+00  0.000E+00  0.000E+00  0.000E+00  0.000E+00  0.000E+00  0.000E+00  0.000E+00  0.000E+00  0.000E+00  0.000E+00  0.000E+00
  136.0000  0.000E+00  0.000E+00  0.000E+00  0.000E+00  0.000E+00  0.000E+00  0.000E+00  0.000E+00  0.000E+00  0.000E+00  0.000E+00  0.000E+00  0.000E+00  0.000E+00  0.000E+00  0.000E+00  0.000E+00  0.000E+00
  141.0000  0.000E+00  0.000E+00  0.000E+00  0.000E+00  0.000E+00  0.000E+00  0.000E+00  0.000E+00  0.000E+00  0.000E+00  0.000E+00  0.000E+00  0.000E+00  0.000E+00  0.000E+00  0.000E+00  0.000E+00  0.000E+00
  150.0000  0.000E+00  0.000E+00  0.000E+00  0.000E+00  0.000E+00  0.000E+00  0.000E+00  0.000E+00  0.000E+00  0.000E+00  0.000E+00  0.000E+00  0.000E+00  0.000E+00  0.000E+00  0.000E+00  0.000E+00  0.000E+00
  160.0000  0.000E+00  0.000E+00  0.000E+00  0.000E+00  0.000E+00  0.000E+00  0.000E+00  0.000E+00  0.000E+00  0.000E+00  0.000E+00  0.000E+00  0.000E+00  0.000E+00  0.000E+00  0.000E+00  0.000E+00  0.000E+00
  167.5000  0.000E+00  0.000E+00  0.000E+00  0.000E+00  0.000E+00  0.000E+00  0.000E+00  0.000E+00  0.000E+00  0.000E+00  0.000E+00  0.000E+00  0.000E+00  0.000E+00  0.000E+00  0.000E+00  0.000E+00  0.000E+00
  172.7000  0.000E+00  0.000E+00  0.000E+00  0.000E+00  0.000E+00  0.000E+00  0.000E+00  0.000E+00  0.000E+00  0.000E+00  0.000E+00  0.000E+00  0.000E+00  0.000E+00  0.000E+00  0.000E+00  0.000E+00  0.000E+00
  176.2000  0.000E+00  0.000E+00  0.000E+00  0.000E+00  0.000E+00  0.000E+00  0.000E+00  0.000E+00  0.000E+00  0.000E+00  0.000E+00  0.000E+00  0.000E+00  0.000E+00  0.000E+00  0.000E+00  0.000E+00  0.000E+00
  177.8000  0.000E+00  0.000E+00  0.000E+00  0.000E+00  0.000E+00  0.000E+00  0.000E+00  0.000E+00  0.000E+00  0.000E+00  0.000E+00  0.000E+00  0.000E+00  0.000E+00  0.000E+00  0.000E+00  0.000E+00  0.000E+00
  179.4000  0.000E+00  0.000E+00  0.000E+00  0.000E+00  0.000E+00  0.000E+00  0.000E+00  0.000E+00  0.000E+00  0.000E+00  0.000E+00  0.000E+00  0.000E+00  0.000E+00  0.000E+00  0.000E+00  0.000E+00  0.000E+00
  181.0000  0.000E+00  0.000E+00  0.000E+00  0.000E+00  0.000E+00  0.000E+00  0.000E+00  0.000E+00  0.000E+00  0.000E+00  0.000E+00  0.000E+00  0.000E+00  0.000E+00  0.000E+00  0.000E+00  0.000E+00  0.000E+00
  182.6500  0.000E+00  0.000E+00  0.000E+00  0.000E+00  0.000E+00  0.000E+00  0.000E+00  0.000E+00  0.000E+00  0.000E+00  0.000E+00  0.000E+00  0.000E+00  0.000E+00  0.000E+00  0.000E+00  0.000E+00  0.000E+00
  184.3500  0.000E+00  0.000E+00  0.000E+00  0.000E+00  0.000E+00  0.000E+00  0.000E+00  0.000E+00  0.000E+00  0.000E+00  0.000E+00  0.000E+00  0.000E+00  0.000E+00  0.000E+00  0.000E+00  0.000E+00  0.000E+00
  186.0500  0.000E+00  0.000E+00  0.000E+00  0.000E+00  0.000E+00  0.000E+00  0.000E+00  0.000E+00  0.000E+00  0.000E+00  0.000E+00  0.000E+00  0.000E+00  0.000E+00  0.000E+00  0.000E+00  0.000E+00  0.000E+00
  187.8000  0.000E+00  0.000E+00  0.000E+00  0.000E+00  0.000E+00  0.000E+00  0.000E+00  0.000E+00  0.000E+00  0.000E+00  0.000E+00  0.000E+00  0.000E+00  0.000E+00  0.000E+00  0.000E+00  0.000E+00  0.000E+00
  189.6000  0.000E+00  0.000E+00  0.000E+00  0.000E+00  0.000E+00  0.000E+00  0.000E+00  0.000E+00  0.000E+00  0.000E+00  0.000E+00  0.000E+00  0.000E+00  0.000E+00  0.000E+00  0.000E+00  0.000E+00  0.000E+00
  191.4000  0.000E+00  0.000E+00  0.000E+00  0.000E+00  0.000E+00  0.000E+00  0.000E+00  0.000E+00  0.000E+00  0.000E+00  0.000E+00  0.000E+00  0.000E+00  0.000E+00  0.000E+00  0.000E+00  0.000E+00  0.000E+00
  193.2500  0.000E+00  0.000E+00  0.000E+00  0.000E+00  0.000E+00  0.000E+00  0.000E+00  0.000E+00  0.000E+00  0.000E+00  0.000E+00  0.000E+00  0.000E+00  0.000E+00  0.000E+00  0.000E+00  0.000E+00  0.000E+00
  195.1500  0.000E+00  0.000E+00  0.000E+00  0.000E+00  0.000E+00  0.000E+00  0.000E+00  0.000E+00  0.000E+00  0.000E+00  0.000E+00  0.000E+00  0.000E+00  0.000E+00  0.000E+00  0.000E+00  0.000E+00  0.000E+00
  197.0500  0.000E+00  0.000E+00  0.000E+00  0.000E+00  0.000E+00  0.000E+00  0.000E+00  0.000E+00  0.000E+00  0.000E+00  0.000E+00  0.000E+00  0.000E+00  0.000E+00  0.000E+00  0.000E+00  0.000E+00  0.000E+00
  199.0000  0.000E+00  0.000E+00  0.000E+00  0.000E+00  0.000E+00  0.000E+00  0.000E+00  0.000E+00  0.000E+00  0.000E+00  0.000E+00  0.000E+00  0.000E+00  0.000E+00  0.000E+00  0.000E+00  0.000E+00  0.000E+00
  201.0000  0.000E+00  0.000E+00  0.000E+00  0.000E+00  0.000E+00  0.000E+00  0.000E+00  0.000E+00  0.000E+00  0.000E+00  0.000E+00  0.000E+00  0.000E+00  0.000E+00  0.000E+00  0.000E+00  0.000E+00  0.000E+00
  203.0500  0.000E+00  0.000E+00  0.000E+00  0.000E+00  0.000E+00  0.000E+00  0.000E+00  0.000E+00  0.000E+00  0.000E+00  0.000E+00  0.000E+00  0.000E+00  0.000E+00  0.000E+00  0.000E+00  0.000E+00  0.000E+00
  205.1500  0.000E+00  0.000E+00  0.000E+00  0.000E+00  0.000E+00  0.000E+00  0.000E+00  0.000E+00  0.000E+00  0.000E+00  0.000E+00  0.000E+00  0.000E+00  0.000E+00  0.000E+00  0.000E+00  0.000E+00  0.000E+00
  207.2665  1.897E-20  1.617E-20  9.961E-21  4.354E-21  1.308E-21  2.572E-22  3.087E-23  2.054E-24  6.670E-26  9.348E-28  7.918E-30  4.433E-31  1.129E-31  4.527E-32  2.409E-32  1.484E-32  9.288E-33  5.056E-33
  209.4295  1.194E-19  1.023E-19  6.402E-20  2.874E-20  8.978E-21  1.861E-21  2.394E-22  1.740E-23  6.337E-25  1.029E-26  1.025E-28  5.478E-30  1.247E-30  4.757E-31  2.555E-31  1.609E-31  1.025E-31  5.674E-32
  211.6460  8.038E-19  6.927E-19  4.409E-19  2.038E-19  6.642E-20  1.459E-20  2.024E-21  1.623E-22  6.705E-24  1.284E-25  1.441E-27  7.933E-29  1.552E-29  5.631E-30  3.102E-30  2.008E-30  1.304E-30  7.343E-31
  213.9100  1.719E-18  1.485E-18  9.524E-19  4.460E-19  1.481E-19  3.337E-20  4.788E-21  4.010E-22  1.753E-23  3.612E-25  4.667E-27  2.030E-28  3.235E-29  1.139E-29  6.558E-30  4.365E-30  2.880E-30  1.644E-30
  216.2225  2.480E-18  2.146E-18  1.384E-18  6.542E-19  2.202E-19  5.056E-20  7.437E-21  6.435E-22  2.936E-23  6.410E-25  8.683E-27  3.079E-28  3.820E-29  1.356E-29  8.226E-30  5.602E-30  3.743E-30  2.162E-30
  218.5855  4.613E-18  3.999E-18  2.592E-18  1.236E-18  4.215E-19  9.850E-20  1.484E-20  1.325E-21  6.315E-23  1.468E-24  2.045E-26  5.842E-28  5.424E-29  2.038E-29  1.296E-29  8.978E-30  6.054E-30  3.533E-30
  221.0010  2.827E-18  2.446E-18  1.576E-18  7.445E-19  2.504E-19  5.744E-20  8.449E-21  7.327E-22  3.371E-23  7.522E-25  9.836E-27  1.864E-28  1.267E-29  5.252E-30  3.456E-30  2.419E-30  1.640E-30  9.639E-31
  223.4705  1.143E-18  9.850E-19  6.268E-19  2.897E-19  9.441E-20  2.076E-20  2.891E-21  2.339E-22  9.879E-24  1.983E-25  2.160E-27  2.502E-29  1.255E-30  5.817E-31  3.909E-31  2.752E-31  1.872E-31  1.106E-31
  225.9960  2.024E-19  1.735E-19  1.086E-19  4.880E-20  1.528E-20  3.181E-21  4.130E-22  3.062E-23  1.161E-24  2.038E-26  1.764E-28  1.143E-30  4.357E-32  2.226E-32  1.515E-32  1.071E-32  7.300E-33  4.338E-33
  228.5790  1.596E-20  1.355E-20  8.242E-21  3.527E-21  1.028E-21  1.945E-22  2.230E-23  1.412E-24  4.391E-26  5.970E-28  3.473E-30  1.052E-32  3.151E-34  1.727E-34  1.185E-34  8.393E-35  5.729E-35  3.419E-35
  231.2215  5.064E-22  4.243E-22  2.481E-22  9.924E-23  2.624E-23  4.350E-24  4.201E-25  2.136E-26  5.028E-28  4.744E-30  1.606E-32  1.975E-35  4.828E-37  2.759E-37  1.900E-37  1.345E-37  9.190E-38  5.503E-38
  233.9260  5.772E-24  4.761E-24  2.653E-24  9.777E-25  2.295E-25  3.239E-26  2.537E-27  9.863E-29  1.646E-30  9.852E-33  1.731E-35  7.675E-39  1.577E-40  9.221E-41  6.359E-41  4.500E-41  3.075E-41  1.846E-41
  236.6945  6.150E-26  4.984E-26  2.633E-26  8.858E-27  1.821E-27  2.149E-28  1.332E-29  3.836E-31  4.343E-33  1.553E-35  1.315E-38  1.952E-42  3.503E-44  2.102E-44  1.401E-44  9.809E-45  7.006E-45  4.204E-45
  239.5295  1.185E-27  9.476E-28  4.807E-28  1.509E-28  2.806E-29  2.892E-30  1.501E-31  3.429E-33  2.859E-35  6.671E-38  2.964E-41  1.401E-45  0.000E+00  0.000E+00  0.000E+00  0.000E+00  0.000E+00  0.000E+00
  242.4330  1.111E-28  8.466E-29  4.326E-29  1.288E-29  2.213E-30  2.044E-31  9.147E-33  1.708E-34  1.074E-36  1.668E-39  4.022E-43  0.000E+00  0.000E+00  0.000E+00  0.000E+00  0.000E+00  0.000E+00  0.000E+00
  245.4080  2.955E-31  2.288E-31  1.051E-31  2.785E-32  4.042E-33  2.969E-34  9.613E-36  1.249E-37  4.803E-40  3.966E-43  0.000E+00  0.000E+00  0.000E+00  0.000E+00  0.000E+00  0.000E+00  0.000E+00  0.000E+00
  248.4570  1.851E-33  1.406E-33  6.092E-34  1.460E-34  1.831E-35  1.102E-36  2.822E-38  2.566E-40  6.446E-43  0.000E+00  0.000E+00  0.000E+00  0.000E+00  0.000E+00  0.000E+00  0.000E+00  0.000E+00  0.000E+00
  251.5825  9.978E-35  6.989E-35  3.139E-35  7.103E-36  8.191E-37  4.406E-38  9.712E-40  7.294E-42  1.401E-44  0.000E+00  0.000E+00  0.000E+00  0.000E+00  0.000E+00  0.000E+00  0.000E+00  0.000E+00  0.000E+00
  254.7875  3.661E-35  2.735E-35  1.128E-35  2.484E-36  2.753E-37  1.403E-38  2.880E-40  1.974E-42  4.204E-45  0.000E+00  0.000E+00  0.000E+00  0.000E+00  0.000E+00  0.000E+00  0.000E+00  0.000E+00  0.000E+00
  258.0750  4.809E-34  3.619E-34  1.526E-34  3.489E-35  4.085E-36  2.243E-37  5.071E-39  3.933E-41  7.987E-44  0.000E+00  0.000E+00  0.000E+00  0.000E+00  0.000E+00  0.000E+00  0.000E+00  0.000E+00  0.000E+00
  261.4490  1.798E-32  1.373E-32  6.052E-33  1.493E-33  1.953E-34  1.244E-35  3.420E-37  3.406E-39  9.572E-42  5.605E-45  0.000E+00  0.000E+00  0.000E+00  0.000E+00  0.000E+00  0.000E+00  0.000E+00  0.000E+00
  264.9125  2.559E-29  2.001E-29  8.851E-30  2.645E-30  4.135E-31  3.357E-32  1.266E-33  1.891E-35  8.913E-38  9.506E-41  1.401E-44  0.000E+00  0.000E+00  0.000E+00  0.000E+00  0.000E+00  0.000E+00  0.000E+00
  268.4685  1.343E-25  1.084E-25  5.661E-26  1.866E-26  3.716E-27  4.186E-28  2.422E-29  6.269E-31  5.955E-33  1.556E-35  7.285E-39  3.377E-43  2.803E-45  1.401E-45  1.401E-45  1.401E-45  1.401E-45  0.000E+00
  272.1215  1.562E-21  1.307E-21  7.604E-22  3.015E-22  7.860E-23  1.275E-23  1.187E-24  5.660E-26  1.172E-27  8.302E-30  1.410E-32  3.525E-36  3.128E-38  1.835E-38  1.263E-38  8.935E-39  6.124E-39  3.710E-39
  275.8755  3.216E-17  2.794E-17  1.824E-17  8.801E-18  3.052E-18  7.288E-19  1.125E-19  1.026E-20  4.862E-22  9.930E-24  6.625E-26  9.924E-29  9.852E-31  5.583E-31  3.841E-31  2.722E-31  1.868E-31  1.132E-31
  279.7340  2.400E-13  2.160E-13  1.568E-13  9.006E-14  4.105E-14  1.403E-14  3.460E-15  5.761E-16  5.885E-17  3.211E-18  7.628E-20  6.005E-22  7.682E-24  3.788E-24  2.593E-24  1.841E-24  1.266E-24  7.669E-25
  283.7020  1.649E-09  1.531E-09  1.220E-09  8.282E-10  4.719E-10  2.207E-10  8.199E-11  2.309E-11  4.615E-12  5.942E-13  4.283E-14  1.432E-15  3.423E-17  1.074E-17  7.214E-18  5.116E-18  3.527E-18  2.140E-18
  287.7845  1.479E-06  1.406E-06  1.206E-06  9.288E-07  6.357E-07  3.810E-07  1.957E-07  8.359E-08  2.841E-08  7.216E-09  1.251E-09  1.309E-10  8.301E-12  1.334E-12  8.068E-13  5.664E-13  3.909E-13  2.379E-13
  291.9865  2.714E-04  2.626E-04  2.378E-04  2.008E-04  1.572E-04  1.130E-04  7.361E-05  4.264E-05  2.138E-05  8.931E-06  2.941E-06  7.064E-07  1.149E-07  1.624E-08  5.896E-09  3.894E-09  2.663E-09  1.625E-09
  296.3090  5.605E-03  5.489E-03  5.151E-03  4.623E-03  3.954E-03  3.204E-03  2.441E-03  1.728E-03  1.120E-03  6.488E-04  3.254E-04  1.348E-04  4.330E-05  1.031E-05  2.344E-06  1.038E-06  6.700E-07  4.058E-07
  300.5000  2.947E-02  2.905E-02  2.783E-02  2.587E-02  2.329E-02  2.022E-02  1.686E-02  1.341E-02  1.006E-02  7.037E-03  4.493E-03  2.545E-03  1.225E-03  4.725E-04  1.393E-04  3.839E-05  1.762E-05  1.013E-05
  303.0000  8.136E-02  8.044E-02  7.769E-02  7.324E-02  6.728E-02  6.006E-02  5.191E-02  4.321E-02  3.440E-02  2.592E-02  1.821E-02  1.168E-02  6.621E-03  3.158E-03  1.185E-03  3.428E-04  1.115E-04  5.635E-05
  304.0000  8.932E-02  8.836E-02  8.551E-02  8.088E-02  7.466E-02  6.709E-02  5.848E-02  4.922E-02  3.974E-02  3.047E-02  2.191E-02  1.447E-02  8.530E-03  4.284E-03  1.715E-03  5.209E-04  1.572E-04  7.427E-05
  305.0000  1.226E-01  1.213E-01  1.177E-01  1.118E-01  1.038E-01  9.409E-02  8.292E-02  7.076E-02  5.813E-02  4.559E-02  3.373E-02  2.313E-02  1.432E-02  7.681E-03  3.350E-03  1.104E-03  3.121E-04  1.304E-04
  306.0000  1.150E-01  1.144E-01  1.112E-01  1.059E-01  9.875E-02  8.995E-02  7.981E-02  6.872E-02  5.709E-02  4.542E-02  3.423E-02  2.404E-02  1.536E-02  8.592E-03  3.964E-03  1.390E-03  3.866E-04  1.458E-04
  307.0000  1.490E-01  1.476E-01  1.437E-01  1.373E-01  1.285E-01  1.177E-01  1.052E-01  9.142E-02  7.686E-02  6.207E-02  4.768E-02  3.434E-02  2.267E-02  1.327E-02  6.504E-03  2.452E-03  6.894E-04  2.289E-04
  308.0000  1.748E-01  1.734E-01  1.690E-01  1.618E-01  1.521E-01  1.400E-01  1.260E-01  1.104E-01  9.383E-02  7.683E-02  6.007E-02  4.425E-02  3.012E-02  1.837E-02  9.527E-03  3.863E-03  1.129E-03  3.314E-04
  309.0000  1.816E-01  1.801E-01  1.757E-01  1.685E-01  1.587E-01  1.466E-01  1.323E-01  1.166E-01  9.965E-02  8.222E-02  6.492E-02  4.844E-02  3.353E-02  2.092E-02  1.120E-02  4.736E-03  1.429E-03  3.922E-04
  310.0000  1.786E-01  1.772E-01  1.732E-01  1.665E-01  1.574E-01  1.461E-01  1.329E-01  1.180E-01  1.020E-01  8.537E-02  6.862E-02  5.242E-02  3.743E-02  2.435E-02  1.383E-02  6.352E-03  2.082E-03  5.182E-04
  311.0000  3.006E-01  2.983E-01  2.917E-01  2.808E-01  2.659E-01  2.473E-01  2.255E-01  2.010E-01  1.746E-01  1.469E-01  1.190E-01  9.176E-02  6.636E-02  4.393E-02  2.556E-02  1.215E-02  4.145E-03  1.005E-03
  312.0000  2.682E-01  2.663E-01  2.606E-01  2.513E-01  2.385E-01  2.225E-01  2.037E-01  1.825E-01  1.595E-01  1.353E-01  1.107E-01  8.656E-02  6.373E-02  4.323E-02  2.604E-02  1.301E-02  4.735E-03  1.131E-03
  313.0000  2.998E-01  2.977E-01  2.916E-01  2.816E-01  2.678E-01  2.506E-01  2.303E-01  2.074E-01  1.824E-01  1.560E-01  1.289E-01  1.021E-01  7.649E-02  5.314E-02  3.311E-02  1.739E-02  6.788E-03  1.652E-03
  314.0000  3.275E-01  3.253E-01  3.187E-01  3.079E-01  2.931E-01  2.746E-01  2.527E-01  2.280E-01  2.010E-01  1.725E-01  1.427E-01  1.139E-01  8.593E-02  6.024E-02  3.801E-02  2.034E-02  8.165E-03  2.015E-03
  316.0000  3.353E-01  3.332E-01  3.269E-01  3.165E-01  3.022E-01  2.843E-01  2.632E-01  2.391E-01  2.127E-01  1.845E-01  1.554E-01  1.260E-01  9.745E-02  7.067E-02  4.681E-02  2.694E-02  1.210E-02  3.326E-03
  320.0000  4.300E-01  4.275E-01  4.200E-01  4.076E-01  3.906E-01  3.692E-01  3.437E-01  3.147E-01  2.826E-01  2.482E-01  2.123E-01  1.756E-01  1.394E-01  1.048E-01  7.302E-02  4.541E-02  2.315E-02  7.689E-03
  325.0000  5.502E-01  5.472E-01  5.382E-01  5.233E-01  5.029E-01  4.770E-01  4.462E-01  4.109E-01  3.719E-01  3.297E-01  2.853E-01  2.398E-01  1.942E-01  1.500E-01  1.086E-01  7.168E-02  4.044E-02  1.623E-02
  330.0000  6.847E-01  6.811E-01  6.702E-01  6.516E-01  6.276E-01  5.964E-01  5.592E-01  5.165E-01  4.691E-01  4.178E-01  3.636E-01  3.077E-01  2.515E-01  1.966E-01  1.448E-01  9.802E-02  5.781E-02  2.544E-02
  335.0000  6.532E-01  6.498E-01  6.397E-01  6.230E-01  5.999E-01  5.708E-01  5.360E-01  4.961E-01  4.517E-01  4.035E-01  3.524E-01  2.996E-01  2.462E-01  1.939E-01  1.442E-01  9.911E-02  6.002E-02  2.797E-02
  340.0000  7.110E-01  7.074E-01  6.965E-01  6.786E-01  6.538E-01  6.225E-01  5.851E-01  5.422E-01  4.943E-01  4.422E-01  3.870E-01  3.298E-01  2.718E-01  2.147E-01  1.604E-01  1.108E-01  6.779E-02  3.235E-02
  345.0000  7.019E-01  6.984E-01  6.878E-01  6.703E-01  6.461E-01  6.155E-01  5.789E-01  5.368E-01  4.898E-01  4.388E-01  3.845E-01  3.281E-01  2.709E-01  2.144E-01  1.604E-01  1.111E-01  6.827E-02  3.294E-02
  350.0000  7.348E-01  7.311E-01  7.201E-01  7.019E-01  6.767E-01  6.449E-01  6.068E-01  5.630E-01  5.141E-01  4.608E-01  4.042E-01  3.452E-01  2.852E-01  2.258E-01  1.690E-01  1.170E-01  7.178E-02  3.463E-02
  355.0000  7.777E-01  7.738E-01  7.622E-01  7.431E-01  7.167E-01  6.832E-01  6.432E-01  5.971E-01  5.456E-01  4.895E-01  4.297E-01  3.674E-01  3.038E-01  2.408E-01  1.804E-01  1.249E-01  7.666E-02  3.709E-02
  360.0000  7.116E-01  7.081E-01  6.976E-01  6.803E-01  6.562E-01  6.258E-01  5.894E-01  5.475E-01  5.006E-01  4.494E-01  3.949E-01  3.379E-01  2.797E-01  2.219E-01  1.662E-01  1.151E-01  7.059E-02  3.419E-02
  365.0000  9.055E-01  9.011E-01  8.878E-01  8.659E-01  8.355E-01  7.971E-01  7.510E-01  6.979E-01  6.385E-01  5.737E-01  5.044E-01  4.320E-01  3.579E-01  2.841E-01  2.130E-01  1.474E-01  9.032E-02  4.375E-02
  370.0000  9.421E-01  9.375E-01  9.238E-01  9.011E-01  8.697E-01  8.300E-01  7.823E-01  7.274E-01  6.659E-01  5.986E-01  5.267E-01  4.515E-01  3.744E-01  2.974E-01  2.230E-01  1.543E-01  9.443E-02  4.572E-02
  375.0000  8.516E-01  8.475E-01  8.351E-01  8.148E-01  7.866E-01  7.508E-01  7.080E-01  6.586E-01  6.032E-01  5.427E-01  4.778E-01  4.099E-01  3.402E-01  2.704E-01  2.029E-01  1.403E-01  8.575E-02  4.148E-02
  380.0000  9.795E-01  9.748E-01  9.607E-01  9.374E-01  9.052E-01  8.643E-01  8.153E-01  7.587E-01  6.953E-01  6.259E-01  5.515E-01  4.735E-01  3.933E-01  3.129E-01  2.348E-01  1.623E-01  9.908E-02  4.788E-02
  385.0000  7.388E-01  7.353E-01  7.247E-01  7.073E-01  6.831E-01  6.524E-01  6.156E-01  5.732E-01  5.255E-01  4.734E-01  4.174E-01  3.586E-01  2.981E-01  2.374E-01  1.782E-01  1.232E-01  7.508E-02  3.624E-02
  390.0000  9.652E-01  9.606E-01  9.469E-01  9.242E-01  8.928E-01  8.530E-01  8.051E-01  7.499E-01  6.879E-01  6.200E-01  5.471E-01  4.704E-01  3.913E-01  3.118E-01  2.343E-01  1.619E-01  9.853E-02  4.749E-02
  395.0000  7.491E-01  7.456E-01  7.350E-01  7.175E-01  6.932E-01  6.624E-01  6.255E-01  5.828E-01  5.349E-01  4.824E-01  4.259E-01  3.665E-01  3.051E-01  2.434E-01  1.829E-01  1.264E-01  7.681E-02  3.697E-02
  400.0000  1.391E+00  1.385E+00  1.365E+00  1.333E+00  1.288E+00  1.231E+00  1.163E+00  1.084E+00  9.953E-01  8.980E-01  7.934E-01  6.832E-01  5.693E-01  4.544E-01  3.418E-01  2.361E-01  1.433E-01  6.886E-02
  405.0000  1.419E+00  1.412E+00  1.392E+00  1.360E+00  1.314E+00  1.256E+00  1.187E+00  1.107E+00  1.017E+00  9.179E-01  8.116E-01  6.993E-01  5.832E-01  4.659E-01  3.507E-01  2.423E-01  1.468E-01  7.042E-02
  410.0000  1.464E+00  1.457E+00  1.436E+00  1.403E+00  1.356E+00  1.297E+00  1.226E+00  1.143E+00  1.051E+00  9.489E-01  8.395E-01  7.239E-01  6.042E-01  4.830E-01  3.638E-01  2.513E-01  1.521E-01  7.281E-02
  415.0000  1.525E+00  1.518E+00  1.497E+00  1.462E+00  1.414E+00  1.352E+00  1.278E+00  1.193E+00  1.097E+00  9.911E-01  8.773E-01  7.570E-01  6.323E-01  5.059E-01  3.813E-01  2.635E-01  1.593E-01  7.608E-02
  420.0000  1.540E+00  1.533E+00  1.511E+00  1.476E+00  1.428E+00  1.366E+00  1.292E+00  1.206E+00  1.109E+00  1.003E+00  8.879E-01  7.667E-01  6.409E-01  5.132E-01  3.871E-01  2.675E-01  1.616E-01  7.697E-02
  425.0000  1.470E+00  1.463E+00  1.443E+00  1.410E+00  1.364E+00  1.305E+00  1.234E+00  1.152E+00  1.060E+00  9.590E-01  8.499E-01  7.343E-01  6.143E-01  4.922E-01  3.715E-01  2.568E-01  1.549E-01  7.359E-02
  430.0000  1.356E+00  1.350E+00  1.332E+00  1.301E+00  1.258E+00  1.204E+00  1.139E+00  1.064E+00  9.797E-01  8.865E-01  7.860E-01  6.796E-01  5.690E-01  4.563E-01  3.446E-01  2.383E-01  1.436E-01  6.806E-02
  435.0000  1.575E+00  1.567E+00  1.546E+00  1.511E+00  1.461E+00  1.399E+00  1.324E+00  1.237E+00  1.139E+00  1.031E+00  9.147E-01  7.913E-01  6.629E-01  5.321E-01  4.021E-01  2.781E-01  1.674E-01  7.913E-02
  440.0000  1.620E+00  1.613E+00  1.591E+00  1.554E+00  1.504E+00  1.440E+00  1.363E+00  1.274E+00  1.173E+00  1.062E+00  9.429E-01  8.162E-01  6.842E-01  5.495E-01  4.156E-01  2.875E-01  1.728E-01  8.142E-02
  445.0000  1.740E+00  1.732E+00  1.708E+00  1.670E+00  1.616E+00  1.547E+00  1.465E+00  1.369E+00  1.262E+00  1.143E+00  1.015E+00  8.790E-01  7.374E-01  5.927E-01  4.485E-01  3.104E-01  1.864E-01  8.753E-02
  450.0000  1.850E+00  1.842E+00  1.817E+00  1.776E+00  1.719E+00  1.646E+00  1.559E+00  1.457E+00  1.343E+00  1.218E+00  1.082E+00  9.374E-01  7.868E-01  6.329E-01  4.793E-01  3.318E-01  1.991E-01  9.323E-02
  455.0000  1.811E+00  1.803E+00  1.778E+00  1.738E+00  1.682E+00  1.612E+00  1.526E+00  1.428E+00  1.316E+00  1.193E+00  1.061E+00  9.196E-01  7.724E-01  6.217E-01  4.712E-01  3.263E-01  1.956E-01  9.130E-02
  460.0000  1.863E+00  1.855E+00  1.830E+00  1.788E+00  1.731E+00  1.658E+00  1.571E+00  1.469E+00  1.355E+00  1.229E+00  1.093E+00  9.478E-01  7.964E-01  6.413E-01  4.862E-01  3.366E-01  2.014E-01  9.346E-02
  465.0000  1.842E+00  1.834E+00  1.809E+00  1.768E+00  1.712E+00  1.640E+00  1.554E+00  1.454E+00  1.341E+00  1.217E+00  1.082E+00  9.394E-01  7.899E-01  6.365E-01  4.829E-01  3.346E-01  2.001E-01  9.260E-02
  470.0000  1.832E+00  1.824E+00  1.799E+00  1.759E+00  1.703E+00  1.632E+00  1.546E+00  1.447E+00  1.335E+00  1.212E+00  1.078E+00  9.363E-01  7.877E-01  6.352E-01  4.823E-01  3.342E-01  1.998E-01  9.212E-02
  475.0000  1.853E+00  1.845E+00  1.820E+00  1.779E+00  1.723E+00  1.651E+00  1.565E+00  1.465E+00  1.352E+00  1.227E+00  1.093E+00  9.490E-01  7.988E-01  6.445E-01  4.896E-01  3.394E-01  2.027E-01  9.308E-02
  480.0000  1.904E+00  1.896E+00  1.871E+00  1.829E+00  1.771E+00  1.698E+00  1.609E+00  1.506E+00  1.390E+00  1.262E+00  1.124E+00  9.763E-01  8.219E-01  6.632E-01  5.037E-01  3.490E-01  2.078E-01  9.461E-02
  485.0000  1.730E+00  1.722E+00  1.699E+00  1.661E+00  1.609E+00  1.542E+00  1.462E+00  1.369E+00  1.264E+00  1.148E+00  1.022E+00  8.884E-01  7.482E-01  6.040E-01  4.591E-01  3.181E-01  1.892E-01  8.583E-02
  490.0000  1.801E+00  1.793E+00  1.770E+00  1.730E+00  1.676E+00  1.607E+00  1.523E+00  1.427E+00  1.317E+00  1.197E+00  1.066E+00  9.272E-01  7.813E-01  6.312E-01  4.801E-01  3.329E-01  1.981E-01  8.961E-02
  495.0000  1.834E+00  1.826E+00  1.802E+00  1.762E+00  1.707E+00  1.637E+00  1.552E+00  1.454E+00  1.343E+00  1.220E+00  1.087E+00  9.457E-01  7.973E-01  6.444E-01  4.904E-01  3.401E-01  2.021E-01  9.105E-02
  500.0000  1.748E+00  1.740E+00  1.717E+00  1.679E+00  1.627E+00  1.560E+00  1.479E+00  1.385E+00  1.280E+00  1.163E+00  1.037E+00  9.017E-01  7.602E-01  6.144E-01  4.674E-01  3.239E-01  1.920E-01  8.571E-02
  505.0000  1.774E+00  1.766E+00  1.743E+00  1.704E+00  1.651E+00  1.583E+00  1.501E+00  1.406E+00  1.299E+00  1.180E+00  1.052E+00  9.149E-01  7.713E-01  6.232E-01  4.738E-01  3.279E-01  1.936E-01  8.547E-02
  510.0000  1.759E+00  1.751E+00  1.728E+00  1.690E+00  1.637E+00  1.570E+00  1.489E+00  1.395E+00  1.289E+00  1.172E+00  1.045E+00  9.090E-01  7.667E-01  6.199E-01  4.717E-01  3.267E-01  1.929E-01  8.503E-02
  515.0000  1.630E+00  1.623E+00  1.602E+00  1.567E+00  1.518E+00  1.455E+00  1.381E+00  1.294E+00  1.195E+00  1.087E+00  9.693E-01  8.437E-01  7.119E-01  5.759E-01  4.384E-01  3.037E-01  1.793E-01  7.871E-02
  520.0000  1.675E+00  1.668E+00  1.646E+00  1.610E+00  1.560E+00  1.496E+00  1.419E+00  1.329E+00  1.229E+00  1.117E+00  9.966E-01  8.677E-01  7.323E-01  5.924E-01  4.511E-01  3.124E-01  1.841E-01  8.035E-02
  525.0000  1.679E+00  1.671E+00  1.649E+00  1.613E+00  1.563E+00  1.499E+00  1.422E+00  1.332E+00  1.231E+00  1.120E+00  9.987E-01  8.695E-01  7.337E-01  5.935E-01  4.516E-01  3.124E-01  1.835E-01  7.933E-02
  530.0000  1.765E+00  1.758E+00  1.735E+00  1.697E+00  1.644E+00  1.576E+00  1.495E+00  1.401E+00  1.295E+00  1.177E+00  1.050E+00  9.137E-01  7.708E-01  6.232E-01  4.738E-01  3.271E-01  1.913E-01  8.168E-02
  535.0000  1.710E+00  1.702E+00  1.680E+00  1.643E+00  1.592E+00  1.527E+00  1.448E+00  1.357E+00  1.254E+00  1.140E+00  1.017E+00  8.854E-01  7.470E-01  6.039E-01  4.591E-01  3.169E-01  1.850E-01  7.846E-02
  540.0000  1.711E+00  1.703E+00  1.681E+00  1.644E+00  1.593E+00  1.528E+00  1.449E+00  1.358E+00  1.256E+00  1.142E+00  1.019E+00  8.870E-01  7.486E-01  6.055E-01  4.605E-01  3.179E-01  1.856E-01  7.843E-02
  545.0000  1.734E+00  1.727E+00  1.704E+00  1.667E+00  1.615E+00  1.549E+00  1.470E+00  1.377E+00  1.273E+00  1.158E+00  1.033E+00  8.995E-01  7.591E-01  6.140E-01  4.669E-01  3.222E-01  1.877E-01  7.875E-02
  550.0000  1.738E+00  1.731E+00  1.708E+00  1.671E+00  1.619E+00  1.553E+00  1.473E+00  1.381E+00  1.276E+00  1.161E+00  1.036E+00  9.021E-01  7.614E-01  6.159E-01  4.683E-01  3.231E-01  1.879E-01  7.842E-02
  555.0000  1.724E+00  1.717E+00  1.694E+00  1.657E+00  1.606E+00  1.540E+00  1.461E+00  1.370E+00  1.266E+00  1.152E+00  1.028E+00  8.954E-01  7.559E-01  6.116E-01  4.651E-01  3.208E-01  1.863E-01  7.726E-02
  560.0000  1.678E+00  1.671E+00  1.649E+00  1.613E+00  1.563E+00  1.499E+00  1.423E+00  1.333E+00  1.233E+00  1.121E+00  1.000E+00  8.711E-01  7.352E-01  5.946E-01  4.519E-01  3.112E-01  1.802E-01  7.395E-02
  565.0000  1.678E+00  1.671E+00  1.649E+00  1.613E+00  1.563E+00  1.499E+00  1.422E+00  1.333E+00  1.232E+00  1.121E+00  9.998E-01  8.705E-01  7.345E-01  5.937E-01  4.508E-01  3.100E-01  1.788E-01  7.262E-02
  570.0000  1.667E+00  1.660E+00  1.638E+00  1.602E+00  1.552E+00  1.489E+00  1.413E+00  1.324E+00  1.224E+00  1.113E+00  9.930E-01  8.646E-01  7.294E-01  5.895E-01  4.474E-01  3.074E-01  1.769E-01  7.132E-02
  575.0000  1.694E+00  1.687E+00  1.665E+00  1.629E+00  1.578E+00  1.514E+00  1.436E+00  1.346E+00  1.244E+00  1.132E+00  1.010E+00  8.792E-01  7.419E-01  5.997E-01  4.552E-01  3.128E-01  1.798E-01  7.218E-02
  580.0000  1.668E+00  1.660E+00  1.639E+00  1.603E+00  1.553E+00  1.490E+00  1.414E+00  1.326E+00  1.226E+00  1.115E+00  9.949E-01  8.670E-01  7.320E-01  5.922E-01  4.501E-01  3.097E-01  1.785E-01  7.178E-02
  585.0000  1.669E+00  1.662E+00  1.641E+00  1.605E+00  1.555E+00  1.492E+00  1.416E+00  1.328E+00  1.228E+00  1.118E+00  9.979E-01  8.698E-01  7.348E-01  5.949E-01  4.527E-01  3.120E-01  1.802E-01  7.269E-02
  590.0000  1.611E+00  1.604E+00  1.583E+00  1.549E+00  1.501E+00  1.440E+00  1.367E+00  1.282E+00  1.186E+00  1.079E+00  9.636E-01  8.401E-01  7.100E-01  5.751E-01  4.379E-01  3.020E-01  1.746E-01  7.032E-02
  595.0000  1.641E+00  1.634E+00  1.613E+00  1.578E+00  1.529E+00  1.467E+00  1.393E+00  1.306E+00  1.208E+00  1.100E+00  9.818E-01  8.558E-01  7.232E-01  5.857E-01  4.457E-01  3.072E-01  1.771E-01  7.085E-02
  600.0000  1.600E+00  1.593E+00  1.572E+00  1.538E+00  1.490E+00  1.430E+00  1.357E+00  1.272E+00  1.177E+00  1.071E+00  9.563E-01  8.334E-01  7.041E-01  5.699E-01  4.334E-01  2.983E-01  1.715E-01  6.797E-02
  605.0000  1.618E+00  1.611E+00  1.590E+00  1.555E+00  1.507E+00  1.446E+00  1.373E+00  1.287E+00  1.191E+00  1.084E+00  9.679E-01  8.437E-01  7.129E-01  5.773E-01  4.392E-01  3.024E-01  1.739E-01  6.883E-02
  610.0000  1.599E+00  1.592E+00  1.571E+00  1.537E+00  1.490E+00  1.430E+00  1.357E+00  1.273E+00  1.178E+00  1.073E+00  9.585E-01  8.361E-01  7.071E-01  5.733E-01  4.369E-01  3.016E-01  1.742E-01  6.939E-02
  615.0000  1.562E+00  1.556E+00  1.536E+00  1.503E+00  1.457E+00  1.398E+00  1.327E+00  1.245E+00  1.153E+00  1.050E+00  9.388E-01  8.195E-01  6.938E-01  5.632E-01  4.300E-01  2.977E-01  1.727E-01  6.935E-02
  620.0000  1.586E+00  1.579E+00  1.559E+00  1.526E+00  1.479E+00  1.420E+00  1.348E+00  1.265E+00  1.172E+00  1.068E+00  9.549E-01  8.341E-01  7.067E-01  5.744E-01  4.393E-01  3.049E-01  1.775E-01  7.169E-02
  625.0000  1.553E+00  1.547E+00  1.527E+00  1.494E+00  1.448E+00  1.391E+00  1.321E+00  1.240E+00  1.148E+00  1.047E+00  9.365E-01  8.184E-01  6.939E-01  5.645E-01  4.323E-01  3.006E-01  1.756E-01  7.120E-02
  630.0000  1.556E+00  1.550E+00  1.530E+00  1.497E+00  1.452E+00  1.394E+00  1.324E+00  1.243E+00  1.152E+00  1.050E+00  9.399E-01  8.219E-01  6.973E-01  5.678E-01  4.354E-01  3.034E-01  1.778E-01  7.245E-02
  635.0000  1.546E+00  1.540E+00  1.520E+00  1.488E+00  1.443E+00  1.386E+00  1.316E+00  1.236E+00  1.145E+00  1.045E+00  9.356E-01  8.186E-01  6.950E-01  5.665E-01  4.351E-01  3.038E-01  1.787E-01  7.321E-02
  640.0000  1.530E+00  1.523E+00  1.504E+00  1.472E+00  1.427E+00  1.371E+00  1.303E+00  1.224E+00  1.134E+00  1.035E+00  9.271E-01  8.116E-01  6.896E-01  5.627E-01  4.328E-01  3.029E-01  1.787E-01  7.367E-02
  644.8000  1.522E+00  1.515E+00  1.496E+00  1.465E+00  1.420E+00  1.364E+00  1.297E+00  1.218E+00  1.129E+00  1.031E+00  9.238E-01  8.091E-01  6.879E-01  5.618E-01  4.327E-01  3.034E-01  1.796E-01  7.438E-02
  651.0500  1.504E+00  1.497E+00  1.478E+00  1.447E+00  1.404E+00  1.348E+00  1.282E+00  1.204E+00  1.116E+00  1.020E+00  9.143E-01  8.012E-01  6.817E-01  5.573E-01  4.298E-01  3.021E-01  1.794E-01  7.462E-02
  660.0000  1.428E+00  1.422E+00  1.404E+00  1.375E+00  1.333E+00  1.281E+00  1.218E+00  1.145E+00  1.062E+00  9.703E-01  8.704E-01  7.633E-01  6.502E-01  5.323E-01  4.113E-01  2.899E-01  1.730E-01  7.245E-02
  670.0000  1.467E+00  1.461E+00  1.443E+00  1.413E+00  1.371E+00  1.317E+00  1.253E+00  1.178E+00  1.093E+00  9.989E-01  8.966E-01  7.870E-01  6.711E-01  5.502E-01  4.261E-01  3.014E-01  1.808E-01  7.628E-02
  680.0000  1.442E+00  1.436E+00  1.418E+00  1.388E+00  1.347E+00  1.295E+00  1.232E+00  1.158E+00  1.075E+00  9.832E-01  8.831E-01  7.757E-01  6.621E-01  5.436E-01  4.218E-01  2.991E-01  1.802E-01  7.651E-02
  690.0000  1.422E+00  1.416E+00  1.398E+00  1.369E+00  1.329E+00  1.277E+00  1.215E+00  1.143E+00  1.062E+00  9.711E-01  8.726E-01  7.670E-01  6.552E-01  5.385E-01  4.185E-01  2.975E-01  1.799E-01  7.674E-02
  700.0000  1.398E+00  1.392E+00  1.375E+00  1.347E+00  1.307E+00  1.256E+00  1.196E+00  1.125E+00  1.045E+00  9.563E-01  8.597E-01  7.561E-01  6.464E-01  5.319E-01  4.141E-01  2.951E-01  1.791E-01  7.675E-02
  710.0000  1.366E+00  1.360E+00  1.343E+00  1.316E+00  1.277E+00  1.228E+00  1.169E+00  1.100E+00  1.022E+00  9.351E-01  8.410E-01  7.400E-01  6.331E-01  5.214E-01  4.063E-01  2.901E-01  1.765E-01  7.584E-02
  720.0000  1.321E+00  1.316E+00  1.300E+00  1.273E+00  1.235E+00  1.188E+00  1.131E+00  1.064E+00  9.890E-01  9.055E-01  8.146E-01  7.171E-01  6.138E-01  5.059E-01  3.947E-01  2.822E-01  1.721E-01  7.409E-02
  730.0000  1.291E+00  1.286E+00  1.270E+00  1.244E+00  1.207E+00  1.161E+00  1.105E+00  1.040E+00  9.671E-01  8.857E-01  7.971E-01  7.019E-01  6.012E-01  4.959E-01  3.873E-01  2.774E-01  1.696E-01  7.322E-02
------------------------------------------------------------
Dose rates, W m-2
   1 = UV-B, 280-315 nm                                  
   2 = UV-B*, 280-320 nm                                 
   3 = UV-A, 315-400 nm                                  
   4 = DNA damage, in vitro (Setlow, 1974)               
   5 = UV index (WMO, 1994; Webb et al., 2011)           
   6 = Plant damage (Caldwell, 1971)                     
   7 = Plant damage,Flint&Caldwell,2003,orig.            
   8 = Plant damage,Flint&Caldwell,2003,ext390           
values at z =      0.000 km
Columns: sza, weighting spectra
 sza, deg.          1          2          3          4          5          6          7          8
    0.0000  2.432E+00  3.438E+00  6.144E+01  1.216E-02  1.583E+01  5.453E-01  1.393E+00  1.863E+00
    5.0000  2.412E+00  3.411E+00  6.113E+01  1.200E-02  1.568E+01  5.394E-01  1.383E+00  1.850E+00
   10.0000  2.351E+00  3.332E+00  6.021E+01  1.151E-02  1.521E+01  5.213E-01  1.353E+00  1.813E+00
   15.0000  2.252E+00  3.202E+00  5.869E+01  1.075E-02  1.445E+01  4.921E-01  1.303E+00  1.753E+00
   20.0000  2.118E+00  3.024E+00  5.659E+01  9.743E-03  1.344E+01  4.532E-01  1.237E+00  1.671E+00
   25.0000  1.952E+00  2.805E+00  5.393E+01  8.563E-03  1.222E+01  4.063E-01  1.155E+00  1.569E+00
   30.0000  1.760E+00  2.550E+00  5.075E+01  7.279E-03  1.083E+01  3.539E-01  1.060E+00  1.450E+00
   35.0000  1.549E+00  2.266E+00  4.708E+01  5.967E-03  9.356E+00  2.982E-01  9.548E-01  1.318E+00
   40.0000  1.324E+00  1.963E+00  4.299E+01  4.696E-03  7.844E+00  2.420E-01  8.434E-01  1.177E+00
   45.0000  1.096E+00  1.649E+00  3.854E+01  3.530E-03  6.359E+00  1.879E-01  7.286E-01  1.029E+00
   50.0000  8.702E-01  1.336E+00  3.379E+01  2.516E-03  4.962E+00  1.382E-01  6.139E-01  8.782E-01
   55.0000  6.579E-01  1.036E+00  2.884E+01  1.685E-03  3.703E+00  9.512E-02  5.024E-01  7.293E-01
   60.0000  4.662E-01  7.585E-01  2.381E+01  1.047E-03  2.621E+00  6.008E-02  3.969E-01  5.854E-01
   65.0000  3.031E-01  5.151E-01  1.881E+01  5.950E-04  1.740E+00  3.386E-02  3.002E-01  4.502E-01
   70.0000  1.746E-01  3.150E-01  1.402E+01  3.034E-04  1.066E+00  1.631E-02  2.146E-01  3.271E-01
   75.0000  8.380E-02  1.646E-01  9.625E+00  1.367E-04  5.892E-01  6.340E-03  1.418E-01  2.196E-01
   80.0000  3.020E-02  6.651E-02  5.819E+00  5.426E-05  2.825E-01  1.952E-03  8.288E-02  1.304E-01
   85.0000  7.723E-03  1.770E-02  2.750E+00  1.926E-05  1.074E-01  6.347E-04  3.781E-02  6.076E-02
------------------------------------------------------------
