Spectral Irradiance, W m-2 nm-1
values at z =      0.000 km
Columns: wavelength (nm), solar zenith angles (deg.)
    wc, nm      0.000      5.000     10.000     15.000     20.000     25.000     30.000     35.000     40.000     45.000     50.000     55.000     60.000     65.000     70.000     75.000     80.000     85.000
  120.7000  0.000E+00  0.000E+00  0.000E+00  0.000E+00  0.000E+00  0.000E+00  0.000E+00  0.000E+00  0.000E+00  0.000E+00  0.000E+00  0.000E+00  0.000E+00  0.000E+00  0.000E+00  0.000E+00  0.000E+00  0.000E+00
  121.6500  0.000E+00  0.000E+00  0.000E+00  0.000E+00  0.000E+00  0.000E+00  0.000E+00  0.000E+00  0.000E+00  0.000E+00  0.000E+00  0.000E+00  0.000E+00  0.000E+00  0.000E+00  0.000E+00  0.000E+00  0.000E+00
  122.1000  0.000E+00  0.000E+00  0.000E+00  0.000E+00  0.000E+00  0.000E+00  0.000E+00  0.000E+00  0.000E+00  0.000E+00  0.000E+00  0.000E+00  0.000E+00  0.000E+00  0.000E+00  0.000E+00  0.000E+00  0.000E+00
  122.7000  0.000E+00  0.000E+00  0.000E+00  0.000E+00  0.000E+00  0.000E+00  0.000E+00  0.000E+00  0.000E+00  0.000E+00  0.000E+00  0.000E+00  0.000E+00  0.000E+00  0.000E+00  0.000E+00  0.000E+00  0.000E+00
  123.4500  0.000E+00  0.000E+00  0.000E+00  0.000E+00  0.000E+00  0.000E+00  0.000E+00  0.000E+00  0.000E+00  0.000E+00  0.000E+00  0.000E+00  0.000E+00  0.000E+00  0.000E+00  0.000E+00  0.000E+00  0.000E+00
  124.2000  0.000E+00  0.000E+00  0.000E+00  0.000E+00  0.000E+00  0.000E+00  0.000E+00  0.000E+00  0.000E+00  0.000E+00  0.000E+00  0.000E+00  0.000E+00  0.000E+00  0.000E+00  0.000E+00  0.000E+00  0.000E+00
  125.0000  0.000E+00  0.000E+00  0.000E+00  0.000E+00  0.000E+00  0.000E+00  0.000E+00  0.000E+00  0.000E+00  0.000E+00  0.000E+00  0.000E+00  0.000E+00  0.000E+00  0.000E+00  0.000E+00  0.000E+00  0.000E+00
  125.8000  0.000E+00  0.000E+00  0.000E+00  0.000E+00  0.000E+00  0.000E+00  0.000E+00  0.000E+00  0.000E+00  0.000E+00  0.000E+00  0.000E+00  0.000E+00  0.000E+00  0.000E+00  0.000E+00  0.000E+00  0.000E+00
  126.6000  0.000E+00  0.000E+00  0.000E+00  0.000E+00  0.000E+00  0.000E+00  0.000E+00  0.000E+00  0.000E+00  0.000E+00  0.000E+00  0.000E+00  0.000E+00  0.000E+00  0.000E+00  0.000E+00  0.000E+00  0.000E+00
  127.8000  0.000E+00  0.000E+00  0.000E+00  0.000E+00  0.000E+00  0.000E+00  0.000E+00  0.000E+00  0.000E+00  0.000E+00  0.000E+00  0.000E+00  0.000E+00  0.000E+00  0.000E+00  0.000E+00  0.000E+00  0.000E+00
  129.0000  0.000E+00  0.000E+00  0.000E+00  0.000E+00  0.000E+00  0.000E+00  0.000E+00  0.000E+00  0.000E+00  0.000E+00  0.000E+00  0.000E+00  0.000E+00  0.000E+00  0.000E+00  0.000E+00  0.000E+00  0.000E+00
  129.8500  0.000E+00  0.000E+00  0.000E+00  0.000E+00  0.000E+00  0.000E+00  0.000E+00  0.000E+00  0.000E+00  0.000E+00  0.000E+00  0.000E+00  0.000E+00  0.000E+00  0.000E+00  0.000E+00  0.000E+00  0.000E+00
  131.1500  0.000E+00  0.000E+00  0.000E+00  0.000E+00  0.000E+00  0.000E+00  0.000E+00  0.000E+00  0.000E+00  0.000E+00  0.000E+00  0.000E+00  0.000E+00  0.000E+00  0.000E+00  0.000E+00  0.000E+00  0.000E+00
  133.5000  0.000E+00  0.000E+00  0.000E+00  0.000E+00  0.000E+00  0.000E+00  0.000E+00  0.000E+00  0.000E+00  0.000E+00  0.000E+00  0.000E+00  0.000E+00  0.000E+00  0.000E+00  0.000E+00  0.000E+00  0.000E+00
  136.0000  0.000E+00  0.000E+00  0.000E+00  0.000E+00  0.000E+00  0.000E+00  0.000E+00  0.000E+00  0.000E+00  0.000E+00  0.000E+00  0.000E+00  0.000E+00  0.000E+00  0.000E+00  0.000E+00  0.000E+00  0.000E+00
  141.0000  0.000E+00  0.000E+00  0.000E+00  0.000E+00  0.000E+00  0.000E+00  0.000E+00  0.000E+00  0.000E+00  0.000E+00  0.000E+00  0.000E+00  0.000E+00  0.000E+00  0.000E+00  0.000E+00  0.000E+00  0.000E+00
  150.0000  0.000E+00  0.000E+00  0.000E+00  0.000E+00  0.000E+00  0.000E+00  0.000E+00  0.000E+00  0.000E+00  0.000E+00  0.000E+00  0.000E+00  0.000E+00  0.000E+00  0.000E+00  0.000E+00  0.000E+00  0.000E+00
  160.0000  0.000E+00  0.000E+00  0.000E+00  0.000E+00  0.000E+00  0.000E+00  0.000E+00  0.000E+00  0.000E+00  0.000E+00  0.000E+00  0.000E+00  0.000E+00  0.000E+00  0.000E+00  0.000E+00  0.000E+00  0.000E+00
  167.5000  0.000E+00  0.000E+00  0.000E+00  0.000E+00  0.000E+00  0.000E+00  0.000E+00  0.000E+00  0.000E+00  0.000E+00  0.000E+00  0.000E+00  0.000E+00  0.000E+00  0.000E+00  0.000E+00  0.000E+00  0.000E+00
  172.7000  0.000E+00  0.000E+00  0.000E+00  0.000E+00  0.000E+00  0.000E+00  0.000E+00  0.000E+00  0.000E+00  0.000E+00  0.000E+00  0.000E+00  0.000E+00  0.000E+00  0.000E+00  0.000E+00  0.000E+00  0.000E+00
  176.2000  0.000E+00  0.000E+00  0.000E+00  0.000E+00  0.000E+00  0.000E+00  0.000E+00  0.000E+00  0.000E+00  0.000E+00  0.000E+00  0.000E+00  0.000E+00  0.000E+00  0.000E+00  0.000E+00  0.000E+00  0.000E+00
  177.8000  0.000E+00  0.000E+00  0.000E+00  0.000E+00  0.000E+00  0.000E+00  0.000E+00  0.000E+00  0.000E+00  0.000E+00  0.000E+00  0.000E+00  0.000E+00  0.000E+00  0.000E+00  0.000E+00  0.000E+00  0.000E+00
  179.4000  0.000E+00  0.000E+00  0.000E+00  0.000E+00  0.000E+00  0.000E+00  0.000E+00  0.000E+00  0.000E+00  0.000E+00  0.000E+00  0.000E+00  0.000E+00  0.000E+00  0.000E+00  0.000E+00  0.000E+00  0.000E+00
  181.0000  0.000E+00  0.000E+00  0.000E+00  0.000E+00  0.000E+00  0.000E+00  0.000E+00  0.000E+00  0.000E+00  0.000E+00  0.000E+00  0.000E+00  0.000E+00  0.000E+00  0.000E+00  0.000E+00  0.000E+00  0.000E+00
  182.6500  0.000E+00  0.000E+00  0.000E+00  0.000E+00  0.000E+00  0.000E+00  0.000E+00  0.000E+00  0.000E+00  0.000E+00  0.000E+00  0.000E+00  0.000E+00  0.000E+00  0.000E+00  0.000E+00  0.000E+00  0.000E+00
  184.3500  0.000E+00  0.000E+00  0.000E+00  0.000E+00  0.000E+00  0.000E+00  0.000E+00  0.000E+00  0.000E+00  0.000E+00  0.000E+00  0.000E+00  0.000E+00  0.000E+00  0.000E+00  0.000E+00  0.000E+00  0.000E+00
  186.0500  0.000E+00  0.000E+00  0.000E+00  0.000E+00  0.000E+00  0.000E+00  0.000E+00  0.000E+00  0.000E+00  0.000E+00  0.000E+00  0.000E+00  0.000E+00  0.000E+00  0.000E+00  0.000E+00  0.000E+00  0.000E+00
  187.8000  0.000E+00  0.000E+00  0.000E+00  0.000E+00  0.000E+00  0.000E+00  0.000E+00  0.000E+00  0.000E+00  0.000E+00  0.000E+00  0.000E+00  0.000E+00  0.000E+00  0.000E+00  0.000E+00  0.000E+00  0.000E+00
  189.6000  0.000E+00  0.000E+00  0.000E+00  0.000E+00  0.000E+00  0.000E+00  0.000E+00  0.000E+00  0.000E+00  0.000E+00  0.000E+00  0.000E+00  0.000E+00  0.000E+00  0.000E+00  0.000E+00  0.000E+00  0.000E+00
  191.4000  0.000E+00  0.000E+00  0.000E+00  0.000E+00  0.000E+00  0.000E+00  0.000E+00  0.000E+00  0.000E+00  0.000E+00  0.000E+00  0.000E+00  0.000E+00  0.000E+00  0.000E+00  0.000E+00  0.000E+00  0.000E+00
  193.2500  0.000E+00  0.000E+00  0.000E+00  0.000E+00  0.000E+00  0.000E+00  0.000E+00  0.000E+00  0.000E+00  0.000E+00  0.000E+00  0.000E+00  0.000E+00  0.000E+00  0.000E+00  0.000E+00  0.000E+00  0.000E+00
  195.1500  0.000E+00  0.000E+00  0.000E+00  0.000E+00  0.000E+00  0.000E+00  0.000E+00  0.000E+00  0.000E+00  0.000E+00  0.000E+00  0.000E+00  0.000E+00  0.000E+00  0.000E+00  0.000E+00  0.000E+00  0.000E+00
  197.0500  0.000E+00  0.000E+00  0.000E+00  0.000E+00  0.000E+00  0.000E+00  0.000E+00  0.000E+00  0.000E+00  0.000E+00  0.000E+00  0.000E+00  0.000E+00  0.000E+00  0.000E+00  0.000E+00  0.000E+00  0.000E+00
  199.0000  0.000E+00  0.000E+00  0.000E+00  0.000E+00  0.000E+00  0.000E+00  0.000E+00  0.000E+00  0.000E+00  0.000E+00  0.000E+00  0.000E+00  0.000E+00  0.000E+00  0.000E+00  0.000E+00  0.000E+00  0.000E+00
  201.0000  0.000E+00  0.000E+00  0.000E+00  0.000E+00  0.000E+00  0.000E+00  0.000E+00  0.000E+00  0.000E+00  0.000E+00  0.000E+00  0.000E+00  0.000E+00  0.000E+00  0.000E+00  0.000E+00  0.000E+00  0.000E+00
  203.0500  0.000E+00  0.000E+00  0.000E+00  0.000E+00  0.000E+00  0.000E+00  0.000E+00  0.000E+00  0.000E+00  0.000E+00  0.000E+00  0.000E+00  0.000E+00  0.000E+00  0.000E+00  0.000E+00  0.000E+00  0.000E+00
  205.1500  0.000E+00  0.000E+00  0.000E+00  0.000E+00  0.000E+00  0.000E+00  0.000E+00  0.000E+00  0.000E+00  0.000E+00  0.000E+00  0.000E+00  0.000E+00  0.000E+00  0.000E+00  0.000E+00  0.000E+00  0.000E+00
  207.2665  4.337E-20  3.709E-20  2.306E-20  1.025E-20  3.151E-21  6.397E-22  8.004E-23  5.615E-24  1.952E-25  2.980E-27  2.785E-29  1.861E-30  6.337E-31  3.246E-31  1.958E-31  1.234E-31  7.351E-32  3.555E-32
  209.4295  3.358E-19  2.889E-19  1.829E-19  8.380E-20  2.695E-20  5.814E-21  7.876E-22  6.121E-23  2.426E-24  4.381E-26  4.939E-28  3.288E-29  1.072E-29  5.434E-30  3.306E-30  2.117E-30  1.281E-30  6.275E-31
  211.6460  3.057E-18  2.648E-18  1.711E-18  8.119E-19  2.748E-19  6.353E-20  9.425E-21  8.237E-22  3.797E-23  8.343E-25  1.185E-26  8.021E-28  2.475E-28  1.240E-28  7.657E-29  5.007E-29  3.093E-29  1.544E-29
  213.9100  9.867E-18  8.580E-18  5.613E-18  2.720E-18  9.491E-19  2.287E-19  3.582E-20  3.357E-21  1.693E-22  4.173E-24  6.642E-26  4.179E-27  1.188E-27  5.899E-28  3.719E-28  2.490E-28  1.572E-28  8.012E-29
  216.2225  2.446E-17  2.135E-17  1.413E-17  6.985E-18  2.509E-18  6.291E-19  1.038E-19  1.040E-20  5.722E-22  1.578E-23  2.810E-25  1.615E-26  4.144E-27  2.055E-27  1.333E-27  9.168E-28  5.934E-28  3.100E-28
  218.5855  9.180E-17  8.048E-17  5.397E-17  2.728E-17  1.013E-17  2.655E-18  4.647E-19  5.029E-20  3.057E-21  9.619E-23  1.970E-24  1.030E-25  2.341E-26  1.174E-26  7.892E-27  5.584E-27  3.714E-27  2.002E-27
  221.0010  1.340E-16  1.177E-16  7.926E-17  4.036E-17  1.515E-17  4.029E-18  7.190E-19  7.985E-20  5.023E-21  1.652E-22  3.437E-24  1.473E-25  2.895E-26  1.495E-26  1.042E-26  7.557E-27  5.152E-27  2.863E-27
  223.4705  1.536E-16  1.348E-16  9.070E-17  4.612E-17  1.727E-17  4.583E-18  8.153E-19  9.026E-20  5.661E-21  1.853E-22  3.658E-24  1.195E-25  2.003E-26  1.084E-26  7.807E-27  5.790E-27  4.039E-27  2.316E-27
  225.9960  9.564E-17  8.388E-17  5.633E-17  2.854E-17  1.063E-17  2.803E-18  4.948E-19  5.428E-20  3.370E-21  1.088E-22  2.004E-24  4.793E-26  6.842E-27  3.925E-27  2.909E-27  2.202E-27  1.572E-27  9.332E-28
  228.5790  3.465E-17  3.027E-17  2.010E-17  9.984E-18  3.616E-18  9.172E-19  1.540E-19  1.586E-20  9.084E-22  2.629E-23  3.982E-25  6.155E-27  7.488E-28  4.572E-28  3.468E-28  2.669E-28  1.944E-28  1.193E-28
  231.2215  6.218E-18  5.397E-18  3.512E-18  1.686E-18  5.811E-19  1.378E-19  2.120E-20  1.951E-21  9.665E-23  2.301E-24  2.566E-26  2.316E-28  2.440E-29  1.573E-29  1.213E-29  9.460E-30  7.006E-30  4.422E-30
  233.9260  4.820E-19  4.148E-19  2.628E-19  1.206E-19  3.889E-20  8.435E-21  1.154E-21  9.128E-23  3.718E-24  6.810E-26  5.155E-28  2.498E-30  2.321E-31  1.561E-31  1.219E-31  9.606E-32  7.214E-32  4.673E-32
  236.6945  3.842E-20  3.272E-20  2.010E-20  8.745E-21  2.611E-21  5.100E-22  6.082E-23  4.027E-24  1.303E-25  1.756E-27  8.549E-30  2.101E-32  1.751E-33  1.215E-33  9.579E-34  7.612E-34  5.786E-34  3.838E-34
  239.5295  5.554E-21  4.700E-21  2.832E-21  1.192E-21  3.392E-22  6.206E-23  6.794E-24  4.025E-25  1.124E-26  1.236E-28  4.378E-31  6.022E-34  4.573E-35  3.252E-35  2.591E-35  2.083E-35  1.611E-35  1.105E-35
  242.4330  2.627E-21  2.213E-21  1.316E-21  5.411E-22  1.488E-22  2.600E-23  2.675E-24  1.459E-25  3.637E-27  3.389E-29  9.155E-32  7.517E-35  5.257E-36  3.810E-36  3.067E-36  2.495E-36  1.965E-36  1.397E-36
  245.4080  3.835E-23  3.180E-23  1.801E-23  6.821E-24  1.663E-24  2.467E-25  2.048E-26  8.467E-28  1.479E-29  8.705E-32  1.289E-34  4.851E-38  3.140E-39  2.292E-39  1.845E-39  1.500E-39  1.181E-39  8.420E-40
  248.4570  1.106E-24  9.047E-25  4.918E-25  1.736E-25  3.823E-26  4.936E-27  3.416E-28  1.117E-29  1.443E-31  5.479E-34  5.098E-37  9.760E-41  5.885E-42  4.315E-42  3.472E-42  2.822E-42  2.222E-42  1.588E-42
  251.5825  1.473E-25  1.196E-25  6.356E-26  2.158E-26  4.487E-27  5.360E-28  3.350E-29  9.596E-31  1.046E-32  3.337E-35  2.206E-38  2.821E-42  1.597E-43  1.177E-43  9.389E-44  7.707E-44  6.026E-44  4.344E-44
  254.7875  8.945E-26  7.240E-26  3.809E-26  1.272E-26  2.580E-27  2.980E-28  1.782E-29  4.820E-31  4.874E-33  1.409E-35  8.141E-39  8.492E-43  4.484E-44  3.363E-44  2.662E-44  2.242E-44  1.682E-44  1.261E-44
  258.0750  7.204E-25  5.864E-25  3.138E-25  1.078E-25  2.281E-26  2.788E-27  1.795E-28  5.336E-30  6.080E-32  2.044E-34  1.426E-37  1.833E-41  9.291E-43  6.810E-43  5.479E-43  4.442E-43  3.503E-43  2.508E-43
  261.4490  8.922E-24  7.339E-24  4.055E-24  1.473E-24  3.374E-25  4.595E-26  3.407E-27  1.214E-28  1.742E-30  7.858E-33  7.970E-36  1.601E-39  7.767E-41  5.666E-41  4.557E-41  3.703E-41  2.920E-41  2.093E-41
  264.9125  2.109E-21  1.765E-21  1.027E-21  4.073E-22  1.062E-22  1.722E-23  1.604E-24  7.659E-26  1.597E-27  1.161E-29  2.172E-32  9.237E-36  4.337E-37  3.138E-37  2.522E-37  2.051E-37  1.619E-37  1.161E-37
  268.4685  9.436E-19  8.078E-19  5.040E-19  2.251E-19  6.980E-20  1.431E-20  1.812E-21  1.283E-22  4.428E-24  6.126E-26  2.620E-28  3.106E-31  1.440E-32  1.025E-32  8.226E-33  6.697E-33  5.295E-33  3.795E-33
  272.1215  7.177E-16  6.304E-16  4.250E-16  2.168E-16  8.149E-17  2.170E-17  3.867E-18  4.248E-19  2.568E-20  7.276E-22  7.824E-24  2.914E-26  1.378E-27  9.477E-28  7.583E-28  6.178E-28  4.894E-28  3.510E-28
  275.8755  8.165E-13  7.368E-13  5.394E-13  3.167E-13  1.461E-13  5.137E-14  1.316E-14  2.304E-15  2.526E-16  1.533E-17  4.383E-19  5.495E-21  2.851E-22  1.805E-22  1.433E-22  1.168E-22  9.272E-23  6.659E-23
  279.7340  4.050E-10  3.747E-10  2.960E-10  1.980E-10  1.104E-10  5.018E-11  1.798E-11  4.846E-12  9.211E-13  1.129E-13  7.948E-15  3.038E-16  1.984E-17  1.042E-17  8.122E-18  6.596E-18  5.248E-18  3.779E-18
  283.7020  2.600E-07  2.460E-07  2.077E-07  1.557E-07  1.025E-07  5.827E-08  2.799E-08  1.100E-08  3.378E-09  7.635E-10  1.176E-10  1.178E-11  1.189E-12  4.514E-13  3.335E-13  2.679E-13  2.130E-13  1.540E-13
  287.7845  3.690E-05  3.551E-05  3.163E-05  2.595E-05  1.949E-05  1.326E-05  8.043E-06  4.262E-06  1.917E-06  7.038E-07  2.009E-07  4.286E-08  7.635E-09  2.186E-09  1.358E-09  1.056E-09  8.325E-10  6.031E-10
  291.9865  1.793E-03  1.749E-03  1.619E-03  1.421E-03  1.176E-03  9.119E-04  6.566E-04  4.334E-04  2.576E-04  1.346E-04  6.007E-05  2.216E-05  6.769E-06  2.028E-06  9.098E-07  6.242E-07  4.771E-07  3.433E-07
  296.3090  1.581E-02  1.555E-02  1.478E-02  1.355E-02  1.196E-02  1.012E-02  8.161E-03  6.225E-03  4.443E-03  2.926E-03  1.745E-03  9.210E-04  4.209E-04  1.679E-04  6.633E-05  3.394E-05  2.303E-05  1.604E-05
  300.5000  5.182E-02  5.120E-02  4.940E-02  4.648E-02  4.257E-02  3.788E-02  3.261E-02  2.703E-02  2.143E-02  1.610E-02  1.133E-02  7.341E-03  4.296E-03  2.223E-03  1.017E-03  4.480E-04  2.340E-04  1.465E-04
  303.0000  1.192E-01  1.180E-01  1.146E-01  1.089E-01  1.013E-01  9.191E-02  8.120E-02  6.957E-02  5.750E-02  4.552E-02  3.419E-02  2.406E-02  1.558E-02  9.093E-03  4.683E-03  2.145E-03  9.825E-04  5.348E-04
  304.0000  1.254E-01  1.242E-01  1.207E-01  1.150E-01  1.073E-01  9.790E-02  8.704E-02  7.516E-02  6.274E-02  5.029E-02  3.836E-02  2.752E-02  1.826E-02  1.097E-02  5.832E-03  2.728E-03  1.223E-03  6.330E-04
  305.0000  1.632E-01  1.617E-01  1.575E-01  1.505E-01  1.411E-01  1.294E-01  1.160E-01  1.012E-01  8.550E-02  6.961E-02  5.416E-02  3.982E-02  2.726E-02  1.702E-02  9.455E-03  4.586E-03  2.025E-03  9.746E-04
  306.0000  1.488E-01  1.475E-01  1.438E-01  1.377E-01  1.295E-01  1.192E-01  1.074E-01  9.426E-02  8.031E-02  6.605E-02  5.204E-02  3.887E-02  2.714E-02  1.737E-02  9.932E-03  4.947E-03  2.182E-03  9.972E-04
  307.0000  1.855E-01  1.840E-01  1.796E-01  1.724E-01  1.625E-01  1.503E-01  1.361E-01  1.203E-01  1.034E-01  8.592E-02  6.862E-02  5.213E-02  3.718E-02  2.444E-02  1.444E-02  7.434E-03  3.305E-03  1.429E-03
  308.0000  2.111E-01  2.095E-01  2.047E-01  1.968E-01  1.861E-01  1.728E-01  1.572E-01  1.398E-01  1.210E-01  1.016E-01  8.215E-02  6.338E-02  4.610E-02  3.106E-02  1.891E-02  1.006E-02  4.550E-03  1.876E-03
  309.0000  2.155E-01  2.140E-01  2.092E-01  2.014E-01  1.907E-01  1.774E-01  1.619E-01  1.445E-01  1.257E-01  1.061E-01  8.632E-02  6.717E-02  4.938E-02  3.373E-02  2.088E-02  1.133E-02  5.182E-03  2.085E-03
  310.0000  2.056E-01  2.042E-01  1.999E-01  1.928E-01  1.831E-01  1.710E-01  1.568E-01  1.402E-01  1.235E-01  1.053E-01  8.677E-02  6.860E-02  5.147E-02  3.608E-02  2.309E-02  1.303E-02  6.162E-03  2.403E-03
  311.0000  3.418E-01  3.394E-01  3.324E-01  3.209E-01  3.052E-01  2.855E-01  2.623E-01  2.362E-01  2.078E-01  1.779E-01  1.474E-01  1.173E-01  8.870E-02  6.282E-02  4.074E-02  2.336E-02  1.121E-02  4.330E-03
  312.0000  2.997E-01  2.978E-01  2.918E-01  2.821E-01  2.687E-01  2.519E-01  2.321E-01  2.097E-01  1.854E-01  1.597E-01  1.332E-01  1.070E-01  8.190E-02  5.889E-02  3.894E-02  2.288E-02  1.127E-02  4.332E-03
  313.0000  3.293E-01  3.272E-01  3.209E-01  3.105E-01  2.962E-01  2.783E-01  2.572E-01  2.333E-01  2.071E-01  1.794E-01  1.508E-01  1.222E-01  9.457E-02  6.900E-02  4.650E-02  2.800E-02  1.418E-02  5.481E-03
  314.0000  3.575E-01  3.552E-01  3.485E-01  3.374E-01  3.221E-01  3.029E-01  2.802E-01  2.546E-01  2.264E-01  1.965E-01  1.656E-01  1.347E-01  1.047E-01  7.683E-02  5.215E-02  3.169E-02  1.622E-02  6.286E-03
  316.0000  3.573E-01  3.551E-01  3.487E-01  3.381E-01  3.236E-01  3.052E-01  2.836E-01  2.589E-01  2.318E-01  2.028E-01  1.727E-01  1.422E-01  1.124E-01  8.422E-02  5.877E-02  3.705E-02  1.987E-02  7.948E-03
  320.0000  4.466E-01  4.440E-01  4.353E-01  4.240E-01  4.068E-01  3.851E-01  3.593E-01  3.299E-01  2.975E-01  2.625E-01  2.260E-01  1.887E-01  1.517E-01  1.162E-01  8.346E-02  5.473E-02  3.098E-02  1.313E-02
  325.0000  5.602E-01  5.572E-01  5.481E-01  5.332E-01  5.126E-01  4.867E-01  4.557E-01  4.203E-01  3.810E-01  3.386E-01  2.940E-01  2.480E-01  2.021E-01  1.575E-01  1.157E-01  7.822E-02  4.633E-02  2.095E-02
  330.0000  6.910E-01  6.874E-01  6.765E-01  6.586E-01  6.338E-01  6.025E-01  5.652E-01  5.225E-01  4.750E-01  4.235E-01  3.692E-01  3.131E-01  2.566E-01  2.015E-01  1.495E-01  1.024E-01  6.189E-02  2.893E-02
  335.0000  6.557E-01  6.523E-01  6.422E-01  6.255E-01  6.024E-01  5.732E-01  5.384E-01  4.985E-01  4.540E-01  4.057E-01  3.546E-01  3.017E-01  2.483E-01  1.959E-01  1.461E-01  1.009E-01  6.173E-02  2.949E-02
  340.0000  7.122E-01  7.086E-01  6.977E-01  6.798E-01  6.550E-01  6.237E-01  5.863E-01  5.433E-01  4.954E-01  4.433E-01  3.881E-01  3.308E-01  2.728E-01  2.156E-01  1.613E-01  1.117E-01  6.860E-02  3.309E-02
  345.0000  7.023E-01  6.988E-01  6.882E-01  6.707E-01  6.464E-01  6.158E-01  5.792E-01  5.372E-01  4.902E-01  4.392E-01  3.849E-01  3.285E-01  2.712E-01  2.147E-01  1.608E-01  1.114E-01  6.855E-02  3.321E-02
  350.0000  7.352E-01  7.315E-01  7.205E-01  7.023E-01  6.771E-01  6.453E-01  6.072E-01  5.634E-01  5.145E-01  4.612E-01  4.045E-01  3.455E-01  2.855E-01  2.261E-01  1.693E-01  1.173E-01  7.206E-02  3.489E-02
  355.0000  7.779E-01  7.740E-01  7.624E-01  7.433E-01  7.169E-01  6.834E-01  6.434E-01  5.973E-01  5.458E-01  4.897E-01  4.299E-01  3.675E-01  3.040E-01  2.410E-01  1.805E-01  1.250E-01  7.679E-02  3.722E-02
  360.0000  7.117E-01  7.082E-01  6.977E-01  6.804E-01  6.563E-01  6.259E-01  5.895E-01  5.476E-01  5.007E-01  4.495E-01  3.950E-01  3.380E-01  2.798E-01  2.219E-01  1.663E-01  1.151E-01  7.065E-02  3.425E-02
  365.0000  9.056E-01  9.012E-01  8.879E-01  8.660E-01  8.356E-01  7.971E-01  7.511E-01  6.980E-01  6.386E-01  5.738E-01  5.045E-01  4.320E-01  3.580E-01  2.842E-01  2.130E-01  1.474E-01  9.036E-02  4.378E-02
  370.0000  9.421E-01  9.376E-01  9.239E-01  9.012E-01  8.698E-01  8.300E-01  7.824E-01  7.274E-01  6.659E-01  5.987E-01  5.268E-01  4.515E-01  3.744E-01  2.974E-01  2.231E-01  1.543E-01  9.445E-02  4.574E-02
  375.0000  8.516E-01  8.475E-01  8.352E-01  8.148E-01  7.866E-01  7.509E-01  7.080E-01  6.586E-01  6.032E-01  5.427E-01  4.779E-01  4.099E-01  3.402E-01  2.705E-01  2.029E-01  1.403E-01  8.576E-02  4.149E-02
  380.0000  9.795E-01  9.748E-01  9.607E-01  9.374E-01  9.052E-01  8.643E-01  8.153E-01  7.587E-01  6.953E-01  6.259E-01  5.515E-01  4.735E-01  3.933E-01  3.129E-01  2.348E-01  1.623E-01  9.909E-02  4.789E-02
  385.0000  7.388E-01  7.353E-01  7.248E-01  7.073E-01  6.831E-01  6.524E-01  6.156E-01  5.732E-01  5.255E-01  4.734E-01  4.174E-01  3.586E-01  2.981E-01  2.374E-01  1.782E-01  1.232E-01  7.508E-02  3.624E-02
  390.0000  9.652E-01  9.607E-01  9.470E-01  9.243E-01  8.928E-01  8.530E-01  8.052E-01  7.499E-01  6.879E-01  6.200E-01  5.471E-01  4.704E-01  3.914E-01  3.119E-01  2.343E-01  1.619E-01  9.854E-02  4.750E-02
  395.0000  7.491E-01  7.456E-01  7.350E-01  7.175E-01  6.932E-01  6.625E-01  6.255E-01  5.828E-01  5.349E-01  4.824E-01  4.259E-01  3.665E-01  3.052E-01  2.434E-01  1.830E-01  1.264E-01  7.682E-02  3.698E-02
  400.0000  1.391E+00  1.385E+00  1.365E+00  1.333E+00  1.288E+00  1.231E+00  1.163E+00  1.084E+00  9.953E-01  8.980E-01  7.935E-01  6.832E-01  5.694E-01  4.544E-01  3.418E-01  2.362E-01  1.433E-01  6.888E-02
  405.0000  1.419E+00  1.412E+00  1.393E+00  1.360E+00  1.314E+00  1.256E+00  1.187E+00  1.107E+00  1.017E+00  9.180E-01  8.116E-01  6.994E-01  5.833E-01  4.659E-01  3.507E-01  2.423E-01  1.469E-01  7.045E-02
  410.0000  1.464E+00  1.457E+00  1.436E+00  1.403E+00  1.356E+00  1.297E+00  1.226E+00  1.143E+00  1.051E+00  9.490E-01  8.395E-01  7.240E-01  6.043E-01  4.831E-01  3.638E-01  2.514E-01  1.522E-01  7.285E-02
  415.0000  1.525E+00  1.518E+00  1.497E+00  1.462E+00  1.414E+00  1.352E+00  1.278E+00  1.193E+00  1.097E+00  9.911E-01  8.773E-01  7.571E-01  6.324E-01  5.060E-01  3.814E-01  2.635E-01  1.594E-01  7.613E-02
  420.0000  1.540E+00  1.533E+00  1.512E+00  1.476E+00  1.428E+00  1.366E+00  1.292E+00  1.206E+00  1.109E+00  1.003E+00  8.881E-01  7.668E-01  6.411E-01  5.133E-01  3.872E-01  2.676E-01  1.616E-01  7.704E-02
  425.0000  1.470E+00  1.464E+00  1.443E+00  1.410E+00  1.364E+00  1.305E+00  1.234E+00  1.152E+00  1.060E+00  9.592E-01  8.500E-01  7.345E-01  6.145E-01  4.924E-01  3.717E-01  2.569E-01  1.550E-01  7.369E-02
  430.0000  1.357E+00  1.350E+00  1.332E+00  1.301E+00  1.259E+00  1.205E+00  1.140E+00  1.064E+00  9.798E-01  8.867E-01  7.862E-01  6.798E-01  5.691E-01  4.564E-01  3.448E-01  2.384E-01  1.437E-01  6.816E-02
  435.0000  1.575E+00  1.568E+00  1.546E+00  1.511E+00  1.462E+00  1.399E+00  1.324E+00  1.237E+00  1.139E+00  1.031E+00  9.149E-01  7.915E-01  6.632E-01  5.323E-01  4.024E-01  2.783E-01  1.676E-01  7.928E-02
  440.0000  1.620E+00  1.613E+00  1.591E+00  1.555E+00  1.504E+00  1.440E+00  1.363E+00  1.274E+00  1.173E+00  1.063E+00  9.433E-01  8.166E-01  6.846E-01  5.499E-01  4.160E-01  2.878E-01  1.731E-01  8.164E-02
  445.0000  1.740E+00  1.733E+00  1.709E+00  1.670E+00  1.616E+00  1.548E+00  1.465E+00  1.370E+00  1.262E+00  1.144E+00  1.015E+00  8.795E-01  7.379E-01  5.931E-01  4.490E-01  3.108E-01  1.867E-01  8.782E-02
  450.0000  1.851E+00  1.843E+00  1.818E+00  1.777E+00  1.719E+00  1.647E+00  1.559E+00  1.458E+00  1.344E+00  1.218E+00  1.082E+00  9.380E-01  7.874E-01  6.334E-01  4.799E-01  3.323E-01  1.995E-01  9.358E-02
  455.0000  1.812E+00  1.803E+00  1.779E+00  1.739E+00  1.683E+00  1.612E+00  1.527E+00  1.428E+00  1.317E+00  1.194E+00  1.061E+00  9.203E-01  7.731E-01  6.224E-01  4.718E-01  3.269E-01  1.961E-01  9.170E-02
  460.0000  1.864E+00  1.856E+00  1.831E+00  1.790E+00  1.732E+00  1.660E+00  1.572E+00  1.471E+00  1.356E+00  1.230E+00  1.094E+00  9.490E-01  7.976E-01  6.424E-01  4.872E-01  3.376E-01  2.023E-01  9.415E-02
  465.0000  1.843E+00  1.835E+00  1.810E+00  1.770E+00  1.713E+00  1.642E+00  1.555E+00  1.455E+00  1.343E+00  1.218E+00  1.084E+00  9.406E-01  7.910E-01  6.376E-01  4.840E-01  3.355E-01  2.009E-01  9.328E-02
  470.0000  1.833E+00  1.825E+00  1.801E+00  1.760E+00  1.704E+00  1.633E+00  1.548E+00  1.449E+00  1.337E+00  1.213E+00  1.080E+00  9.376E-01  7.890E-01  6.364E-01  4.834E-01  3.353E-01  2.007E-01  9.286E-02
  475.0000  1.855E+00  1.846E+00  1.822E+00  1.781E+00  1.725E+00  1.653E+00  1.567E+00  1.467E+00  1.354E+00  1.229E+00  1.094E+00  9.506E-01  8.003E-01  6.459E-01  4.909E-01  3.407E-01  2.037E-01  9.395E-02
  480.0000  1.907E+00  1.899E+00  1.874E+00  1.832E+00  1.774E+00  1.700E+00  1.612E+00  1.509E+00  1.393E+00  1.265E+00  1.126E+00  9.788E-01  8.244E-01  6.655E-01  5.059E-01  3.509E-01  2.095E-01  9.600E-02
  485.0000  1.732E+00  1.725E+00  1.702E+00  1.664E+00  1.612E+00  1.545E+00  1.465E+00  1.371E+00  1.266E+00  1.150E+00  1.025E+00  8.908E-01  7.506E-01  6.063E-01  4.612E-01  3.201E-01  1.909E-01  8.719E-02
  490.0000  1.804E+00  1.796E+00  1.773E+00  1.733E+00  1.679E+00  1.610E+00  1.526E+00  1.429E+00  1.320E+00  1.200E+00  1.069E+00  9.298E-01  7.839E-01  6.336E-01  4.824E-01  3.350E-01  1.998E-01  9.101E-02
  495.0000  1.838E+00  1.830E+00  1.806E+00  1.766E+00  1.710E+00  1.640E+00  1.555E+00  1.457E+00  1.346E+00  1.223E+00  1.090E+00  9.487E-01  8.002E-01  6.471E-01  4.929E-01  3.424E-01  2.041E-01  9.263E-02
  500.0000  1.752E+00  1.745E+00  1.722E+00  1.684E+00  1.631E+00  1.564E+00  1.483E+00  1.389E+00  1.284E+00  1.167E+00  1.040E+00  9.054E-01  7.638E-01  6.179E-01  4.706E-01  3.268E-01  1.945E-01  8.767E-02
  505.0000  1.779E+00  1.772E+00  1.748E+00  1.710E+00  1.656E+00  1.588E+00  1.506E+00  1.411E+00  1.304E+00  1.185E+00  1.057E+00  9.199E-01  7.761E-01  6.278E-01  4.781E-01  3.318E-01  1.969E-01  8.807E-02
  510.0000  1.764E+00  1.757E+00  1.734E+00  1.696E+00  1.643E+00  1.575E+00  1.494E+00  1.400E+00  1.294E+00  1.177E+00  1.050E+00  9.140E-01  7.715E-01  6.245E-01  4.760E-01  3.305E-01  1.962E-01  8.757E-02
  515.0000  1.636E+00  1.628E+00  1.607E+00  1.572E+00  1.523E+00  1.461E+00  1.386E+00  1.299E+00  1.200E+00  1.092E+00  9.742E-01  8.485E-01  7.166E-01  5.803E-01  4.425E-01  3.075E-01  1.825E-01  8.115E-02
  520.0000  1.681E+00  1.674E+00  1.652E+00  1.616E+00  1.565E+00  1.502E+00  1.425E+00  1.335E+00  1.235E+00  1.123E+00  1.002E+00  8.731E-01  7.375E-01  5.975E-01  4.558E-01  3.167E-01  1.878E-01  8.310E-02
  525.0000  1.686E+00  1.678E+00  1.657E+00  1.620E+00  1.570E+00  1.506E+00  1.429E+00  1.339E+00  1.238E+00  1.127E+00  1.005E+00  8.760E-01  7.400E-01  5.995E-01  4.573E-01  3.175E-01  1.879E-01  8.255E-02
  530.0000  1.775E+00  1.767E+00  1.744E+00  1.706E+00  1.653E+00  1.585E+00  1.504E+00  1.410E+00  1.304E+00  1.186E+00  1.058E+00  9.221E-01  7.789E-01  6.309E-01  4.810E-01  3.336E-01  1.968E-01  8.571E-02
  535.0000  1.719E+00  1.712E+00  1.689E+00  1.653E+00  1.601E+00  1.536E+00  1.458E+00  1.366E+00  1.263E+00  1.150E+00  1.026E+00  8.941E-01  7.554E-01  6.120E-01  4.666E-01  3.237E-01  1.907E-01  8.263E-02
  540.0000  1.721E+00  1.713E+00  1.691E+00  1.654E+00  1.603E+00  1.538E+00  1.459E+00  1.368E+00  1.265E+00  1.151E+00  1.028E+00  8.959E-01  7.572E-01  6.137E-01  4.682E-01  3.249E-01  1.914E-01  8.267E-02
  545.0000  1.745E+00  1.738E+00  1.715E+00  1.678E+00  1.626E+00  1.560E+00  1.480E+00  1.388E+00  1.284E+00  1.168E+00  1.043E+00  9.093E-01  7.686E-01  6.231E-01  4.754E-01  3.298E-01  1.940E-01  8.334E-02
  550.0000  1.750E+00  1.742E+00  1.720E+00  1.682E+00  1.630E+00  1.564E+00  1.485E+00  1.392E+00  1.288E+00  1.172E+00  1.047E+00  9.125E-01  7.715E-01  6.255E-01  4.774E-01  3.312E-01  1.947E-01  8.324E-02
  555.0000  1.736E+00  1.729E+00  1.706E+00  1.669E+00  1.618E+00  1.552E+00  1.473E+00  1.382E+00  1.278E+00  1.164E+00  1.039E+00  9.064E-01  7.666E-01  6.217E-01  4.746E-01  3.293E-01  1.934E-01  8.225E-02
  560.0000  1.691E+00  1.684E+00  1.662E+00  1.626E+00  1.576E+00  1.512E+00  1.435E+00  1.346E+00  1.245E+00  1.134E+00  1.012E+00  8.830E-01  7.467E-01  6.055E-01  4.621E-01  3.204E-01  1.878E-01  7.925E-02
  565.0000  1.693E+00  1.684E+00  1.664E+00  1.628E+00  1.577E+00  1.513E+00  1.437E+00  1.347E+00  1.246E+00  1.135E+00  1.013E+00  8.836E-01  7.472E-01  6.058E-01  4.621E-01  3.201E-01  1.871E-01  7.836E-02
  570.0000  1.682E+00  1.675E+00  1.653E+00  1.618E+00  1.568E+00  1.504E+00  1.428E+00  1.339E+00  1.239E+00  1.128E+00  1.007E+00  8.784E-01  7.428E-01  6.023E-01  4.594E-01  3.181E-01  1.857E-01  7.730E-02
  575.0000  1.711E+00  1.703E+00  1.681E+00  1.645E+00  1.594E+00  1.530E+00  1.452E+00  1.362E+00  1.260E+00  1.147E+00  1.025E+00  8.938E-01  7.559E-01  6.131E-01  4.677E-01  3.239E-01  1.890E-01  7.839E-02
  580.0000  1.683E+00  1.676E+00  1.654E+00  1.618E+00  1.568E+00  1.505E+00  1.429E+00  1.340E+00  1.240E+00  1.130E+00  1.009E+00  8.809E-01  7.454E-01  6.050E-01  4.620E-01  3.204E-01  1.872E-01  7.771E-02
  585.0000  1.684E+00  1.677E+00  1.655E+00  1.619E+00  1.570E+00  1.507E+00  1.431E+00  1.342E+00  1.242E+00  1.132E+00  1.012E+00  8.831E-01  7.477E-01  6.073E-01  4.642E-01  3.224E-01  1.887E-01  7.841E-02
  590.0000  1.625E+00  1.618E+00  1.597E+00  1.563E+00  1.515E+00  1.454E+00  1.381E+00  1.295E+00  1.199E+00  1.093E+00  9.769E-01  8.530E-01  7.225E-01  5.871E-01  4.490E-01  3.120E-01  1.827E-01  7.583E-02
  595.0000  1.657E+00  1.650E+00  1.628E+00  1.593E+00  1.544E+00  1.482E+00  1.408E+00  1.321E+00  1.223E+00  1.114E+00  9.960E-01  8.698E-01  7.367E-01  5.986E-01  4.577E-01  3.179E-01  1.860E-01  7.673E-02
  600.0000  1.616E+00  1.609E+00  1.588E+00  1.554E+00  1.506E+00  1.446E+00  1.373E+00  1.288E+00  1.192E+00  1.086E+00  9.713E-01  8.481E-01  7.183E-01  5.835E-01  4.460E-01  3.096E-01  1.807E-01  7.405E-02
  605.0000  1.634E+00  1.627E+00  1.606E+00  1.572E+00  1.524E+00  1.463E+00  1.389E+00  1.303E+00  1.207E+00  1.100E+00  9.831E-01  8.586E-01  7.274E-01  5.911E-01  4.521E-01  3.139E-01  1.833E-01  7.499E-02
  610.0000  1.614E+00  1.607E+00  1.586E+00  1.552E+00  1.505E+00  1.445E+00  1.372E+00  1.288E+00  1.193E+00  1.087E+00  9.725E-01  8.498E-01  7.204E-01  5.860E-01  4.488E-01  3.123E-01  1.829E-01  7.512E-02
  615.0000  1.576E+00  1.569E+00  1.549E+00  1.516E+00  1.470E+00  1.411E+00  1.341E+00  1.259E+00  1.166E+00  1.063E+00  9.514E-01  8.318E-01  7.057E-01  5.747E-01  4.408E-01  3.074E-01  1.806E-01  7.455E-02
  620.0000  1.599E+00  1.592E+00  1.572E+00  1.538E+00  1.492E+00  1.432E+00  1.361E+00  1.278E+00  1.184E+00  1.080E+00  9.668E-01  8.458E-01  7.180E-01  5.852E-01  4.494E-01  3.140E-01  1.850E-01  7.664E-02
  625.0000  1.565E+00  1.558E+00  1.538E+00  1.506E+00  1.460E+00  1.402E+00  1.332E+00  1.251E+00  1.160E+00  1.058E+00  9.475E-01  8.292E-01  7.043E-01  5.745E-01  4.416E-01  3.090E-01  1.825E-01  7.580E-02
  630.0000  1.567E+00  1.561E+00  1.541E+00  1.508E+00  1.462E+00  1.405E+00  1.335E+00  1.254E+00  1.162E+00  1.061E+00  9.502E-01  8.319E-01  7.070E-01  5.771E-01  4.442E-01  3.113E-01  1.843E-01  7.678E-02
  635.0000  1.556E+00  1.550E+00  1.530E+00  1.498E+00  1.453E+00  1.395E+00  1.326E+00  1.246E+00  1.155E+00  1.054E+00  9.450E-01  8.278E-01  7.040E-01  5.751E-01  4.431E-01  3.111E-01  1.847E-01  7.720E-02
  640.0000  1.539E+00  1.532E+00  1.513E+00  1.481E+00  1.436E+00  1.380E+00  1.312E+00  1.232E+00  1.143E+00  1.044E+00  9.356E-01  8.199E-01  6.977E-01  5.704E-01  4.400E-01  3.095E-01  1.842E-01  7.729E-02
  644.8000  1.530E+00  1.524E+00  1.504E+00  1.473E+00  1.429E+00  1.372E+00  1.305E+00  1.226E+00  1.137E+00  1.039E+00  9.315E-01  8.166E-01  6.953E-01  5.689E-01  4.393E-01  3.094E-01  1.846E-01  7.770E-02
  651.0500  1.511E+00  1.505E+00  1.486E+00  1.454E+00  1.411E+00  1.356E+00  1.289E+00  1.212E+00  1.124E+00  1.027E+00  9.212E-01  8.080E-01  6.883E-01  5.637E-01  4.358E-01  3.075E-01  1.839E-01  7.763E-02
  660.0000  1.434E+00  1.428E+00  1.410E+00  1.381E+00  1.339E+00  1.287E+00  1.224E+00  1.151E+00  1.068E+00  9.760E-01  8.760E-01  7.688E-01  6.555E-01  5.374E-01  4.162E-01  2.944E-01  1.767E-01  7.491E-02
  670.0000  1.472E+00  1.466E+00  1.448E+00  1.417E+00  1.375E+00  1.322E+00  1.257E+00  1.182E+00  1.098E+00  1.004E+00  9.013E-01  7.916E-01  6.756E-01  5.546E-01  4.302E-01  3.051E-01  1.839E-01  7.836E-02
  680.0000  1.446E+00  1.440E+00  1.422E+00  1.392E+00  1.351E+00  1.299E+00  1.236E+00  1.162E+00  1.079E+00  9.870E-01  8.868E-01  7.793E-01  6.657E-01  5.470E-01  4.250E-01  3.021E-01  1.827E-01  7.818E-02
  690.0000  1.425E+00  1.419E+00  1.402E+00  1.373E+00  1.332E+00  1.281E+00  1.218E+00  1.146E+00  1.065E+00  9.742E-01  8.756E-01  7.699E-01  6.581E-01  5.413E-01  4.212E-01  3.000E-01  1.820E-01  7.810E-02
  700.0000  1.401E+00  1.395E+00  1.378E+00  1.349E+00  1.309E+00  1.259E+00  1.198E+00  1.127E+00  1.047E+00  9.586E-01  8.620E-01  7.583E-01  6.486E-01  5.340E-01  4.161E-01  2.969E-01  1.807E-01  7.780E-02
  710.0000  1.368E+00  1.362E+00  1.345E+00  1.318E+00  1.279E+00  1.230E+00  1.170E+00  1.102E+00  1.024E+00  9.371E-01  8.429E-01  7.418E-01  6.349E-01  5.231E-01  4.080E-01  2.916E-01  1.778E-01  7.670E-02
  720.0000  1.323E+00  1.317E+00  1.301E+00  1.274E+00  1.237E+00  1.190E+00  1.132E+00  1.066E+00  9.905E-01  9.071E-01  8.162E-01  7.186E-01  6.153E-01  5.073E-01  3.960E-01  2.834E-01  1.732E-01  7.480E-02
  730.0000  1.292E+00  1.287E+00  1.271E+00  1.245E+00  1.209E+00  1.162E+00  1.107E+00  1.042E+00  9.683E-01  8.869E-01  7.982E-01  7.031E-01  6.023E-01  4.970E-01  3.883E-01  2.783E-01  1.704E-01  7.376E-02
------------------------------------------------------------
Dose rates, W m-2
   1 = UV-B, 280-315 nm                                  
   2 = UV-B*, 280-320 nm                                 
   3 = UV-A, 315-400 nm                                  
   4 = DNA damage, in vitro (Setlow, 1974)               
   5 = UV index (WMO, 1994; Webb et al., 2011)           
   6 = Plant damage (Caldwell, 1971)                     
   7 = Plant damage,Flint&Caldwell,2003,orig.            
   8 = Plant damage,Flint&Caldwell,2003,ext390           
values at z =      0.000 km
Columns: sza, weighting spectra
 sza, deg.          1          2          3          4          5          6          7          8
    0.0000  2.987E+00  4.059E+00  6.170E+01  2.246E-02  2.238E+01  8.253E-01  1.661E+00  2.131E+00
    5.0000  2.963E+00  4.029E+00  6.139E+01  2.217E-02  2.216E+01  8.165E-01  1.648E+00  2.116E+00
   10.0000  2.893E+00  3.939E+00  6.046E+01  2.130E-02  2.151E+01  7.907E-01  1.610E+00  2.071E+00
   15.0000  2.778E+00  3.792E+00  5.894E+01  1.991E-02  2.046E+01  7.490E-01  1.548E+00  1.998E+00
   20.0000  2.622E+00  3.592E+00  5.684E+01  1.808E-02  1.904E+01  6.933E-01  1.465E+00  1.899E+00
   25.0000  2.428E+00  3.344E+00  5.418E+01  1.594E-02  1.733E+01  6.260E-01  1.363E+00  1.777E+00
   30.0000  2.204E+00  3.055E+00  5.099E+01  1.360E-02  1.540E+01  5.503E-01  1.245E+00  1.636E+00
   35.0000  1.956E+00  2.733E+00  4.732E+01  1.120E-02  1.333E+01  4.695E-01  1.116E+00  1.479E+00
   40.0000  1.693E+00  2.388E+00  4.322E+01  8.881E-03  1.121E+01  3.875E-01  9.795E-01  1.313E+00
   45.0000  1.422E+00  2.030E+00  3.876E+01  6.742E-03  9.125E+00  3.077E-01  8.405E-01  1.141E+00
   50.0000  1.153E+00  1.671E+00  3.400E+01  4.875E-03  7.160E+00  2.335E-01  7.030E-01  9.673E-01
   55.0000  8.962E-01  1.323E+00  2.905E+01  3.336E-03  5.387E+00  1.680E-01  5.709E-01  7.978E-01
   60.0000  6.613E-01  9.985E-01  2.400E+01  2.145E-03  3.860E+00  1.132E-01  4.477E-01  6.362E-01
   65.0000  4.569E-01  7.096E-01  1.899E+01  1.286E-03  2.613E+00  7.044E-02  3.365E-01  4.865E-01
   70.0000  2.899E-01  4.662E-01  1.419E+01  7.159E-04  1.652E+00  3.983E-02  2.396E-01  3.521E-01
   75.0000  1.641E-01  2.753E-01  9.774E+00  3.709E-04  9.618E-01  2.019E-02  1.583E-01  2.361E-01
   80.0000  7.953E-02  1.391E-01  5.948E+00  1.832E-04  5.033E-01  9.331E-03  9.342E-02  1.409E-01
   85.0000  3.202E-02  5.587E-02  2.848E+00  8.928E-05  2.252E-01  4.329E-03  4.407E-02  6.702E-02
------------------------------------------------------------
