Spectral Irradiance, W m-2 nm-1
values at z =      0.000 km
Columns: wavelength (nm), solar zenith angles (deg.)
    wc, nm      0.000      5.000     10.000     15.000     20.000     25.000     30.000     35.000     40.000     45.000     50.000     55.000     60.000     65.000     70.000     75.000     80.000     85.000
  120.7000  0.000E+00  0.000E+00  0.000E+00  0.000E+00  0.000E+00  0.000E+00  0.000E+00  0.000E+00  0.000E+00  0.000E+00  0.000E+00  0.000E+00  0.000E+00  0.000E+00  0.000E+00  0.000E+00  0.000E+00  0.000E+00
  121.6500  0.000E+00  0.000E+00  0.000E+00  0.000E+00  0.000E+00  0.000E+00  0.000E+00  0.000E+00  0.000E+00  0.000E+00  0.000E+00  0.000E+00  0.000E+00  0.000E+00  0.000E+00  0.000E+00  0.000E+00  0.000E+00
  122.1000  0.000E+00  0.000E+00  0.000E+00  0.000E+00  0.000E+00  0.000E+00  0.000E+00  0.000E+00  0.000E+00  0.000E+00  0.000E+00  0.000E+00  0.000E+00  0.000E+00  0.000E+00  0.000E+00  0.000E+00  0.000E+00
  122.7000  0.000E+00  0.000E+00  0.000E+00  0.000E+00  0.000E+00  0.000E+00  0.000E+00  0.000E+00  0.000E+00  0.000E+00  0.000E+00  0.000E+00  0.000E+00  0.000E+00  0.000E+00  0.000E+00  0.000E+00  0.000E+00
  123.4500  0.000E+00  0.000E+00  0.000E+00  0.000E+00  0.000E+00  0.000E+00  0.000E+00  0.000E+00  0.000E+00  0.000E+00  0.000E+00  0.000E+00  0.000E+00  0.000E+00  0.000E+00  0.000E+00  0.000E+00  0.000E+00
  124.2000  0.000E+00  0.000E+00  0.000E+00  0.000E+00  0.000E+00  0.000E+00  0.000E+00  0.000E+00  0.000E+00  0.000E+00  0.000E+00  0.000E+00  0.000E+00  0.000E+00  0.000E+00  0.000E+00  0.000E+00  0.000E+00
  125.0000  0.000E+00  0.000E+00  0.000E+00  0.000E+00  0.000E+00  0.000E+00  0.000E+00  0.000E+00  0.000E+00  0.000E+00  0.000E+00  0.000E+00  0.000E+00  0.000E+00  0.000E+00  0.000E+00  0.000E+00  0.000E+00
  125.8000  0.000E+00  0.000E+00  0.000E+00  0.000E+00  0.000E+00  0.000E+00  0.000E+00  0.000E+00  0.000E+00  0.000E+00  0.000E+00  0.000E+00  0.000E+00  0.000E+00  0.000E+00  0.000E+00  0.000E+00  0.000E+00
  126.6000  0.000E+00  0.000E+00  0.000E+00  0.000E+00  0.000E+00  0.000E+00  0.000E+00  0.000E+00  0.000E+00  0.000E+00  0.000E+00  0.000E+00  0.000E+00  0.000E+00  0.000E+00  0.000E+00  0.000E+00  0.000E+00
  127.8000  0.000E+00  0.000E+00  0.000E+00  0.000E+00  0.000E+00  0.000E+00  0.000E+00  0.000E+00  0.000E+00  0.000E+00  0.000E+00  0.000E+00  0.000E+00  0.000E+00  0.000E+00  0.000E+00  0.000E+00  0.000E+00
  129.0000  0.000E+00  0.000E+00  0.000E+00  0.000E+00  0.000E+00  0.000E+00  0.000E+00  0.000E+00  0.000E+00  0.000E+00  0.000E+00  0.000E+00  0.000E+00  0.000E+00  0.000E+00  0.000E+00  0.000E+00  0.000E+00
  129.8500  0.000E+00  0.000E+00  0.000E+00  0.000E+00  0.000E+00  0.000E+00  0.000E+00  0.000E+00  0.000E+00  0.000E+00  0.000E+00  0.000E+00  0.000E+00  0.000E+00  0.000E+00  0.000E+00  0.000E+00  0.000E+00
  131.1500  0.000E+00  0.000E+00  0.000E+00  0.000E+00  0.000E+00  0.000E+00  0.000E+00  0.000E+00  0.000E+00  0.000E+00  0.000E+00  0.000E+00  0.000E+00  0.000E+00  0.000E+00  0.000E+00  0.000E+00  0.000E+00
  133.5000  0.000E+00  0.000E+00  0.000E+00  0.000E+00  0.000E+00  0.000E+00  0.000E+00  0.000E+00  0.000E+00  0.000E+00  0.000E+00  0.000E+00  0.000E+00  0.000E+00  0.000E+00  0.000E+00  0.000E+00  0.000E+00
  136.0000  0.000E+00  0.000E+00  0.000E+00  0.000E+00  0.000E+00  0.000E+00  0.000E+00  0.000E+00  0.000E+00  0.000E+00  0.000E+00  0.000E+00  0.000E+00  0.000E+00  0.000E+00  0.000E+00  0.000E+00  0.000E+00
  141.0000  0.000E+00  0.000E+00  0.000E+00  0.000E+00  0.000E+00  0.000E+00  0.000E+00  0.000E+00  0.000E+00  0.000E+00  0.000E+00  0.000E+00  0.000E+00  0.000E+00  0.000E+00  0.000E+00  0.000E+00  0.000E+00
  150.0000  0.000E+00  0.000E+00  0.000E+00  0.000E+00  0.000E+00  0.000E+00  0.000E+00  0.000E+00  0.000E+00  0.000E+00  0.000E+00  0.000E+00  0.000E+00  0.000E+00  0.000E+00  0.000E+00  0.000E+00  0.000E+00
  160.0000  0.000E+00  0.000E+00  0.000E+00  0.000E+00  0.000E+00  0.000E+00  0.000E+00  0.000E+00  0.000E+00  0.000E+00  0.000E+00  0.000E+00  0.000E+00  0.000E+00  0.000E+00  0.000E+00  0.000E+00  0.000E+00
  167.5000  0.000E+00  0.000E+00  0.000E+00  0.000E+00  0.000E+00  0.000E+00  0.000E+00  0.000E+00  0.000E+00  0.000E+00  0.000E+00  0.000E+00  0.000E+00  0.000E+00  0.000E+00  0.000E+00  0.000E+00  0.000E+00
  172.7000  0.000E+00  0.000E+00  0.000E+00  0.000E+00  0.000E+00  0.000E+00  0.000E+00  0.000E+00  0.000E+00  0.000E+00  0.000E+00  0.000E+00  0.000E+00  0.000E+00  0.000E+00  0.000E+00  0.000E+00  0.000E+00
  176.2000  0.000E+00  0.000E+00  0.000E+00  0.000E+00  0.000E+00  0.000E+00  0.000E+00  0.000E+00  0.000E+00  0.000E+00  0.000E+00  0.000E+00  0.000E+00  0.000E+00  0.000E+00  0.000E+00  0.000E+00  0.000E+00
  177.8000  0.000E+00  0.000E+00  0.000E+00  0.000E+00  0.000E+00  0.000E+00  0.000E+00  0.000E+00  0.000E+00  0.000E+00  0.000E+00  0.000E+00  0.000E+00  0.000E+00  0.000E+00  0.000E+00  0.000E+00  0.000E+00
  179.4000  0.000E+00  0.000E+00  0.000E+00  0.000E+00  0.000E+00  0.000E+00  0.000E+00  0.000E+00  0.000E+00  0.000E+00  0.000E+00  0.000E+00  0.000E+00  0.000E+00  0.000E+00  0.000E+00  0.000E+00  0.000E+00
  181.0000  0.000E+00  0.000E+00  0.000E+00  0.000E+00  0.000E+00  0.000E+00  0.000E+00  0.000E+00  0.000E+00  0.000E+00  0.000E+00  0.000E+00  0.000E+00  0.000E+00  0.000E+00  0.000E+00  0.000E+00  0.000E+00
  182.6500  0.000E+00  0.000E+00  0.000E+00  0.000E+00  0.000E+00  0.000E+00  0.000E+00  0.000E+00  0.000E+00  0.000E+00  0.000E+00  0.000E+00  0.000E+00  0.000E+00  0.000E+00  0.000E+00  0.000E+00  0.000E+00
  184.3500  0.000E+00  0.000E+00  0.000E+00  0.000E+00  0.000E+00  0.000E+00  0.000E+00  0.000E+00  0.000E+00  0.000E+00  0.000E+00  0.000E+00  0.000E+00  0.000E+00  0.000E+00  0.000E+00  0.000E+00  0.000E+00
  186.0500  0.000E+00  0.000E+00  0.000E+00  0.000E+00  0.000E+00  0.000E+00  0.000E+00  0.000E+00  0.000E+00  0.000E+00  0.000E+00  0.000E+00  0.000E+00  0.000E+00  0.000E+00  0.000E+00  0.000E+00  0.000E+00
  187.8000  0.000E+00  0.000E+00  0.000E+00  0.000E+00  0.000E+00  0.000E+00  0.000E+00  0.000E+00  0.000E+00  0.000E+00  0.000E+00  0.000E+00  0.000E+00  0.000E+00  0.000E+00  0.000E+00  0.000E+00  0.000E+00
  189.6000  0.000E+00  0.000E+00  0.000E+00  0.000E+00  0.000E+00  0.000E+00  0.000E+00  0.000E+00  0.000E+00  0.000E+00  0.000E+00  0.000E+00  0.000E+00  0.000E+00  0.000E+00  0.000E+00  0.000E+00  0.000E+00
  191.4000  0.000E+00  0.000E+00  0.000E+00  0.000E+00  0.000E+00  0.000E+00  0.000E+00  0.000E+00  0.000E+00  0.000E+00  0.000E+00  0.000E+00  0.000E+00  0.000E+00  0.000E+00  0.000E+00  0.000E+00  0.000E+00
  193.2500  0.000E+00  0.000E+00  0.000E+00  0.000E+00  0.000E+00  0.000E+00  0.000E+00  0.000E+00  0.000E+00  0.000E+00  0.000E+00  0.000E+00  0.000E+00  0.000E+00  0.000E+00  0.000E+00  0.000E+00  0.000E+00
  195.1500  0.000E+00  0.000E+00  0.000E+00  0.000E+00  0.000E+00  0.000E+00  0.000E+00  0.000E+00  0.000E+00  0.000E+00  0.000E+00  0.000E+00  0.000E+00  0.000E+00  0.000E+00  0.000E+00  0.000E+00  0.000E+00
  197.0500  0.000E+00  0.000E+00  0.000E+00  0.000E+00  0.000E+00  0.000E+00  0.000E+00  0.000E+00  0.000E+00  0.000E+00  0.000E+00  0.000E+00  0.000E+00  0.000E+00  0.000E+00  0.000E+00  0.000E+00  0.000E+00
  199.0000  0.000E+00  0.000E+00  0.000E+00  0.000E+00  0.000E+00  0.000E+00  0.000E+00  0.000E+00  0.000E+00  0.000E+00  0.000E+00  0.000E+00  0.000E+00  0.000E+00  0.000E+00  0.000E+00  0.000E+00  0.000E+00
  201.0000  0.000E+00  0.000E+00  0.000E+00  0.000E+00  0.000E+00  0.000E+00  0.000E+00  0.000E+00  0.000E+00  0.000E+00  0.000E+00  0.000E+00  0.000E+00  0.000E+00  0.000E+00  0.000E+00  0.000E+00  0.000E+00
  203.0500  0.000E+00  0.000E+00  0.000E+00  0.000E+00  0.000E+00  0.000E+00  0.000E+00  0.000E+00  0.000E+00  0.000E+00  0.000E+00  0.000E+00  0.000E+00  0.000E+00  0.000E+00  0.000E+00  0.000E+00  0.000E+00
  205.1500  0.000E+00  0.000E+00  0.000E+00  0.000E+00  0.000E+00  0.000E+00  0.000E+00  0.000E+00  0.000E+00  0.000E+00  0.000E+00  0.000E+00  0.000E+00  0.000E+00  0.000E+00  0.000E+00  0.000E+00  0.000E+00
  207.2665  3.061E-20  2.614E-20  1.619E-20  7.146E-21  2.176E-21  4.359E-22  5.359E-23  3.676E-24  1.242E-25  1.831E-27  1.650E-29  1.015E-30  3.078E-31  1.468E-31  8.583E-32  5.388E-32  3.279E-32  1.673E-32
  209.4295  2.171E-19  1.865E-19  1.175E-19  5.338E-20  1.696E-20  3.597E-21  4.768E-22  3.603E-23  1.378E-24  2.383E-26  2.566E-28  1.541E-29  4.351E-30  2.029E-30  1.194E-30  7.600E-31  4.699E-31  2.442E-31
  211.6460  1.747E-18  1.510E-18  9.696E-19  4.551E-19  1.516E-19  3.431E-20  4.949E-21  4.173E-22  1.838E-23  3.820E-25  5.041E-27  3.035E-28  7.801E-29  3.552E-29  2.117E-29  1.373E-29  8.654E-30  4.599E-30
  213.9100  4.762E-18  4.130E-18  2.680E-18  1.280E-18  4.376E-19  1.025E-19  1.548E-20  1.385E-21  6.586E-23  1.511E-24  2.227E-26  1.180E-27  2.662E-28  1.192E-28  7.253E-29  4.803E-29  3.084E-29  1.676E-29
  216.2225  9.416E-18  8.190E-18  5.362E-18  2.602E-18  9.098E-19  2.199E-19  3.458E-20  3.262E-21  1.661E-22  4.173E-24  6.720E-26  3.085E-27  5.924E-28  2.645E-28  1.656E-28  1.120E-28  7.329E-29  4.077E-29
  218.5855  2.626E-17  2.291E-17  1.515E-17  7.473E-18  2.678E-18  6.691E-19  1.100E-19  1.099E-20  6.047E-22  1.687E-23  3.025E-25  1.177E-26  1.872E-27  8.523E-28  5.507E-28  3.799E-28  2.531E-28  1.442E-28
  221.0010  2.653E-17  2.315E-17  1.531E-17  7.553E-18  2.708E-18  6.771E-19  1.115E-19  1.117E-20  6.181E-22  1.743E-23  3.046E-25  8.901E-27  1.146E-27  5.448E-28  3.620E-28  2.537E-28  1.715E-28  9.979E-29
  223.4705  1.932E-17  1.683E-17  1.106E-17  5.402E-18  1.908E-18  4.679E-19  7.511E-20  7.297E-21  3.890E-22  1.049E-23  1.649E-25  3.297E-27  3.412E-28  1.720E-28  1.169E-28  8.295E-29  5.677E-29  3.364E-29
  225.9960  6.982E-18  6.064E-18  3.953E-18  1.904E-18  6.592E-19  1.573E-19  2.441E-20  2.275E-21  1.154E-22  2.927E-24  4.016E-26  5.151E-28  4.320E-29  2.313E-29  1.599E-29  1.146E-29  7.931E-30  4.787E-30
  228.5790  1.325E-18  1.144E-18  7.317E-19  3.414E-19  1.128E-19  2.531E-20  3.625E-21  3.052E-22  1.364E-23  2.932E-25  3.037E-27  2.153E-29  1.483E-30  8.373E-31  5.859E-31  4.232E-31  2.954E-31  1.812E-31
  231.2215  1.176E-19  1.006E-19  6.260E-20  2.786E-20  8.598E-21  1.758E-21  2.233E-22  1.613E-23  5.933E-25  9.455E-27  6.809E-29  2.377E-31  1.379E-32  8.087E-33  5.705E-33  4.142E-33  2.911E-33  1.811E-33
  233.9260  4.249E-21  3.593E-21  2.160E-21  9.054E-22  2.564E-22  4.666E-23  5.090E-24  3.027E-25  8.662E-27  1.026E-28  4.314E-31  6.734E-34  3.360E-35  2.021E-35  1.433E-35  1.045E-35  7.389E-36  4.655E-36
  236.6945  1.500E-22  1.252E-22  7.231E-23  2.833E-23  7.269E-24  1.158E-24  1.061E-25  5.042E-27  1.078E-28  8.641E-31  2.061E-33  1.344E-36  5.872E-38  3.590E-38  2.555E-38  1.869E-38  1.329E-38  8.462E-39
  239.5295  9.905E-24  8.194E-24  4.608E-24  1.725E-24  4.140E-25  6.027E-26  4.908E-27  1.996E-28  3.461E-30  2.052E-32  3.043E-35  8.932E-39  3.461E-40  2.141E-40  1.530E-40  1.123E-40  8.035E-41  5.183E-41
  242.4330  2.800E-24  2.301E-24  1.269E-24  4.593E-25  1.049E-25  1.423E-26  1.051E-27  3.732E-29  5.328E-31  2.362E-33  2.227E-36  3.124E-40  1.089E-41  6.795E-42  4.871E-42  3.589E-42  2.583E-42  1.684E-42
  245.4080  1.877E-26  1.514E-26  7.886E-27  2.588E-27  5.123E-28  5.728E-29  3.245E-30  8.425E-32  7.935E-34  2.063E-36  9.734E-40  5.465E-44  1.401E-45  1.401E-45  1.401E-45  0.000E+00  0.000E+00  0.000E+00
  248.4570  2.765E-28  2.195E-28  1.089E-28  3.286E-29  5.761E-30  5.464E-31  2.526E-32  4.908E-34  3.241E-36  5.342E-39  1.396E-42  0.000E+00  0.000E+00  0.000E+00  0.000E+00  0.000E+00  0.000E+00  0.000E+00
  251.5825  2.495E-29  1.963E-29  9.470E-30  2.727E-30  4.463E-31  3.856E-32  1.577E-33  2.618E-35  1.413E-37  1.796E-40  3.363E-44  0.000E+00  0.000E+00  0.000E+00  0.000E+00  0.000E+00  0.000E+00  0.000E+00
  254.7875  1.253E-29  9.814E-30  4.678E-30  1.319E-30  2.094E-31  1.735E-32  6.722E-34  1.040E-35  5.123E-38  5.791E-41  9.809E-45  0.000E+00  0.000E+00  0.000E+00  0.000E+00  0.000E+00  0.000E+00  0.000E+00
  258.0750  1.270E-28  1.001E-28  4.864E-29  1.417E-29  2.360E-30  2.086E-31  8.790E-33  1.514E-34  8.550E-37  1.150E-39  2.298E-43  0.000E+00  0.000E+00  0.000E+00  0.000E+00  0.000E+00  0.000E+00  0.000E+00
  261.4490  2.524E-27  2.015E-27  1.016E-27  3.156E-28  5.765E-29  5.776E-30  2.866E-31  6.088E-33  4.493E-35  8.503E-38  2.634E-41  0.000E+00  0.000E+00  0.000E+00  0.000E+00  0.000E+00  0.000E+00  0.000E+00
  264.9125  1.284E-24  1.046E-24  5.602E-25  1.928E-25  4.092E-26  5.021E-27  3.247E-28  9.691E-30  1.103E-31  3.634E-34  2.304E-37  1.748E-41  3.910E-43  2.438E-43  1.738E-43  1.275E-43  9.249E-44  6.026E-44
  268.4685  1.611E-21  1.347E-21  7.825E-22  3.094E-22  8.030E-23  1.295E-23  1.196E-24  5.640E-26  1.151E-27  8.008E-30  1.333E-32  3.538E-36  7.967E-38  4.907E-38  3.504E-38  2.576E-38  1.851E-38  1.206E-38
  272.1215  3.862E-18  3.327E-18  2.115E-18  9.758E-19  3.170E-19  6.925E-20  9.514E-21  7.470E-22  2.900E-23  4.675E-25  2.284E-27  2.451E-30  5.732E-32  3.468E-32  2.471E-32  1.816E-32  1.303E-32  8.442E-33
  275.8755  1.476E-14  1.312E-14  9.181E-15  4.988E-15  2.056E-15  6.200E-16  1.298E-16  1.751E-17  1.367E-18  5.290E-20  8.104E-22  3.828E-24  9.914E-26  5.721E-26  4.058E-26  2.979E-26  2.134E-26  1.375E-26
  279.7340  2.225E-11  2.037E-11  1.557E-11  9.838E-12  5.051E-12  2.052E-12  6.338E-13  1.409E-13  2.082E-14  1.823E-15  8.027E-17  1.486E-18  4.868E-20  2.438E-20  1.711E-20  1.253E-20  8.963E-21  5.748E-21
  283.7020  3.700E-08  3.474E-08  2.868E-08  2.068E-08  1.286E-08  6.769E-09  2.935E-09  1.009E-09  2.598E-10  4.636E-11  5.122E-12  3.098E-13  1.678E-14  5.928E-15  4.049E-15  2.947E-15  2.104E-15  1.343E-15
  287.7845  1.105E-05  1.058E-05  9.289E-06  7.436E-06  5.386E-06  3.485E-06  1.979E-06  9.615E-07  3.854E-07  1.211E-07  2.778E-08  4.280E-09  4.812E-10  1.103E-10  6.698E-11  4.788E-11  3.400E-11  2.164E-11
  291.9865  9.084E-04  8.832E-04  8.109E-04  7.010E-04  5.678E-04  4.275E-04  2.959E-04  1.853E-04  1.027E-04  4.884E-05  1.908E-05  5.799E-06  1.331E-06  2.920E-07  1.216E-07  8.074E-08  5.634E-08  3.565E-08
  296.3090  1.109E-02  1.089E-02  1.030E-02  9.367E-03  8.168E-03  6.796E-03  5.360E-03  3.969E-03  2.723E-03  1.700E-03  9.409E-04  4.458E-04  1.736E-04  5.512E-05  1.750E-05  8.544E-06  5.557E-06  3.449E-06
  300.5000  4.309E-02  4.254E-02  4.094E-02  3.834E-02  3.489E-02  3.075E-02  2.615E-02  2.132E-02  1.653E-02  1.206E-02  8.138E-03  4.971E-03  2.663E-03  1.205E-03  4.557E-04  1.682E-04  8.443E-05  4.913E-05
  303.0000  1.055E-01  1.044E-01  1.011E-01  9.584E-02  8.870E-02  7.999E-02  7.008E-02  5.936E-02  4.832E-02  3.748E-02  2.736E-02  1.848E-02  1.127E-02  5.995E-03  2.676E-03  1.017E-03  4.159E-04  2.168E-04
  304.0000  1.124E-01  1.112E-01  1.079E-01  1.026E-01  9.531E-02  8.643E-02  7.625E-02  6.517E-02  5.366E-02  4.223E-02  3.140E-02  2.172E-02  1.365E-02  7.550E-03  3.526E-03  1.378E-03  5.398E-04  2.681E-04
  305.0000  1.488E-01  1.475E-01  1.434E-01  1.367E-01  1.277E-01  1.166E-01  1.038E-01  8.973E-02  7.497E-02  6.009E-02  4.575E-02  3.262E-02  2.133E-02  1.241E-02  6.166E-03  2.534E-03  9.559E-04  4.385E-04
  306.0000  1.371E-01  1.359E-01  1.323E-01  1.264E-01  1.185E-01  1.087E-01  9.728E-02  8.473E-02  7.145E-02  5.795E-02  4.468E-02  3.255E-02  2.182E-02  1.312E-02  6.788E-03  2.900E-03  1.081E-03  4.659E-04
  307.0000  1.730E-01  1.715E-01  1.672E-01  1.602E-01  1.507E-01  1.388E-01  1.251E-01  1.098E-01  9.350E-02  7.680E-02  6.032E-02  4.476E-02  3.083E-02  1.920E-02  1.040E-02  4.662E-03  1.744E-03  6.970E-04
  308.0000  1.988E-01  1.973E-01  1.926E-01  1.849E-01  1.744E-01  1.614E-01  1.462E-01  1.293E-01  1.111E-01  9.230E-02  7.355E-02  5.560E-02  3.924E-02  2.524E-02  1.426E-02  6.714E-03  2.560E-03  9.541E-04
  309.0000  2.041E-01  2.025E-01  1.979E-01  1.902E-01  1.797E-01  1.667E-01  1.515E-01  1.345E-01  1.162E-01  9.713E-02  7.803E-02  5.960E-02  4.264E-02  2.792E-02  1.614E-02  7.820E-03  3.031E-03  1.087E-03
  310.0000  1.968E-01  1.954E-01  1.912E-01  1.842E-01  1.746E-01  1.627E-01  1.487E-01  1.330E-01  1.159E-01  9.807E-02  7.998E-02  6.229E-02  4.571E-02  3.096E-02  1.874E-02  9.621E-03  3.914E-03  1.325E-03
  311.0000  3.283E-01  3.260E-01  3.191E-01  3.077E-01  2.921E-01  2.727E-01  2.498E-01  2.240E-01  1.961E-01  1.667E-01  1.368E-01  1.073E-01  7.957E-02  5.462E-02  3.366E-02  1.770E-02  7.367E-03  2.450E-03
  312.0000  2.897E-01  2.874E-01  2.818E-01  2.721E-01  2.588E-01  2.422E-01  2.226E-01  2.005E-01  1.765E-01  1.510E-01  1.250E-01  9.923E-02  7.464E-02  5.225E-02  3.307E-02  1.803E-02  7.807E-03  2.564E-03
  313.0000  3.200E-01  3.179E-01  3.116E-01  3.013E-01  2.871E-01  2.693E-01  2.484E-01  2.246E-01  1.987E-01  1.712E-01  1.429E-01  1.147E-01  8.747E-02  6.240E-02  4.054E-02  2.291E-02  1.037E-02  3.417E-03
  314.0000  3.480E-01  3.457E-01  3.390E-01  3.280E-01  3.128E-01  2.937E-01  2.712E-01  2.457E-01  2.178E-01  1.881E-01  1.575E-01  1.269E-01  9.736E-02  6.996E-02  4.589E-02  2.629E-02  1.210E-02  4.004E-03
  316.0000  3.505E-01  3.483E-01  3.419E-01  3.314E-01  3.169E-01  2.986E-01  2.770E-01  2.525E-01  2.255E-01  1.966E-01  1.666E-01  1.364E-01  1.067E-01  7.879E-02  5.366E-02  3.243E-02  1.607E-02  5.590E-03
  320.0000  4.415E-01  4.390E-01  4.314E-01  4.189E-01  4.017E-01  3.801E-01  3.544E-01  3.250E-01  2.926E-01  2.577E-01  2.213E-01  1.840E-01  1.471E-01  1.117E-01  7.915E-02  5.063E-02  2.732E-02  1.050E-02
  325.0000  5.573E-01  5.543E-01  5.452E-01  5.303E-01  5.097E-01  4.828E-01  4.528E-01  4.174E-01  3.782E-01  3.358E-01  2.911E-01  2.452E-01  1.993E-01  1.547E-01  1.129E-01  7.549E-02  4.372E-02  1.880E-02
  330.0000  6.892E-01  6.855E-01  6.747E-01  6.567E-01  6.320E-01  6.007E-01  5.634E-01  5.207E-01  4.732E-01  4.217E-01  3.674E-01  3.113E-01  2.548E-01  1.997E-01  1.477E-01  1.006E-01  6.012E-02  2.737E-02
  335.0000  6.550E-01  6.516E-01  6.415E-01  6.247E-01  6.017E-01  5.725E-01  5.377E-01  4.978E-01  4.533E-01  4.050E-01  3.539E-01  3.010E-01  2.476E-01  1.952E-01  1.454E-01  1.002E-01  6.100E-02  2.883E-02
  340.0000  7.119E-01  7.083E-01  6.974E-01  6.795E-01  6.547E-01  6.234E-01  5.860E-01  5.430E-01  4.951E-01  4.430E-01  3.878E-01  3.305E-01  2.725E-01  2.153E-01  1.610E-01  1.113E-01  6.827E-02  3.277E-02
  345.0000  7.022E-01  6.987E-01  6.881E-01  6.706E-01  6.464E-01  6.157E-01  5.791E-01  5.371E-01  4.901E-01  4.391E-01  3.848E-01  3.284E-01  2.711E-01  2.146E-01  1.606E-01  1.113E-01  6.844E-02  3.310E-02
  350.0000  7.350E-01  7.313E-01  7.203E-01  7.021E-01  6.770E-01  6.451E-01  6.070E-01  5.632E-01  5.143E-01  4.611E-01  4.044E-01  3.454E-01  2.854E-01  2.260E-01  1.692E-01  1.171E-01  7.193E-02  3.476E-02
  355.0000  7.778E-01  7.739E-01  7.624E-01  7.432E-01  7.168E-01  6.834E-01  6.433E-01  5.972E-01  5.458E-01  4.896E-01  4.298E-01  3.675E-01  3.039E-01  2.409E-01  1.805E-01  1.250E-01  7.673E-02  3.716E-02
  360.0000  7.117E-01  7.082E-01  6.977E-01  6.803E-01  6.563E-01  6.259E-01  5.895E-01  5.476E-01  5.007E-01  4.495E-01  3.949E-01  3.379E-01  2.797E-01  2.219E-01  1.663E-01  1.151E-01  7.062E-02  3.422E-02
  365.0000  9.056E-01  9.011E-01  8.879E-01  8.659E-01  8.356E-01  7.971E-01  7.511E-01  6.980E-01  6.386E-01  5.737E-01  5.045E-01  4.320E-01  3.579E-01  2.841E-01  2.130E-01  1.474E-01  9.034E-02  4.377E-02
  370.0000  9.421E-01  9.375E-01  9.238E-01  9.012E-01  8.698E-01  8.300E-01  7.824E-01  7.274E-01  6.659E-01  5.987E-01  5.268E-01  4.515E-01  3.744E-01  2.974E-01  2.231E-01  1.543E-01  9.444E-02  4.573E-02
  375.0000  8.516E-01  8.475E-01  8.352E-01  8.148E-01  7.866E-01  7.509E-01  7.080E-01  6.586E-01  6.032E-01  5.427E-01  4.779E-01  4.099E-01  3.402E-01  2.705E-01  2.029E-01  1.403E-01  8.575E-02  4.149E-02
  380.0000  9.795E-01  9.748E-01  9.607E-01  9.374E-01  9.052E-01  8.643E-01  8.153E-01  7.587E-01  6.953E-01  6.259E-01  5.515E-01  4.735E-01  3.933E-01  3.129E-01  2.348E-01  1.623E-01  9.909E-02  4.789E-02
  385.0000  7.388E-01  7.353E-01  7.248E-01  7.073E-01  6.831E-01  6.524E-01  6.157E-01  5.732E-01  5.255E-01  4.734E-01  4.174E-01  3.586E-01  2.981E-01  2.374E-01  1.782E-01  1.232E-01  7.508E-02  3.624E-02
  390.0000  9.653E-01  9.607E-01  9.470E-01  9.243E-01  8.928E-01  8.530E-01  8.052E-01  7.499E-01  6.879E-01  6.200E-01  5.471E-01  4.704E-01  3.914E-01  3.119E-01  2.343E-01  1.619E-01  9.854E-02  4.750E-02
  395.0000  7.491E-01  7.456E-01  7.350E-01  7.175E-01  6.932E-01  6.624E-01  6.255E-01  5.828E-01  5.349E-01  4.824E-01  4.259E-01  3.665E-01  3.052E-01  2.434E-01  1.829E-01  1.264E-01  7.682E-02  3.697E-02
  400.0000  1.391E+00  1.385E+00  1.365E+00  1.333E+00  1.288E+00  1.231E+00  1.163E+00  1.084E+00  9.953E-01  8.980E-01  7.935E-01  6.832E-01  5.694E-01  4.544E-01  3.418E-01  2.362E-01  1.433E-01  6.887E-02
  405.0000  1.419E+00  1.412E+00  1.392E+00  1.360E+00  1.314E+00  1.256E+00  1.187E+00  1.107E+00  1.017E+00  9.180E-01  8.116E-01  6.994E-01  5.833E-01  4.659E-01  3.507E-01  2.423E-01  1.469E-01  7.044E-02
  410.0000  1.464E+00  1.457E+00  1.436E+00  1.403E+00  1.356E+00  1.297E+00  1.226E+00  1.143E+00  1.051E+00  9.490E-01  8.395E-01  7.239E-01  6.042E-01  4.830E-01  3.638E-01  2.514E-01  1.522E-01  7.283E-02
  415.0000  1.525E+00  1.518E+00  1.497E+00  1.462E+00  1.414E+00  1.352E+00  1.278E+00  1.193E+00  1.097E+00  9.911E-01  8.773E-01  7.571E-01  6.324E-01  5.060E-01  3.813E-01  2.635E-01  1.593E-01  7.611E-02
  420.0000  1.540E+00  1.533E+00  1.512E+00  1.476E+00  1.428E+00  1.366E+00  1.292E+00  1.206E+00  1.109E+00  1.003E+00  8.880E-01  7.668E-01  6.410E-01  5.133E-01  3.871E-01  2.676E-01  1.616E-01  7.701E-02
  425.0000  1.470E+00  1.463E+00  1.443E+00  1.410E+00  1.364E+00  1.305E+00  1.234E+00  1.152E+00  1.060E+00  9.591E-01  8.500E-01  7.344E-01  6.144E-01  4.923E-01  3.716E-01  2.569E-01  1.549E-01  7.364E-02
  430.0000  1.356E+00  1.350E+00  1.332E+00  1.301E+00  1.259E+00  1.205E+00  1.140E+00  1.064E+00  9.798E-01  8.866E-01  7.862E-01  6.797E-01  5.690E-01  4.564E-01  3.447E-01  2.384E-01  1.436E-01  6.811E-02
  435.0000  1.575E+00  1.568E+00  1.546E+00  1.511E+00  1.462E+00  1.399E+00  1.324E+00  1.237E+00  1.139E+00  1.031E+00  9.148E-01  7.914E-01  6.631E-01  5.322E-01  4.023E-01  2.783E-01  1.675E-01  7.921E-02
  440.0000  1.620E+00  1.613E+00  1.591E+00  1.554E+00  1.504E+00  1.440E+00  1.363E+00  1.274E+00  1.173E+00  1.063E+00  9.432E-01  8.164E-01  6.845E-01  5.498E-01  4.158E-01  2.877E-01  1.730E-01  8.153E-02
  445.0000  1.740E+00  1.732E+00  1.709E+00  1.670E+00  1.616E+00  1.547E+00  1.465E+00  1.369E+00  1.262E+00  1.143E+00  1.015E+00  8.793E-01  7.377E-01  5.929E-01  4.488E-01  3.106E-01  1.866E-01  8.768E-02
  450.0000  1.851E+00  1.842E+00  1.818E+00  1.776E+00  1.719E+00  1.646E+00  1.559E+00  1.458E+00  1.344E+00  1.218E+00  1.082E+00  9.377E-01  7.872E-01  6.332E-01  4.796E-01  3.321E-01  1.993E-01  9.340E-02
  455.0000  1.811E+00  1.803E+00  1.779E+00  1.739E+00  1.683E+00  1.612E+00  1.527E+00  1.428E+00  1.317E+00  1.194E+00  1.061E+00  9.200E-01  7.728E-01  6.221E-01  4.716E-01  3.266E-01  1.959E-01  9.150E-02
  460.0000  1.864E+00  1.855E+00  1.830E+00  1.789E+00  1.732E+00  1.659E+00  1.572E+00  1.470E+00  1.356E+00  1.230E+00  1.093E+00  9.485E-01  7.971E-01  6.419E-01  4.868E-01  3.372E-01  2.019E-01  9.381E-02
  465.0000  1.843E+00  1.834E+00  1.810E+00  1.769E+00  1.713E+00  1.641E+00  1.555E+00  1.455E+00  1.342E+00  1.218E+00  1.083E+00  9.401E-01  7.906E-01  6.372E-01  4.835E-01  3.351E-01  2.006E-01  9.294E-02
  470.0000  1.833E+00  1.824E+00  1.800E+00  1.760E+00  1.704E+00  1.633E+00  1.547E+00  1.448E+00  1.336E+00  1.213E+00  1.079E+00  9.371E-01  7.885E-01  6.359E-01  4.829E-01  3.348E-01  2.003E-01  9.249E-02
  475.0000  1.854E+00  1.846E+00  1.821E+00  1.780E+00  1.724E+00  1.652E+00  1.566E+00  1.466E+00  1.353E+00  1.228E+00  1.094E+00  9.499E-01  7.997E-01  6.453E-01  4.904E-01  3.401E-01  2.033E-01  9.352E-02
  480.0000  1.906E+00  1.898E+00  1.872E+00  1.831E+00  1.773E+00  1.699E+00  1.611E+00  1.508E+00  1.392E+00  1.264E+00  1.125E+00  9.778E-01  8.233E-01  6.645E-01  5.050E-01  3.501E-01  2.087E-01  9.531E-02
  485.0000  1.731E+00  1.724E+00  1.701E+00  1.663E+00  1.610E+00  1.544E+00  1.464E+00  1.370E+00  1.265E+00  1.149E+00  1.024E+00  8.898E-01  7.496E-01  6.054E-01  4.603E-01  3.192E-01  1.902E-01  8.652E-02
  490.0000  1.803E+00  1.795E+00  1.771E+00  1.732E+00  1.678E+00  1.608E+00  1.525E+00  1.428E+00  1.319E+00  1.198E+00  1.068E+00  9.287E-01  7.828E-01  6.326E-01  4.814E-01  3.341E-01  1.990E-01  9.032E-02
  495.0000  1.836E+00  1.828E+00  1.804E+00  1.764E+00  1.709E+00  1.639E+00  1.554E+00  1.455E+00  1.344E+00  1.222E+00  1.089E+00  9.474E-01  7.990E-01  6.460E-01  4.918E-01  3.414E-01  2.032E-01  9.185E-02
  500.0000  1.750E+00  1.743E+00  1.720E+00  1.682E+00  1.629E+00  1.562E+00  1.481E+00  1.388E+00  1.282E+00  1.165E+00  1.039E+00  9.038E-01  7.623E-01  6.164E-01  4.693E-01  3.256E-01  1.933E-01  8.670E-02
  505.0000  1.777E+00  1.770E+00  1.746E+00  1.708E+00  1.654E+00  1.586E+00  1.504E+00  1.409E+00  1.302E+00  1.183E+00  1.055E+00  9.178E-01  7.741E-01  6.259E-01  4.763E-01  3.301E-01  1.954E-01  8.679E-02
  510.0000  1.762E+00  1.754E+00  1.731E+00  1.693E+00  1.640E+00  1.573E+00  1.492E+00  1.398E+00  1.292E+00  1.175E+00  1.048E+00  9.119E-01  7.695E-01  6.226E-01  4.741E-01  3.289E-01  1.947E-01  8.632E-02
  515.0000  1.633E+00  1.626E+00  1.605E+00  1.570E+00  1.521E+00  1.459E+00  1.384E+00  1.297E+00  1.198E+00  1.090E+00  9.721E-01  8.465E-01  7.146E-01  5.784E-01  4.408E-01  3.058E-01  1.810E-01  7.995E-02
  520.0000  1.679E+00  1.671E+00  1.649E+00  1.613E+00  1.563E+00  1.499E+00  1.422E+00  1.333E+00  1.232E+00  1.121E+00  9.998E-01  8.708E-01  7.353E-01  5.954E-01  4.538E-01  3.148E-01  1.861E-01  8.175E-02
  525.0000  1.683E+00  1.676E+00  1.654E+00  1.617E+00  1.567E+00  1.503E+00  1.426E+00  1.337E+00  1.235E+00  1.124E+00  1.003E+00  8.733E-01  7.374E-01  5.970E-01  4.548E-01  3.153E-01  1.859E-01  8.096E-02
  530.0000  1.771E+00  1.763E+00  1.740E+00  1.702E+00  1.649E+00  1.582E+00  1.500E+00  1.406E+00  1.300E+00  1.182E+00  1.055E+00  9.186E-01  7.755E-01  6.276E-01  4.779E-01  3.308E-01  1.943E-01  8.373E-02
  535.0000  1.715E+00  1.708E+00  1.686E+00  1.649E+00  1.597E+00  1.532E+00  1.454E+00  1.363E+00  1.260E+00  1.146E+00  1.022E+00  8.904E-01  7.518E-01  6.086E-01  4.634E-01  3.207E-01  1.881E-01  8.058E-02
  540.0000  1.716E+00  1.709E+00  1.687E+00  1.650E+00  1.599E+00  1.534E+00  1.455E+00  1.364E+00  1.261E+00  1.147E+00  1.024E+00  8.922E-01  7.536E-01  6.102E-01  4.649E-01  3.219E-01  1.888E-01  8.059E-02
  545.0000  1.741E+00  1.733E+00  1.711E+00  1.673E+00  1.621E+00  1.555E+00  1.476E+00  1.383E+00  1.279E+00  1.164E+00  1.039E+00  9.052E-01  7.646E-01  6.192E-01  4.717E-01  3.265E-01  1.912E-01  8.109E-02
  550.0000  1.745E+00  1.738E+00  1.715E+00  1.678E+00  1.626E+00  1.559E+00  1.480E+00  1.387E+00  1.283E+00  1.167E+00  1.042E+00  9.082E-01  7.673E-01  6.215E-01  4.735E-01  3.277E-01  1.916E-01  8.088E-02
  555.0000  1.731E+00  1.724E+00  1.701E+00  1.664E+00  1.613E+00  1.547E+00  1.468E+00  1.377E+00  1.273E+00  1.159E+00  1.035E+00  9.018E-01  7.621E-01  6.174E-01  4.705E-01  3.256E-01  1.902E-01  7.981E-02
  560.0000  1.686E+00  1.679E+00  1.657E+00  1.621E+00  1.571E+00  1.507E+00  1.430E+00  1.341E+00  1.240E+00  1.128E+00  1.007E+00  8.780E-01  7.419E-01  6.009E-01  4.577E-01  3.164E-01  1.843E-01  7.666E-02
  565.0000  1.687E+00  1.680E+00  1.658E+00  1.622E+00  1.571E+00  1.508E+00  1.431E+00  1.341E+00  1.240E+00  1.129E+00  1.008E+00  8.781E-01  7.418E-01  6.007E-01  4.573E-01  3.157E-01  1.834E-01  7.555E-02
  570.0000  1.676E+00  1.669E+00  1.647E+00  1.611E+00  1.561E+00  1.498E+00  1.422E+00  1.333E+00  1.233E+00  1.122E+00  1.001E+00  8.726E-01  7.372E-01  5.968E-01  4.543E-01  3.135E-01  1.817E-01  7.438E-02
  575.0000  1.704E+00  1.697E+00  1.675E+00  1.638E+00  1.587E+00  1.523E+00  1.445E+00  1.355E+00  1.253E+00  1.141E+00  1.018E+00  8.877E-01  7.500E-01  6.074E-01  4.624E-01  3.191E-01  1.849E-01  7.535E-02
  580.0000  1.677E+00  1.669E+00  1.648E+00  1.612E+00  1.562E+00  1.499E+00  1.423E+00  1.334E+00  1.234E+00  1.124E+00  1.004E+00  8.751E-01  7.398E-01  5.996E-01  4.569E-01  3.157E-01  1.833E-01  7.482E-02
  585.0000  1.678E+00  1.671E+00  1.649E+00  1.614E+00  1.564E+00  1.501E+00  1.425E+00  1.336E+00  1.236E+00  1.126E+00  1.006E+00  8.775E-01  7.423E-01  6.021E-01  4.593E-01  3.179E-01  1.849E-01  7.563E-02
  590.0000  1.619E+00  1.612E+00  1.591E+00  1.557E+00  1.509E+00  1.448E+00  1.375E+00  1.290E+00  1.194E+00  1.087E+00  9.714E-01  8.476E-01  7.173E-01  5.820E-01  4.443E-01  3.077E-01  1.791E-01  7.315E-02
  595.0000  1.650E+00  1.643E+00  1.622E+00  1.587E+00  1.538E+00  1.476E+00  1.401E+00  1.315E+00  1.217E+00  1.108E+00  9.901E-01  8.639E-01  7.310E-01  5.931E-01  4.526E-01  3.133E-01  1.820E-01  7.388E-02
  600.0000  1.609E+00  1.602E+00  1.581E+00  1.547E+00  1.500E+00  1.439E+00  1.366E+00  1.282E+00  1.186E+00  1.080E+00  9.650E-01  8.420E-01  7.123E-01  5.777E-01  4.406E-01  3.047E-01  1.766E-01  7.110E-02
  605.0000  1.627E+00  1.620E+00  1.600E+00  1.565E+00  1.517E+00  1.456E+00  1.382E+00  1.297E+00  1.200E+00  1.093E+00  9.767E-01  8.524E-01  7.213E-01  5.852E-01  4.466E-01  3.089E-01  1.791E-01  7.201E-02
  610.0000  1.608E+00  1.601E+00  1.580E+00  1.546E+00  1.499E+00  1.439E+00  1.366E+00  1.282E+00  1.187E+00  1.081E+00  9.666E-01  8.441E-01  7.148E-01  5.806E-01  4.437E-01  3.077E-01  1.790E-01  7.235E-02
  615.0000  1.570E+00  1.564E+00  1.544E+00  1.510E+00  1.464E+00  1.406E+00  1.335E+00  1.253E+00  1.160E+00  1.058E+00  9.461E-01  8.267E-01  7.007E-01  5.698E-01  4.362E-01  3.032E-01  1.771E-01  7.205E-02
  620.0000  1.594E+00  1.587E+00  1.567E+00  1.533E+00  1.486E+00  1.427E+00  1.356E+00  1.273E+00  1.179E+00  1.075E+00  9.618E-01  8.409E-01  7.133E-01  5.806E-01  4.451E-01  3.100E-01  1.817E-01  7.427E-02
  625.0000  1.560E+00  1.553E+00  1.534E+00  1.501E+00  1.455E+00  1.397E+00  1.328E+00  1.247E+00  1.155E+00  1.053E+00  9.429E-01  8.247E-01  6.999E-01  5.702E-01  4.376E-01  3.054E-01  1.794E-01  7.360E-02
  630.0000  1.563E+00  1.556E+00  1.536E+00  1.503E+00  1.458E+00  1.400E+00  1.330E+00  1.249E+00  1.158E+00  1.056E+00  9.459E-01  8.277E-01  7.029E-01  5.732E-01  4.404E-01  3.079E-01  1.814E-01  7.472E-02
  635.0000  1.552E+00  1.546E+00  1.526E+00  1.494E+00  1.449E+00  1.391E+00  1.322E+00  1.242E+00  1.151E+00  1.050E+00  9.411E-01  8.239E-01  7.002E-01  5.715E-01  4.397E-01  3.080E-01  1.820E-01  7.530E-02
  640.0000  1.535E+00  1.528E+00  1.509E+00  1.477E+00  1.433E+00  1.376E+00  1.308E+00  1.229E+00  1.139E+00  1.040E+00  9.320E-01  8.164E-01  6.943E-01  5.671E-01  4.369E-01  3.066E-01  1.818E-01  7.557E-02
  644.8000  1.527E+00  1.520E+00  1.501E+00  1.469E+00  1.425E+00  1.369E+00  1.301E+00  1.223E+00  1.134E+00  1.035E+00  9.283E-01  8.135E-01  6.922E-01  5.659E-01  4.365E-01  3.069E-01  1.824E-01  7.613E-02
  651.0500  1.508E+00  1.502E+00  1.483E+00  1.451E+00  1.408E+00  1.353E+00  1.286E+00  1.209E+00  1.121E+00  1.024E+00  9.183E-01  8.051E-01  6.856E-01  5.610E-01  4.332E-01  3.051E-01  1.819E-01  7.621E-02
  660.0000  1.431E+00  1.426E+00  1.408E+00  1.378E+00  1.337E+00  1.285E+00  1.222E+00  1.148E+00  1.065E+00  9.736E-01  8.736E-01  7.665E-01  6.533E-01  5.353E-01  4.141E-01  2.925E-01  1.751E-01  7.376E-02
  670.0000  1.470E+00  1.464E+00  1.446E+00  1.415E+00  1.373E+00  1.320E+00  1.255E+00  1.180E+00  1.096E+00  1.002E+00  8.993E-01  7.897E-01  6.737E-01  5.527E-01  4.285E-01  3.035E-01  1.825E-01  7.738E-02
  680.0000  1.444E+00  1.438E+00  1.420E+00  1.391E+00  1.349E+00  1.297E+00  1.234E+00  1.160E+00  1.077E+00  9.854E-01  8.852E-01  7.778E-01  6.642E-01  5.456E-01  4.237E-01  3.008E-01  1.816E-01  7.740E-02
  690.0000  1.424E+00  1.418E+00  1.400E+00  1.371E+00  1.331E+00  1.279E+00  1.217E+00  1.145E+00  1.063E+00  9.729E-01  8.744E-01  7.687E-01  6.569E-01  5.402E-01  4.201E-01  2.989E-01  1.811E-01  7.747E-02
  700.0000  1.400E+00  1.394E+00  1.377E+00  1.348E+00  1.308E+00  1.258E+00  1.197E+00  1.126E+00  1.046E+00  9.576E-01  8.610E-01  7.574E-01  6.477E-01  5.331E-01  4.152E-01  2.961E-01  1.800E-01  7.732E-02
  710.0000  1.367E+00  1.361E+00  1.345E+00  1.317E+00  1.278E+00  1.229E+00  1.170E+00  1.101E+00  1.023E+00  9.363E-01  8.421E-01  7.411E-01  6.341E-01  5.224E-01  4.073E-01  2.909E-01  1.772E-01  7.631E-02
  720.0000  1.322E+00  1.317E+00  1.301E+00  1.274E+00  1.236E+00  1.189E+00  1.132E+00  1.065E+00  9.899E-01  9.064E-01  8.155E-01  7.179E-01  6.147E-01  5.067E-01  3.955E-01  2.829E-01  1.727E-01  7.448E-02
  730.0000  1.292E+00  1.286E+00  1.271E+00  1.244E+00  1.208E+00  1.162E+00  1.106E+00  1.041E+00  9.678E-01  8.864E-01  7.978E-01  7.026E-01  6.018E-01  4.965E-01  3.879E-01  2.779E-01  1.701E-01  7.351E-02
------------------------------------------------------------
Dose rates, W m-2
   1 = UV-B, 280-315 nm                                  
   2 = UV-B*, 280-320 nm                                 
   3 = UV-A, 315-400 nm                                  
   4 = DNA damage, in vitro (Setlow, 1974)               
   5 = UV index (WMO, 1994; Webb et al., 2011)           
   6 = Plant damage (Caldwell, 1971)                     
   7 = Plant damage,Flint&Caldwell,2003,orig.            
   8 = Plant damage,Flint&Caldwell,2003,ext390           
values at z =      0.000 km
Columns: sza, weighting spectra
 sza, deg.          1          2          3          4          5          6          7          8
    0.0000  2.787E+00  3.839E+00  6.162E+01  1.789E-02  1.975E+01  7.132E-01  1.552E+00  2.022E+00
    5.0000  2.764E+00  3.809E+00  6.131E+01  1.765E-02  1.955E+01  7.054E-01  1.541E+00  2.008E+00
   10.0000  2.697E+00  3.723E+00  6.039E+01  1.695E-02  1.897E+01  6.826E-01  1.506E+00  1.966E+00
   15.0000  2.588E+00  3.582E+00  5.887E+01  1.583E-02  1.803E+01  6.456E-01  1.449E+00  1.898E+00
   20.0000  2.438E+00  3.389E+00  5.676E+01  1.436E-02  1.677E+01  5.962E-01  1.372E+00  1.806E+00
   25.0000  2.254E+00  3.150E+00  5.409E+01  1.263E-02  1.525E+01  5.368E-01  1.277E+00  1.691E+00
   30.0000  2.040E+00  2.871E+00  5.091E+01  1.075E-02  1.352E+01  4.699E-01  1.168E+00  1.559E+00
   35.0000  1.804E+00  2.561E+00  4.725E+01  8.826E-03  1.168E+01  3.987E-01  1.049E+00  1.412E+00
   40.0000  1.553E+00  2.229E+00  4.315E+01  6.959E-03  9.792E+00  3.264E-01  9.222E-01  1.255E+00
   45.0000  1.295E+00  1.885E+00  3.869E+01  5.244E-03  7.939E+00  2.564E-01  7.926E-01  1.093E+00
   50.0000  1.040E+00  1.540E+00  3.393E+01  3.750E-03  6.194E+00  1.915E-01  6.640E-01  9.283E-01
   55.0000  7.977E-01  1.207E+00  2.898E+01  2.525E-03  4.624E+00  1.347E-01  5.400E-01  7.669E-01
   60.0000  5.770E-01  8.971E-01  2.393E+01  1.584E-03  3.275E+00  8.780E-02  4.240E-01  6.125E-01
   65.0000  3.867E-01  6.231E-01  1.892E+01  9.144E-04  2.180E+00  5.190E-02  3.188E-01  4.688E-01
   70.0000  2.338E-01  3.948E-01  1.412E+01  4.809E-04  1.345E+00  2.707E-02  2.268E-01  3.393E-01
   75.0000  1.223E-01  2.196E-01  9.710E+00  2.299E-04  7.560E-01  1.214E-02  1.495E-01  2.273E-01
   80.0000  5.225E-02  1.004E-01  5.889E+00  1.024E-04  3.764E-01  4.810E-03  8.764E-02  1.351E-01
   85.0000  1.810E-02  3.487E-02  2.802E+00  4.368E-05  1.555E-01  1.986E-03  4.060E-02  6.356E-02
------------------------------------------------------------
