Spectral Irradiance, W m-2 nm-1
values at z =      0.000 km
Columns: wavelength (nm), solar zenith angles (deg.)
    wc, nm      0.000      5.000     10.000     15.000     20.000     25.000     30.000     35.000     40.000     45.000     50.000     55.000     60.000     65.000     70.000     75.000     80.000     85.000
  120.7000  0.000E+00  0.000E+00  0.000E+00  0.000E+00  0.000E+00  0.000E+00  0.000E+00  0.000E+00  0.000E+00  0.000E+00  0.000E+00  0.000E+00  0.000E+00  0.000E+00  0.000E+00  0.000E+00  0.000E+00  0.000E+00
  121.6500  0.000E+00  0.000E+00  0.000E+00  0.000E+00  0.000E+00  0.000E+00  0.000E+00  0.000E+00  0.000E+00  0.000E+00  0.000E+00  0.000E+00  0.000E+00  0.000E+00  0.000E+00  0.000E+00  0.000E+00  0.000E+00
  122.1000  0.000E+00  0.000E+00  0.000E+00  0.000E+00  0.000E+00  0.000E+00  0.000E+00  0.000E+00  0.000E+00  0.000E+00  0.000E+00  0.000E+00  0.000E+00  0.000E+00  0.000E+00  0.000E+00  0.000E+00  0.000E+00
  122.7000  0.000E+00  0.000E+00  0.000E+00  0.000E+00  0.000E+00  0.000E+00  0.000E+00  0.000E+00  0.000E+00  0.000E+00  0.000E+00  0.000E+00  0.000E+00  0.000E+00  0.000E+00  0.000E+00  0.000E+00  0.000E+00
  123.4500  0.000E+00  0.000E+00  0.000E+00  0.000E+00  0.000E+00  0.000E+00  0.000E+00  0.000E+00  0.000E+00  0.000E+00  0.000E+00  0.000E+00  0.000E+00  0.000E+00  0.000E+00  0.000E+00  0.000E+00  0.000E+00
  124.2000  0.000E+00  0.000E+00  0.000E+00  0.000E+00  0.000E+00  0.000E+00  0.000E+00  0.000E+00  0.000E+00  0.000E+00  0.000E+00  0.000E+00  0.000E+00  0.000E+00  0.000E+00  0.000E+00  0.000E+00  0.000E+00
  125.0000  0.000E+00  0.000E+00  0.000E+00  0.000E+00  0.000E+00  0.000E+00  0.000E+00  0.000E+00  0.000E+00  0.000E+00  0.000E+00  0.000E+00  0.000E+00  0.000E+00  0.000E+00  0.000E+00  0.000E+00  0.000E+00
  125.8000  0.000E+00  0.000E+00  0.000E+00  0.000E+00  0.000E+00  0.000E+00  0.000E+00  0.000E+00  0.000E+00  0.000E+00  0.000E+00  0.000E+00  0.000E+00  0.000E+00  0.000E+00  0.000E+00  0.000E+00  0.000E+00
  126.6000  0.000E+00  0.000E+00  0.000E+00  0.000E+00  0.000E+00  0.000E+00  0.000E+00  0.000E+00  0.000E+00  0.000E+00  0.000E+00  0.000E+00  0.000E+00  0.000E+00  0.000E+00  0.000E+00  0.000E+00  0.000E+00
  127.8000  0.000E+00  0.000E+00  0.000E+00  0.000E+00  0.000E+00  0.000E+00  0.000E+00  0.000E+00  0.000E+00  0.000E+00  0.000E+00  0.000E+00  0.000E+00  0.000E+00  0.000E+00  0.000E+00  0.000E+00  0.000E+00
  129.0000  0.000E+00  0.000E+00  0.000E+00  0.000E+00  0.000E+00  0.000E+00  0.000E+00  0.000E+00  0.000E+00  0.000E+00  0.000E+00  0.000E+00  0.000E+00  0.000E+00  0.000E+00  0.000E+00  0.000E+00  0.000E+00
  129.8500  0.000E+00  0.000E+00  0.000E+00  0.000E+00  0.000E+00  0.000E+00  0.000E+00  0.000E+00  0.000E+00  0.000E+00  0.000E+00  0.000E+00  0.000E+00  0.000E+00  0.000E+00  0.000E+00  0.000E+00  0.000E+00
  131.1500  0.000E+00  0.000E+00  0.000E+00  0.000E+00  0.000E+00  0.000E+00  0.000E+00  0.000E+00  0.000E+00  0.000E+00  0.000E+00  0.000E+00  0.000E+00  0.000E+00  0.000E+00  0.000E+00  0.000E+00  0.000E+00
  133.5000  0.000E+00  0.000E+00  0.000E+00  0.000E+00  0.000E+00  0.000E+00  0.000E+00  0.000E+00  0.000E+00  0.000E+00  0.000E+00  0.000E+00  0.000E+00  0.000E+00  0.000E+00  0.000E+00  0.000E+00  0.000E+00
  136.0000  0.000E+00  0.000E+00  0.000E+00  0.000E+00  0.000E+00  0.000E+00  0.000E+00  0.000E+00  0.000E+00  0.000E+00  0.000E+00  0.000E+00  0.000E+00  0.000E+00  0.000E+00  0.000E+00  0.000E+00  0.000E+00
  141.0000  0.000E+00  0.000E+00  0.000E+00  0.000E+00  0.000E+00  0.000E+00  0.000E+00  0.000E+00  0.000E+00  0.000E+00  0.000E+00  0.000E+00  0.000E+00  0.000E+00  0.000E+00  0.000E+00  0.000E+00  0.000E+00
  150.0000  0.000E+00  0.000E+00  0.000E+00  0.000E+00  0.000E+00  0.000E+00  0.000E+00  0.000E+00  0.000E+00  0.000E+00  0.000E+00  0.000E+00  0.000E+00  0.000E+00  0.000E+00  0.000E+00  0.000E+00  0.000E+00
  160.0000  0.000E+00  0.000E+00  0.000E+00  0.000E+00  0.000E+00  0.000E+00  0.000E+00  0.000E+00  0.000E+00  0.000E+00  0.000E+00  0.000E+00  0.000E+00  0.000E+00  0.000E+00  0.000E+00  0.000E+00  0.000E+00
  167.5000  0.000E+00  0.000E+00  0.000E+00  0.000E+00  0.000E+00  0.000E+00  0.000E+00  0.000E+00  0.000E+00  0.000E+00  0.000E+00  0.000E+00  0.000E+00  0.000E+00  0.000E+00  0.000E+00  0.000E+00  0.000E+00
  172.7000  0.000E+00  0.000E+00  0.000E+00  0.000E+00  0.000E+00  0.000E+00  0.000E+00  0.000E+00  0.000E+00  0.000E+00  0.000E+00  0.000E+00  0.000E+00  0.000E+00  0.000E+00  0.000E+00  0.000E+00  0.000E+00
  176.2000  0.000E+00  0.000E+00  0.000E+00  0.000E+00  0.000E+00  0.000E+00  0.000E+00  0.000E+00  0.000E+00  0.000E+00  0.000E+00  0.000E+00  0.000E+00  0.000E+00  0.000E+00  0.000E+00  0.000E+00  0.000E+00
  177.8000  0.000E+00  0.000E+00  0.000E+00  0.000E+00  0.000E+00  0.000E+00  0.000E+00  0.000E+00  0.000E+00  0.000E+00  0.000E+00  0.000E+00  0.000E+00  0.000E+00  0.000E+00  0.000E+00  0.000E+00  0.000E+00
  179.4000  0.000E+00  0.000E+00  0.000E+00  0.000E+00  0.000E+00  0.000E+00  0.000E+00  0.000E+00  0.000E+00  0.000E+00  0.000E+00  0.000E+00  0.000E+00  0.000E+00  0.000E+00  0.000E+00  0.000E+00  0.000E+00
  181.0000  0.000E+00  0.000E+00  0.000E+00  0.000E+00  0.000E+00  0.000E+00  0.000E+00  0.000E+00  0.000E+00  0.000E+00  0.000E+00  0.000E+00  0.000E+00  0.000E+00  0.000E+00  0.000E+00  0.000E+00  0.000E+00
  182.6500  0.000E+00  0.000E+00  0.000E+00  0.000E+00  0.000E+00  0.000E+00  0.000E+00  0.000E+00  0.000E+00  0.000E+00  0.000E+00  0.000E+00  0.000E+00  0.000E+00  0.000E+00  0.000E+00  0.000E+00  0.000E+00
  184.3500  0.000E+00  0.000E+00  0.000E+00  0.000E+00  0.000E+00  0.000E+00  0.000E+00  0.000E+00  0.000E+00  0.000E+00  0.000E+00  0.000E+00  0.000E+00  0.000E+00  0.000E+00  0.000E+00  0.000E+00  0.000E+00
  186.0500  0.000E+00  0.000E+00  0.000E+00  0.000E+00  0.000E+00  0.000E+00  0.000E+00  0.000E+00  0.000E+00  0.000E+00  0.000E+00  0.000E+00  0.000E+00  0.000E+00  0.000E+00  0.000E+00  0.000E+00  0.000E+00
  187.8000  0.000E+00  0.000E+00  0.000E+00  0.000E+00  0.000E+00  0.000E+00  0.000E+00  0.000E+00  0.000E+00  0.000E+00  0.000E+00  0.000E+00  0.000E+00  0.000E+00  0.000E+00  0.000E+00  0.000E+00  0.000E+00
  189.6000  0.000E+00  0.000E+00  0.000E+00  0.000E+00  0.000E+00  0.000E+00  0.000E+00  0.000E+00  0.000E+00  0.000E+00  0.000E+00  0.000E+00  0.000E+00  0.000E+00  0.000E+00  0.000E+00  0.000E+00  0.000E+00
  191.4000  0.000E+00  0.000E+00  0.000E+00  0.000E+00  0.000E+00  0.000E+00  0.000E+00  0.000E+00  0.000E+00  0.000E+00  0.000E+00  0.000E+00  0.000E+00  0.000E+00  0.000E+00  0.000E+00  0.000E+00  0.000E+00
  193.2500  0.000E+00  0.000E+00  0.000E+00  0.000E+00  0.000E+00  0.000E+00  0.000E+00  0.000E+00  0.000E+00  0.000E+00  0.000E+00  0.000E+00  0.000E+00  0.000E+00  0.000E+00  0.000E+00  0.000E+00  0.000E+00
  195.1500  0.000E+00  0.000E+00  0.000E+00  0.000E+00  0.000E+00  0.000E+00  0.000E+00  0.000E+00  0.000E+00  0.000E+00  0.000E+00  0.000E+00  0.000E+00  0.000E+00  0.000E+00  0.000E+00  0.000E+00  0.000E+00
  197.0500  0.000E+00  0.000E+00  0.000E+00  0.000E+00  0.000E+00  0.000E+00  0.000E+00  0.000E+00  0.000E+00  0.000E+00  0.000E+00  0.000E+00  0.000E+00  0.000E+00  0.000E+00  0.000E+00  0.000E+00  0.000E+00
  199.0000  0.000E+00  0.000E+00  0.000E+00  0.000E+00  0.000E+00  0.000E+00  0.000E+00  0.000E+00  0.000E+00  0.000E+00  0.000E+00  0.000E+00  0.000E+00  0.000E+00  0.000E+00  0.000E+00  0.000E+00  0.000E+00
  201.0000  0.000E+00  0.000E+00  0.000E+00  0.000E+00  0.000E+00  0.000E+00  0.000E+00  0.000E+00  0.000E+00  0.000E+00  0.000E+00  0.000E+00  0.000E+00  0.000E+00  0.000E+00  0.000E+00  0.000E+00  0.000E+00
  203.0500  0.000E+00  0.000E+00  0.000E+00  0.000E+00  0.000E+00  0.000E+00  0.000E+00  0.000E+00  0.000E+00  0.000E+00  0.000E+00  0.000E+00  0.000E+00  0.000E+00  0.000E+00  0.000E+00  0.000E+00  0.000E+00
  205.1500  0.000E+00  0.000E+00  0.000E+00  0.000E+00  0.000E+00  0.000E+00  0.000E+00  0.000E+00  0.000E+00  0.000E+00  0.000E+00  0.000E+00  0.000E+00  0.000E+00  0.000E+00  0.000E+00  0.000E+00  0.000E+00
  207.2665  5.751E-20  4.924E-20  3.072E-20  1.372E-20  4.255E-21  8.734E-22  1.109E-22  7.922E-24  2.820E-25  4.441E-27  4.344E-29  3.041E-30  1.054E-30  5.328E-31  3.095E-31  1.877E-31  1.101E-31  5.456E-32
  209.4295  4.779E-19  4.117E-19  2.617E-19  1.208E-19  3.924E-20  8.581E-21  1.184E-21  9.414E-23  3.844E-24  7.217E-26  8.610E-28  6.078E-29  2.024E-29  1.008E-29  5.848E-30  3.571E-30  2.120E-30  1.069E-30
  211.6460  4.813E-18  4.176E-18  2.713E-18  1.299E-18  4.454E-19  1.048E-19  1.591E-20  1.433E-21  6.862E-23  1.585E-24  2.398E-26  1.767E-27  5.598E-28  2.736E-28  1.588E-28  9.798E-29  5.916E-29  3.053E-29
  213.9100  1.783E-17  1.554E-17  1.023E-17  5.017E-18  1.781E-18  4.391E-19  7.089E-20  6.908E-21  3.662E-22  9.638E-24  1.686E-25  1.169E-26  3.434E-27  1.640E-27  9.552E-28  5.979E-28  3.684E-28  1.952E-28
  216.2225  5.304E-17  4.643E-17  3.101E-17  1.556E-17  5.718E-18  1.477E-18  2.536E-19  2.675E-20  1.571E-21  4.721E-23  9.511E-25  6.209E-26  1.657E-26  7.731E-27  4.541E-27  2.896E-27  1.828E-27  9.986E-28
  218.5855  2.527E-16  2.224E-16  1.509E-16  7.783E-17  2.975E-17  8.112E-18  1.495E-18  1.730E-19  1.146E-20  4.040E-22  9.713E-24  5.999E-25  1.425E-25  6.520E-26  3.889E-26  2.539E-26  1.647E-26  9.314E-27
  221.0010  4.961E-16  4.377E-16  2.993E-16  1.564E-16  6.095E-17  1.706E-17  3.256E-18  3.942E-19  2.773E-20  1.057E-21  2.702E-23  1.436E-24  2.950E-25  1.337E-25  8.151E-26  5.455E-26  3.633E-26  2.124E-26
  223.4705  8.147E-16  7.196E-16  4.937E-16  2.594E-16  1.019E-16  2.887E-17  5.596E-18  6.918E-19  5.006E-20  1.981E-21  4.878E-23  2.180E-24  3.791E-25  1.727E-25  1.081E-25  7.419E-26  5.066E-26  3.059E-26
  225.9960  7.808E-16  6.903E-16  4.750E-16  2.509E-16  9.932E-17  2.843E-17  5.590E-18  7.051E-19  5.247E-20  2.153E-21  5.489E-23  1.852E-24  2.694E-25  1.252E-25  8.064E-26  5.669E-26  3.966E-26  2.473E-26
  228.5790  4.758E-16  4.199E-16  2.873E-16  1.504E-16  5.874E-17  1.651E-17  3.175E-18  3.894E-19  2.800E-20  1.095E-21  2.474E-23  5.876E-25  7.054E-26  3.395E-26  2.249E-26  1.616E-26  1.155E-26  7.414E-27
  231.2215  1.533E-16  1.347E-16  9.100E-17  4.657E-17  1.761E-17  4.740E-18  8.609E-19  9.821E-20  6.434E-21  2.213E-22  4.004E-24  6.118E-26  6.092E-27  3.055E-27  2.074E-27  1.517E-27  1.104E-27  7.267E-28
  233.9260  2.265E-17  1.978E-17  1.311E-17  6.492E-18  2.342E-18  5.915E-19  9.885E-20  1.013E-20  5.778E-22  1.645E-23  2.210E-25  2.020E-27  1.688E-28  8.818E-29  6.113E-29  4.540E-29  3.353E-29  2.256E-29
  236.6945  3.572E-18  3.096E-18  2.005E-18  9.550E-19  3.254E-19  7.606E-20  1.149E-20  1.033E-21  4.968E-23  1.123E-24  1.066E-26  5.540E-29  3.947E-30  2.140E-30  1.510E-30  1.135E-30  8.492E-31  5.825E-31
  239.5295  1.063E-18  9.178E-19  5.882E-19  2.752E-19  9.136E-20  2.062E-20  2.973E-21  2.517E-22  1.115E-23  2.223E-25  1.680E-27  5.473E-30  3.384E-31  1.894E-31  1.358E-31  1.034E-31  7.842E-32  5.504E-32
  242.4330  1.050E-18  9.055E-19  5.777E-19  2.683E-19  8.806E-20  1.956E-20  2.757E-21  2.257E-22  9.473E-24  1.717E-25  1.072E-27  2.314E-30  1.263E-31  7.255E-32  5.268E-32  4.056E-32  3.120E-32  2.240E-32
  245.4080  2.760E-20  2.348E-20  1.437E-20  6.212E-21  1.838E-21  3.544E-22  4.153E-23  2.678E-24  8.274E-26  1.011E-27  3.781E-30  4.189E-33  2.046E-34  1.197E-34  8.747E-35  6.762E-35  5.220E-35  3.764E-35
  248.4570  1.315E-21  1.106E-21  6.534E-22  2.660E-22  7.206E-23  1.233E-23  1.235E-24  6.504E-26  1.550E-27  1.354E-29  3.268E-32  2.034E-35  9.016E-37  5.340E-37  3.923E-37  3.042E-37  2.354E-37  1.704E-37
  251.5825  2.338E-22  1.953E-22  1.131E-22  4.453E-23  1.149E-23  1.838E-24  1.686E-25  7.924E-27  1.630E-28  1.176E-30  2.209E-33  9.749E-37  4.001E-38  2.383E-38  1.755E-38  1.362E-38  1.056E-38  7.657E-39
  254.7875  1.620E-22  1.350E-22  7.752E-23  3.007E-23  6.592E-24  1.181E-24  1.043E-25  4.665E-27  8.993E-29  5.959E-31  9.967E-34  3.704E-37  1.424E-38  8.496E-39  6.258E-39  4.862E-39  3.772E-39  2.737E-39
  258.0750  1.079E-21  9.034E-22  5.266E-22  2.094E-22  5.485E-23  8.956E-24  8.428E-25  4.088E-26  8.730E-28  6.579E-30  1.292E-32  5.748E-36  2.119E-37  1.256E-37  9.234E-38  7.165E-38  5.553E-38  4.028E-38
  261.4490  9.185E-21  7.760E-21  4.650E-21  1.939E-21  5.442E-22  9.754E-23  1.037E-23  5.875E-25  1.530E-26  1.482E-28  4.004E-31  2.615E-34  9.395E-36  5.503E-36  4.028E-36  3.117E-36  2.411E-36  1.746E-36
  264.9125  1.174E-18  1.007E-18  6.308E-19  2.840E-19  8.902E-20  1.854E-20  2.398E-21  1.748E-22  6.271E-24  9.138E-26  4.161E-28  5.172E-31  1.861E-32  1.067E-32  7.746E-33  5.969E-33  4.601E-33  3.322E-33
  268.4685  2.284E-16  1.998E-16  1.329E-16  6.627E-17  2.411E-17  6.147E-18  1.035E-18  1.058E-19  5.844E-21  1.477E-22  1.361E-24  4.073E-27  1.529E-28  8.438E-29  6.051E-29  4.630E-29  3.550E-29  2.549E-29
  272.1215  6.869E-14  6.140E-14  4.367E-14  2.441E-14  1.048E-14  3.346E-15  7.555E-16  1.126E-16  1.005E-17  4.688E-19  9.493E-21  7.580E-23  3.138E-24  1.625E-24  1.143E-24  8.656E-25  6.585E-25  4.693E-25
  275.8755  2.913E-11  2.665E-11  2.035E-11  1.284E-11  6.575E-12  2.663E-12  8.212E-13  1.826E-13  2.714E-14  2.425E-15  1.132E-16  2.561E-18  1.298E-19  5.957E-20  4.065E-20  3.028E-20  2.277E-20  1.605E-20
  279.7340  5.799E-09  5.421E-09  4.419E-09  3.117E-09  1.879E-09  9.487E-10  3.900E-10  1.254E-10  2.985E-11  4.863E-12  4.905E-13  2.888E-14  2.077E-15  7.749E-16  5.037E-16  3.660E-16  2.706E-16  1.878E-16
  283.7020  1.674E-06  1.594E-06  1.376E-06  1.070E-06  7.435E-07  4.550E-07  2.405E-07  1.067E-07  3.829E-08  1.053E-08  2.075E-09  2.792E-10  3.338E-11  9.643E-12  5.708E-12  3.981E-12  2.868E-12  1.948E-12
  287.7845  1.257E-04  1.215E-04  1.098E-04  9.229E-05  7.180E-05  5.121E-05  3.306E-05  1.896E-05  9.428E-06  3.927E-06  1.313E-06  3.386E-07  7.105E-08  1.847E-08  8.964E-09  5.815E-09  4.011E-09  2.637E-09
  291.9865  3.819E-03  3.734E-03  3.487E-03  3.105E-03  2.625E-03  2.096E-03  1.567E-03  1.085E-03  6.849E-04  3.862E-04  1.893E-04  7.825E-05  2.692E-05  8.426E-06  3.250E-06  1.798E-06  1.149E-06  7.153E-07
  296.3090  2.457E-02  2.420E-02  2.311E-02  2.138E-02  1.910E-02  1.643E-02  1.353E-02  1.061E-02  7.833E-03  5.384E-03  3.385E-03  1.905E-03  9.378E-04  4.001E-04  1.578E-04  6.991E-05  3.830E-05  2.171E-05
  300.5000  6.681E-02  6.608E-02  6.393E-02  6.044E-02  5.575E-02  5.006E-02  4.361E-02  3.671E-02  2.966E-02  2.282E-02  1.654E-02  1.112E-02  6.798E-03  3.695E-03  1.760E-03  7.614E-04  3.433E-04  1.674E-04
  303.0000  1.425E-01  1.412E-01  1.373E-01  1.309E-01  1.223E-01  1.118E-01  9.956E-02  8.620E-02  7.219E-02  5.810E-02  4.455E-02  3.215E-02  2.148E-02  1.300E-02  6.954E-03  3.243E-03  1.388E-03  6.007E-04
  304.0000  1.471E-01  1.458E-01  1.420E-01  1.357E-01  1.264E-01  1.166E-01  1.045E-01  9.107E-02  7.692E-02  6.257E-02  4.855E-02  3.567E-02  2.434E-02  1.512E-02  8.333E-03  3.988E-03  1.704E-03  7.128E-04
  305.0000  1.871E-01  1.856E-01  1.810E-01  1.734E-01  1.631E-01  1.504E-01  1.356E-01  1.192E-01  1.018E-01  8.393E-02  6.632E-02  4.972E-02  3.486E-02  2.241E-02  1.286E-02  6.404E-03  2.763E-03  1.107E-03
  306.0000  1.681E-01  1.667E-01  1.628E-01  1.562E-01  1.473E-01  1.363E-01  1.234E-01  1.091E-01  9.381E-02  7.802E-02  6.233E-02  4.737E-02  3.379E-02  2.220E-02  1.308E-02  6.697E-03  2.924E-03  1.141E-03
  307.0000  2.063E-01  2.048E-01  2.001E-01  1.924E-01  1.819E-01  1.689E-01  1.537E-01  1.367E-01  1.184E-01  9.934E-02  8.030E-02  6.193E-02  4.501E-02  3.028E-02  1.838E-02  9.723E-03  4.333E-03  1.651E-03
  308.0000  2.315E-01  2.298E-01  2.247E-01  2.165E-01  2.052E-01  1.911E-01  1.746E-01  1.561E-01  1.361E-01  1.152E-01  9.410E-02  7.355E-02  5.437E-02  3.738E-02  2.332E-02  1.274E-02  5.820E-03  2.183E-03
  309.0000  2.345E-01  2.328E-01  2.278E-01  2.197E-01  2.085E-01  1.946E-01  1.782E-01  1.598E-01  1.398E-01  1.189E-01  9.771E-02  7.694E-02  5.741E-02  3.994E-02  2.529E-02  1.407E-02  6.529E-03  2.434E-03
  310.0000  2.204E-01  2.190E-01  2.145E-01  2.072E-01  1.971E-01  1.845E-01  1.697E-01  1.530E-01  1.349E-01  1.153E-01  9.611E-02  7.674E-02  5.828E-02  4.148E-02  2.706E-02  1.561E-02  7.522E-03  2.809E-03
  311.0000  3.641E-01  3.617E-01  3.545E-01  3.426E-01  3.263E-01  3.060E-01  2.819E-01  2.548E-01  2.252E-01  1.939E-01  1.618E-01  1.299E-01  9.934E-02  7.135E-02  4.709E-02  2.757E-02  1.349E-02  5.054E-03
  312.0000  3.166E-01  3.146E-01  3.085E-01  2.985E-01  2.847E-01  2.674E-01  2.471E-01  2.240E-01  1.988E-01  1.720E-01  1.444E-01  1.169E-01  9.033E-02  6.574E-02  4.414E-02  2.643E-02  1.327E-02  5.029E-03
  313.0000  3.450E-01  3.428E-01  3.364E-01  3.257E-01  3.111E-01  2.928E-01  2.712E-01  2.466E-01  2.197E-01  1.910E-01  1.614E-01  1.316E-01  1.027E-01  7.574E-02  5.172E-02  3.167E-02  1.634E-02  6.302E-03
  314.0000  3.732E-01  3.709E-01  3.640E-01  3.527E-01  3.371E-01  3.175E-01  2.943E-01  2.680E-01  2.391E-01  2.083E-01  1.765E-01  1.444E-01  1.131E-01  8.378E-02  5.757E-02  3.554E-02  1.853E-02  7.196E-03
  316.0000  3.685E-01  3.664E-01  3.599E-01  3.491E-01  3.344E-01  3.158E-01  2.938E-01  2.687E-01  2.411E-01  2.115E-01  1.807E-01  1.495E-01  1.188E-01  8.965E-02  6.312E-02  4.026E-02  2.193E-02  8.878E-03
  320.0000  4.548E-01  4.522E-01  4.446E-01  4.312E-01  4.147E-01  3.928E-01  3.669E-01  3.372E-01  3.044E-01  2.691E-01  2.321E-01  1.943E-01  1.567E-01  1.205E-01  8.706E-02  5.750E-02  3.288E-02  1.414E-02
  325.0000  5.650E-01  5.620E-01  5.529E-01  5.379E-01  5.173E-01  4.912E-01  4.602E-01  4.246E-01  3.852E-01  3.426E-01  2.977E-01  2.515E-01  2.052E-01  1.602E-01  1.180E-01  8.007E-02  4.767E-02  2.175E-02
  330.0000  6.940E-01  6.903E-01  6.794E-01  6.615E-01  6.367E-01  6.053E-01  5.680E-01  5.252E-01  4.775E-01  4.260E-01  3.715E-01  3.152E-01  2.586E-01  2.032E-01  1.509E-01  1.036E-01  6.279E-02  2.950E-02
  335.0000  6.568E-01  6.534E-01  6.433E-01  6.266E-01  6.035E-01  5.743E-01  5.395E-01  4.995E-01  4.550E-01  4.067E-01  3.555E-01  3.026E-01  2.491E-01  1.966E-01  1.467E-01  1.014E-01  6.210E-02  2.974E-02
  340.0000  7.127E-01  7.091E-01  6.982E-01  6.803E-01  6.555E-01  6.242E-01  5.868E-01  5.438E-01  4.958E-01  4.438E-01  3.885E-01  3.312E-01  2.731E-01  2.160E-01  1.616E-01  1.119E-01  6.878E-02  3.320E-02
  345.0000  7.025E-01  6.990E-01  6.884E-01  6.709E-01  6.466E-01  6.160E-01  5.794E-01  5.373E-01  4.904E-01  4.393E-01  3.850E-01  3.286E-01  2.714E-01  2.148E-01  1.609E-01  1.115E-01  6.862E-02  3.325E-02
  350.0000  7.354E-01  7.317E-01  7.207E-01  7.025E-01  6.773E-01  6.454E-01  6.074E-01  5.635E-01  5.146E-01  4.614E-01  4.047E-01  3.456E-01  2.856E-01  2.262E-01  1.694E-01  1.174E-01  7.213E-02  3.493E-02
  355.0000  7.779E-01  7.741E-01  7.625E-01  7.434E-01  7.170E-01  6.835E-01  6.435E-01  5.974E-01  5.459E-01  4.898E-01  4.300E-01  3.676E-01  3.041E-01  2.410E-01  1.806E-01  1.251E-01  7.683E-02  3.724E-02
  360.0000  7.118E-01  7.083E-01  6.978E-01  6.804E-01  6.564E-01  6.260E-01  5.896E-01  5.476E-01  5.007E-01  4.496E-01  3.950E-01  3.380E-01  2.798E-01  2.220E-01  1.663E-01  1.152E-01  7.067E-02  3.426E-02
  365.0000  9.056E-01  9.012E-01  8.879E-01  8.660E-01  8.356E-01  7.972E-01  7.511E-01  6.980E-01  6.386E-01  5.738E-01  5.045E-01  4.321E-01  3.580E-01  2.842E-01  2.130E-01  1.474E-01  9.037E-02  4.379E-02
  370.0000  9.422E-01  9.376E-01  9.239E-01  9.012E-01  8.698E-01  8.300E-01  7.824E-01  7.274E-01  6.659E-01  5.987E-01  5.268E-01  4.515E-01  3.744E-01  2.975E-01  2.231E-01  1.543E-01  9.445E-02  4.574E-02
  375.0000  8.516E-01  8.475E-01  8.352E-01  8.148E-01  7.866E-01  7.509E-01  7.081E-01  6.586E-01  6.033E-01  5.427E-01  4.779E-01  4.099E-01  3.402E-01  2.705E-01  2.029E-01  1.403E-01  8.576E-02  4.150E-02
  380.0000  9.796E-01  9.749E-01  9.608E-01  9.375E-01  9.052E-01  8.644E-01  8.153E-01  7.588E-01  6.953E-01  6.259E-01  5.516E-01  4.735E-01  3.933E-01  3.129E-01  2.349E-01  1.624E-01  9.909E-02  4.790E-02
  385.0000  7.389E-01  7.353E-01  7.248E-01  7.073E-01  6.831E-01  6.525E-01  6.157E-01  5.732E-01  5.256E-01  4.734E-01  4.174E-01  3.586E-01  2.981E-01  2.374E-01  1.783E-01  1.232E-01  7.509E-02  3.625E-02
  390.0000  9.653E-01  9.607E-01  9.470E-01  9.243E-01  8.929E-01  8.530E-01  8.052E-01  7.500E-01  6.880E-01  6.200E-01  5.471E-01  4.704E-01  3.914E-01  3.119E-01  2.343E-01  1.619E-01  9.854E-02  4.751E-02
  395.0000  7.491E-01  7.456E-01  7.350E-01  7.175E-01  6.932E-01  6.625E-01  6.255E-01  5.829E-01  5.349E-01  4.824E-01  4.259E-01  3.665E-01  3.052E-01  2.434E-01  1.830E-01  1.264E-01  7.683E-02  3.698E-02
  400.0000  1.391E+00  1.385E+00  1.365E+00  1.333E+00  1.288E+00  1.231E+00  1.163E+00  1.084E+00  9.953E-01  8.981E-01  7.935E-01  6.833E-01  5.694E-01  4.545E-01  3.419E-01  2.362E-01  1.434E-01  6.889E-02
  405.0000  1.419E+00  1.412E+00  1.393E+00  1.360E+00  1.314E+00  1.256E+00  1.187E+00  1.107E+00  1.017E+00  9.180E-01  8.117E-01  6.994E-01  5.833E-01  4.660E-01  3.507E-01  2.423E-01  1.469E-01  7.046E-02
  410.0000  1.464E+00  1.457E+00  1.437E+00  1.403E+00  1.356E+00  1.297E+00  1.226E+00  1.143E+00  1.051E+00  9.491E-01  8.396E-01  7.240E-01  6.043E-01  4.831E-01  3.639E-01  2.514E-01  1.522E-01  7.286E-02
  415.0000  1.525E+00  1.518E+00  1.497E+00  1.462E+00  1.414E+00  1.352E+00  1.278E+00  1.193E+00  1.097E+00  9.912E-01  8.774E-01  7.571E-01  6.325E-01  5.060E-01  3.814E-01  2.636E-01  1.594E-01  7.614E-02
  420.0000  1.540E+00  1.533E+00  1.512E+00  1.477E+00  1.428E+00  1.366E+00  1.292E+00  1.206E+00  1.109E+00  1.003E+00  8.881E-01  7.669E-01  6.411E-01  5.134E-01  3.872E-01  2.676E-01  1.616E-01  7.705E-02
  425.0000  1.470E+00  1.464E+00  1.443E+00  1.410E+00  1.364E+00  1.305E+00  1.234E+00  1.153E+00  1.061E+00  9.593E-01  8.501E-01  7.345E-01  6.145E-01  4.925E-01  3.717E-01  2.570E-01  1.550E-01  7.371E-02
  430.0000  1.357E+00  1.350E+00  1.332E+00  1.301E+00  1.259E+00  1.205E+00  1.140E+00  1.065E+00  9.799E-01  8.868E-01  7.863E-01  6.798E-01  5.692E-01  4.565E-01  3.448E-01  2.385E-01  1.437E-01  6.818E-02
  435.0000  1.575E+00  1.568E+00  1.546E+00  1.511E+00  1.462E+00  1.399E+00  1.324E+00  1.237E+00  1.139E+00  1.031E+00  9.150E-01  7.916E-01  6.632E-01  5.324E-01  4.024E-01  2.784E-01  1.676E-01  7.931E-02
  440.0000  1.620E+00  1.613E+00  1.591E+00  1.555E+00  1.504E+00  1.440E+00  1.363E+00  1.274E+00  1.174E+00  1.063E+00  9.435E-01  8.167E-01  6.847E-01  5.500E-01  4.161E-01  2.879E-01  1.732E-01  8.170E-02
  445.0000  1.741E+00  1.733E+00  1.709E+00  1.670E+00  1.616E+00  1.548E+00  1.465E+00  1.370E+00  1.262E+00  1.144E+00  1.016E+00  8.797E-01  7.380E-01  5.933E-01  4.491E-01  3.109E-01  1.868E-01  8.790E-02
  450.0000  1.851E+00  1.843E+00  1.818E+00  1.777E+00  1.720E+00  1.647E+00  1.560E+00  1.458E+00  1.344E+00  1.218E+00  1.083E+00  9.382E-01  7.876E-01  6.336E-01  4.800E-01  3.325E-01  1.997E-01  9.366E-02
  455.0000  1.812E+00  1.804E+00  1.779E+00  1.739E+00  1.683E+00  1.613E+00  1.527E+00  1.429E+00  1.317E+00  1.194E+00  1.062E+00  9.206E-01  7.733E-01  6.226E-01  4.720E-01  3.271E-01  1.963E-01  9.180E-02
  460.0000  1.865E+00  1.856E+00  1.831E+00  1.790E+00  1.733E+00  1.660E+00  1.573E+00  1.471E+00  1.357E+00  1.231E+00  1.094E+00  9.494E-01  7.980E-01  6.428E-01  4.876E-01  3.379E-01  2.025E-01  9.432E-02
  465.0000  1.844E+00  1.835E+00  1.811E+00  1.770E+00  1.714E+00  1.642E+00  1.556E+00  1.456E+00  1.343E+00  1.219E+00  1.084E+00  9.410E-01  7.914E-01  6.380E-01  4.843E-01  3.358E-01  2.012E-01  9.345E-02
  470.0000  1.834E+00  1.826E+00  1.801E+00  1.761E+00  1.705E+00  1.634E+00  1.548E+00  1.449E+00  1.337E+00  1.214E+00  1.080E+00  9.381E-01  7.894E-01  6.368E-01  4.838E-01  3.356E-01  2.009E-01  9.305E-02
  475.0000  1.855E+00  1.847E+00  1.822E+00  1.782E+00  1.725E+00  1.654E+00  1.567E+00  1.467E+00  1.354E+00  1.230E+00  1.095E+00  9.511E-01  8.008E-01  6.464E-01  4.914E-01  3.411E-01  2.041E-01  9.418E-02
  480.0000  1.908E+00  1.900E+00  1.875E+00  1.833E+00  1.775E+00  1.701E+00  1.613E+00  1.510E+00  1.394E+00  1.266E+00  1.127E+00  9.797E-01  8.252E-01  6.663E-01  5.066E-01  3.516E-01  2.100E-01  9.636E-02
  485.0000  1.733E+00  1.726E+00  1.703E+00  1.665E+00  1.613E+00  1.546E+00  1.466E+00  1.372E+00  1.267E+00  1.151E+00  1.026E+00  8.917E-01  7.515E-01  6.071E-01  4.619E-01  3.207E-01  1.915E-01  8.756E-02
  490.0000  1.805E+00  1.797E+00  1.774E+00  1.734E+00  1.680E+00  1.611E+00  1.527E+00  1.430E+00  1.321E+00  1.201E+00  1.070E+00  9.307E-01  7.847E-01  6.345E-01  4.831E-01  3.356E-01  2.004E-01  9.140E-02
  495.0000  1.839E+00  1.831E+00  1.807E+00  1.767E+00  1.711E+00  1.641E+00  1.556E+00  1.458E+00  1.347E+00  1.224E+00  1.091E+00  9.497E-01  8.011E-01  6.481E-01  4.938E-01  3.432E-01  2.048E-01  9.306E-02
  500.0000  1.754E+00  1.746E+00  1.723E+00  1.685E+00  1.632E+00  1.565E+00  1.485E+00  1.391E+00  1.285E+00  1.168E+00  1.042E+00  9.067E-01  7.650E-01  6.190E-01  4.717E-01  3.278E-01  1.953E-01  8.822E-02
  505.0000  1.781E+00  1.774E+00  1.750E+00  1.712E+00  1.658E+00  1.590E+00  1.508E+00  1.413E+00  1.306E+00  1.187E+00  1.059E+00  9.217E-01  7.778E-01  6.294E-01  4.796E-01  3.331E-01  1.980E-01  8.880E-02
  510.0000  1.766E+00  1.759E+00  1.736E+00  1.698E+00  1.645E+00  1.577E+00  1.496E+00  1.402E+00  1.296E+00  1.179E+00  1.051E+00  9.157E-01  7.731E-01  6.261E-01  4.774E-01  3.318E-01  1.973E-01  8.829E-02
  515.0000  1.637E+00  1.630E+00  1.609E+00  1.574E+00  1.525E+00  1.463E+00  1.388E+00  1.301E+00  1.202E+00  1.094E+00  9.759E-01  8.502E-01  7.182E-01  5.818E-01  4.439E-01  3.087E-01  1.835E-01  8.185E-02
  520.0000  1.683E+00  1.676E+00  1.654E+00  1.618E+00  1.568E+00  1.504E+00  1.427E+00  1.337E+00  1.237E+00  1.125E+00  1.004E+00  8.750E-01  7.394E-01  5.992E-01  4.574E-01  3.181E-01  1.889E-01  8.390E-02
  525.0000  1.688E+00  1.681E+00  1.659E+00  1.623E+00  1.573E+00  1.509E+00  1.431E+00  1.342E+00  1.241E+00  1.129E+00  1.008E+00  8.783E-01  7.422E-01  6.016E-01  4.592E-01  3.192E-01  1.892E-01  8.350E-02
  530.0000  1.778E+00  1.770E+00  1.747E+00  1.709E+00  1.656E+00  1.589E+00  1.507E+00  1.413E+00  1.307E+00  1.189E+00  1.061E+00  9.250E-01  7.817E-01  6.335E-01  4.834E-01  3.358E-01  1.986E-01  8.693E-02
  535.0000  1.723E+00  1.715E+00  1.692E+00  1.656E+00  1.605E+00  1.539E+00  1.461E+00  1.370E+00  1.267E+00  1.153E+00  1.029E+00  8.971E-01  7.583E-01  6.148E-01  4.692E-01  3.260E-01  1.926E-01  8.390E-02
  540.0000  1.724E+00  1.717E+00  1.694E+00  1.657E+00  1.606E+00  1.541E+00  1.463E+00  1.371E+00  1.268E+00  1.155E+00  1.031E+00  8.991E-01  7.602E-01  6.166E-01  4.709E-01  3.273E-01  1.933E-01  8.398E-02
  545.0000  1.749E+00  1.742E+00  1.719E+00  1.681E+00  1.630E+00  1.564E+00  1.484E+00  1.392E+00  1.287E+00  1.172E+00  1.047E+00  9.127E-01  7.719E-01  6.262E-01  4.783E-01  3.324E-01  1.962E-01  8.478E-02
  550.0000  1.754E+00  1.746E+00  1.724E+00  1.686E+00  1.634E+00  1.568E+00  1.489E+00  1.396E+00  1.291E+00  1.176E+00  1.050E+00  9.162E-01  7.750E-01  6.289E-01  4.804E-01  3.339E-01  1.969E-01  8.476E-02
  555.0000  1.741E+00  1.733E+00  1.711E+00  1.674E+00  1.622E+00  1.557E+00  1.478E+00  1.386E+00  1.282E+00  1.168E+00  1.043E+00  9.102E-01  7.703E-01  6.252E-01  4.779E-01  3.322E-01  1.958E-01  8.385E-02
  560.0000  1.696E+00  1.689E+00  1.667E+00  1.631E+00  1.581E+00  1.516E+00  1.440E+00  1.351E+00  1.250E+00  1.138E+00  1.017E+00  8.871E-01  7.507E-01  6.093E-01  4.656E-01  3.235E-01  1.903E-01  8.096E-02
  565.0000  1.698E+00  1.691E+00  1.669E+00  1.633E+00  1.582E+00  1.519E+00  1.442E+00  1.352E+00  1.251E+00  1.139E+00  1.018E+00  8.882E-01  7.516E-01  6.100E-01  4.660E-01  3.236E-01  1.900E-01  8.024E-02
  570.0000  1.688E+00  1.681E+00  1.659E+00  1.623E+00  1.573E+00  1.510E+00  1.433E+00  1.344E+00  1.244E+00  1.133E+00  1.012E+00  8.833E-01  7.475E-01  6.067E-01  4.635E-01  3.218E-01  1.887E-01  7.929E-02
  575.0000  1.716E+00  1.709E+00  1.687E+00  1.650E+00  1.600E+00  1.535E+00  1.457E+00  1.367E+00  1.265E+00  1.152E+00  1.030E+00  8.989E-01  7.608E-01  6.177E-01  4.720E-01  3.278E-01  1.921E-01  8.046E-02
  580.0000  1.688E+00  1.681E+00  1.659E+00  1.624E+00  1.574E+00  1.511E+00  1.434E+00  1.346E+00  1.246E+00  1.135E+00  1.014E+00  8.857E-01  7.501E-01  6.094E-01  4.661E-01  3.241E-01  1.902E-01  7.971E-02
  585.0000  1.689E+00  1.682E+00  1.661E+00  1.625E+00  1.575E+00  1.512E+00  1.436E+00  1.347E+00  1.247E+00  1.137E+00  1.016E+00  8.878E-01  7.522E-01  6.116E-01  4.682E-01  3.259E-01  1.916E-01  8.035E-02
  590.0000  1.630E+00  1.623E+00  1.602E+00  1.568E+00  1.520E+00  1.459E+00  1.386E+00  1.300E+00  1.204E+00  1.097E+00  9.815E-01  8.575E-01  7.268E-01  5.912E-01  4.529E-01  3.155E-01  1.856E-01  7.771E-02
  595.0000  1.662E+00  1.655E+00  1.634E+00  1.599E+00  1.550E+00  1.488E+00  1.413E+00  1.326E+00  1.228E+00  1.119E+00  1.001E+00  8.747E-01  7.414E-01  6.030E-01  4.619E-01  3.217E-01  1.890E-01  7.876E-02
  600.0000  1.621E+00  1.614E+00  1.594E+00  1.560E+00  1.512E+00  1.451E+00  1.378E+00  1.294E+00  1.198E+00  1.092E+00  9.766E-01  8.532E-01  7.232E-01  5.882E-01  4.504E-01  3.135E-01  1.839E-01  7.617E-02
  605.0000  1.640E+00  1.633E+00  1.612E+00  1.577E+00  1.529E+00  1.468E+00  1.395E+00  1.309E+00  1.212E+00  1.105E+00  9.885E-01  8.639E-01  7.324E-01  5.959E-01  4.565E-01  3.179E-01  1.866E-01  7.715E-02
  610.0000  1.619E+00  1.612E+00  1.592E+00  1.558E+00  1.510E+00  1.450E+00  1.377E+00  1.293E+00  1.198E+00  1.092E+00  9.775E-01  8.546E-01  7.251E-01  5.904E-01  4.529E-01  3.160E-01  1.859E-01  7.714E-02
  615.0000  1.581E+00  1.574E+00  1.554E+00  1.521E+00  1.475E+00  1.416E+00  1.345E+00  1.263E+00  1.170E+00  1.068E+00  9.558E-01  8.362E-01  7.099E-01  5.786E-01  4.445E-01  3.107E-01  1.834E-01  7.639E-02
  620.0000  1.603E+00  1.597E+00  1.576E+00  1.543E+00  1.496E+00  1.437E+00  1.365E+00  1.282E+00  1.188E+00  1.084E+00  9.710E-01  8.498E-01  7.219E-01  5.889E-01  4.529E-01  3.171E-01  1.876E-01  7.840E-02
  625.0000  1.569E+00  1.562E+00  1.543E+00  1.510E+00  1.464E+00  1.406E+00  1.336E+00  1.255E+00  1.163E+00  1.062E+00  9.513E-01  8.329E-01  7.080E-01  5.779E-01  4.449E-01  3.119E-01  1.849E-01  7.744E-02
  630.0000  1.571E+00  1.564E+00  1.545E+00  1.512E+00  1.466E+00  1.408E+00  1.339E+00  1.257E+00  1.166E+00  1.064E+00  9.537E-01  8.354E-01  7.104E-01  5.804E-01  4.472E-01  3.141E-01  1.866E-01  7.833E-02
  635.0000  1.560E+00  1.553E+00  1.534E+00  1.501E+00  1.456E+00  1.399E+00  1.330E+00  1.249E+00  1.158E+00  1.058E+00  9.483E-01  8.310E-01  7.071E-01  5.780E-01  4.459E-01  3.136E-01  1.868E-01  7.863E-02
  640.0000  1.542E+00  1.535E+00  1.516E+00  1.484E+00  1.439E+00  1.383E+00  1.315E+00  1.235E+00  1.146E+00  1.047E+00  9.385E-01  8.227E-01  7.005E-01  5.731E-01  4.426E-01  3.118E-01  1.861E-01  7.859E-02
  644.8000  1.533E+00  1.526E+00  1.507E+00  1.476E+00  1.431E+00  1.375E+00  1.308E+00  1.229E+00  1.140E+00  1.041E+00  9.341E-01  8.192E-01  6.978E-01  5.713E-01  4.416E-01  3.115E-01  1.864E-01  7.890E-02
  651.0500  1.514E+00  1.507E+00  1.488E+00  1.457E+00  1.414E+00  1.358E+00  1.292E+00  1.214E+00  1.126E+00  1.029E+00  9.236E-01  8.103E-01  6.906E-01  5.658E-01  4.379E-01  3.094E-01  1.855E-01  7.872E-02
  660.0000  1.436E+00  1.430E+00  1.412E+00  1.383E+00  1.341E+00  1.289E+00  1.226E+00  1.153E+00  1.070E+00  9.779E-01  8.779E-01  7.707E-01  6.574E-01  5.392E-01  4.179E-01  2.959E-01  1.780E-01  7.581E-02
  670.0000  1.474E+00  1.468E+00  1.450E+00  1.419E+00  1.377E+00  1.324E+00  1.259E+00  1.184E+00  1.099E+00  1.005E+00  9.029E-01  7.932E-01  6.771E-01  5.560E-01  4.316E-01  3.064E-01  1.850E-01  7.912E-02
  680.0000  1.447E+00  1.441E+00  1.423E+00  1.394E+00  1.352E+00  1.300E+00  1.237E+00  1.163E+00  1.080E+00  9.883E-01  8.881E-01  7.806E-01  6.669E-01  5.482E-01  4.262E-01  3.032E-01  1.836E-01  7.880E-02
  690.0000  1.426E+00  1.420E+00  1.403E+00  1.374E+00  1.333E+00  1.282E+00  1.220E+00  1.147E+00  1.066E+00  9.752E-01  8.767E-01  7.710E-01  6.591E-01  5.423E-01  4.221E-01  3.008E-01  1.827E-01  7.861E-02
  700.0000  1.401E+00  1.396E+00  1.378E+00  1.350E+00  1.310E+00  1.260E+00  1.199E+00  1.128E+00  1.048E+00  9.594E-01  8.628E-01  7.591E-01  6.494E-01  5.348E-01  4.168E-01  2.976E-01  1.812E-01  7.819E-02
  710.0000  1.368E+00  1.363E+00  1.346E+00  1.318E+00  1.280E+00  1.230E+00  1.171E+00  1.102E+00  1.024E+00  9.377E-01  8.435E-01  7.425E-01  6.355E-01  5.237E-01  4.086E-01  2.921E-01  1.783E-01  7.703E-02
  720.0000  1.323E+00  1.318E+00  1.302E+00  1.275E+00  1.238E+00  1.190E+00  1.133E+00  1.066E+00  9.911E-01  9.076E-01  8.167E-01  7.191E-01  6.158E-01  5.078E-01  3.965E-01  2.839E-01  1.735E-01  7.507E-02
  730.0000  1.293E+00  1.287E+00  1.272E+00  1.245E+00  1.209E+00  1.163E+00  1.107E+00  1.042E+00  9.687E-01  8.873E-01  7.987E-01  7.035E-01  6.027E-01  4.974E-01  3.887E-01  2.787E-01  1.707E-01  7.396E-02
------------------------------------------------------------
Dose rates, W m-2
   1 = UV-B, 280-315 nm                                  
   2 = UV-B*, 280-320 nm                                 
   3 = UV-A, 315-400 nm                                  
   4 = DNA damage, in vitro (Setlow, 1974)               
   5 = UV index (WMO, 1994; Webb et al., 2011)           
   6 = Plant damage (Caldwell, 1971)                     
   7 = Plant damage,Flint&Caldwell,2003,orig.            
   8 = Plant damage,Flint&Caldwell,2003,ext390           
values at z =      0.000 km
Columns: sza, weighting spectra
 sza, deg.          1          2          3          4          5          6          7          8
    0.0000  3.328E+00  4.434E+00  6.182E+01  3.113E-02  2.708E+01  1.025E+00  1.856E+00  2.326E+00
    5.0000  3.303E+00  4.402E+00  6.151E+01  3.073E-02  2.682E+01  1.014E+00  1.841E+00  2.309E+00
   10.0000  3.226E+00  4.305E+00  6.059E+01  2.954E-02  2.603E+01  9.832E-01  1.798E+00  2.258E+00
   15.0000  3.101E+00  4.148E+00  5.906E+01  2.764E-02  2.477E+01  9.326E-01  1.727E+00  2.176E+00
   20.0000  2.929E+00  3.932E+00  5.696E+01  2.513E-02  2.306E+01  8.644E-01  1.631E+00  2.065E+00
   25.0000  2.719E+00  3.667E+00  5.429E+01  2.219E-02  2.102E+01  7.830E-01  1.514E+00  1.928E+00
   30.0000  2.474E+00  3.356E+00  5.110E+01  1.897E-02  1.869E+01  6.907E-01  1.380E+00  1.770E+00
   35.0000  2.203E+00  3.009E+00  4.743E+01  1.566E-02  1.619E+01  5.918E-01  1.232E+00  1.596E+00
   40.0000  1.913E+00  2.636E+00  4.333E+01  1.244E-02  1.362E+01  4.909E-01  1.078E+00  1.411E+00
   45.0000  1.613E+00  2.248E+00  3.886E+01  9.456E-03  1.109E+01  3.922E-01  9.201E-01  1.220E+00
   50.0000  1.316E+00  1.858E+00  3.410E+01  6.846E-03  8.698E+00  3.000E-01  7.651E-01  1.029E+00
   55.0000  1.030E+00  1.479E+00  2.913E+01  4.687E-03  6.536E+00  2.178E-01  6.173E-01  8.442E-01
   60.0000  7.664E-01  1.123E+00  2.408E+01  3.011E-03  4.672E+00  1.484E-01  4.806E-01  6.691E-01
   65.0000  5.350E-01  8.039E-01  1.906E+01  1.801E-03  3.149E+00  9.359E-02  3.584E-01  5.083E-01
   70.0000  3.435E-01  5.329E-01  1.424E+01  9.952E-04  1.978E+00  5.364E-02  2.530E-01  3.655E-01
   75.0000  1.970E-01  3.178E-01  9.818E+00  5.072E-04  1.139E+00  2.742E-02  1.658E-01  2.436E-01
   80.0000  9.616E-02  1.619E-01  5.979E+00  2.394E-04  5.845E-01  1.238E-02  9.701E-02  1.445E-01
   85.0000  3.699E-02  6.362E-02  2.865E+00  1.028E-04  2.475E-01  4.997E-03  4.521E-02  6.817E-02
------------------------------------------------------------
