Spectral Irradiance, W m-2 nm-1
values at z =      0.000 km
Columns: wavelength (nm), solar zenith angles (deg.)
    wc, nm      0.000      5.000     10.000     15.000     20.000     25.000     30.000     35.000     40.000     45.000     50.000     55.000     60.000     65.000     70.000     75.000     80.000     85.000
  280.5000  3.694E-12  3.363E-12  2.528E-12  1.553E-12  7.651E-13  2.941E-13  8.463E-14  1.722E-14  2.284E-15  1.765E-16  6.806E-18  1.147E-19  3.626E-21  1.699E-21  1.181E-21  8.776E-22  6.491E-22  4.392E-22
  281.5000  7.285E-11  6.685E-11  5.151E-11  3.300E-11  1.729E-11  7.220E-12  2.316E-12  5.417E-13  8.584E-14  8.320E-15  4.293E-16  1.044E-17  3.723E-19  1.613E-19  1.110E-19  8.212E-20  6.057E-20  4.090E-20
  282.5000  6.458E-10  5.968E-10  4.696E-10  3.120E-10  1.723E-10  7.728E-11  2.722E-11  7.175E-12  1.325E-12  1.560E-13  1.033E-14  3.438E-16  1.392E-17  5.537E-18  3.772E-18  2.777E-18  2.043E-18  1.376E-18
  283.5000  2.408E-09  2.236E-09  1.784E-09  1.213E-09  6.934E-10  3.258E-10  1.219E-10  3.473E-11  7.080E-12  9.458E-13  7.362E-14  2.998E-15  1.332E-16  4.958E-17  3.350E-17  2.457E-17  1.803E-17  1.213E-17
  284.5000  1.633E-08  1.529E-08  1.251E-08  8.883E-09  5.406E-09  2.765E-09  1.156E-09  3.800E-10  9.291E-11  1.566E-11  1.641E-12  9.718E-14  5.349E-15  1.732E-15  1.147E-15  8.343E-16  6.095E-16  4.089E-16
  285.5000  4.185E-08  3.942E-08  3.286E-08  2.409E-08  1.536E-08  8.366E-09  3.797E-09  1.386E-09  3.876E-10  7.747E-11  1.010E-11  7.874E-13  5.208E-14  1.502E-14  9.721E-15  7.018E-15  5.104E-15  3.415E-15
  286.5000  3.889E-07  3.680E-07  3.113E-07  2.339E-07  1.545E-07  8.831E-08  4.269E-08  1.690E-08  5.237E-09  1.194E-09  1.840E-10  1.769E-11  1.368E-12  3.593E-13  2.268E-13  1.626E-13  1.178E-13  7.859E-14
  287.5000  1.717E-06  1.633E-06  1.404E-06  1.084E-06  7.449E-07  4.493E-07  2.330E-07  1.009E-07  3.506E-08  9.248E-09  1.718E-09  2.087E-10  1.957E-11  4.653E-12  2.821E-12  2.002E-12  1.442E-12  9.588E-13
  288.5000  6.461E-06  6.181E-06  5.405E-06  4.298E-06  3.084E-06  1.972E-06  1.103E-06  5.268E-07  2.073E-07  6.403E-08  1.456E-08  2.277E-09  2.687E-10  5.849E-11  3.312E-11  2.318E-11  1.656E-11  1.096E-11
  289.5000  2.885E-05  2.771E-05  2.453E-05  1.993E-05  1.475E-05  9.829E-06  5.807E-06  2.973E-06  1.278E-06  4.420E-07  1.160E-07  2.173E-08  3.051E-09  6.370E-10  3.360E-10  2.318E-10  1.643E-10  1.082E-10
  290.5000  9.703E-05  9.353E-05  8.366E-05  6.918E-05  5.254E-05  3.627E-05  2.243E-05  1.218E-05  5.641E-06  2.144E-06  6.350E-07  1.383E-07  2.262E-08  4.664E-09  2.275E-09  1.544E-09  1.086E-09  7.117E-10
  291.5000  2.512E-04  2.431E-04  2.201E-04  1.857E-04  1.452E-04  1.043E-04  6.796E-05  3.943E-05  1.988E-05  8.413E-06  2.856E-06  7.382E-07  1.448E-07  3.049E-08  1.334E-08  8.795E-09  6.120E-09  3.982E-09
  292.5000  5.111E-04  4.962E-04  4.535E-04  3.891E-04  3.117E-04  2.313E-04  1.572E-04  9.631E-05  5.203E-05  2.404E-05  9.125E-06  2.711E-06  6.200E-07  1.370E-07  5.416E-08  3.440E-08  2.365E-08  1.527E-08
  293.5000  1.260E-03  1.227E-03  1.132E-03  9.865E-04  8.085E-04  6.187E-04  4.377E-04  2.822E-04  1.627E-04  8.166E-05  3.442E-05  1.167E-05  3.095E-06  7.365E-07  2.646E-07  1.592E-07  1.078E-07  6.897E-08
  294.5000  2.108E-03  2.058E-03  1.911E-03  1.686E-03  1.406E-03  1.102E-03  8.040E-04  5.400E-04  3.275E-04  1.752E-04  8.011E-05  3.006E-05  8.970E-06  2.304E-06  7.757E-07  4.391E-07  2.926E-07  1.854E-07
  295.5000  4.649E-03  4.549E-03  4.258E-03  3.805E-03  3.235E-03  2.601E-03  1.963E-03  1.375E-03  8.801E-04  5.044E-04  2.515E-04  1.053E-04  3.573E-05  1.016E-05  3.264E-06  1.690E-06  1.097E-06  6.862E-07
  296.5000  7.259E-03  7.118E-03  6.705E-03  6.057E-03  5.230E-03  4.295E-03  3.332E-03  2.417E-03  1.618E-03  9.813E-04  5.256E-04  2.407E-04  9.097E-05  2.852E-05  9.053E-06  4.275E-06  2.685E-06  1.655E-06
  297.5000  1.264E-02  1.241E-02  1.176E-02  1.072E-02  9.388E-03  7.855E-03  6.243E-03  4.671E-03  3.252E-03  2.072E-03  1.182E-03  5.856E-04  2.436E-04  8.399E-05  2.710E-05  1.170E-05  7.023E-06  4.259E-06
  298.5000  1.388E-02  1.365E-02  1.299E-02  1.194E-02  1.058E-02  8.990E-03  7.291E-03  5.599E-03  4.029E-03  2.676E-03  1.608E-03  8.513E-04  3.840E-04  1.443E-04  4.825E-05  1.937E-05  1.099E-05  6.542E-06
  299.5000  2.872E-02  2.830E-02  2.705E-02  2.505E-02  2.243E-02  1.935E-02  1.600E-02  1.259E-02  9.348E-03  6.458E-03  4.080E-03  2.300E-03  1.122E-03  4.597E-04  1.623E-04  6.157E-05  3.241E-05  1.882E-05
  300.5000  2.535E-02  2.500E-02  2.398E-02  2.234E-02  2.017E-02  1.759E-02  1.476E-02  1.184E-02  8.997E-03  6.403E-03  4.200E-03  2.482E-03  1.284E-03  5.634E-04  2.097E-04  7.745E-05  3.797E-05  2.147E-05
  301.5000  4.729E-02  4.669E-02  4.495E-02  4.214E-02  3.839E-02  3.390E-02  2.890E-02  2.365E-02  1.844E-02  1.356E-02  9.267E-03  5.770E-03  3.186E-03  1.511E-03  6.041E-04  2.219E-04  9.935E-05  5.381E-05
  302.5000  5.654E-02  5.587E-02  5.392E-02  5.075E-02  4.651E-02  4.140E-02  3.567E-02  2.958E-02  2.346E-02  1.762E-02  1.236E-02  7.962E-03  4.588E-03  2.291E-03  9.648E-04  3.587E-04  1.509E-04  7.849E-05
  303.5000  9.197E-02  9.097E-02  8.804E-02  8.325E-02  7.685E-02  6.907E-02  6.023E-02  5.075E-02  4.105E-02  3.161E-02  2.290E-02  1.535E-02  9.310E-03  4.952E-03  2.234E-03  8.595E-04  3.382E-04  1.646E-04
  304.5000  9.781E-02  9.576E-02  9.383E-02  8.900E-02  8.248E-02  7.453E-02  6.546E-02  5.565E-02  4.553E-02  3.556E-02  2.623E-02  1.800E-02  1.123E-02  6.196E-03  2.913E-03  1.152E-03  4.394E-04  2.035E-04
  305.5000  1.243E-01  1.231E-01  1.196E-01  1.139E-01  1.062E-01  9.675E-02  8.588E-02  7.401E-02  6.131E-02  4.916E-02  3.726E-02  2.646E-02  1.727E-02  1.008E-02  5.067E-03  2.124E-03  7.896E-04  3.335E-04
  306.5000  1.276E-01  1.264E-01  1.229E-01  1.173E-01  1.097E-01  1.003E-01  8.940E-02  7.749E-02  6.497E-02  5.233E-02  4.013E-02  2.892E-02  1.923E-02  1.149E-02  5.949E-03  2.565E-03  9.498E-04  3.830E-04
  307.5000  1.785E-01  1.764E-01  1.725E-01  1.651E-01  1.551E-01  1.428E-01  1.285E-01  1.126E-01  9.576E-02  7.853E-02  6.160E-02  4.569E-02  3.153E-02  1.977E-02  1.087E-02  5.003E-03  1.888E-03  6.935E-04
  308.5000  1.973E-01  1.957E-01  1.909E-01  1.830E-01  1.723E-01  1.590E-01  1.435E-01  1.263E-01  1.080E-01  8.917E-02  7.055E-02  5.290E-02  3.702E-02  2.362E-02  1.329E-02  6.274E-03  2.398E-03  8.498E-04
  309.5000  1.704E-01  1.691E-01  1.652E-01  1.587E-01  1.487E-01  1.390E-01  1.262E-01  1.119E-01  9.659E-02  8.070E-02  6.481E-02  4.953E-02  3.552E-02  2.341E-02  1.373E-02  6.818E-03  2.704E-03  9.088E-04
  310.5000  2.287E-01  2.270E-01  2.219E-01  2.136E-01  2.022E-01  1.881E-01  1.715E-01  1.529E-01  1.328E-01  1.119E-01  9.084E-02  7.038E-02  5.136E-02  3.462E-02  2.092E-02  1.079E-02  4.427E-03  1.448E-03
  311.5000  2.915E-01  2.894E-01  2.831E-01  2.728E-01  2.586E-01  2.411E-01  2.204E-01  1.972E-01  1.721E-01  1.458E-01  1.192E-01  9.320E-02  6.880E-02  4.708E-02  2.901E-02  1.535E-02  6.465E-03  2.088E-03
  312.5000  2.795E-01  2.776E-01  2.719E-01  2.625E-01  2.497E-01  2.336E-01  2.146E-01  1.932E-01  1.700E-01  1.454E-01  1.204E-01  9.564E-02  7.208E-02  5.069E-02  3.240E-02  1.801E-02  8.024E-03  2.598E-03
  313.5000  3.155E-01  3.134E-01  3.070E-01  2.966E-01  2.822E-01  2.643E-01  2.431E-01  2.193E-01  1.932E-01  1.657E-01  1.376E-01  1.097E-01  8.308E-02  5.878E-02  3.787E-02  2.126E-02  9.595E-03  3.111E-03
  314.5000  3.108E-01  3.088E-01  3.029E-01  2.930E-01  2.795E-01  2.626E-01  2.426E-01  2.200E-01  1.952E-01  1.688E-01  1.417E-01  1.145E-01  8.831E-02  6.398E-02  4.257E-02  2.498E-02  1.195E-02  4.012E-03
  315.5000  3.199E-01  3.167E-01  3.118E-01  3.018E-01  2.880E-01  2.707E-01  2.503E-01  2.271E-01  2.018E-01  1.748E-01  1.469E-01  1.190E-01  9.203E-02  6.691E-02  4.471E-02  2.640E-02  1.272E-02  4.292E-03
  316.5000  3.150E-01  3.130E-01  3.073E-01  2.978E-01  2.847E-01  2.683E-01  2.489E-01  2.268E-01  2.025E-01  1.766E-01  1.497E-01  1.226E-01  9.608E-02  7.115E-02  4.875E-02  2.981E-02  1.510E-02  5.356E-03
  317.5000  4.449E-01  4.422E-01  4.341E-01  4.207E-01  4.022E-01  3.791E-01  3.517E-01  3.205E-01  2.862E-01  2.496E-01  2.116E-01  1.733E-01  1.358E-01  1.006E-01  6.887E-02  4.207E-02  2.127E-02  7.518E-03
  318.5000  3.462E-01  3.442E-01  3.381E-01  3.280E-01  3.142E-01  2.968E-01  2.762E-01  2.526E-01  2.267E-01  1.989E-01  1.700E-01  1.405E-01  1.116E-01  8.400E-02  5.887E-02  3.717E-02  1.974E-02  7.424E-03
  319.5000  4.212E-01  4.188E-01  4.114E-01  3.993E-01  3.826E-01  3.616E-01  3.366E-01  3.082E-01  2.768E-01  2.432E-01  2.081E-01  1.724E-01  1.372E-01  1.036E-01  7.288E-02  4.627E-02  2.477E-02  9.415E-03
  320.5000  5.110E-01  5.081E-01  4.992E-01  4.847E-01  4.646E-01  4.394E-01  4.094E-01  3.751E-01  3.374E-01  2.968E-01  2.545E-01  2.113E-01  1.686E-01  1.278E-01  9.039E-02  5.780E-02  3.128E-02  1.208E-02
  321.5000  4.293E-01  4.270E-01  4.198E-01  4.080E-01  3.917E-01  3.712E-01  3.468E-01  3.189E-01  2.880E-01  2.548E-01  2.199E-01  1.842E-01  1.487E-01  1.145E-01  8.268E-02  5.451E-02  3.094E-02  1.287E-02
  322.5000  4.354E-01  4.329E-01  4.254E-01  4.131E-01  3.962E-01  3.749E-01  3.496E-01  3.207E-01  2.888E-01  2.544E-01  2.185E-01  1.818E-01  1.455E-01  1.106E-01  7.858E-02  5.054E-02  2.759E-02  1.078E-02
  323.5000  4.427E-01  4.403E-01  4.331E-01  4.211E-01  4.046E-01  3.838E-01  3.591E-01  3.308E-01  2.994E-01  2.656E-01  2.300E-01  1.935E-01  1.570E-01  1.216E-01  8.867E-02  5.924E-02  3.433E-02  1.480E-02
  324.5000  5.194E-01  5.166E-01  5.081E-01  4.941E-01  4.747E-01  4.503E-01  4.212E-01  3.880E-01  3.512E-01  3.115E-01  2.697E-01  2.268E-01  1.839E-01  1.424E-01  1.037E-01  6.910E-02  3.990E-02  1.709E-02
  325.5000  5.830E-01  5.798E-01  5.702E-01  5.544E-01  5.326E-01  5.051E-01  4.724E-01  4.349E-01  3.934E-01  3.487E-01  3.016E-01  2.533E-01  2.051E-01  1.584E-01  1.149E-01  7.619E-02  4.362E-02  1.841E-02
  326.5000  6.986E-01  6.949E-01  6.838E-01  6.654E-01  6.400E-01  6.080E-01  5.699E-01  5.262E-01  4.777E-01  4.252E-01  3.699E-01  3.130E-01  2.558E-01  2.001E-01  1.477E-01  1.005E-01  5.995E-02  2.723E-02
  327.5000  6.522E-01  6.487E-01  6.382E-01  6.209E-01  5.970E-01  5.669E-01  5.311E-01  4.900E-01  4.444E-01  3.951E-01  3.431E-01  2.896E-01  2.360E-01  1.838E-01  1.349E-01  9.095E-02  5.348E-02  2.366E-02
  328.5000  6.021E-01  5.989E-01  5.892E-01  5.727E-01  5.512E-01  5.235E-01  4.905E-01  4.526E-01  4.105E-01  3.651E-01  3.171E-01  2.678E-01  2.183E-01  1.701E-01  1.248E-01  8.419E-02  4.953E-02  2.194E-02
  329.5000  7.740E-01  7.699E-01  7.578E-01  7.378E-01  7.102E-01  6.753E-01  6.337E-01  5.860E-01  5.329E-01  4.755E-01  4.148E-01  3.521E-01  2.890E-01  2.273E-01  1.690E-01  1.162E-01  7.047E-02  3.304E-02
  330.5000  7.057E-01  7.019E-01  6.908E-01  6.724E-01  6.470E-01  6.150E-01  5.768E-01  5.330E-01  4.843E-01  4.316E-01  3.759E-01  3.184E-01  2.607E-01  2.042E-01  1.510E-01  1.029E-01  6.157E-02  2.814E-02
  331.5000  6.976E-01  6.939E-01  6.829E-01  6.648E-01  6.396E-01  6.080E-01  5.702E-01  5.268E-01  4.787E-01  4.265E-01  3.714E-01  3.146E-01  2.574E-01  2.015E-01  1.488E-01  1.012E-01  6.041E-02  2.747E-02
  332.5000  6.826E-01  6.791E-01  6.685E-01  6.510E-01  6.268E-01  5.964E-01  5.600E-01  5.182E-01  4.717E-01  4.214E-01  3.681E-01  3.129E-01  2.573E-01  2.028E-01  1.512E-01  1.043E-01  6.364E-02  3.020E-02
  333.5000  6.428E-01  6.395E-01  6.294E-01  6.129E-01  5.900E-01  5.612E-01  5.267E-01  4.872E-01  4.432E-01  3.956E-01  3.452E-01  2.930E-01  2.405E-01  1.890E-01  1.403E-01  9.617E-02  5.809E-02  2.704E-02
  334.5000  7.170E-01  7.133E-01  7.022E-01  6.838E-01  6.584E-01  6.264E-01  5.881E-01  5.442E-01  4.954E-01  4.424E-01  3.863E-01  3.283E-01  2.698E-01  2.124E-01  1.580E-01  1.086E-01  6.593E-02  3.099E-02
  335.5000  7.243E-01  7.206E-01  7.094E-01  6.910E-01  6.656E-01  6.335E-01  5.952E-01  5.512E-01  5.023E-01  4.491E-01  3.928E-01  3.344E-01  2.755E-01  2.176E-01  1.626E-01  1.125E-01  6.900E-02  3.311E-02
  336.5000  5.665E-01  5.636E-01  5.549E-01  5.405E-01  5.206E-01  4.955E-01  4.655E-01  4.311E-01  3.927E-01  3.511E-01  3.070E-01  2.613E-01  2.151E-01  1.697E-01  1.267E-01  8.745E-02  5.346E-02  2.549E-02
  337.5000  6.230E-01  6.197E-01  6.101E-01  5.942E-01  5.723E-01  5.446E-01  5.114E-01  4.734E-01  4.311E-01  3.852E-01  3.365E-01  2.861E-01  2.352E-01  1.852E-01  1.377E-01  9.463E-02  5.739E-02  2.695E-02
  338.5000  6.552E-01  6.518E-01  6.418E-01  6.253E-01  6.024E-01  5.735E-01  5.390E-01  4.993E-01  4.552E-01  4.072E-01  3.563E-01  3.036E-01  2.502E-01  1.977E-01  1.477E-01  1.022E-01  6.270E-02  3.011E-02
  339.5000  7.117E-01  7.081E-01  6.972E-01  6.793E-01  6.545E-01  6.232E-01  5.858E-01  5.428E-01  4.949E-01  4.429E-01  3.877E-01  3.304E-01  2.725E-01  2.154E-01  1.611E-01  1.115E-01  6.851E-02  3.300E-02
  340.5000  7.615E-01  7.576E-01  7.460E-01  7.268E-01  7.002E-01  6.666E-01  6.266E-01  5.805E-01  5.292E-01  4.734E-01  4.143E-01  3.529E-01  2.908E-01  2.296E-01  1.714E-01  1.183E-01  7.236E-02  3.456E-02
  341.5000  6.749E-01  6.715E-01  6.612E-01  6.443E-01  6.209E-01  5.913E-01  5.560E-01  5.153E-01  4.701E-01  4.208E-01  3.686E-01  3.143E-01  2.593E-01  2.051E-01  1.535E-01  1.064E-01  6.541E-02  3.160E-02
  342.5000  7.472E-01  7.434E-01  7.321E-01  7.134E-01  6.875E-01  6.548E-01  6.158E-01  5.709E-01  5.208E-01  4.664E-01  4.086E-01  3.486E-01  2.877E-01  2.277E-01  1.705E-01  1.182E-01  7.274E-02  3.522E-02
  343.5000  7.763E-01  7.723E-01  7.606E-01  7.411E-01  7.143E-01  6.803E-01  6.397E-01  5.931E-01  5.411E-01  4.845E-01  4.244E-01  3.620E-01  2.987E-01  2.363E-01  1.768E-01  1.224E-01  7.514E-02  3.623E-02
  344.5000  5.442E-01  5.414E-01  5.332E-01  5.196E-01  5.007E-01  4.769E-01  4.485E-01  4.158E-01  3.793E-01  3.396E-01  2.974E-01  2.537E-01  2.092E-01  1.654E-01  1.236E-01  8.545E-02  5.234E-02  2.512E-02
  345.5000  7.441E-01  7.404E-01  7.291E-01  7.106E-01  6.850E-01  6.526E-01  6.139E-01  5.694E-01  5.197E-01  4.657E-01  4.082E-01  3.485E-01  2.879E-01  2.280E-01  1.708E-01  1.184E-01  7.296E-02  3.541E-02
  346.5000  6.965E-01  6.930E-01  6.825E-01  6.651E-01  6.411E-01  6.108E-01  5.745E-01  5.328E-01  4.862E-01  4.356E-01  3.817E-01  3.258E-01  2.689E-01  2.128E-01  1.592E-01  1.101E-01  6.758E-02  3.257E-02
  347.5000  6.802E-01  6.767E-01  6.665E-01  6.496E-01  6.262E-01  5.966E-01  5.612E-01  5.205E-01  4.751E-01  4.257E-01  3.732E-01  3.185E-01  2.630E-01  2.082E-01  1.557E-01  1.078E-01  6.615E-02  3.190E-02
  348.5000  7.469E-01  7.432E-01  7.320E-01  7.134E-01  6.878E-01  6.554E-01  6.166E-01  5.720E-01  5.222E-01  4.681E-01  4.104E-01  3.504E-01  2.895E-01  2.292E-01  1.716E-01  1.188E-01  7.300E-02  3.530E-02
  349.5000  6.258E-01  6.226E-01  6.132E-01  5.977E-01  5.763E-01  5.492E-01  5.167E-01  4.794E-01  4.377E-01  3.924E-01  3.441E-01  2.938E-01  2.428E-01  1.922E-01  1.439E-01  9.963E-02  6.118E-02  2.957E-02
  350.5000  8.757E-01  8.713E-01  8.582E-01  8.366E-01  8.066E-01  7.687E-01  7.233E-01  6.712E-01  6.129E-01  5.495E-01  4.820E-01  4.117E-01  3.402E-01  2.694E-01  2.017E-01  1.397E-01  8.578E-02  4.148E-02
  351.5000  7.546E-01  7.508E-01  7.395E-01  7.209E-01  6.951E-01  6.624E-01  6.234E-01  5.785E-01  5.283E-01  4.737E-01  4.155E-01  3.550E-01  2.933E-01  2.323E-01  1.739E-01  1.204E-01  7.387E-02  3.568E-02
  352.5000  6.802E-01  6.768E-01  6.666E-01  6.498E-01  6.266E-01  5.973E-01  5.621E-01  5.217E-01  4.765E-01  4.273E-01  3.749E-01  3.204E-01  2.648E-01  2.098E-01  1.571E-01  1.087E-01  6.673E-02  3.226E-02
  353.5000  8.183E-01  8.142E-01  8.020E-01  7.818E-01  7.540E-01  7.187E-01  6.765E-01  6.279E-01  5.737E-01  5.145E-01  4.516E-01  3.859E-01  3.191E-01  2.529E-01  1.894E-01  1.311E-01  8.052E-02  3.898E-02
  354.5000  8.851E-01  8.807E-01  8.675E-01  8.458E-01  8.157E-01  7.776E-01  7.320E-01  6.795E-01  6.209E-01  5.570E-01  4.890E-01  4.180E-01  3.457E-01  2.740E-01  2.053E-01  1.422E-01  8.732E-02  4.231E-02
  355.5000  8.268E-01  8.227E-01  8.104E-01  7.901E-01  7.620E-01  7.265E-01  6.840E-01  6.350E-01  5.803E-01  5.207E-01  4.571E-01  3.909E-01  3.233E-01  2.563E-01  1.920E-01  1.330E-01  8.166E-02  3.957E-02
  356.5000  7.670E-01  7.632E-01  7.518E-01  7.330E-01  7.070E-01  6.741E-01  6.347E-01  5.893E-01  5.386E-01  4.833E-01  4.244E-01  3.629E-01  3.002E-01  2.380E-01  1.783E-01  1.235E-01  7.581E-02  3.673E-02
  357.5000  6.520E-01  6.487E-01  6.391E-01  6.231E-01  6.010E-01  5.731E-01  5.396E-01  5.011E-01  4.580E-01  4.111E-01  3.610E-01  3.088E-01  2.555E-01  2.026E-01  1.518E-01  1.051E-01  6.448E-02  3.123E-02
  358.5000  5.029E-01  5.004E-01  4.929E-01  4.807E-01  4.636E-01  4.421E-01  4.163E-01  3.867E-01  3.535E-01  3.173E-01  2.787E-01  2.384E-01  1.973E-01  1.565E-01  1.173E-01  8.117E-02  4.982E-02  2.414E-02
  359.5000  8.460E-01  8.418E-01  8.293E-01  8.087E-01  7.801E-01  7.439E-01  7.006E-01  6.507E-01  5.950E-01  5.341E-01  4.692E-01  4.015E-01  3.323E-01  2.636E-01  1.975E-01  1.367E-01  8.389E-02  4.064E-02
  360.5000  7.838E-01  7.800E-01  7.684E-01  7.493E-01  7.228E-01  6.894E-01  6.493E-01  6.031E-01  5.515E-01  4.952E-01  4.351E-01  3.723E-01  3.082E-01  2.445E-01  1.832E-01  1.268E-01  7.780E-02  3.769E-02
  361.5000  7.064E-01  7.029E-01  6.925E-01  6.753E-01  6.515E-01  6.214E-01  5.853E-01  5.437E-01  4.973E-01  4.465E-01  3.924E-01  3.359E-01  2.781E-01  2.207E-01  1.654E-01  1.145E-01  7.022E-02  3.403E-02
  362.5000  8.291E-01  8.250E-01  8.129E-01  7.927E-01  7.648E-01  7.295E-01  6.872E-01  6.385E-01  5.840E-01  5.245E-01  4.610E-01  3.946E-01  3.268E-01  2.594E-01  1.944E-01  1.346E-01  8.252E-02  3.999E-02
  363.5000  7.373E-01  7.336E-01  7.228E-01  7.049E-01  6.801E-01  6.488E-01  6.112E-01  5.680E-01  5.195E-01  4.667E-01  4.102E-01  3.512E-01  2.909E-01  2.309E-01  1.731E-01  1.198E-01  7.345E-02  3.560E-02
  364.5000  8.040E-01  8.000E-01  7.882E-01  7.687E-01  7.418E-01  7.076E-01  6.667E-01  6.195E-01  5.668E-01  5.092E-01  4.477E-01  3.834E-01  3.176E-01  2.521E-01  1.890E-01  1.308E-01  8.016E-02  3.884E-02
  365.5000  9.793E-01  9.745E-01  9.602E-01  9.364E-01  9.036E-01  8.621E-01  8.123E-01  7.549E-01  6.907E-01  6.206E-01  5.457E-01  4.674E-01  3.872E-01  3.074E-01  2.305E-01  1.595E-01  9.770E-02  4.732E-02
  366.5000  1.036E+00  1.031E+00  1.016E+00  9.907E-01  9.560E-01  9.121E-01  8.595E-01  7.989E-01  7.310E-01  6.569E-01  5.777E-01  4.949E-01  4.101E-01  3.256E-01  2.441E-01  1.689E-01  1.035E-01  5.013E-02
  367.5000  9.832E-01  9.784E-01  9.641E-01  9.403E-01  9.074E-01  8.658E-01  8.160E-01  7.585E-01  6.941E-01  6.239E-01  5.487E-01  4.701E-01  3.897E-01  3.095E-01  2.320E-01  1.605E-01  9.833E-02  4.763E-02
  368.5000  8.634E-01  8.592E-01  8.466E-01  8.258E-01  7.970E-01  7.605E-01  7.167E-01  6.663E-01  6.098E-01  5.482E-01  4.822E-01  4.132E-01  3.426E-01  2.721E-01  2.040E-01  1.411E-01  8.643E-02  4.186E-02
  369.5000  1.035E+00  1.030E+00  1.015E+00  9.902E-01  9.557E-01  9.120E-01  8.596E-01  7.992E-01  7.316E-01  6.577E-01  5.786E-01  4.959E-01  4.112E-01  3.266E-01  2.449E-01  1.694E-01  1.037E-01  5.023E-02
  370.5000  9.389E-01  9.344E-01  9.207E-01  8.981E-01  8.669E-01  8.273E-01  7.798E-01  7.251E-01  6.638E-01  5.968E-01  5.252E-01  4.502E-01  3.733E-01  2.966E-01  2.224E-01  1.539E-01  9.416E-02  4.559E-02
  371.5000  1.074E+00  1.069E+00  1.053E+00  1.027E+00  9.916E-01  9.464E-01  8.921E-01  8.296E-01  7.596E-01  6.830E-01  6.011E-01  5.153E-01  4.274E-01  3.396E-01  2.547E-01  1.762E-01  1.078E-01  5.219E-02
  372.5000  7.930E-01  7.892E-01  7.777E-01  7.586E-01  7.323E-01  6.989E-01  6.589E-01  6.128E-01  5.611E-01  5.046E-01  4.442E-01  3.809E-01  3.160E-01  2.511E-01  1.883E-01  1.303E-01  7.968E-02  3.857E-02
  373.5000  7.165E-01  7.131E-01  7.027E-01  6.855E-01  6.617E-01  6.316E-01  5.955E-01  5.539E-01  5.072E-01  4.562E-01  4.016E-01  3.444E-01  2.858E-01  2.271E-01  1.704E-01  1.178E-01  7.205E-02  3.487E-02
  374.5000  7.861E-01  7.823E-01  7.710E-01  7.521E-01  7.261E-01  6.931E-01  6.535E-01  6.079E-01  5.567E-01  5.008E-01  4.410E-01  3.782E-01  3.139E-01  2.495E-01  1.872E-01  1.294E-01  7.912E-02  3.828E-02
  375.5000  8.867E-01  8.824E-01  8.696E-01  8.484E-01  8.190E-01  7.818E-01  7.373E-01  6.858E-01  6.282E-01  5.652E-01  4.977E-01  4.270E-01  3.544E-01  2.817E-01  2.114E-01  1.462E-01  8.932E-02  4.321E-02
  376.5000  8.851E-01  8.808E-01  8.681E-01  8.469E-01  8.177E-01  7.806E-01  7.361E-01  6.848E-01  6.274E-01  5.645E-01  4.972E-01  4.266E-01  3.541E-01  2.816E-01  2.113E-01  1.461E-01  8.925E-02  4.317E-02
  377.5000  1.054E+00  1.049E+00  1.033E+00  1.008E+00  9.734E-01  9.293E-01  8.765E-01  8.155E-01  7.471E-01  6.723E-01  5.922E-01  5.082E-01  4.220E-01  3.356E-01  2.518E-01  1.741E-01  1.063E-01  5.143E-02
  378.5000  1.148E+00  1.142E+00  1.126E+00  1.099E+00  1.061E+00  1.013E+00  9.552E-01  8.888E-01  8.144E-01  7.329E-01  6.457E-01  5.542E-01  4.602E-01  3.661E-01  2.747E-01  1.899E-01  1.160E-01  5.607E-02
  379.5000  8.490E-01  8.450E-01  8.327E-01  8.125E-01  7.846E-01  7.491E-01  7.066E-01  6.576E-01  6.026E-01  5.424E-01  4.779E-01  4.102E-01  3.407E-01  2.711E-01  2.034E-01  1.406E-01  8.584E-02  4.149E-02
  380.5000  1.021E+00  1.016E+00  1.001E+00  9.769E-01  9.433E-01  9.008E-01  8.497E-01  7.908E-01  7.247E-01  6.524E-01  5.749E-01  4.936E-01  4.100E-01  3.262E-01  2.449E-01  1.693E-01  1.033E-01  4.992E-02
  381.5000  9.589E-01  9.543E-01  9.405E-01  9.177E-01  8.862E-01  8.463E-01  7.984E-01  7.431E-01  6.811E-01  6.132E-01  5.405E-01  4.641E-01  3.856E-01  3.068E-01  2.303E-01  1.592E-01  9.713E-02  4.693E-02
  382.5000  6.387E-01  6.357E-01  6.265E-01  6.114E-01  5.904E-01  5.638E-01  5.319E-01  4.951E-01  4.539E-01  4.087E-01  3.603E-01  3.094E-01  2.571E-01  2.046E-01  1.536E-01  1.062E-01  6.476E-02  3.128E-02
  383.5000  5.607E-01  5.580E-01  5.500E-01  5.367E-01  5.183E-01  4.950E-01  4.671E-01  4.348E-01  3.986E-01  3.589E-01  3.165E-01  2.718E-01  2.259E-01  1.798E-01  1.350E-01  9.331E-02  5.690E-02  2.748E-02
  384.5000  8.412E-01  8.372E-01  8.251E-01  8.052E-01  7.777E-01  7.427E-01  7.008E-01  6.525E-01  5.982E-01  5.388E-01  4.751E-01  4.081E-01  3.392E-01  2.701E-01  2.028E-01  1.402E-01  8.544E-02  4.125E-02
  385.5000  8.320E-01  8.280E-01  8.161E-01  7.965E-01  7.692E-01  7.347E-01  6.933E-01  6.455E-01  5.919E-01  5.332E-01  4.702E-01  4.040E-01  3.359E-01  2.674E-01  2.008E-01  1.388E-01  8.458E-02  4.082E-02
  386.5000  8.478E-01  8.438E-01  8.317E-01  8.117E-01  7.839E-01  7.488E-01  7.067E-01  6.580E-01  6.034E-01  5.436E-01  4.794E-01  4.120E-01  3.426E-01  2.728E-01  2.049E-01  1.416E-01  8.627E-02  4.163E-02
  387.5000  7.877E-01  7.839E-01  7.727E-01  7.541E-01  7.284E-01  6.958E-01  6.567E-01  6.115E-01  5.608E-01  5.053E-01  4.457E-01  3.831E-01  3.186E-01  2.538E-01  1.906E-01  1.317E-01  8.023E-02  3.870E-02
  388.5000  7.893E-01  7.855E-01  7.743E-01  7.557E-01  7.300E-01  6.974E-01  6.582E-01  6.130E-01  5.622E-01  5.066E-01  4.469E-01  3.842E-01  3.196E-01  2.546E-01  1.912E-01  1.321E-01  8.046E-02  3.880E-02
  389.5000  9.951E-01  9.904E-01  9.762E-01  9.528E-01  9.204E-01  8.793E-01  8.300E-01  7.730E-01  7.091E-01  6.390E-01  5.638E-01  4.847E-01  4.033E-01  3.213E-01  2.414E-01  1.668E-01  1.015E-01  4.895E-02
  390.5000  9.771E-01  9.725E-01  9.586E-01  9.357E-01  9.039E-01  8.635E-01  8.152E-01  7.593E-01  6.965E-01  6.278E-01  5.540E-01  4.764E-01  3.964E-01  3.159E-01  2.373E-01  1.640E-01  9.979E-02  4.810E-02
  391.5000  1.159E+00  1.153E+00  1.137E+00  1.110E+00  1.072E+00  1.024E+00  9.670E-01  9.008E-01  8.264E-01  7.450E-01  6.575E-01  5.654E-01  4.705E-01  3.750E-01  2.818E-01  1.947E-01  1.185E-01  5.708E-02
  392.5000  8.688E-01  8.647E-01  8.524E-01  8.320E-01  8.038E-01  7.680E-01  7.251E-01  6.755E-01  6.198E-01  5.588E-01  4.932E-01  4.242E-01  3.531E-01  2.815E-01  2.115E-01  1.462E-01  8.889E-02  4.282E-02
  393.5000  3.776E-01  3.758E-01  3.705E-01  3.616E-01  3.494E-01  3.339E-01  3.152E-01  2.937E-01  2.695E-01  2.430E-01  2.145E-01  1.845E-01  1.536E-01  1.225E-01  9.205E-02  6.360E-02  3.867E-02  1.862E-02
  394.5000  8.883E-01  8.841E-01  8.716E-01  8.508E-01  8.220E-01  7.855E-01  7.417E-01  6.911E-01  6.342E-01  5.719E-01  5.049E-01  4.344E-01  3.617E-01  2.884E-01  2.168E-01  1.498E-01  9.105E-02  4.383E-02
  395.5000  1.143E+00  1.137E+00  1.121E+00  1.094E+00  1.057E+00  1.011E+00  9.542E-01  8.892E-01  8.161E-01  7.360E-01  6.499E-01  5.592E-01  4.657E-01  3.714E-01  2.792E-01  1.929E-01  1.172E-01  5.641E-02
  396.5000  6.708E-01  6.676E-01  6.582E-01  6.425E-01  6.208E-01  5.933E-01  5.603E-01  5.221E-01  4.793E-01  4.323E-01  3.818E-01  3.286E-01  2.736E-01  2.183E-01  1.641E-01  1.134E-01  6.888E-02  3.314E-02
  397.5000  7.739E-01  7.702E-01  7.593E-01  7.413E-01  7.163E-01  6.846E-01  6.465E-01  6.025E-01  5.531E-01  4.989E-01  4.407E-01  3.793E-01  3.160E-01  2.521E-01  1.896E-01  1.310E-01  7.954E-02  3.825E-02
  398.5000  1.329E+00  1.323E+00  1.305E+00  1.274E+00  1.231E+00  1.176E+00  1.111E+00  1.035E+00  9.506E-01  8.575E-01  7.575E-01  6.521E-01  5.433E-01  4.335E-01  3.261E-01  2.253E-01  1.368E-01  6.576E-02
  399.5000  1.383E+00  1.376E+00  1.357E+00  1.324E+00  1.280E+00  1.223E+00  1.155E+00  1.077E+00  9.888E-01  8.921E-01  7.882E-01  6.787E-01  5.655E-01  4.513E-01  3.395E-01  2.345E-01  1.424E-01  6.842E-02
  400.5000  1.453E+00  1.446E+00  1.426E+00  1.392E+00  1.345E+00  1.286E+00  1.215E+00  1.132E+00  1.040E+00  9.381E-01  8.290E-01  7.139E-01  5.949E-01  4.749E-01  3.572E-01  2.468E-01  1.498E-01  7.195E-02
  401.5000  1.495E+00  1.488E+00  1.467E+00  1.432E+00  1.384E+00  1.323E+00  1.250E+00  1.165E+00  1.070E+00  9.654E-01  8.532E-01  7.348E-01  6.125E-01  4.890E-01  3.679E-01  2.542E-01  1.542E-01  7.405E-02
  402.5000  1.551E+00  1.544E+00  1.522E+00  1.486E+00  1.437E+00  1.373E+00  1.297E+00  1.209E+00  1.111E+00  1.003E+00  8.861E-01  7.633E-01  6.363E-01  5.081E-01  3.823E-01  2.641E-01  1.602E-01  7.690E-02
  403.5000  1.420E+00  1.413E+00  1.393E+00  1.360E+00  1.315E+00  1.257E+00  1.187E+00  1.107E+00  1.017E+00  9.178E-01  8.113E-01  6.990E-01  5.828E-01  4.654E-01  3.503E-01  2.420E-01  1.467E-01  7.041E-02
  404.5000  1.392E+00  1.386E+00  1.366E+00  1.334E+00  1.289E+00  1.233E+00  1.165E+00  1.086E+00  9.975E-01  9.004E-01  7.960E-01  6.859E-01  5.720E-01  4.569E-01  3.439E-01  2.376E-01  1.440E-01  6.909E-02
  405.5000  1.446E+00  1.439E+00  1.419E+00  1.385E+00  1.339E+00  1.280E+00  1.210E+00  1.128E+00  1.036E+00  9.356E-01  8.272E-01  7.129E-01  5.946E-01  4.750E-01  3.575E-01  2.470E-01  1.497E-01  7.179E-02
  406.5000  1.362E+00  1.355E+00  1.336E+00  1.305E+00  1.261E+00  1.206E+00  1.139E+00  1.063E+00  9.762E-01  8.814E-01  7.794E-01  6.718E-01  5.604E-01  4.478E-01  3.371E-01  2.329E-01  1.411E-01  6.764E-02
  407.5000  1.372E+00  1.366E+00  1.347E+00  1.315E+00  1.271E+00  1.216E+00  1.149E+00  1.071E+00  9.844E-01  8.889E-01  7.861E-01  6.776E-01  5.654E-01  4.518E-01  3.402E-01  2.350E-01  1.424E-01  6.821E-02
  408.5000  1.528E+00  1.521E+00  1.500E+00  1.465E+00  1.416E+00  1.354E+00  1.279E+00  1.193E+00  1.096E+00  9.902E-01  8.758E-01  7.551E-01  6.301E-01  5.036E-01  3.792E-01  2.620E-01  1.587E-01  7.598E-02
  409.5000  1.498E+00  1.491E+00  1.470E+00  1.435E+00  1.388E+00  1.327E+00  1.254E+00  1.170E+00  1.075E+00  9.709E-01  8.589E-01  7.406E-01  6.181E-01  4.941E-01  3.721E-01  2.571E-01  1.556E-01  7.451E-02
  410.5000  1.299E+00  1.293E+00  1.275E+00  1.245E+00  1.203E+00  1.151E+00  1.088E+00  1.015E+00  9.324E-01  8.422E-01  7.451E-01  6.425E-01  5.364E-01  4.288E-01  3.230E-01  2.232E-01  1.351E-01  6.463E-02
  411.5000  1.561E+00  1.553E+00  1.532E+00  1.496E+00  1.446E+00  1.383E+00  1.307E+00  1.219E+00  1.121E+00  1.013E+00  8.959E-01  7.727E-01  6.451E-01  5.158E-01  3.886E-01  2.685E-01  1.625E-01  7.772E-02
  412.5000  1.546E+00  1.539E+00  1.518E+00  1.482E+00  1.433E+00  1.371E+00  1.296E+00  1.209E+00  1.111E+00  1.004E+00  8.883E-01  7.662E-01  6.398E-01  5.117E-01  3.855E-01  2.664E-01  1.612E-01  7.706E-02
  413.5000  1.500E+00  1.493E+00  1.472E+00  1.437E+00  1.390E+00  1.329E+00  1.256E+00  1.172E+00  1.078E+00  9.738E-01  8.618E-01  7.435E-01  6.209E-01  4.967E-01  3.743E-01  2.586E-01  1.564E-01  7.477E-02
  414.5000  1.541E+00  1.534E+00  1.513E+00  1.477E+00  1.428E+00  1.366E+00  1.291E+00  1.205E+00  1.108E+00  1.001E+00  8.861E-01  7.646E-01  6.386E-01  5.109E-01  3.850E-01  2.661E-01  1.609E-01  7.687E-02
  415.5000  1.474E+00  1.467E+00  1.446E+00  1.413E+00  1.366E+00  1.307E+00  1.235E+00  1.153E+00  1.060E+00  9.577E-01  8.478E-01  7.317E-01  6.112E-01  4.891E-01  3.686E-01  2.547E-01  1.540E-01  7.354E-02
  416.5000  1.604E+00  1.596E+00  1.574E+00  1.537E+00  1.486E+00  1.422E+00  1.344E+00  1.255E+00  1.154E+00  1.043E+00  9.231E-01  7.967E-01  6.656E-01  5.327E-01  4.016E-01  2.775E-01  1.677E-01  8.005E-02
  417.5000  1.466E+00  1.459E+00  1.439E+00  1.405E+00  1.359E+00  1.300E+00  1.229E+00  1.147E+00  1.055E+00  9.534E-01  8.441E-01  7.287E-01  6.089E-01  4.874E-01  3.674E-01  2.539E-01  1.534E-01  7.320E-02
  418.5000  1.477E+00  1.470E+00  1.450E+00  1.416E+00  1.369E+00  1.310E+00  1.239E+00  1.156E+00  1.063E+00  9.611E-01  8.511E-01  7.347E-01  6.141E-01  4.916E-01  3.707E-01  2.562E-01  1.548E-01  7.380E-02
  419.5000  1.525E+00  1.518E+00  1.497E+00  1.463E+00  1.414E+00  1.353E+00  1.279E+00  1.194E+00  1.098E+00  9.930E-01  8.794E-01  7.594E-01  6.347E-01  5.082E-01  3.833E-01  2.649E-01  1.600E-01  7.626E-02
------------------------------------------------------------
Dose rates, W m-2
   1 = UV-B, 280-315 nm                                  
   2 = UV-B*, 280-320 nm                                 
   3 = UV-A, 315-400 nm                                  
   4 = DNA damage, in vitro (Setlow, 1974)               
   5 = UV index (WMO, 1994; Webb et al., 2011)           
   6 = Plant damage (Caldwell, 1971)                     
   7 = Plant damage,Flint&Caldwell,2003,orig.            
   8 = Plant damage,Flint&Caldwell,2003,ext390           
values at z =      0.000 km
Columns: sza, weighting spectra
 sza, deg.          1          2          3          4          5          6          7          8
    0.0000  2.614E+00  4.462E+00  6.456E+01  1.268E-02  1.645E+01  5.705E-01  1.381E+00  1.834E+00
    5.0000  2.591E+00  4.426E+00  6.424E+01  1.250E-02  1.627E+01  5.635E-01  1.370E+00  1.821E+00
   10.0000  2.529E+00  4.332E+00  6.327E+01  1.201E-02  1.580E+01  5.456E-01  1.341E+00  1.785E+00
   15.0000  2.425E+00  4.172E+00  6.168E+01  1.122E-02  1.501E+01  5.154E-01  1.291E+00  1.725E+00
   20.0000  2.282E+00  3.954E+00  5.948E+01  1.018E-02  1.396E+01  4.750E-01  1.224E+00  1.643E+00
   25.0000  2.109E+00  3.685E+00  5.670E+01  8.970E-03  1.270E+01  4.269E-01  1.142E+00  1.542E+00
   30.0000  1.907E+00  3.371E+00  5.337E+01  7.646E-03  1.127E+01  3.727E-01  1.048E+00  1.424E+00
   35.0000  1.684E+00  3.019E+00  4.953E+01  6.291E-03  9.741E+00  3.152E-01  9.432E-01  1.294E+00
   40.0000  1.447E+00  2.641E+00  4.525E+01  4.976E-03  8.176E+00  2.570E-01  8.323E-01  1.154E+00
   45.0000  1.205E+00  2.249E+00  4.058E+01  3.770E-03  6.646E+00  2.011E-01  7.186E-01  1.008E+00
   50.0000  9.668E-01  1.853E+00  3.561E+01  2.716E-03  5.205E+00  1.496E-01  6.050E-01  8.596E-01
   55.0000  7.407E-01  1.469E+00  3.042E+01  1.848E-03  3.907E+00  1.047E-01  4.948E-01  7.132E-01
   60.0000  5.357E-01  1.108E+00  2.513E+01  1.176E-03  2.790E+00  6.794E-02  3.909E-01  5.723E-01
   65.0000  3.598E-01  7.860E-01  1.988E+01  6.922E-04  1.879E+00  4.007E-02  2.958E-01  4.401E-01
   70.0000  2.188E-01  5.129E-01  1.485E+01  3.727E-04  1.177E+00  2.092E-02  2.118E-01  3.200E-01
   75.0000  1.159E-01  2.977E-01  1.021E+01  1.821E-04  6.728E-01  9.413E-03  1.404E-01  2.153E-01
   80.0000  5.031E-02  1.439E-01  6.200E+00  8.107E-05  3.392E-01  3.691E-03  8.266E-02  1.284E-01
   85.0000  1.698E-02  5.099E-02  2.955E+00  3.296E-05  1.390E-01  1.442E-03  3.829E-02  6.040E-02
------------------------------------------------------------
