Spectral Irradiance, W m-2 nm-1
values at z =      0.000 km
Columns: wavelength (nm), solar zenith angles (deg.)
    wc, nm      0.000      5.000     10.000     15.000     20.000     25.000     30.000     35.000     40.000     45.000     50.000     55.000     60.000     65.000     70.000     75.000     80.000     85.000
  120.7000  0.000E+00  0.000E+00  0.000E+00  0.000E+00  0.000E+00  0.000E+00  0.000E+00  0.000E+00  0.000E+00  0.000E+00  0.000E+00  0.000E+00  0.000E+00  0.000E+00  0.000E+00  0.000E+00  0.000E+00  0.000E+00
  121.6500  0.000E+00  0.000E+00  0.000E+00  0.000E+00  0.000E+00  0.000E+00  0.000E+00  0.000E+00  0.000E+00  0.000E+00  0.000E+00  0.000E+00  0.000E+00  0.000E+00  0.000E+00  0.000E+00  0.000E+00  0.000E+00
  122.1000  0.000E+00  0.000E+00  0.000E+00  0.000E+00  0.000E+00  0.000E+00  0.000E+00  0.000E+00  0.000E+00  0.000E+00  0.000E+00  0.000E+00  0.000E+00  0.000E+00  0.000E+00  0.000E+00  0.000E+00  0.000E+00
  122.7000  0.000E+00  0.000E+00  0.000E+00  0.000E+00  0.000E+00  0.000E+00  0.000E+00  0.000E+00  0.000E+00  0.000E+00  0.000E+00  0.000E+00  0.000E+00  0.000E+00  0.000E+00  0.000E+00  0.000E+00  0.000E+00
  123.4500  0.000E+00  0.000E+00  0.000E+00  0.000E+00  0.000E+00  0.000E+00  0.000E+00  0.000E+00  0.000E+00  0.000E+00  0.000E+00  0.000E+00  0.000E+00  0.000E+00  0.000E+00  0.000E+00  0.000E+00  0.000E+00
  124.2000  0.000E+00  0.000E+00  0.000E+00  0.000E+00  0.000E+00  0.000E+00  0.000E+00  0.000E+00  0.000E+00  0.000E+00  0.000E+00  0.000E+00  0.000E+00  0.000E+00  0.000E+00  0.000E+00  0.000E+00  0.000E+00
  125.0000  0.000E+00  0.000E+00  0.000E+00  0.000E+00  0.000E+00  0.000E+00  0.000E+00  0.000E+00  0.000E+00  0.000E+00  0.000E+00  0.000E+00  0.000E+00  0.000E+00  0.000E+00  0.000E+00  0.000E+00  0.000E+00
  125.8000  0.000E+00  0.000E+00  0.000E+00  0.000E+00  0.000E+00  0.000E+00  0.000E+00  0.000E+00  0.000E+00  0.000E+00  0.000E+00  0.000E+00  0.000E+00  0.000E+00  0.000E+00  0.000E+00  0.000E+00  0.000E+00
  126.6000  0.000E+00  0.000E+00  0.000E+00  0.000E+00  0.000E+00  0.000E+00  0.000E+00  0.000E+00  0.000E+00  0.000E+00  0.000E+00  0.000E+00  0.000E+00  0.000E+00  0.000E+00  0.000E+00  0.000E+00  0.000E+00
  127.8000  0.000E+00  0.000E+00  0.000E+00  0.000E+00  0.000E+00  0.000E+00  0.000E+00  0.000E+00  0.000E+00  0.000E+00  0.000E+00  0.000E+00  0.000E+00  0.000E+00  0.000E+00  0.000E+00  0.000E+00  0.000E+00
  129.0000  0.000E+00  0.000E+00  0.000E+00  0.000E+00  0.000E+00  0.000E+00  0.000E+00  0.000E+00  0.000E+00  0.000E+00  0.000E+00  0.000E+00  0.000E+00  0.000E+00  0.000E+00  0.000E+00  0.000E+00  0.000E+00
  129.8500  0.000E+00  0.000E+00  0.000E+00  0.000E+00  0.000E+00  0.000E+00  0.000E+00  0.000E+00  0.000E+00  0.000E+00  0.000E+00  0.000E+00  0.000E+00  0.000E+00  0.000E+00  0.000E+00  0.000E+00  0.000E+00
  131.1500  0.000E+00  0.000E+00  0.000E+00  0.000E+00  0.000E+00  0.000E+00  0.000E+00  0.000E+00  0.000E+00  0.000E+00  0.000E+00  0.000E+00  0.000E+00  0.000E+00  0.000E+00  0.000E+00  0.000E+00  0.000E+00
  133.5000  0.000E+00  0.000E+00  0.000E+00  0.000E+00  0.000E+00  0.000E+00  0.000E+00  0.000E+00  0.000E+00  0.000E+00  0.000E+00  0.000E+00  0.000E+00  0.000E+00  0.000E+00  0.000E+00  0.000E+00  0.000E+00
  136.0000  0.000E+00  0.000E+00  0.000E+00  0.000E+00  0.000E+00  0.000E+00  0.000E+00  0.000E+00  0.000E+00  0.000E+00  0.000E+00  0.000E+00  0.000E+00  0.000E+00  0.000E+00  0.000E+00  0.000E+00  0.000E+00
  141.0000  0.000E+00  0.000E+00  0.000E+00  0.000E+00  0.000E+00  0.000E+00  0.000E+00  0.000E+00  0.000E+00  0.000E+00  0.000E+00  0.000E+00  0.000E+00  0.000E+00  0.000E+00  0.000E+00  0.000E+00  0.000E+00
  150.0000  0.000E+00  0.000E+00  0.000E+00  0.000E+00  0.000E+00  0.000E+00  0.000E+00  0.000E+00  0.000E+00  0.000E+00  0.000E+00  0.000E+00  0.000E+00  0.000E+00  0.000E+00  0.000E+00  0.000E+00  0.000E+00
  160.0000  0.000E+00  0.000E+00  0.000E+00  0.000E+00  0.000E+00  0.000E+00  0.000E+00  0.000E+00  0.000E+00  0.000E+00  0.000E+00  0.000E+00  0.000E+00  0.000E+00  0.000E+00  0.000E+00  0.000E+00  0.000E+00
  167.5000  0.000E+00  0.000E+00  0.000E+00  0.000E+00  0.000E+00  0.000E+00  0.000E+00  0.000E+00  0.000E+00  0.000E+00  0.000E+00  0.000E+00  0.000E+00  0.000E+00  0.000E+00  0.000E+00  0.000E+00  0.000E+00
  172.7000  0.000E+00  0.000E+00  0.000E+00  0.000E+00  0.000E+00  0.000E+00  0.000E+00  0.000E+00  0.000E+00  0.000E+00  0.000E+00  0.000E+00  0.000E+00  0.000E+00  0.000E+00  0.000E+00  0.000E+00  0.000E+00
  176.2000  0.000E+00  0.000E+00  0.000E+00  0.000E+00  0.000E+00  0.000E+00  0.000E+00  0.000E+00  0.000E+00  0.000E+00  0.000E+00  0.000E+00  0.000E+00  0.000E+00  0.000E+00  0.000E+00  0.000E+00  0.000E+00
  177.8000  0.000E+00  0.000E+00  0.000E+00  0.000E+00  0.000E+00  0.000E+00  0.000E+00  0.000E+00  0.000E+00  0.000E+00  0.000E+00  0.000E+00  0.000E+00  0.000E+00  0.000E+00  0.000E+00  0.000E+00  0.000E+00
  179.4000  0.000E+00  0.000E+00  0.000E+00  0.000E+00  0.000E+00  0.000E+00  0.000E+00  0.000E+00  0.000E+00  0.000E+00  0.000E+00  0.000E+00  0.000E+00  0.000E+00  0.000E+00  0.000E+00  0.000E+00  0.000E+00
  181.0000  0.000E+00  0.000E+00  0.000E+00  0.000E+00  0.000E+00  0.000E+00  0.000E+00  0.000E+00  0.000E+00  0.000E+00  0.000E+00  0.000E+00  0.000E+00  0.000E+00  0.000E+00  0.000E+00  0.000E+00  0.000E+00
  182.6500  0.000E+00  0.000E+00  0.000E+00  0.000E+00  0.000E+00  0.000E+00  0.000E+00  0.000E+00  0.000E+00  0.000E+00  0.000E+00  0.000E+00  0.000E+00  0.000E+00  0.000E+00  0.000E+00  0.000E+00  0.000E+00
  184.3500  0.000E+00  0.000E+00  0.000E+00  0.000E+00  0.000E+00  0.000E+00  0.000E+00  0.000E+00  0.000E+00  0.000E+00  0.000E+00  0.000E+00  0.000E+00  0.000E+00  0.000E+00  0.000E+00  0.000E+00  0.000E+00
  186.0500  0.000E+00  0.000E+00  0.000E+00  0.000E+00  0.000E+00  0.000E+00  0.000E+00  0.000E+00  0.000E+00  0.000E+00  0.000E+00  0.000E+00  0.000E+00  0.000E+00  0.000E+00  0.000E+00  0.000E+00  0.000E+00
  187.8000  0.000E+00  0.000E+00  0.000E+00  0.000E+00  0.000E+00  0.000E+00  0.000E+00  0.000E+00  0.000E+00  0.000E+00  0.000E+00  0.000E+00  0.000E+00  0.000E+00  0.000E+00  0.000E+00  0.000E+00  0.000E+00
  189.6000  0.000E+00  0.000E+00  0.000E+00  0.000E+00  0.000E+00  0.000E+00  0.000E+00  0.000E+00  0.000E+00  0.000E+00  0.000E+00  0.000E+00  0.000E+00  0.000E+00  0.000E+00  0.000E+00  0.000E+00  0.000E+00
  191.4000  0.000E+00  0.000E+00  0.000E+00  0.000E+00  0.000E+00  0.000E+00  0.000E+00  0.000E+00  0.000E+00  0.000E+00  0.000E+00  0.000E+00  0.000E+00  0.000E+00  0.000E+00  0.000E+00  0.000E+00  0.000E+00
  193.2500  0.000E+00  0.000E+00  0.000E+00  0.000E+00  0.000E+00  0.000E+00  0.000E+00  0.000E+00  0.000E+00  0.000E+00  0.000E+00  0.000E+00  0.000E+00  0.000E+00  0.000E+00  0.000E+00  0.000E+00  0.000E+00
  195.1500  0.000E+00  0.000E+00  0.000E+00  0.000E+00  0.000E+00  0.000E+00  0.000E+00  0.000E+00  0.000E+00  0.000E+00  0.000E+00  0.000E+00  0.000E+00  0.000E+00  0.000E+00  0.000E+00  0.000E+00  0.000E+00
  197.0500  0.000E+00  0.000E+00  0.000E+00  0.000E+00  0.000E+00  0.000E+00  0.000E+00  0.000E+00  0.000E+00  0.000E+00  0.000E+00  0.000E+00  0.000E+00  0.000E+00  0.000E+00  0.000E+00  0.000E+00  0.000E+00
  199.0000  0.000E+00  0.000E+00  0.000E+00  0.000E+00  0.000E+00  0.000E+00  0.000E+00  0.000E+00  0.000E+00  0.000E+00  0.000E+00  0.000E+00  0.000E+00  0.000E+00  0.000E+00  0.000E+00  0.000E+00  0.000E+00
  201.0000  0.000E+00  0.000E+00  0.000E+00  0.000E+00  0.000E+00  0.000E+00  0.000E+00  0.000E+00  0.000E+00  0.000E+00  0.000E+00  0.000E+00  0.000E+00  0.000E+00  0.000E+00  0.000E+00  0.000E+00  0.000E+00
  203.0500  0.000E+00  0.000E+00  0.000E+00  0.000E+00  0.000E+00  0.000E+00  0.000E+00  0.000E+00  0.000E+00  0.000E+00  0.000E+00  0.000E+00  0.000E+00  0.000E+00  0.000E+00  0.000E+00  0.000E+00  0.000E+00
  205.1500  0.000E+00  0.000E+00  0.000E+00  0.000E+00  0.000E+00  0.000E+00  0.000E+00  0.000E+00  0.000E+00  0.000E+00  0.000E+00  0.000E+00  0.000E+00  0.000E+00  0.000E+00  0.000E+00  0.000E+00  0.000E+00
  207.2665  1.266E-20  1.078E-20  6.610E-21  2.866E-21  8.511E-22  1.647E-22  1.937E-23  1.254E-24  3.936E-26  5.275E-28  4.178E-30  2.192E-31  5.673E-32  2.353E-32  1.251E-32  7.448E-33  4.464E-33  2.366E-33
  209.4295  7.204E-20  6.162E-20  3.833E-20  1.704E-20  5.245E-21  1.066E-21  1.336E-22  9.393E-24  3.277E-25  5.028E-27  4.609E-29  2.271E-30  5.267E-31  2.088E-31  1.111E-31  6.706E-32  4.085E-32  2.209E-32
  211.6460  4.203E-19  3.613E-19  2.283E-19  1.042E-19  3.332E-20  7.134E-21  9.573E-22  7.354E-23  2.876E-24  5.123E-26  5.576E-28  2.563E-29  5.133E-30  1.941E-30  1.045E-30  6.432E-31  3.996E-31  2.211E-31
  213.9100  7.395E-19  6.368E-19  4.044E-19  1.862E-19  6.036E-20  1.316E-20  1.808E-21  1.432E-22  5.825E-24  1.092E-25  1.228E-27  4.666E-29  7.666E-30  2.805E-30  1.551E-30  9.775E-31  6.198E-31  3.505E-31
  216.2225  8.224E-19  7.087E-19  4.512E-19  2.086E-19  6.804E-20  1.496E-20  2.079E-21  1.672E-22  6.942E-24  1.339E-25  1.513E-27  4.500E-29  5.808E-30  2.117E-30  1.213E-30  7.827E-31  5.062E-31  2.922E-31
  218.5855  1.087E-18  9.374E-19  5.974E-19  2.768E-19  9.055E-20  1.999E-20  2.796E-21  2.269E-22  9.552E-24  1.885E-25  2.130E-27  4.713E-29  4.604E-30  1.734E-30  1.032E-30  6.806E-31  4.483E-31  2.635E-31
  221.0010  4.359E-19  3.745E-19  2.362E-19  1.075E-19  3.425E-20  7.300E-21  9.752E-22  7.468E-23  2.925E-24  5.273E-26  4.963E-28  7.188E-30  5.204E-31  2.096E-31  1.288E-31  8.652E-32  5.784E-32  3.448E-32
  223.4705  1.048E-19  8.952E-20  5.541E-20  2.442E-20  7.427E-21  1.487E-21  1.830E-22  1.263E-23  4.338E-25  6.615E-27  4.911E-29  3.910E-31  2.109E-32  9.206E-33  5.802E-33  3.956E-33  2.676E-33  1.612E-33
  225.9960  9.975E-21  8.451E-21  5.108E-21  2.162E-21  6.202E-22  1.147E-22  1.275E-23  7.721E-25  2.252E-26  2.788E-28  1.498E-30  6.072E-33  2.495E-34  1.173E-34  7.546E-35  5.212E-35  3.560E-35  2.161E-35
  228.5790  3.726E-22  3.118E-22  1.815E-22  7.205E-23  1.883E-23  3.071E-24  2.896E-25  1.423E-26  3.181E-28  2.789E-30  9.040E-33  1.528E-35  4.902E-37  2.445E-37  1.601E-37  1.117E-37  7.689E-38  4.692E-38
  231.2215  5.118E-24  4.214E-24  2.335E-24  8.519E-25  1.969E-25  2.721E-26  2.067E-27  7.694E-29  1.206E-30  6.656E-33  1.117E-35  6.732E-39  1.741E-40  9.044E-41  6.001E-41  4.224E-41  2.921E-41  1.787E-41
  233.9260  2.325E-26  1.878E-26  9.808E-27  3.235E-27  6.460E-28  7.318E-29  4.290E-30  1.145E-31  1.171E-33  3.691E-36  2.844E-39  5.353E-43  1.121E-44  5.605E-45  4.204E-45  2.803E-45  1.401E-45  1.401E-45
  236.6945  9.287E-29  7.340E-29  3.592E-29  1.060E-29  1.800E-30  1.637E-31  7.202E-33  1.328E-34  7.885E-37  1.429E-39  4.680E-43  0.000E+00  0.000E+00  0.000E+00  0.000E+00  0.000E+00  0.000E+00  0.000E+00
  239.5295  6.103E-31  4.738E-31  2.196E-31  5.909E-32  8.772E-33  6.652E-34  2.307E-35  3.130E-37  1.337E-39  1.331E-42  0.000E+00  0.000E+00  0.000E+00  0.000E+00  0.000E+00  0.000E+00  0.000E+00  0.000E+00
  242.4330  1.609E-32  1.230E-32  5.450E-33  1.356E-33  1.797E-34  1.167E-35  3.298E-37  3.423E-39  1.026E-41  5.605E-45  0.000E+00  0.000E+00  0.000E+00  0.000E+00  0.000E+00  0.000E+00  0.000E+00  0.000E+00
  245.4080  1.842E-35  1.373E-35  5.628E-36  1.226E-36  1.338E-37  6.681E-39  1.338E-40  8.926E-43  1.401E-45  0.000E+00  0.000E+00  0.000E+00  0.000E+00  0.000E+00  0.000E+00  0.000E+00  0.000E+00  0.000E+00
  248.4570  5.705E-38  4.160E-38  1.595E-38  3.099E-39  2.864E-40  1.141E-41  1.696E-43  1.401E-45  0.000E+00  0.000E+00  0.000E+00  0.000E+00  0.000E+00  0.000E+00  0.000E+00  0.000E+00  0.000E+00  0.000E+00
  251.5825  2.075E-39  1.495E-39  5.515E-40  1.004E-40  8.441E-42  2.957E-43  4.204E-45  0.000E+00  0.000E+00  0.000E+00  0.000E+00  0.000E+00  0.000E+00  0.000E+00  0.000E+00  0.000E+00  0.000E+00  0.000E+00
  254.7875  6.510E-40  4.661E-40  1.690E-40  2.987E-41  2.403E-42  7.847E-44  0.000E+00  0.000E+00  0.000E+00  0.000E+00  0.000E+00  0.000E+00  0.000E+00  0.000E+00  0.000E+00  0.000E+00  0.000E+00  0.000E+00
  258.0750  1.149E-38  8.295E-39  3.086E-39  5.700E-40  4.889E-41  1.761E-42  2.242E-44  1.401E-45  0.000E+00  0.000E+00  0.000E+00  0.000E+00  0.000E+00  0.000E+00  0.000E+00  0.000E+00  0.000E+00  0.000E+00
  261.4490  7.426E-37  5.454E-37  2.136E-37  4.303E-38  4.190E-39  1.791E-40  2.920E-42  1.541E-44 -0.000E+00  0.000E+00  0.000E+00  0.000E+00  0.000E+00  0.000E+00  0.000E+00  0.000E+00  0.000E+00  0.000E+00
  264.9125  2.579E-33  1.946E-33  8.276E-34  1.921E-34  2.297E-35  1.296E-36  3.040E-38  2.470E-40  5.367E-43  1.401E-45  0.000E+00  0.000E+00  0.000E+00  0.000E+00  0.000E+00  0.000E+00  0.000E+00  0.000E+00
  268.4685  4.495E-29  3.519E-29  1.673E-29  4.700E-30  7.416E-31  6.095E-32  2.336E-33  3.567E-35  1.734E-37  1.870E-40  3.083E-44  0.000E+00  0.000E+00  0.000E+00  0.000E+00  0.000E+00  0.000E+00  0.000E+00
  272.1215  1.999E-24  1.631E-24  8.779E-25  3.048E-25  6.550E-26  8.178E-27  5.413E-28  1.667E-29  1.870E-31  6.972E-34  4.908E-37  4.335E-41  3.966E-43  2.144E-43  1.443E-43  1.023E-43  7.147E-44  4.344E-44
  275.8755  1.718E-19  1.463E-19  8.985E-20  3.908E-20  1.166E-20  2.269E-21  2.683E-22  1.740E-23  5.357E-25  6.348E-27  2.141E-29  1.437E-32  1.496E-34  7.734E-35  5.144E-35  3.636E-35  2.530E-35  1.567E-35
  279.7340  4.793E-15  4.250E-15  2.949E-15  1.581E-15  6.388E-16  1.876E-16  3.799E-17  4.915E-18  3.650E-19  1.333E-20  1.920E-22  8.404E-25  1.111E-26  5.175E-27  3.367E-27  2.353E-27  1.630E-27  1.011E-27
  283.7020  1.048E-10  9.624E-11  7.432E-11  4.781E-11  2.520E-11  1.060E-11  3.434E-12  8.120E-13  1.301E-13  1.270E-14  6.492E-16  1.452E-17  3.235E-19  1.101E-19  6.907E-20  4.735E-20  3.245E-20  2.007E-20
  287.7845  2.383E-07  2.251E-07  1.892E-07  1.407E-07  9.147E-08  5.118E-08  2.405E-08  9.166E-09  2.700E-09  5.738E-10  7.979E-11  6.451E-12  3.505E-13  6.800E-14  3.903E-14  2.591E-14  1.740E-14  1.065E-14
  291.9865  8.753E-05  8.437E-05  7.546E-05  6.237E-05  4.733E-05  3.263E-05  2.013E-05  1.089E-05  5.009E-06  1.880E-06  5.426E-07  1.117E-07  1.580E-08  2.386E-09  9.613E-10  5.961E-10  3.860E-10  2.307E-10
  296.3090  2.893E-03  2.826E-03  2.633E-03  2.335E-03  1.961E-03  1.552E-03  1.146E-03  7.808E-04  4.817E-04  2.628E-04  1.224E-04  4.645E-05  1.359E-05  3.082E-06  7.836E-07  3.681E-07  2.214E-07  1.262E-07
  300.5000  2.012E-02  1.981E-02  1.890E-02  1.745E-02  1.555E-02  1.332E-02  1.092E-02  8.490E-03  6.201E-03  4.192E-03  2.568E-03  1.384E-03  6.296E-04  2.302E-04  6.762E-05  2.088E-05  9.822E-06  5.158E-06
  303.0000  6.226E-02  6.149E-02  5.922E-02  5.556E-02  5.068E-02  4.483E-02  3.828E-02  3.139E-02  2.452E-02  1.805E-02  1.232E-02  7.635E-03  4.155E-03  1.899E-03  6.946E-04  2.116E-04  7.617E-05  3.583E-05
  304.0000  7.026E-02  6.944E-02  6.703E-02  6.314E-02  5.792E-02  5.161E-02  4.451E-02  3.696E-02  2.933E-02  2.203E-02  1.544E-02  9.886E-03  5.617E-03  2.712E-03  1.056E-03  3.322E-04  1.119E-04  5.007E-05
  305.0000  9.979E-02  9.873E-02  9.557E-02  9.045E-02  8.356E-02  7.517E-02  6.564E-02  5.537E-02  4.484E-02  3.455E-02  2.500E-02  1.670E-02  1.002E-02  5.189E-03  2.201E-03  7.371E-04  2.317E-04  9.474E-05
  306.0000  9.620E-02  9.523E-02  9.236E-02  8.768E-02  8.137E-02  7.365E-02  6.483E-02  5.524E-02  4.531E-02  3.548E-02  2.622E-02  1.798E-02  1.117E-02  6.055E-03  2.718E-03  9.588E-04  2.935E-04  1.114E-04
  307.0000  1.270E-01  1.258E-01  1.223E-01  1.165E-01  1.086E-01  9.891E-02  8.779E-02  7.561E-02  6.287E-02  5.008E-02  3.783E-02  2.668E-02  1.719E-02  9.782E-03  4.672E-03  1.758E-03  5.348E-04  1.844E-04
  308.0000  1.524E-01  1.510E-01  1.470E-01  1.404E-01  1.315E-01  1.205E-01  1.078E-01  9.372E-02  7.889E-02  6.384E-02  4.919E-02  3.560E-02  2.372E-02  1.411E-02  7.145E-03  2.876E-03  8.925E-04  2.799E-04
  309.0000  1.602E-01  1.588E-01  1.548E-01  1.481E-01  1.390E-01  1.278E-01  1.148E-01  1.004E-01  8.508E-02  6.945E-02  5.411E-02  3.972E-02  2.697E-02  1.644E-02  8.603E-03  3.603E-03  1.142E-03  3.394E-04
  310.0000  1.611E-01  1.598E-01  1.560E-01  1.497E-01  1.412E-01  1.306E-01  1.182E-01  1.044E-01  8.959E-02  7.431E-02  5.908E-02  4.453E-02  3.129E-02  1.998E-02  1.112E-02  5.048E-03  1.706E-03  4.658E-04
  311.0000  2.736E-01  2.715E-01  2.652E-01  2.549E-01  2.408E-01  2.232E-01  2.027E-01  1.798E-01  1.551E-01  1.295E-01  1.038E-01  7.911E-02  5.637E-02  3.667E-02  2.094E-02  9.829E-03  3.434E-03  9.145E-04
  312.0000  2.473E-01  2.455E-01  2.401E-01  2.311E-01  2.189E-01  2.037E-01  1.858E-01  1.657E-01  1.440E-01  1.214E-01  9.847E-02  7.617E-02  5.536E-02  3.699E-02  2.191E-02  1.081E-02  3.995E-03  1.044E-03
  313.0000  2.799E-01  2.779E-01  2.720E-01  2.623E-01  2.491E-01  2.325E-01  2.131E-01  1.911E-01  1.673E-01  1.422E-01  1.167E-01  9.164E-02  6.791E-02  4.657E-02  2.860E-02  1.484E-02  5.843E-03  1.538E-03
  314.0000  3.073E-01  3.052E-01  2.988E-01  2.884E-01  2.741E-01  2.562E-01  2.352E-01  2.114E-01  1.856E-01  1.583E-01  1.305E-01  1.031E-01  7.695E-02  5.329E-02  3.318E-02  1.755E-02  7.085E-03  1.881E-03
  316.0000  3.203E-01  3.182E-01  3.121E-01  3.019E-01  2.880E-01  2.705E-01  2.499E-01  2.265E-01  2.000E-01  1.736E-01  1.454E-01  1.173E-01  9.002E-02  6.471E-02  4.243E-02  2.419E-02  1.086E-02  3.133E-03
  320.0000  4.186E-01  4.161E-01  4.087E-01  3.965E-01  3.797E-01  3.585E-01  3.334E-01  3.048E-01  2.733E-01  2.394E-01  2.042E-01  1.683E-01  1.330E-01  9.947E-02  6.889E-02  4.256E-02  2.164E-02  7.344E-03
  325.0000  5.434E-01  5.404E-01  5.314E-01  5.167E-01  4.963E-01  4.705E-01  4.399E-01  4.049E-01  3.661E-01  3.243E-01  2.802E-01  2.351E-01  1.900E-01  1.464E-01  1.057E-01  6.951E-02  3.912E-02  1.580E-02
  330.0000  6.805E-01  6.769E-01  6.660E-01  6.482E-01  6.235E-01  5.924E-01  5.553E-01  5.127E-01  4.655E-01  4.144E-01  3.604E-01  3.047E-01  2.488E-01  1.942E-01  1.428E-01  9.650E-02  5.683E-02  2.506E-02
  335.0000  6.515E-01  6.481E-01  6.380E-01  6.213E-01  5.983E-01  5.692E-01  5.345E-01  4.946E-01  4.502E-01  4.021E-01  3.511E-01  2.984E-01  2.451E-01  1.929E-01  1.434E-01  9.846E-02  5.958E-02  2.778E-02
  340.0000  7.102E-01  7.066E-01  6.958E-01  6.779E-01  6.531E-01  6.218E-01  5.844E-01  5.415E-01  4.936E-01  4.416E-01  3.864E-01  3.292E-01  2.713E-01  2.142E-01  1.600E-01  1.105E-01  6.757E-02  3.224E-02
  345.0000  7.016E-01  6.981E-01  6.875E-01  6.700E-01  6.458E-01  6.152E-01  5.786E-01  5.365E-01  4.896E-01  4.385E-01  3.843E-01  3.279E-01  2.707E-01  2.142E-01  1.603E-01  1.110E-01  6.818E-02  3.290E-02
  350.0000  7.345E-01  7.308E-01  7.198E-01  7.016E-01  6.764E-01  6.446E-01  6.065E-01  5.627E-01  5.138E-01  4.606E-01  4.039E-01  3.450E-01  2.850E-01  2.256E-01  1.689E-01  1.169E-01  7.170E-02  3.459E-02
  355.0000  7.775E-01  7.737E-01  7.621E-01  7.430E-01  7.166E-01  6.831E-01  6.431E-01  5.970E-01  5.455E-01  4.894E-01  4.296E-01  3.673E-01  3.037E-01  2.407E-01  1.803E-01  1.248E-01  7.662E-02  3.707E-02
  360.0000  7.116E-01  7.081E-01  6.976E-01  6.802E-01  6.562E-01  6.258E-01  5.894E-01  5.474E-01  5.005E-01  4.494E-01  3.948E-01  3.378E-01  2.796E-01  2.218E-01  1.662E-01  1.150E-01  7.057E-02  3.418E-02
  365.0000  9.055E-01  9.011E-01  8.878E-01  8.659E-01  8.355E-01  7.970E-01  7.510E-01  6.979E-01  6.385E-01  5.737E-01  5.044E-01  4.320E-01  3.579E-01  2.841E-01  2.130E-01  1.474E-01  9.031E-02  4.374E-02
  370.0000  9.421E-01  9.375E-01  9.238E-01  9.011E-01  8.697E-01  8.300E-01  7.823E-01  7.274E-01  6.659E-01  5.986E-01  5.267E-01  4.515E-01  3.744E-01  2.974E-01  2.230E-01  1.543E-01  9.442E-02  4.572E-02
  375.0000  8.516E-01  8.474E-01  8.351E-01  8.148E-01  7.866E-01  7.508E-01  7.080E-01  6.586E-01  6.032E-01  5.426E-01  4.778E-01  4.099E-01  3.402E-01  2.704E-01  2.029E-01  1.403E-01  8.574E-02  4.148E-02
  380.0000  9.795E-01  9.748E-01  9.607E-01  9.374E-01  9.051E-01  8.643E-01  8.153E-01  7.587E-01  6.953E-01  6.259E-01  5.515E-01  4.735E-01  3.933E-01  3.129E-01  2.348E-01  1.623E-01  9.908E-02  4.788E-02
  385.0000  7.388E-01  7.353E-01  7.247E-01  7.073E-01  6.831E-01  6.524E-01  6.156E-01  5.732E-01  5.255E-01  4.733E-01  4.174E-01  3.586E-01  2.981E-01  2.374E-01  1.782E-01  1.232E-01  7.507E-02  3.624E-02
  390.0000  9.652E-01  9.606E-01  9.469E-01  9.242E-01  8.928E-01  8.530E-01  8.051E-01  7.499E-01  6.879E-01  6.200E-01  5.471E-01  4.704E-01  3.913E-01  3.118E-01  2.343E-01  1.619E-01  9.853E-02  4.749E-02
  395.0000  7.491E-01  7.455E-01  7.350E-01  7.175E-01  6.932E-01  6.624E-01  6.255E-01  5.828E-01  5.349E-01  4.823E-01  4.259E-01  3.665E-01  3.051E-01  2.433E-01  1.829E-01  1.264E-01  7.681E-02  3.697E-02
  400.0000  1.391E+00  1.385E+00  1.365E+00  1.333E+00  1.288E+00  1.231E+00  1.163E+00  1.084E+00  9.952E-01  8.980E-01  7.934E-01  6.832E-01  5.693E-01  4.544E-01  3.418E-01  2.361E-01  1.433E-01  6.886E-02
  405.0000  1.419E+00  1.412E+00  1.392E+00  1.360E+00  1.314E+00  1.256E+00  1.187E+00  1.107E+00  1.017E+00  9.179E-01  8.115E-01  6.993E-01  5.832E-01  4.659E-01  3.506E-01  2.422E-01  1.468E-01  7.042E-02
  410.0000  1.464E+00  1.457E+00  1.436E+00  1.403E+00  1.356E+00  1.297E+00  1.225E+00  1.143E+00  1.051E+00  9.489E-01  8.394E-01  7.239E-01  6.042E-01  4.830E-01  3.638E-01  2.513E-01  1.521E-01  7.280E-02
  415.0000  1.525E+00  1.518E+00  1.497E+00  1.462E+00  1.414E+00  1.352E+00  1.278E+00  1.193E+00  1.097E+00  9.910E-01  8.772E-01  7.570E-01  6.323E-01  5.059E-01  3.813E-01  2.635E-01  1.593E-01  7.607E-02
  420.0000  1.540E+00  1.533E+00  1.511E+00  1.476E+00  1.428E+00  1.366E+00  1.292E+00  1.206E+00  1.109E+00  1.002E+00  8.879E-01  7.667E-01  6.409E-01  5.132E-01  3.870E-01  2.675E-01  1.615E-01  7.696E-02
  425.0000  1.470E+00  1.463E+00  1.443E+00  1.410E+00  1.363E+00  1.305E+00  1.234E+00  1.152E+00  1.060E+00  9.589E-01  8.498E-01  7.342E-01  6.142E-01  4.922E-01  3.714E-01  2.567E-01  1.548E-01  7.356E-02
  430.0000  1.356E+00  1.350E+00  1.332E+00  1.301E+00  1.258E+00  1.204E+00  1.139E+00  1.064E+00  9.796E-01  8.864E-01  7.860E-01  6.795E-01  5.689E-01  4.562E-01  3.446E-01  2.382E-01  1.435E-01  6.803E-02
  435.0000  1.574E+00  1.567E+00  1.546E+00  1.510E+00  1.461E+00  1.399E+00  1.324E+00  1.237E+00  1.139E+00  1.031E+00  9.145E-01  7.912E-01  6.628E-01  5.320E-01  4.020E-01  2.781E-01  1.673E-01  7.909E-02
  440.0000  1.620E+00  1.612E+00  1.590E+00  1.554E+00  1.504E+00  1.440E+00  1.363E+00  1.273E+00  1.173E+00  1.062E+00  9.427E-01  8.160E-01  6.841E-01  5.494E-01  4.155E-01  2.874E-01  1.727E-01  8.135E-02
  445.0000  1.739E+00  1.732E+00  1.708E+00  1.669E+00  1.615E+00  1.547E+00  1.464E+00  1.369E+00  1.261E+00  1.143E+00  1.015E+00  8.788E-01  7.371E-01  5.924E-01  4.483E-01  3.102E-01  1.863E-01  8.744E-02
  450.0000  1.850E+00  1.842E+00  1.817E+00  1.776E+00  1.718E+00  1.646E+00  1.558E+00  1.457E+00  1.343E+00  1.217E+00  1.081E+00  9.371E-01  7.866E-01  6.326E-01  4.791E-01  3.316E-01  1.990E-01  9.312E-02
  455.0000  1.810E+00  1.802E+00  1.778E+00  1.738E+00  1.682E+00  1.611E+00  1.526E+00  1.427E+00  1.316E+00  1.193E+00  1.060E+00  9.193E-01  7.721E-01  6.214E-01  4.709E-01  3.261E-01  1.955E-01  9.118E-02
  460.0000  1.862E+00  1.854E+00  1.829E+00  1.788E+00  1.730E+00  1.658E+00  1.570E+00  1.469E+00  1.355E+00  1.228E+00  1.092E+00  9.472E-01  7.959E-01  6.408E-01  4.857E-01  3.362E-01  2.011E-01  9.325E-02
  465.0000  1.841E+00  1.833E+00  1.808E+00  1.768E+00  1.711E+00  1.640E+00  1.553E+00  1.453E+00  1.341E+00  1.216E+00  1.082E+00  9.388E-01  7.893E-01  6.360E-01  4.825E-01  3.342E-01  1.998E-01  9.238E-02
  470.0000  1.831E+00  1.823E+00  1.798E+00  1.758E+00  1.702E+00  1.631E+00  1.546E+00  1.446E+00  1.335E+00  1.211E+00  1.078E+00  9.357E-01  7.871E-01  6.346E-01  4.817E-01  3.338E-01  1.994E-01  9.187E-02
  475.0000  1.852E+00  1.844E+00  1.819E+00  1.779E+00  1.722E+00  1.650E+00  1.564E+00  1.464E+00  1.351E+00  1.227E+00  1.092E+00  9.482E-01  7.981E-01  6.438E-01  4.890E-01  3.389E-01  2.022E-01  9.278E-02
  480.0000  1.903E+00  1.895E+00  1.869E+00  1.828E+00  1.770E+00  1.696E+00  1.608E+00  1.505E+00  1.389E+00  1.261E+00  1.123E+00  9.751E-01  8.207E-01  6.621E-01  5.027E-01  3.481E-01  2.071E-01  9.414E-02
  485.0000  1.728E+00  1.721E+00  1.698E+00  1.660E+00  1.607E+00  1.541E+00  1.461E+00  1.367E+00  1.262E+00  1.146E+00  1.021E+00  8.871E-01  7.470E-01  6.029E-01  4.580E-01  3.172E-01  1.885E-01  8.536E-02
  490.0000  1.800E+00  1.792E+00  1.768E+00  1.729E+00  1.674E+00  1.605E+00  1.522E+00  1.425E+00  1.316E+00  1.196E+00  1.065E+00  9.259E-01  7.801E-01  6.301E-01  4.790E-01  3.320E-01  1.973E-01  8.911E-02
  495.0000  1.833E+00  1.825E+00  1.801E+00  1.761E+00  1.705E+00  1.635E+00  1.550E+00  1.452E+00  1.341E+00  1.219E+00  1.086E+00  9.443E-01  7.959E-01  6.431E-01  4.892E-01  3.391E-01  2.013E-01  9.049E-02
  500.0000  1.746E+00  1.738E+00  1.715E+00  1.677E+00  1.625E+00  1.558E+00  1.477E+00  1.383E+00  1.278E+00  1.161E+00  1.035E+00  8.998E-01  7.584E-01  6.128E-01  4.659E-01  3.226E-01  1.909E-01  8.500E-02
  505.0000  1.771E+00  1.763E+00  1.740E+00  1.701E+00  1.648E+00  1.580E+00  1.498E+00  1.403E+00  1.296E+00  1.178E+00  1.049E+00  9.124E-01  7.689E-01  6.210E-01  4.717E-01  3.261E-01  1.921E-01  8.453E-02
  510.0000  1.756E+00  1.749E+00  1.726E+00  1.687E+00  1.634E+00  1.567E+00  1.486E+00  1.392E+00  1.286E+00  1.169E+00  1.042E+00  9.066E-01  7.644E-01  6.177E-01  4.697E-01  3.249E-01  1.915E-01  8.410E-02
  515.0000  1.628E+00  1.620E+00  1.599E+00  1.564E+00  1.515E+00  1.453E+00  1.378E+00  1.291E+00  1.193E+00  1.084E+00  9.668E-01  8.414E-01  7.097E-01  5.737E-01  4.364E-01  3.020E-01  1.779E-01  7.780E-02
  520.0000  1.672E+00  1.665E+00  1.643E+00  1.607E+00  1.557E+00  1.493E+00  1.416E+00  1.327E+00  1.226E+00  1.115E+00  9.938E-01  8.650E-01  7.297E-01  5.900E-01  4.488E-01  3.105E-01  1.825E-01  7.932E-02
  525.0000  1.675E+00  1.668E+00  1.646E+00  1.610E+00  1.559E+00  1.495E+00  1.418E+00  1.329E+00  1.228E+00  1.116E+00  9.954E-01  8.663E-01  7.306E-01  5.906E-01  4.490E-01  3.101E-01  1.817E-01  7.810E-02
  530.0000  1.761E+00  1.753E+00  1.730E+00  1.692E+00  1.639E+00  1.572E+00  1.491E+00  1.397E+00  1.290E+00  1.173E+00  1.046E+00  9.096E-01  7.669E-01  6.195E-01  4.704E-01  3.241E-01  1.889E-01  8.013E-02
  535.0000  1.705E+00  1.697E+00  1.675E+00  1.638E+00  1.587E+00  1.522E+00  1.443E+00  1.352E+00  1.249E+00  1.136E+00  1.013E+00  8.811E-01  7.428E-01  6.000E-01  4.555E-01  3.138E-01  1.825E-01  7.685E-02
  540.0000  1.706E+00  1.698E+00  1.676E+00  1.639E+00  1.588E+00  1.523E+00  1.445E+00  1.354E+00  1.251E+00  1.137E+00  1.014E+00  8.826E-01  7.443E-01  6.015E-01  4.568E-01  3.147E-01  1.830E-01  7.677E-02
  545.0000  1.729E+00  1.721E+00  1.699E+00  1.661E+00  1.609E+00  1.544E+00  1.464E+00  1.372E+00  1.268E+00  1.153E+00  1.028E+00  8.946E-01  7.545E-01  6.096E-01  4.628E-01  3.186E-01  1.848E-01  7.693E-02
  550.0000  1.733E+00  1.725E+00  1.702E+00  1.665E+00  1.613E+00  1.547E+00  1.468E+00  1.375E+00  1.271E+00  1.156E+00  1.031E+00  8.970E-01  7.565E-01  6.113E-01  4.641E-01  3.193E-01  1.849E-01  7.650E-02
  555.0000  1.718E+00  1.711E+00  1.688E+00  1.651E+00  1.600E+00  1.534E+00  1.456E+00  1.364E+00  1.261E+00  1.146E+00  1.022E+00  8.900E-01  7.508E-01  6.067E-01  4.606E-01  3.169E-01  1.832E-01  7.524E-02
  560.0000  1.672E+00  1.664E+00  1.643E+00  1.607E+00  1.556E+00  1.493E+00  1.416E+00  1.327E+00  1.226E+00  1.115E+00  9.942E-01  8.653E-01  7.297E-01  5.893E-01  4.470E-01  3.070E-01  1.768E-01  7.180E-02
  565.0000  1.671E+00  1.664E+00  1.642E+00  1.606E+00  1.556E+00  1.492E+00  1.415E+00  1.326E+00  1.225E+00  1.114E+00  9.932E-01  8.641E-01  7.283E-01  5.879E-01  4.455E-01  3.053E-01  1.751E-01  7.028E-02
  570.0000  1.659E+00  1.652E+00  1.630E+00  1.595E+00  1.545E+00  1.482E+00  1.405E+00  1.317E+00  1.217E+00  1.106E+00  9.860E-01  8.578E-01  7.229E-01  5.833E-01  4.418E-01  3.025E-01  1.730E-01  6.886E-02
  575.0000  1.686E+00  1.679E+00  1.657E+00  1.621E+00  1.570E+00  1.506E+00  1.428E+00  1.338E+00  1.237E+00  1.124E+00  1.002E+00  8.721E-01  7.351E-01  5.932E-01  4.493E-01  3.076E-01  1.757E-01  6.960E-02
  580.0000  1.660E+00  1.653E+00  1.631E+00  1.595E+00  1.546E+00  1.483E+00  1.407E+00  1.318E+00  1.218E+00  1.108E+00  9.883E-01  8.603E-01  7.256E-01  5.861E-01  4.444E-01  3.047E-01  1.745E-01  6.930E-02
  585.0000  1.662E+00  1.655E+00  1.633E+00  1.598E+00  1.548E+00  1.485E+00  1.409E+00  1.321E+00  1.221E+00  1.111E+00  9.912E-01  8.632E-01  7.286E-01  5.890E-01  4.472E-01  3.072E-01  1.764E-01  7.025E-02
  590.0000  1.604E+00  1.597E+00  1.576E+00  1.542E+00  1.494E+00  1.433E+00  1.360E+00  1.275E+00  1.179E+00  1.073E+00  9.572E-01  8.339E-01  7.040E-01  5.694E-01  4.326E-01  2.974E-01  1.708E-01  6.795E-02
  595.0000  1.634E+00  1.626E+00  1.605E+00  1.570E+00  1.522E+00  1.460E+00  1.385E+00  1.297E+00  1.201E+00  1.092E+00  9.747E-01  8.490E-01  7.166E-01  5.795E-01  4.400E-01  3.021E-01  1.731E-01  6.830E-02
  600.0000  1.591E+00  1.585E+00  1.564E+00  1.530E+00  1.482E+00  1.422E+00  1.349E+00  1.265E+00  1.169E+00  1.064E+00  9.489E-01  8.263E-01  6.972E-01  5.634E-01  4.274E-01  2.930E-01  1.672E-01  6.533E-02
  605.0000  1.610E+00  1.603E+00  1.582E+00  1.547E+00  1.499E+00  1.438E+00  1.365E+00  1.279E+00  1.183E+00  1.076E+00  9.604E-01  8.364E-01  7.059E-01  5.707E-01  4.331E-01  2.970E-01  1.696E-01  6.614E-02
  610.0000  1.591E+00  1.584E+00  1.564E+00  1.530E+00  1.482E+00  1.422E+00  1.350E+00  1.266E+00  1.171E+00  1.066E+00  9.515E-01  8.294E-01  7.006E-01  5.671E-01  4.312E-01  2.966E-01  1.701E-01  6.684E-02
  615.0000  1.556E+00  1.549E+00  1.529E+00  1.496E+00  1.450E+00  1.390E+00  1.321E+00  1.239E+00  1.146E+00  1.044E+00  9.326E-01  8.135E-01  6.880E-01  5.577E-01  4.249E-01  2.932E-01  1.691E-01  6.701E-02
  620.0000  1.580E+00  1.573E+00  1.553E+00  1.519E+00  1.473E+00  1.414E+00  1.342E+00  1.259E+00  1.166E+00  1.062E+00  9.492E-01  8.284E-01  7.012E-01  5.691E-01  4.344E-01  3.005E-01  1.740E-01  6.944E-02
  625.0000  1.547E+00  1.541E+00  1.521E+00  1.488E+00  1.443E+00  1.385E+00  1.315E+00  1.234E+00  1.143E+00  1.041E+00  9.311E-01  8.132E-01  6.888E-01  5.596E-01  4.278E-01  2.966E-01  1.723E-01  6.908E-02
  630.0000  1.551E+00  1.544E+00  1.524E+00  1.492E+00  1.446E+00  1.388E+00  1.319E+00  1.238E+00  1.146E+00  1.045E+00  9.349E-01  8.169E-01  6.926E-01  5.633E-01  4.312E-01  2.996E-01  1.747E-01  7.044E-02
  635.0000  1.541E+00  1.535E+00  1.515E+00  1.483E+00  1.438E+00  1.381E+00  1.312E+00  1.231E+00  1.141E+00  1.040E+00  9.310E-01  8.141E-01  6.907E-01  5.624E-01  4.312E-01  3.004E-01  1.758E-01  7.133E-02
  640.0000  1.524E+00  1.519E+00  1.499E+00  1.467E+00  1.423E+00  1.367E+00  1.298E+00  1.219E+00  1.130E+00  1.031E+00  9.230E-01  8.075E-01  6.857E-01  5.590E-01  4.293E-01  2.998E-01  1.761E-01  7.194E-02
  644.8000  1.518E+00  1.511E+00  1.492E+00  1.460E+00  1.416E+00  1.360E+00  1.293E+00  1.214E+00  1.125E+00  1.027E+00  9.200E-01  8.054E-01  6.844E-01  5.584E-01  4.295E-01  3.005E-01  1.772E-01  7.278E-02
  651.0500  1.500E+00  1.494E+00  1.475E+00  1.444E+00  1.400E+00  1.345E+00  1.278E+00  1.201E+00  1.113E+00  1.016E+00  9.109E-01  7.979E-01  6.785E-01  5.542E-01  4.269E-01  2.994E-01  1.772E-01  7.316E-02
  660.0000  1.425E+00  1.419E+00  1.401E+00  1.372E+00  1.331E+00  1.278E+00  1.215E+00  1.142E+00  1.059E+00  9.675E-01  8.676E-01  7.606E-01  6.476E-01  5.298E-01  4.090E-01  2.878E-01  1.712E-01  7.123E-02
  670.0000  1.465E+00  1.459E+00  1.440E+00  1.410E+00  1.368E+00  1.315E+00  1.250E+00  1.175E+00  1.090E+00  9.965E-01  8.943E-01  7.847E-01  6.689E-01  5.481E-01  4.242E-01  2.996E-01  1.792E-01  7.523E-02
  680.0000  1.440E+00  1.434E+00  1.416E+00  1.386E+00  1.345E+00  1.293E+00  1.230E+00  1.156E+00  1.073E+00  9.814E-01  8.812E-01  7.739E-01  6.603E-01  5.419E-01  4.202E-01  2.977E-01  1.790E-01  7.565E-02
  690.0000  1.420E+00  1.414E+00  1.397E+00  1.368E+00  1.327E+00  1.276E+00  1.214E+00  1.142E+00  1.060E+00  9.696E-01  8.711E-01  7.655E-01  6.538E-01  5.372E-01  4.172E-01  2.964E-01  1.789E-01  7.603E-02
  700.0000  1.397E+00  1.391E+00  1.374E+00  1.345E+00  1.306E+00  1.255E+00  1.194E+00  1.124E+00  1.044E+00  9.551E-01  8.585E-01  7.549E-01  6.453E-01  5.309E-01  4.131E-01  2.942E-01  1.783E-01  7.620E-02
  710.0000  1.365E+00  1.359E+00  1.342E+00  1.315E+00  1.276E+00  1.227E+00  1.168E+00  1.099E+00  1.021E+00  9.342E-01  8.401E-01  7.391E-01  6.322E-01  5.205E-01  4.055E-01  2.893E-01  1.759E-01  7.538E-02
  720.0000  1.320E+00  1.315E+00  1.299E+00  1.272E+00  1.235E+00  1.187E+00  1.130E+00  1.063E+00  9.882E-01  9.047E-01  8.138E-01  7.163E-01  6.131E-01  5.052E-01  3.940E-01  2.815E-01  1.716E-01  7.371E-02
  730.0000  1.290E+00  1.285E+00  1.269E+00  1.243E+00  1.207E+00  1.161E+00  1.105E+00  1.040E+00  9.665E-01  8.851E-01  7.965E-01  7.014E-01  6.006E-01  4.953E-01  3.868E-01  2.769E-01  1.692E-01  7.292E-02
------------------------------------------------------------
Dose rates, W m-2
   1 = UV-B, 280-315 nm                                  
   2 = UV-B*, 280-320 nm                                 
   3 = UV-A, 315-400 nm                                  
   4 = DNA damage, in vitro (Setlow, 1974)               
   5 = UV index (WMO, 1994; Webb et al., 2011)           
   6 = Plant damage (Caldwell, 1971)                     
   7 = Plant damage,Flint&Caldwell,2003,orig.            
   8 = Plant damage,Flint&Caldwell,2003,ext390           
values at z =      0.000 km
Columns: sza, weighting spectra
 sza, deg.          1          2          3          4          5          6          7          8
    0.0000  2.131E+00  3.092E+00  6.127E+01  8.731E-03  1.307E+01  4.256E-01  1.282E+00  1.751E+00
    5.0000  2.112E+00  3.067E+00  6.096E+01  8.613E-03  1.294E+01  4.207E-01  1.273E+00  1.740E+00
   10.0000  2.058E+00  2.994E+00  6.004E+01  8.267E-03  1.256E+01  4.061E-01  1.246E+00  1.706E+00
   15.0000  1.969E+00  2.874E+00  5.852E+01  7.715E-03  1.193E+01  3.827E-01  1.202E+00  1.651E+00
   20.0000  1.848E+00  2.712E+00  5.642E+01  6.993E-03  1.110E+01  3.515E-01  1.142E+00  1.576E+00
   25.0000  1.699E+00  2.510E+00  5.377E+01  6.145E-03  1.010E+01  3.141E-01  1.069E+00  1.483E+00
   30.0000  1.527E+00  2.277E+00  5.059E+01  5.225E-03  8.964E+00  2.724E-01  9.841E-01  1.375E+00
   35.0000  1.339E+00  2.018E+00  4.693E+01  4.285E-03  7.752E+00  2.283E-01  8.900E-01  1.254E+00
   40.0000  1.139E+00  1.739E+00  4.285E+01  3.376E-03  6.511E+00  1.841E-01  7.894E-01  1.123E+00
   45.0000  9.372E-01  1.458E+00  3.840E+01  2.543E-03  5.297E+00  1.418E-01  6.854E-01  9.854E-01
   50.0000  7.396E-01  1.176E+00  3.367E+01  1.819E-03  4.151E+00  1.033E-01  5.807E-01  8.451E-01
   55.0000  5.544E-01  9.063E-01  2.873E+01  1.226E-03  3.118E+00  7.037E-02  4.781E-01  7.051E-01
   60.0000  3.893E-01  6.593E-01  2.371E+01  7.705E-04  2.227E+00  4.395E-02  3.803E-01  5.688E-01
   65.0000  2.506E-01  4.448E-01  1.873E+01  4.459E-04  1.497E+00  2.451E-02  2.897E-01  4.397E-01
   70.0000  1.431E-01  2.704E-01  1.396E+01  2.344E-04  9.347E-01  1.176E-02  2.086E-01  3.211E-01
   75.0000  6.865E-02  1.412E-01  9.577E+00  1.106E-04  5.300E-01  4.646E-03  1.388E-01  2.166E-01
   80.0000  2.539E-02  5.797E-02  5.791E+00  4.641E-05  2.624E-01  1.517E-03  8.162E-02  1.291E-01
   85.0000  6.961E-03  1.636E-02  2.742E+00  1.672E-05  1.027E-01  5.009E-04  3.746E-02  6.041E-02
------------------------------------------------------------
