Spectral Irradiance, W m-2 nm-1
values at z =      0.000 km
Columns: wavelength (nm), solar zenith angles (deg.)
    wc, nm      0.000      5.000     10.000     15.000     20.000     25.000     30.000     35.000     40.000     45.000     50.000     55.000     60.000     65.000     70.000     75.000     80.000     85.000
  280.5000  1.029E-06  9.823E-07  8.526E-07  6.698E-07  4.720E-07  2.945E-07  1.561E-07  7.328E-08  2.746E-08  8.021E-09  1.738E-09  2.865E-10  5.844E-11  2.888E-11  2.098E-11  1.602E-11  1.181E-11  7.565E-12
  281.5000  6.384E-06  6.116E-06  5.369E-06  4.300E-06  3.117E-06  2.020E-06  1.151E-06  5.633E-07  2.290E-07  7.423E-08  1.835E-08  3.531E-09  7.784E-10  3.696E-10  2.648E-10  2.017E-10  1.488E-10  9.541E-11
  282.5000  2.095E-05  2.014E-05  1.785E-05  1.454E-05  1.080E-05  7.232E-06  4.302E-06  2.224E-06  9.700E-07  3.438E-07  9.522E-08  2.090E-08  4.957E-09  2.274E-09  1.603E-09  1.218E-09  8.983E-10  5.767E-10
  283.5000  4.105E-05  3.954E-05  3.527E-05  2.904E-05  2.191E-05  1.499E-05  9.173E-06  4.915E-06  2.244E-06  8.428E-07  2.511E-07  5.995E-08  1.494E-08  6.696E-09  4.656E-09  3.529E-09  2.603E-09  1.673E-09
  284.5000  8.498E-05  8.216E-05  7.415E-05  6.227E-05  4.836E-05  3.442E-05  2.216E-05  1.268E-05  6.292E-06  2.628E-06  8.959E-07  2.502E-07  6.929E-08  3.006E-08  2.026E-08  1.526E-08  1.124E-08  7.232E-09
  285.5000  9.094E-05  8.817E-05  8.026E-05  6.840E-05  5.427E-05  3.976E-05  2.658E-05  1.596E-05  8.429E-06  3.809E-06  1.433E-06  4.486E-07  1.350E-07  5.754E-08  3.760E-08  2.812E-08  2.070E-08  1.332E-08
  286.5000  4.321E-04  4.198E-04  3.848E-04  3.316E-04  2.675E-04  2.004E-04  1.380E-04  8.601E-05  4.762E-05  2.286E-05  9.267E-06  3.166E-06  1.019E-06  4.306E-07  2.735E-07  2.029E-07  1.491E-07  9.602E-08
  287.5000  9.037E-04  8.802E-04  8.126E-04  7.093E-04  5.827E-04  4.476E-04  3.183E-04  2.069E-04  1.208E-04  6.196E-05  2.731E-05  1.028E-05  3.586E-06  1.514E-06  9.278E-07  6.796E-07  4.981E-07  3.208E-07
  288.5000  1.513E-03  1.477E-03  1.375E-03  1.217E-03  1.020E-03  8.046E-04  5.927E-04  4.030E-04  2.491E-04  1.374E-04  6.626E-05  2.771E-05  1.060E-05  4.537E-06  2.662E-06  1.911E-06  1.394E-06  8.976E-07
  289.5000  3.788E-03  3.706E-03  3.469E-03  3.100E-03  2.636E-03  2.121E-03  1.602E-03  1.125E-03  7.246E-04  4.208E-04  2.163E-04  9.746E-05  3.993E-05  1.739E-05  9.882E-06  6.952E-06  5.045E-06  3.244E-06
  290.5000  7.837E-03  7.680E-03  7.224E-03  6.510E-03  5.602E-03  4.581E-03  3.535E-03  2.551E-03  1.701E-03  1.031E-03  5.590E-04  2.681E-04  1.166E-04  5.189E-05  2.871E-05  1.976E-05  1.424E-05  9.148E-06
  291.5000  1.169E-02  1.147E-02  1.085E-02  9.872E-03  8.612E-03  7.174E-03  5.672E-03  4.221E-03  2.925E-03  1.862E-03  1.072E-03  5.521E-04  2.575E-04  1.187E-04  6.403E-05  4.269E-05  3.045E-05  1.950E-05
  292.5000  1.515E-02  1.489E-02  1.415E-02  1.297E-02  1.144E-02  9.678E-03  7.804E-03  5.956E-03  4.261E-03  2.822E-03  1.707E-03  9.310E-04  4.608E-04  2.199E-04  1.169E-04  7.551E-05  5.315E-05  3.391E-05
  293.5000  2.442E-02  2.404E-02  2.294E-02  2.118E-02  1.889E-02  1.621E-02  1.331E-02  1.041E-02  7.669E-03  5.273E-03  3.338E-03  1.923E-03  1.008E-03  5.005E-04  2.642E-04  1.651E-04  1.141E-04  7.243E-05
  294.5000  2.935E-02  2.893E-02  2.770E-02  2.573E-02  2.313E-02  2.007E-02  1.673E-02  1.332E-02  1.005E-02  7.109E-03  4.664E-03  2.803E-03  1.537E-03  7.902E-04  4.172E-04  2.535E-04  1.720E-04  1.085E-04
  295.5000  4.544E-02  4.484E-02  4.309E-02  4.026E-02  3.652E-02  3.207E-02  2.715E-02  2.204E-02  1.705E-02  1.244E-02  8.477E-03  5.331E-03  3.073E-03  1.648E-03  8.783E-04  5.184E-04  3.426E-04  2.140E-04
  296.5000  5.301E-02  5.236E-02  5.046E-02  4.739E-02  4.331E-02  3.840E-02  3.293E-02  2.718E-02  2.145E-02  1.606E-02  1.129E-02  7.369E-03  4.430E-03  2.467E-03  1.334E-03  7.706E-04  4.954E-04  3.059E-04
  297.5000  7.142E-02  7.061E-02  6.823E-02  6.437E-02  5.920E-02  5.295E-02  4.592E-02  3.845E-02  3.089E-02  2.364E-02  1.708E-02  1.153E-02  7.193E-03  4.153E-03  2.288E-03  1.302E-03  8.131E-04  4.950E-04
  298.5000  6.328E-02  6.261E-02  6.063E-02  5.741E-02  5.309E-02  4.784E-02  4.188E-02  3.549E-02  2.894E-02  2.257E-02  1.661E-02  1.157E-02  7.456E-03  4.445E-03  2.499E-03  1.411E-03  8.569E-04  5.131E-04
  299.5000  1.068E-01  1.058E-01  1.026E-01  9.753E-02  9.065E-02  8.225E-02  7.265E-02  6.227E-02  5.152E-02  4.089E-02  3.090E-02  2.200E-02  1.462E-02  8.999E-03  5.181E-03  2.919E-03  1.725E-03  1.011E-03
  300.5000  8.085E-02  8.009E-02  7.781E-02  7.418E-02  6.922E-02  6.314E-02  5.616E-02  4.855E-02  4.060E-02  3.266E-02  2.509E-02  1.823E-02  1.240E-02  7.825E-03  4.597E-03  2.597E-03  1.502E-03  8.631E-04
  301.5000  1.275E-01  1.264E-01  1.230E-01  1.176E-01  1.102E-01  1.011E-01  9.061E-02  7.907E-02  6.691E-02  5.462E-02  4.272E-02  3.173E-02  2.215E-02  1.439E-02  8.674E-03  4.942E-03  2.801E-03  1.565E-03
  302.5000  1.367E-01  1.355E-01  1.321E-01  1.264E-01  1.189E-01  1.095E-01  9.862E-02  8.660E-02  7.385E-02  6.087E-02  4.817E-02  3.629E-02  2.577E-02  1.707E-02  1.047E-02  6.016E-03  3.368E-03  1.842E-03
  303.5000  1.954E-01  1.939E-01  1.892E-01  1.816E-01  1.713E-01  1.584E-01  1.435E-01  1.270E-01  1.093E-01  9.109E-02  7.310E-02  5.603E-02  4.062E-02  2.754E-02  1.731E-02  1.008E-02  5.587E-03  2.967E-03
  304.5000  1.931E-01  1.916E-01  1.872E-01  1.799E-01  1.700E-01  1.577E-01  1.433E-01  1.273E-01  1.102E-01  9.243E-02  7.477E-02  5.788E-02  4.246E-02  2.918E-02  1.859E-02  1.093E-02  6.028E-03  3.143E-03
  305.5000  2.196E-01  2.180E-01  2.132E-01  2.054E-01  1.946E-01  1.812E-01  1.655E-01  1.480E-01  1.291E-01  1.094E-01  8.955E-02  7.036E-02  5.256E-02  3.690E-02  2.405E-02  1.440E-02  7.935E-03  4.020E-03
  306.5000  2.151E-01  2.136E-01  2.090E-01  2.015E-01  1.911E-01  1.783E-01  1.632E-01  1.463E-01  1.281E-01  1.090E-01  8.972E-02  7.094E-02  5.340E-02  3.784E-02  2.490E-02  1.503E-02  8.279E-03  4.139E-03
  307.5000  2.747E-01  2.728E-01  2.672E-01  2.580E-01  2.454E-01  2.297E-01  2.111E-01  1.903E-01  1.676E-01  1.438E-01  1.196E-01  9.577E-02  7.320E-02  5.283E-02  3.550E-02  2.184E-02  1.211E-02  5.914E-03
  308.5000  2.934E-01  2.915E-01  2.843E-01  2.759E-01  2.627E-01  2.462E-01  2.267E-01  2.047E-01  1.808E-01  1.557E-01  1.299E-01  1.045E-01  8.036E-02  5.839E-02  3.953E-02  2.450E-02  1.361E-02  6.588E-03
  309.5000  2.387E-01  2.371E-01  2.325E-01  2.249E-01  2.145E-01  2.014E-01  1.860E-01  1.686E-01  1.496E-01  1.294E-01  1.088E-01  8.825E-02  6.855E-02  5.043E-02  3.464E-02  2.178E-02  1.220E-02  5.828E-03
  310.5000  3.069E-01  3.050E-01  2.992E-01  2.896E-01  2.765E-01  2.601E-01  2.406E-01  2.187E-01  1.946E-01  1.691E-01  1.428E-01  1.165E-01  9.118E-02  6.767E-02  4.696E-02  2.985E-02  1.685E-02  7.979E-03
  311.5000  3.803E-01  3.780E-01  3.709E-01  3.592E-01  3.432E-01  3.232E-01  2.995E-01  2.726E-01  2.431E-01  2.118E-01  1.795E-01  1.470E-01  1.156E-01  8.630E-02  6.030E-02  3.861E-02  2.190E-02  1.032E-02
  312.5000  3.455E-01  3.448E-01  3.385E-01  3.282E-01  3.140E-01  2.962E-01  2.751E-01  2.512E-01  2.249E-01  1.968E-01  1.677E-01  1.384E-01  1.097E-01  8.281E-02  5.862E-02  3.808E-02  2.186E-02  1.025E-02
  313.5000  3.870E-01  3.847E-01  3.778E-01  3.664E-01  3.507E-01  3.309E-01  3.076E-01  2.810E-01  2.518E-01  2.207E-01  1.883E-01  1.556E-01  1.237E-01  9.354E-02  6.639E-02  4.325E-02  2.488E-02  1.165E-02
  314.5000  3.651E-01  3.630E-01  3.566E-01  3.461E-01  3.317E-01  3.135E-01  2.920E-01  2.675E-01  2.405E-01  2.115E-01  1.814E-01  1.508E-01  1.208E-01  9.221E-02  6.619E-02  4.370E-02  2.547E-02  1.193E-02
  315.5000  3.733E-01  3.711E-01  3.646E-01  3.540E-01  3.393E-01  3.208E-01  2.989E-01  2.739E-01  2.464E-01  2.169E-01  1.862E-01  1.550E-01  1.242E-01  9.498E-02  6.828E-02  4.515E-02  2.634E-02  1.232E-02
  316.5000  3.554E-01  3.534E-01  3.473E-01  3.374E-01  3.237E-01  3.064E-01  2.860E-01  2.626E-01  2.368E-01  2.091E-01  1.802E-01  1.507E-01  1.215E-01  9.357E-02  6.788E-02  4.537E-02  2.676E-02  1.256E-02
  317.5000  5.021E-01  4.992E-01  4.907E-01  4.767E-01  4.573E-01  4.330E-01  4.041E-01  3.712E-01  3.348E-01  2.957E-01  2.548E-01  2.131E-01  1.718E-01  1.323E-01  9.594E-02  6.409E-02  3.777E-02  1.770E-02
  318.5000  3.789E-01  3.768E-01  3.705E-01  3.601E-01  3.458E-01  3.278E-01  3.063E-01  2.819E-01  2.548E-01  2.257E-01  1.951E-01  1.639E-01  1.329E-01  1.030E-01  7.534E-02  5.084E-02  3.031E-02  1.429E-02
  319.5000  4.584E-01  4.558E-01  4.483E-01  4.358E-01  4.185E-01  3.968E-01  3.710E-01  3.415E-01  3.089E-01  2.737E-01  2.369E-01  1.992E-01  1.616E-01  1.255E-01  9.186E-02  6.209E-02  3.707E-02  1.748E-02
  320.5000  5.522E-01  5.491E-01  5.401E-01  5.251E-01  5.045E-01  4.785E-01  4.475E-01  4.121E-01  3.730E-01  3.308E-01  2.865E-01  2.412E-01  1.960E-01  1.523E-01  1.118E-01  7.569E-02  4.530E-02  2.138E-02
  321.5000  4.512E-01  4.487E-01  4.414E-01  4.294E-01  4.129E-01  3.920E-01  3.671E-01  3.387E-01  3.071E-01  2.731E-01  2.373E-01  2.005E-01  1.637E-01  1.281E-01  9.467E-02  6.474E-02  3.920E-02  1.867E-02
  322.5000  4.675E-01  4.649E-01  4.573E-01  4.447E-01  4.273E-01  4.055E-01  3.794E-01  3.496E-01  3.167E-01  2.811E-01  2.437E-01  2.053E-01  1.671E-01  1.300E-01  9.553E-02  6.480E-02  3.883E-02  1.834E-02
  323.5000  4.595E-01  4.570E-01  4.497E-01  4.376E-01  4.209E-01  3.998E-01  3.747E-01  3.460E-01  3.141E-01  2.797E-01  2.434E-01  2.061E-01  1.687E-01  1.323E-01  9.813E-02  6.738E-02  4.099E-02  1.960E-02
  324.5000  5.399E-01  5.370E-01  5.284E-01  5.142E-01  4.946E-01  4.698E-01  4.404E-01  4.066E-01  3.692E-01  3.287E-01  2.861E-01  2.422E-01  1.982E-01  1.554E-01  1.152E-01  7.903E-02  4.802E-02  2.293E-02
  325.5000  6.086E-01  6.053E-01  5.956E-01  5.796E-01  5.575E-01  5.296E-01  4.963E-01  4.582E-01  4.160E-01  3.703E-01  3.221E-01  2.726E-01  2.229E-01  1.746E-01  1.293E-01  8.852E-02  5.365E-02  2.555E-02
  326.5000  7.128E-01  7.091E-01  6.979E-01  6.794E-01  6.539E-01  6.216E-01  5.832E-01  5.392E-01  4.903E-01  4.374E-01  3.815E-01  3.239E-01  2.659E-01  2.094E-01  1.560E-01  1.077E-01  6.599E-02  3.176E-02
  327.5000  6.705E-01  6.669E-01  6.564E-01  6.389E-01  6.148E-01  5.845E-01  5.482E-01  5.067E-01  4.606E-01  4.107E-01  3.580E-01  3.036E-01  2.490E-01  1.957E-01  1.455E-01  1.002E-01  6.111E-02  2.928E-02
  328.5000  6.187E-01  6.155E-01  6.057E-01  5.897E-01  5.675E-01  5.395E-01  5.061E-01  4.678E-01  4.253E-01  3.793E-01  3.307E-01  2.805E-01  2.301E-01  1.809E-01  1.345E-01  9.258E-02  5.648E-02  2.706E-02
  329.5000  7.822E-01  7.781E-01  7.659E-01  7.458E-01  7.181E-01  6.831E-01  6.414E-01  5.935E-01  5.402E-01  4.825E-01  4.215E-01  3.584E-01  2.949E-01  2.327E-01  1.739E-01  1.204E-01  7.406E-02  3.580E-02
  330.5000  7.181E-01  7.144E-01  7.032E-01  6.847E-01  6.592E-01  6.270E-01  5.885E-01  5.444E-01  4.954E-01  4.423E-01  3.861E-01  3.281E-01  2.697E-01  2.125E-01  1.584E-01  1.094E-01  6.701E-02  3.225E-02
  331.5000  7.109E-01  7.072E-01  6.962E-01  6.779E-01  6.526E-01  6.207E-01  5.827E-01  5.391E-01  4.905E-01  4.380E-01  3.823E-01  3.249E-01  2.670E-01  2.103E-01  1.567E-01  1.081E-01  6.618E-02  3.182E-02
  332.5000  6.873E-01  6.837E-01  6.731E-01  6.556E-01  6.314E-01  6.008E-01  5.643E-01  5.225E-01  4.759E-01  4.254E-01  3.719E-01  3.166E-01  2.607E-01  2.060E-01  1.540E-01  1.068E-01  6.574E-02  3.182E-02
  333.5000  6.506E-01  6.472E-01  6.372E-01  6.206E-01  5.976E-01  5.686E-01  5.340E-01  4.943E-01  4.502E-01  4.023E-01  3.516E-01  2.991E-01  2.461E-01  1.942E-01  1.450E-01  1.003E-01  6.156E-02  2.970E-02
  334.5000  7.237E-01  7.200E-01  7.088E-01  6.904E-01  6.650E-01  6.328E-01  5.945E-01  5.504E-01  5.014E-01  4.482E-01  3.919E-01  3.336E-01  2.747E-01  2.169E-01  1.621E-01  1.122E-01  6.895E-02  3.332E-02
  335.5000  7.269E-01  7.231E-01  7.120E-01  6.936E-01  6.682E-01  6.360E-01  5.977E-01  5.536E-01  5.046E-01  4.513E-01  3.949E-01  3.365E-01  2.774E-01  2.193E-01  1.641E-01  1.139E-01  7.018E-02  3.403E-02
  336.5000  5.695E-01  5.666E-01  5.579E-01  5.434E-01  5.235E-01  4.984E-01  4.683E-01  4.338E-01  3.954E-01  3.537E-01  3.094E-01  2.636E-01  2.173E-01  1.718E-01  1.285E-01  8.906E-02  5.483E-02  2.655E-02
  337.5000  6.288E-01  6.255E-01  6.159E-01  6.000E-01  5.779E-01  5.501E-01  5.169E-01  4.788E-01  4.363E-01  3.902E-01  3.413E-01  2.907E-01  2.395E-01  1.891E-01  1.413E-01  9.776E-02  6.003E-02  2.899E-02
  338.5000  6.573E-01  6.540E-01  6.439E-01  6.274E-01  6.045E-01  5.755E-01  5.410E-01  5.013E-01  4.571E-01  4.090E-01  3.581E-01  3.052E-01  2.517E-01  1.991E-01  1.490E-01  1.034E-01  6.367E-02  3.087E-02
  339.5000  7.134E-01  7.098E-01  6.989E-01  6.810E-01  6.562E-01  6.248E-01  5.874E-01  5.444E-01  4.964E-01  4.444E-01  3.891E-01  3.318E-01  2.737E-01  2.165E-01  1.621E-01  1.125E-01  6.929E-02  3.361E-02
  340.5000  7.650E-01  7.611E-01  7.494E-01  7.302E-01  7.036E-01  6.700E-01  6.299E-01  5.837E-01  5.323E-01  4.765E-01  4.172E-01  3.557E-01  2.934E-01  2.320E-01  1.736E-01  1.203E-01  7.399E-02  3.583E-02
  341.5000  6.759E-01  6.725E-01  6.623E-01  6.453E-01  6.219E-01  5.923E-01  5.569E-01  5.163E-01  4.710E-01  4.217E-01  3.694E-01  3.151E-01  2.601E-01  2.058E-01  1.542E-01  1.069E-01  6.589E-02  3.198E-02
  342.5000  7.479E-01  7.441E-01  7.328E-01  7.141E-01  6.882E-01  6.555E-01  6.165E-01  5.715E-01  5.215E-01  4.670E-01  4.092E-01  3.491E-01  2.882E-01  2.282E-01  1.709E-01  1.186E-01  7.306E-02  3.547E-02
  343.5000  7.778E-01  7.739E-01  7.621E-01  7.427E-01  7.158E-01  6.818E-01  6.412E-01  5.945E-01  5.425E-01  4.859E-01  4.257E-01  3.632E-01  2.999E-01  2.373E-01  1.777E-01  1.232E-01  7.586E-02  3.680E-02
  344.5000  5.459E-01  5.432E-01  5.349E-01  5.213E-01  5.024E-01  4.786E-01  4.501E-01  4.174E-01  3.808E-01  3.411E-01  2.989E-01  2.550E-01  2.105E-01  1.666E-01  1.247E-01  8.640E-02  5.315E-02  2.575E-02
  345.5000  7.443E-01  7.405E-01  7.293E-01  7.108E-01  6.852E-01  6.528E-01  6.141E-01  5.695E-01  5.198E-01  4.658E-01  4.083E-01  3.486E-01  2.880E-01  2.281E-01  1.709E-01  1.185E-01  7.302E-02  3.546E-02
  346.5000  6.978E-01  6.943E-01  6.838E-01  6.664E-01  6.424E-01  6.121E-01  5.758E-01  5.340E-01  4.874E-01  4.368E-01  3.829E-01  3.268E-01  2.699E-01  2.137E-01  1.600E-01  1.109E-01  6.824E-02  3.309E-02
  347.5000  6.813E-01  6.779E-01  6.677E-01  6.507E-01  6.273E-01  5.977E-01  5.623E-01  5.216E-01  4.762E-01  4.268E-01  3.742E-01  3.195E-01  2.639E-01  2.090E-01  1.565E-01  1.084E-01  6.671E-02  3.235E-02
  348.5000  7.478E-01  7.440E-01  7.328E-01  7.142E-01  6.886E-01  6.562E-01  6.174E-01  5.728E-01  5.230E-01  4.688E-01  4.111E-01  3.511E-01  2.901E-01  2.298E-01  1.721E-01  1.193E-01  7.339E-02  3.561E-02
  349.5000  6.265E-01  6.234E-01  6.140E-01  5.985E-01  5.770E-01  5.499E-01  5.174E-01  4.801E-01  4.384E-01  3.930E-01  3.447E-01  2.944E-01  2.433E-01  1.927E-01  1.444E-01  1.000E-01  6.153E-02  2.985E-02
  350.5000  8.766E-01  8.722E-01  8.591E-01  8.374E-01  8.074E-01  7.695E-01  7.242E-01  6.720E-01  6.137E-01  5.503E-01  4.827E-01  4.124E-01  3.409E-01  2.700E-01  2.023E-01  1.402E-01  8.620E-02  4.182E-02
  351.5000  7.555E-01  7.517E-01  7.404E-01  7.218E-01  6.960E-01  6.633E-01  6.243E-01  5.794E-01  5.292E-01  4.745E-01  4.163E-01  3.557E-01  2.940E-01  2.330E-01  1.745E-01  1.209E-01  7.432E-02  3.604E-02
  352.5000  6.809E-01  6.775E-01  6.673E-01  6.505E-01  6.273E-01  5.979E-01  5.628E-01  5.223E-01  4.772E-01  4.279E-01  3.755E-01  3.209E-01  2.653E-01  2.103E-01  1.575E-01  1.091E-01  6.707E-02  3.253E-02
  353.5000  8.188E-01  8.147E-01  8.026E-01  7.824E-01  7.545E-01  7.192E-01  6.770E-01  6.285E-01  5.742E-01  5.150E-01  4.520E-01  3.864E-01  3.195E-01  2.533E-01  1.897E-01  1.314E-01  8.079E-02  3.919E-02
  354.5000  8.855E-01  8.811E-01  8.679E-01  8.461E-01  8.160E-01  7.779E-01  7.324E-01  6.799E-01  6.213E-01  5.574E-01  4.893E-01  4.183E-01  3.460E-01  2.743E-01  2.055E-01  1.424E-01  8.750E-02  4.245E-02
  355.5000  8.271E-01  8.230E-01  8.107E-01  7.904E-01  7.624E-01  7.268E-01  6.843E-01  6.353E-01  5.806E-01  5.210E-01  4.574E-01  3.911E-01  3.236E-01  2.565E-01  1.922E-01  1.331E-01  8.181E-02  3.969E-02
  356.5000  7.673E-01  7.635E-01  7.521E-01  7.333E-01  7.073E-01  6.744E-01  6.350E-01  5.896E-01  5.389E-01  4.836E-01  4.246E-01  3.632E-01  3.005E-01  2.383E-01  1.785E-01  1.237E-01  7.596E-02  3.684E-02
  357.5000  6.523E-01  6.490E-01  6.394E-01  6.234E-01  6.013E-01  5.734E-01  5.399E-01  5.014E-01  4.583E-01  4.113E-01  3.613E-01  3.090E-01  2.557E-01  2.028E-01  1.519E-01  1.052E-01  6.462E-02  3.134E-02
  358.5000  5.030E-01  5.005E-01  4.931E-01  4.808E-01  4.638E-01  4.423E-01  4.165E-01  3.868E-01  3.536E-01  3.174E-01  2.788E-01  2.385E-01  1.974E-01  1.566E-01  1.173E-01  8.126E-02  4.989E-02  2.420E-02
  359.5000  8.462E-01  8.421E-01  8.296E-01  8.089E-01  7.803E-01  7.442E-01  7.009E-01  6.510E-01  5.952E-01  5.343E-01  4.694E-01  4.017E-01  3.325E-01  2.638E-01  1.977E-01  1.369E-01  8.401E-02  4.074E-02
  360.5000  7.840E-01  7.802E-01  7.686E-01  7.495E-01  7.231E-01  6.896E-01  6.495E-01  6.033E-01  5.517E-01  4.954E-01  4.353E-01  3.725E-01  3.084E-01  2.447E-01  1.834E-01  1.270E-01  7.791E-02  3.778E-02
  361.5000  7.065E-01  7.030E-01  6.926E-01  6.754E-01  6.516E-01  6.215E-01  5.854E-01  5.439E-01  4.974E-01  4.467E-01  3.925E-01  3.360E-01  2.782E-01  2.208E-01  1.655E-01  1.145E-01  7.028E-02  3.408E-02
  362.5000  8.292E-01  8.252E-01  8.130E-01  7.928E-01  7.649E-01  7.296E-01  6.873E-01  6.386E-01  5.841E-01  5.246E-01  4.611E-01  3.947E-01  3.269E-01  2.594E-01  1.945E-01  1.346E-01  8.257E-02  4.003E-02
  363.5000  7.374E-01  7.337E-01  7.229E-01  7.050E-01  6.802E-01  6.489E-01  6.113E-01  5.680E-01  5.196E-01  4.668E-01  4.103E-01  3.513E-01  2.910E-01  2.310E-01  1.731E-01  1.198E-01  7.349E-02  3.563E-02
  364.5000  8.041E-01  8.001E-01  7.884E-01  7.689E-01  7.419E-01  7.077E-01  6.668E-01  6.197E-01  5.669E-01  5.093E-01  4.478E-01  3.834E-01  3.177E-01  2.522E-01  1.891E-01  1.308E-01  8.021E-02  3.888E-02
  365.5000  9.795E-01  9.747E-01  9.603E-01  9.366E-01  9.038E-01  8.622E-01  8.125E-01  7.551E-01  6.909E-01  6.207E-01  5.458E-01  4.675E-01  3.874E-01  3.075E-01  2.306E-01  1.596E-01  9.778E-02  4.739E-02
  366.5000  1.036E+00  1.031E+00  1.016E+00  9.909E-01  9.562E-01  9.123E-01  8.597E-01  7.990E-01  7.312E-01  6.570E-01  5.778E-01  4.950E-01  4.102E-01  3.257E-01  2.442E-01  1.690E-01  1.035E-01  5.017E-02
  367.5000  9.833E-01  9.785E-01  9.641E-01  9.404E-01  9.075E-01  8.659E-01  8.161E-01  7.586E-01  6.942E-01  6.239E-01  5.488E-01  4.702E-01  3.897E-01  3.095E-01  2.321E-01  1.606E-01  9.836E-02  4.766E-02
  368.5000  8.635E-01  8.593E-01  8.467E-01  8.259E-01  7.970E-01  7.605E-01  7.168E-01  6.664E-01  6.099E-01  5.482E-01  4.823E-01  4.133E-01  3.426E-01  2.721E-01  2.041E-01  1.412E-01  8.645E-02  4.188E-02
  369.5000  1.035E+00  1.030E+00  1.015E+00  9.903E-01  9.558E-01  9.120E-01  8.597E-01  7.993E-01  7.316E-01  6.577E-01  5.787E-01  4.960E-01  4.112E-01  3.267E-01  2.450E-01  1.695E-01  1.038E-01  5.025E-02
  370.5000  9.390E-01  9.344E-01  9.208E-01  8.982E-01  8.669E-01  8.273E-01  7.798E-01  7.251E-01  6.638E-01  5.968E-01  5.252E-01  4.502E-01  3.734E-01  2.966E-01  2.225E-01  1.539E-01  9.418E-02  4.561E-02
  371.5000  1.074E+00  1.069E+00  1.053E+00  1.027E+00  9.916E-01  9.464E-01  8.922E-01  8.296E-01  7.596E-01  6.830E-01  6.011E-01  5.154E-01  4.275E-01  3.397E-01  2.548E-01  1.762E-01  1.078E-01  5.220E-02
  372.5000  7.930E-01  7.892E-01  7.777E-01  7.587E-01  7.323E-01  6.989E-01  6.589E-01  6.128E-01  5.611E-01  5.047E-01  4.442E-01  3.809E-01  3.160E-01  2.511E-01  1.884E-01  1.303E-01  7.969E-02  3.858E-02
  373.5000  7.165E-01  7.131E-01  7.027E-01  6.855E-01  6.617E-01  6.316E-01  5.955E-01  5.539E-01  5.072E-01  4.562E-01  4.016E-01  3.444E-01  2.858E-01  2.272E-01  1.704E-01  1.178E-01  7.206E-02  3.488E-02
  374.5000  7.862E-01  7.824E-01  7.710E-01  7.522E-01  7.261E-01  6.931E-01  6.535E-01  6.079E-01  5.568E-01  5.008E-01  4.410E-01  3.782E-01  3.139E-01  2.495E-01  1.872E-01  1.294E-01  7.914E-02  3.829E-02
  375.5000  8.866E-01  8.824E-01  8.696E-01  8.484E-01  8.190E-01  7.818E-01  7.372E-01  6.858E-01  6.282E-01  5.652E-01  4.977E-01  4.270E-01  3.544E-01  2.818E-01  2.114E-01  1.462E-01  8.933E-02  4.322E-02
  376.5000  8.852E-01  8.809E-01  8.681E-01  8.470E-01  8.177E-01  7.806E-01  7.362E-01  6.849E-01  6.274E-01  5.645E-01  4.972E-01  4.266E-01  3.541E-01  2.816E-01  2.113E-01  1.461E-01  8.926E-02  4.318E-02
  377.5000  1.054E+00  1.049E+00  1.033E+00  1.008E+00  9.735E-01  9.294E-01  8.765E-01  8.155E-01  7.472E-01  6.724E-01  5.923E-01  5.083E-01  4.220E-01  3.356E-01  2.518E-01  1.741E-01  1.064E-01  5.143E-02
  378.5000  1.148E+00  1.142E+00  1.126E+00  1.099E+00  1.061E+00  1.013E+00  9.552E-01  8.888E-01  8.144E-01  7.330E-01  6.458E-01  5.542E-01  4.602E-01  3.661E-01  2.747E-01  1.899E-01  1.160E-01  5.608E-02
  379.5000  8.491E-01  8.450E-01  8.328E-01  8.126E-01  7.846E-01  7.491E-01  7.066E-01  6.576E-01  6.026E-01  5.424E-01  4.779E-01  4.102E-01  3.407E-01  2.711E-01  2.034E-01  1.406E-01  8.586E-02  4.150E-02
  380.5000  1.021E+00  1.016E+00  1.001E+00  9.770E-01  9.434E-01  9.008E-01  8.498E-01  7.908E-01  7.248E-01  6.525E-01  5.750E-01  4.936E-01  4.101E-01  3.263E-01  2.449E-01  1.693E-01  1.033E-01  4.993E-02
  381.5000  9.589E-01  9.543E-01  9.406E-01  9.178E-01  8.863E-01  8.463E-01  7.984E-01  7.431E-01  6.811E-01  6.132E-01  5.405E-01  4.641E-01  3.856E-01  3.068E-01  2.303E-01  1.592E-01  9.714E-02  4.694E-02
  382.5000  6.388E-01  6.357E-01  6.265E-01  6.114E-01  5.904E-01  5.638E-01  5.320E-01  4.952E-01  4.539E-01  4.087E-01  3.603E-01  3.094E-01  2.571E-01  2.046E-01  1.536E-01  1.062E-01  6.477E-02  3.129E-02
  383.5000  5.607E-01  5.580E-01  5.500E-01  5.367E-01  5.183E-01  4.950E-01  4.671E-01  4.348E-01  3.986E-01  3.590E-01  3.165E-01  2.718E-01  2.259E-01  1.798E-01  1.350E-01  9.332E-02  5.691E-02  2.748E-02
  384.5000  8.412E-01  8.372E-01  8.252E-01  8.053E-01  7.777E-01  7.428E-01  7.009E-01  6.525E-01  5.982E-01  5.388E-01  4.751E-01  4.081E-01  3.393E-01  2.701E-01  2.028E-01  1.402E-01  8.545E-02  4.126E-02
  385.5000  8.321E-01  8.281E-01  8.162E-01  7.965E-01  7.693E-01  7.348E-01  6.934E-01  6.456E-01  5.920E-01  5.332E-01  4.702E-01  4.040E-01  3.359E-01  2.675E-01  2.009E-01  1.388E-01  8.460E-02  4.083E-02
  386.5000  8.479E-01  8.438E-01  8.318E-01  8.117E-01  7.840E-01  7.489E-01  7.068E-01  6.581E-01  6.035E-01  5.437E-01  4.795E-01  4.121E-01  3.426E-01  2.729E-01  2.049E-01  1.416E-01  8.629E-02  4.164E-02
  387.5000  7.877E-01  7.840E-01  7.728E-01  7.542E-01  7.285E-01  6.959E-01  6.568E-01  6.116E-01  5.609E-01  5.054E-01  4.458E-01  3.831E-01  3.186E-01  2.538E-01  1.906E-01  1.317E-01  8.024E-02  3.871E-02
  388.5000  7.893E-01  7.856E-01  7.743E-01  7.558E-01  7.300E-01  6.974E-01  6.582E-01  6.130E-01  5.622E-01  5.066E-01  4.470E-01  3.842E-01  3.196E-01  2.546E-01  1.913E-01  1.322E-01  8.047E-02  3.881E-02
  389.5000  9.951E-01  9.904E-01  9.762E-01  9.528E-01  9.204E-01  8.793E-01  8.300E-01  7.730E-01  7.091E-01  6.390E-01  5.639E-01  4.848E-01  4.033E-01  3.213E-01  2.414E-01  1.668E-01  1.015E-01  4.896E-02
  390.5000  9.772E-01  9.725E-01  9.586E-01  9.357E-01  9.039E-01  8.636E-01  8.152E-01  7.593E-01  6.966E-01  6.278E-01  5.540E-01  4.764E-01  3.964E-01  3.159E-01  2.374E-01  1.640E-01  9.980E-02  4.811E-02
  391.5000  1.159E+00  1.153E+00  1.137E+00  1.110E+00  1.072E+00  1.024E+00  9.670E-01  9.008E-01  8.265E-01  7.450E-01  6.575E-01  5.655E-01  4.706E-01  3.751E-01  2.818E-01  1.947E-01  1.185E-01  5.709E-02
  392.5000  8.688E-01  8.647E-01  8.524E-01  8.320E-01  8.038E-01  7.680E-01  7.251E-01  6.755E-01  6.198E-01  5.588E-01  4.932E-01  4.242E-01  3.531E-01  2.815E-01  2.116E-01  1.462E-01  8.890E-02  4.283E-02
  393.5000  3.776E-01  3.758E-01  3.705E-01  3.616E-01  3.494E-01  3.339E-01  3.152E-01  2.937E-01  2.695E-01  2.430E-01  2.145E-01  1.845E-01  1.536E-01  1.225E-01  9.206E-02  6.361E-02  3.868E-02  1.863E-02
  394.5000  8.883E-01  8.841E-01  8.716E-01  8.508E-01  8.220E-01  7.855E-01  7.417E-01  6.911E-01  6.342E-01  5.719E-01  5.049E-01  4.344E-01  3.617E-01  2.884E-01  2.168E-01  1.498E-01  9.107E-02  4.384E-02
  395.5000  1.143E+00  1.137E+00  1.121E+00  1.094E+00  1.057E+00  1.011E+00  9.543E-01  8.892E-01  8.161E-01  7.360E-01  6.499E-01  5.593E-01  4.657E-01  3.714E-01  2.793E-01  1.929E-01  1.172E-01  5.643E-02
  396.5000  6.708E-01  6.677E-01  6.582E-01  6.425E-01  6.208E-01  5.933E-01  5.603E-01  5.221E-01  4.793E-01  4.323E-01  3.818E-01  3.286E-01  2.737E-01  2.183E-01  1.641E-01  1.134E-01  6.889E-02  3.315E-02
  397.5000  7.739E-01  7.702E-01  7.593E-01  7.413E-01  7.163E-01  6.846E-01  6.465E-01  6.025E-01  5.531E-01  4.989E-01  4.407E-01  3.793E-01  3.160E-01  2.521E-01  1.896E-01  1.310E-01  7.956E-02  3.826E-02
  398.5000  1.329E+00  1.323E+00  1.305E+00  1.274E+00  1.231E+00  1.176E+00  1.111E+00  1.035E+00  9.506E-01  8.575E-01  7.575E-01  6.522E-01  5.433E-01  4.336E-01  3.261E-01  2.253E-01  1.368E-01  6.577E-02
  399.5000  1.383E+00  1.376E+00  1.357E+00  1.324E+00  1.280E+00  1.223E+00  1.155E+00  1.077E+00  9.889E-01  8.922E-01  7.882E-01  6.787E-01  5.655E-01  4.513E-01  3.395E-01  2.345E-01  1.424E-01  6.844E-02
  400.5000  1.453E+00  1.446E+00  1.426E+00  1.392E+00  1.345E+00  1.286E+00  1.215E+00  1.132E+00  1.040E+00  9.382E-01  8.290E-01  7.139E-01  5.950E-01  4.749E-01  3.573E-01  2.468E-01  1.498E-01  7.198E-02
  401.5000  1.495E+00  1.488E+00  1.467E+00  1.432E+00  1.384E+00  1.323E+00  1.250E+00  1.165E+00  1.070E+00  9.655E-01  8.532E-01  7.349E-01  6.125E-01  4.890E-01  3.679E-01  2.542E-01  1.542E-01  7.408E-02
  402.5000  1.551E+00  1.544E+00  1.522E+00  1.486E+00  1.437E+00  1.373E+00  1.297E+00  1.210E+00  1.111E+00  1.003E+00  8.861E-01  7.633E-01  6.364E-01  5.081E-01  3.823E-01  2.641E-01  1.602E-01  7.693E-02
  403.5000  1.420E+00  1.413E+00  1.393E+00  1.360E+00  1.315E+00  1.257E+00  1.187E+00  1.107E+00  1.017E+00  9.179E-01  8.114E-01  6.990E-01  5.829E-01  4.655E-01  3.503E-01  2.420E-01  1.468E-01  7.044E-02
  404.5000  1.392E+00  1.386E+00  1.366E+00  1.334E+00  1.289E+00  1.233E+00  1.165E+00  1.086E+00  9.975E-01  9.005E-01  7.961E-01  6.859E-01  5.720E-01  4.569E-01  3.439E-01  2.376E-01  1.440E-01  6.912E-02
  405.5000  1.446E+00  1.439E+00  1.419E+00  1.386E+00  1.339E+00  1.280E+00  1.210E+00  1.128E+00  1.036E+00  9.356E-01  8.273E-01  7.129E-01  5.946E-01  4.750E-01  3.576E-01  2.471E-01  1.497E-01  7.182E-02
  406.5000  1.362E+00  1.355E+00  1.336E+00  1.305E+00  1.261E+00  1.206E+00  1.139E+00  1.063E+00  9.763E-01  8.815E-01  7.795E-01  6.719E-01  5.605E-01  4.478E-01  3.371E-01  2.329E-01  1.412E-01  6.768E-02
  407.5000  1.373E+00  1.366E+00  1.347E+00  1.315E+00  1.271E+00  1.216E+00  1.149E+00  1.071E+00  9.845E-01  8.890E-01  7.862E-01  6.777E-01  5.655E-01  4.519E-01  3.402E-01  2.351E-01  1.424E-01  6.825E-02
  408.5000  1.528E+00  1.521E+00  1.500E+00  1.465E+00  1.416E+00  1.354E+00  1.279E+00  1.193E+00  1.097E+00  9.903E-01  8.759E-01  7.552E-01  6.302E-01  5.037E-01  3.793E-01  2.621E-01  1.587E-01  7.604E-02
  409.5000  1.498E+00  1.491E+00  1.470E+00  1.436E+00  1.388E+00  1.327E+00  1.254E+00  1.170E+00  1.075E+00  9.711E-01  8.590E-01  7.407E-01  6.182E-01  4.942E-01  3.722E-01  2.572E-01  1.557E-01  7.457E-02
  410.5000  1.299E+00  1.293E+00  1.275E+00  1.245E+00  1.203E+00  1.151E+00  1.088E+00  1.015E+00  9.325E-01  8.423E-01  7.452E-01  6.427E-01  5.365E-01  4.289E-01  3.231E-01  2.232E-01  1.351E-01  6.469E-02
  411.5000  1.561E+00  1.554E+00  1.532E+00  1.496E+00  1.446E+00  1.383E+00  1.307E+00  1.220E+00  1.121E+00  1.013E+00  8.961E-01  7.729E-01  6.452E-01  5.160E-01  3.887E-01  2.686E-01  1.626E-01  7.778E-02
  412.5000  1.547E+00  1.539E+00  1.518E+00  1.482E+00  1.433E+00  1.371E+00  1.296E+00  1.209E+00  1.111E+00  1.004E+00  8.884E-01  7.664E-01  6.399E-01  5.118E-01  3.856E-01  2.665E-01  1.612E-01  7.712E-02
  413.5000  1.500E+00  1.493E+00  1.472E+00  1.438E+00  1.390E+00  1.329E+00  1.257E+00  1.173E+00  1.078E+00  9.739E-01  8.620E-01  7.437E-01  6.211E-01  4.968E-01  3.744E-01  2.587E-01  1.565E-01  7.483E-02
  414.5000  1.541E+00  1.534E+00  1.513E+00  1.477E+00  1.428E+00  1.366E+00  1.292E+00  1.205E+00  1.108E+00  1.001E+00  8.862E-01  7.647E-01  6.387E-01  5.110E-01  3.852E-01  2.662E-01  1.610E-01  7.693E-02
  415.5000  1.474E+00  1.467E+00  1.447E+00  1.413E+00  1.366E+00  1.307E+00  1.235E+00  1.153E+00  1.060E+00  9.579E-01  8.480E-01  7.318E-01  6.113E-01  4.892E-01  3.687E-01  2.548E-01  1.541E-01  7.361E-02
  416.5000  1.604E+00  1.596E+00  1.574E+00  1.538E+00  1.487E+00  1.422E+00  1.345E+00  1.255E+00  1.154E+00  1.043E+00  9.233E-01  7.969E-01  6.658E-01  5.328E-01  4.017E-01  2.776E-01  1.678E-01  8.014E-02
  417.5000  1.466E+00  1.459E+00  1.439E+00  1.405E+00  1.359E+00  1.300E+00  1.229E+00  1.147E+00  1.055E+00  9.535E-01  8.443E-01  7.288E-01  6.091E-01  4.875E-01  3.676E-01  2.541E-01  1.535E-01  7.328E-02
  418.5000  1.477E+00  1.470E+00  1.450E+00  1.416E+00  1.369E+00  1.310E+00  1.239E+00  1.156E+00  1.063E+00  9.613E-01  8.513E-01  7.349E-01  6.142E-01  4.917E-01  3.708E-01  2.563E-01  1.549E-01  7.389E-02
  419.5000  1.526E+00  1.519E+00  1.498E+00  1.463E+00  1.415E+00  1.353E+00  1.280E+00  1.194E+00  1.099E+00  9.932E-01  8.796E-01  7.595E-01  6.349E-01  5.084E-01  3.834E-01  2.650E-01  1.601E-01  7.635E-02
------------------------------------------------------------
Dose rates, W m-2
   1 = UV-B, 280-315 nm                                  
   2 = UV-B*, 280-320 nm                                 
   3 = UV-A, 315-400 nm                                  
   4 = DNA damage, in vitro (Setlow, 1974)               
   5 = UV index (WMO, 1994; Webb et al., 2011)           
   6 = Plant damage (Caldwell, 1971)                     
   7 = Plant damage,Flint&Caldwell,2003,orig.            
   8 = Plant damage,Flint&Caldwell,2003,ext390           
values at z =      0.000 km
Columns: sza, weighting spectra
 sza, deg.          1          2          3          4          5          6          7          8
    0.0000  4.195E+00  6.263E+00  6.507E+01  5.776E-02  3.941E+01  1.540E+00  2.338E+00  2.791E+00
    5.0000  4.166E+00  6.222E+00  6.475E+01  5.703E-02  3.905E+01  1.525E+00  2.318E+00  2.769E+00
   10.0000  4.073E+00  6.094E+00  6.379E+01  5.491E-02  3.794E+01  1.480E+00  2.261E+00  2.705E+00
   15.0000  3.924E+00  5.888E+00  6.219E+01  5.151E-02  3.616E+01  1.408E+00  2.168E+00  2.602E+00
   20.0000  3.719E+00  5.604E+00  5.998E+01  4.702E-02  3.377E+01  1.311E+00  2.043E+00  2.461E+00
   25.0000  3.465E+00  5.250E+00  5.719E+01  4.171E-02  3.085E+01  1.193E+00  1.890E+00  2.289E+00
   30.0000  3.170E+00  4.836E+00  5.385E+01  3.587E-02  2.754E+01  1.059E+00  1.714E+00  2.091E+00
   35.0000  2.841E+00  4.372E+00  5.000E+01  2.983E-02  2.396E+01  9.161E-01  1.523E+00  1.873E+00
   40.0000  2.488E+00  3.870E+00  4.570E+01  2.391E-02  2.027E+01  7.687E-01  1.323E+00  1.644E+00
   45.0000  2.123E+00  3.344E+00  4.101E+01  1.840E-02  1.661E+01  6.237E-01  1.121E+00  1.410E+00
   50.0000  1.757E+00  2.810E+00  3.601E+01  1.353E-02  1.314E+01  4.868E-01  9.236E-01  1.178E+00
   55.0000  1.403E+00  2.285E+00  3.080E+01  9.479E-03  9.979E+00  3.637E-01  7.381E-01  9.566E-01
   60.0000  1.073E+00  1.785E+00  2.548E+01  6.305E-03  7.244E+00  2.583E-01  5.694E-01  7.508E-01
   65.0000  7.783E-01  1.328E+00  2.020E+01  3.989E-03  5.000E+00  1.733E-01  4.215E-01  5.658E-01
   70.0000  5.298E-01  9.291E-01  1.512E+01  2.420E-03  3.269E+00  1.094E-01  2.968E-01  4.050E-01
   75.0000  3.331E-01  6.006E-01  1.044E+01  1.434E-03  2.019E+00  6.515E-02  1.959E-01  2.707E-01
   80.0000  1.890E-01  3.472E-01  6.383E+00  8.424E-04  1.167E+00  3.691E-02  1.175E-01  1.632E-01
   85.0000  9.179E-02  1.661E-01  3.082E+00  4.658E-04  5.979E-01  1.944E-02  5.814E-02  8.025E-02
------------------------------------------------------------
