Spectral Irradiance, W m-2 nm-1
values at z =      0.000 km
Columns: wavelength (nm), solar zenith angles (deg.)
    wc, nm      0.000      5.000     10.000     15.000     20.000     25.000     30.000     35.000     40.000     45.000     50.000     55.000     60.000     65.000     70.000     75.000     80.000     85.000
  280.5000  2.639E-04  2.573E-04  2.381E-04  2.087E-04  1.725E-04  1.336E-04  9.606E-05  6.331E-05  3.762E-05  1.971E-05  8.892E-06  3.393E-06  1.142E-06  4.185E-07  2.172E-07  1.434E-07  9.871E-08  6.222E-08
  281.5000  9.946E-04  9.713E-04  9.039E-04  7.998E-04  6.702E-04  5.287E-04  3.894E-04  2.647E-04  1.636E-04  9.006E-05  4.318E-05  1.773E-05  6.402E-06  2.400E-06  1.207E-06  7.808E-07  5.330E-07  3.349E-07
  282.5000  2.126E-03  2.079E-03  1.944E-03  1.734E-03  1.471E-03  1.179E-03  8.867E-04  6.190E-04  3.955E-04  2.272E-04  1.148E-04  5.018E-05  1.928E-05  7.422E-06  3.637E-06  2.301E-06  1.557E-06  9.740E-07
  283.5000  3.152E-03  3.087E-03  2.895E-03  2.596E-03  2.219E-03  1.797E-03  1.370E-03  9.732E-04  6.328E-04  3.752E-04  1.962E-04  8.925E-05  3.571E-05  1.401E-05  6.751E-06  4.197E-06  2.820E-06  1.758E-06
  284.5000  3.914E-03  3.840E-03  3.622E-03  3.280E-03  2.842E-03  2.346E-03  1.833E-03  1.344E-03  9.135E-04  5.669E-04  3.154E-04  1.547E-04  6.695E-05  2.754E-05  1.300E-05  7.793E-06  5.152E-06  3.185E-06
  285.5000  2.871E-03  2.821E-03  2.672E-03  2.437E-03  2.134E-03  1.787E-03  1.422E-03  1.067E-03  7.465E-04  4.808E-04  2.801E-04  1.451E-04  6.661E-05  2.853E-05  1.334E-05  7.751E-06  5.045E-06  3.092E-06
  286.5000  1.020E-02  1.003E-02  9.532E-03  8.742E-03  7.717E-03  6.532E-03  5.272E-03  4.027E-03  2.883E-03  1.910E-03  1.152E-03  6.225E-04  2.992E-04  1.326E-04  6.185E-05  3.499E-05  2.243E-05  1.364E-05
  287.5000  1.543E-02  1.519E-02  1.449E-02  1.337E-02  1.191E-02  1.020E-02  8.362E-03  6.516E-03  4.784E-03  3.270E-03  2.051E-03  1.161E-03  5.882E-04  2.723E-04  1.276E-04  6.999E-05  4.392E-05  2.641E-05
  288.5000  1.817E-02  1.791E-02  1.715E-02  1.593E-02  1.432E-02  1.243E-02  1.037E-02  8.254E-03  6.226E-03  4.403E-03  2.880E-03  1.716E-03  9.211E-04  4.492E-04  2.138E-04  1.137E-04  6.927E-05  4.100E-05
  289.5000  3.534E-02  3.487E-02  3.348E-02  3.125E-02  2.830E-02  2.479E-02  2.092E-02  1.692E-02  1.301E-02  9.428E-03  6.355E-03  3.928E-03  2.198E-03  1.115E-03  5.400E-04  2.814E-04  1.671E-04  9.749E-05
  290.5000  5.909E-02  5.834E-02  5.615E-02  5.262E-02  4.793E-02  4.232E-02  3.609E-02  2.956E-02  2.311E-02  1.709E-02  1.181E-02  7.529E-03  4.365E-03  2.294E-03  1.132E-03  5.821E-04  3.367E-04  1.936E-04
  291.5000  6.916E-02  6.835E-02  6.596E-02  6.209E-02  5.693E-02  5.072E-02  4.375E-02  3.637E-02  2.896E-02  2.191E-02  1.558E-02  1.029E-02  6.213E-03  3.408E-03  1.731E-03  8.820E-04  4.940E-04  2.781E-04
  292.5000  7.345E-02  7.265E-02  7.026E-02  6.639E-02  6.121E-02  5.493E-02  4.783E-02  4.025E-02  3.254E-02  2.508E-02  1.826E-02  1.240E-02  7.750E-03  4.409E-03  2.303E-03  1.172E-03  6.380E-04  3.514E-04
  293.5000  9.808E-02  9.707E-02  9.408E-02  8.922E-02  8.267E-02  7.470E-02  6.564E-02  5.586E-02  4.581E-02  3.595E-02  2.675E-02  1.867E-02  1.205E-02  7.105E-03  3.827E-03  1.958E-03  1.038E-03  5.574E-04
  294.5000  1.017E-01  1.007E-01  9.780E-02  9.301E-02  8.653E-02  7.862E-02  6.956E-02  5.973E-02  4.953E-02  3.941E-02  2.984E-02  2.126E-02  1.408E-02  8.542E-03  4.722E-03  2.439E-03  1.268E-03  6.645E-04
  295.5000  1.345E-01  1.332E-01  1.295E-01  1.221E-01  1.155E-01  1.055E-01  9.406E-02  8.153E-02  6.841E-02  5.523E-02  4.261E-02  3.106E-02  2.114E-02  1.324E-02  7.555E-03  3.966E-03  2.027E-03  1.031E-03
  296.5000  1.375E-01  1.363E-01  1.328E-01  1.269E-01  1.190E-01  1.093E-01  9.804E-02  8.566E-02  7.259E-02  5.935E-02  4.647E-02  3.453E-02  2.404E-02  1.547E-02  9.076E-03  4.852E-03  2.455E-03  1.213E-03
  297.5000  1.650E-01  1.636E-01  1.595E-01  1.529E-01  1.438E-01  1.326E-01  1.196E-01  1.052E-01  8.996E-02  7.435E-02  5.900E-02  4.457E-02  3.168E-02  2.089E-02  1.258E-02  6.858E-03  3.458E-03  1.661E-03
  298.5000  1.325E-01  1.315E-01  1.283E-01  1.232E-01  1.162E-01  1.075E-01  9.687E-02  8.624E-02  7.427E-02  6.194E-02  4.972E-02  3.809E-02  2.755E-02  1.854E-02  1.142E-02  6.352E-03  3.206E-03  1.503E-03
  299.5000  2.037E-01  2.022E-01  1.975E-01  1.900E-01  1.796E-01  1.668E-01  1.518E-01  1.351E-01  1.172E-01  9.858E-02  7.999E-02  6.211E-02  4.567E-02  3.136E-02  1.977E-02  1.123E-02  5.704E-03  2.613E-03
  300.5000  1.435E-01  1.425E-01  1.393E-01  1.342E-01  1.271E-01  1.184E-01  1.081E-01  9.662E-02  8.423E-02  7.134E-02  5.837E-02  4.578E-02  3.409E-02  2.377E-02  1.526E-02  8.821E-03  4.512E-03  2.033E-03
  301.5000  2.093E-01  2.078E-01  2.034E-01  1.961E-01  1.862E-01  1.739E-01  1.594E-01  1.431E-01  1.255E-01  1.071E-01  8.840E-02  7.012E-02  5.295E-02  3.757E-02  2.461E-02  1.453E-02  7.531E-03  3.342E-03
  302.5000  2.130E-01  2.115E-01  2.072E-01  2.000E-01  1.902E-01  1.779E-01  1.635E-01  1.472E-01  1.296E-01  1.111E-01  9.228E-02  7.375E-02  5.620E-02  4.032E-02  2.677E-02  1.604E-02  8.396E-03  3.694E-03
  303.5000  2.863E-01  2.844E-01  2.787E-01  2.693E-01  2.565E-01  2.405E-01  2.217E-01  2.004E-01  1.772E-01  1.528E-01  1.278E-01  1.030E-01  7.937E-02  5.773E-02  3.897E-02  2.380E-02  1.264E-02  5.528E-03
  304.5000  2.729E-01  2.711E-01  2.658E-01  2.571E-01  2.451E-01  2.301E-01  2.124E-01  1.925E-01  1.707E-01  1.476E-01  1.240E-01  1.005E-01  7.788E-02  5.709E-02  3.890E-02  2.401E-02  1.288E-02  5.614E-03
  305.5000  2.941E-01  2.922E-01  2.867E-01  2.775E-01  2.650E-01  2.493E-01  2.307E-01  2.093E-01  1.867E-01  1.623E-01  1.371E-01  1.120E-01  8.763E-02  6.500E-02  4.496E-02  2.825E-02  1.541E-02  6.728E-03
  306.5000  2.813E-01  2.796E-01  2.743E-01  2.657E-01  2.539E-01  2.390E-01  2.215E-01  2.016E-01  1.798E-01  1.566E-01  1.327E-01  1.087E-01  8.543E-02  6.370E-02  4.433E-02  2.806E-02  1.542E-02  6.735E-03
  307.5000  3.433E-01  3.412E-01  3.350E-01  3.247E-01  3.106E-01  2.925E-01  2.720E-01  2.482E-01  2.221E-01  1.943E-01  1.655E-01  1.364E-01  1.081E-01  8.139E-02  5.737E-02  3.689E-02  2.063E-02  9.073E-03
  308.5000  3.603E-01  3.581E-01  3.516E-01  3.410E-01  3.264E-01  3.080E-01  2.862E-01  2.615E-01  2.343E-01  2.053E-01  1.752E-01  1.448E-01  1.151E-01  8.698E-02  6.159E-02  3.983E-02  2.240E-02  9.879E-03
  309.5000  2.843E-01  2.826E-01  2.776E-01  2.693E-01  2.580E-01  2.437E-01  2.268E-01  2.076E-01  1.864E-01  1.638E-01  1.402E-01  1.164E-01  9.300E-02  7.078E-02  5.055E-02  3.304E-02  1.882E-02  8.365E-03
  310.5000  3.575E-01  3.555E-01  3.492E-01  3.390E-01  3.249E-01  3.072E-01  2.862E-01  2.623E-01  2.359E-01  2.077E-01  1.783E-01  1.484E-01  1.190E-01  9.103E-02  6.541E-02  4.308E-02  2.477E-02  1.108E-02
  311.5000  4.366E-01  4.341E-01  4.266E-01  4.142E-01  3.972E-01  3.757E-01  3.503E-01  3.213E-01  2.893E-01  2.551E-01  2.193E-01  1.830E-01  1.471E-01  1.129E-01  8.141E-02  5.388E-02  3.117E-02  1.401E-02
  312.5000  3.880E-01  3.858E-01  3.792E-01  3.684E-01  3.535E-01  3.347E-01  3.124E-01  2.870E-01  2.589E-01  2.288E-01  1.973E-01  1.652E-01  1.334E-01  1.029E-01  7.480E-02  4.998E-02  2.926E-02  1.330E-02
  313.5000  4.302E-01  4.278E-01  4.205E-01  4.086E-01  3.921E-01  3.714E-01  3.468E-01  3.187E-01  2.877E-01  2.544E-01  2.195E-01  1.840E-01  1.488E-01  1.149E-01  8.363E-02  5.599E-02  3.285E-02  1.495E-02
  314.5000  3.968E-01  3.946E-01  3.880E-01  3.772E-01  3.622E-01  3.433E-01  3.209E-01  2.953E-01  2.670E-01  2.366E-01  2.047E-01  1.721E-01  1.397E-01  1.084E-01  7.941E-02  5.361E-02  3.180E-02  1.464E-02
  315.5000  4.042E-01  4.019E-01  3.952E-01  3.842E-01  3.690E-01  3.499E-01  3.271E-01  3.011E-01  2.724E-01  2.414E-01  2.090E-01  1.758E-01  1.428E-01  1.109E-01  8.130E-02  5.494E-02  3.262E-02  1.504E-02
  316.5000  3.782E-01  3.761E-01  3.700E-01  3.597E-01  3.457E-01  3.280E-01  3.069E-01  2.828E-01  2.561E-01  2.274E-01  1.972E-01  1.663E-01  1.354E-01  1.056E-01  7.780E-02  5.292E-02  3.170E-02  1.476E-02
  317.5000  5.342E-01  5.313E-01  5.226E-01  5.082E-01  4.883E-01  4.633E-01  4.336E-01  3.996E-01  3.619E-01  3.214E-01  2.788E-01  2.351E-01  1.915E-01  1.494E-01  1.100E-01  7.478E-02  4.478E-02  2.083E-02
  318.5000  3.968E-01  3.946E-01  3.882E-01  3.777E-01  3.631E-01  3.447E-01  3.228E-01  2.978E-01  2.700E-01  2.401E-01  2.087E-01  1.764E-01  1.441E-01  1.127E-01  8.341E-02  5.705E-02  3.444E-02  1.619E-02
  319.5000  4.786E-01  4.760E-01  4.683E-01  4.556E-01  4.380E-01  4.159E-01  3.896E-01  3.595E-01  3.261E-01  2.901E-01  2.522E-01  2.133E-01  1.743E-01  1.365E-01  1.011E-01  6.919E-02  4.182E-02  1.968E-02
  320.5000  5.744E-01  5.713E-01  5.621E-01  5.469E-01  5.259E-01  4.995E-01  4.680E-01  4.320E-01  3.920E-01  3.489E-01  3.034E-01  2.568E-01  2.100E-01  1.646E-01  1.220E-01  8.360E-02  5.062E-02  2.387E-02
  321.5000  4.627E-01  4.602E-01  4.529E-01  4.407E-01  4.240E-01  4.029E-01  3.778E-01  3.490E-01  3.170E-01  2.825E-01  2.461E-01  2.087E-01  1.711E-01  1.345E-01  1.001E-01  6.899E-02  4.210E-02  2.007E-02
  322.5000  4.846E-01  4.820E-01  4.743E-01  4.615E-01  4.439E-01  4.217E-01  3.953E-01  3.650E-01  3.314E-01  2.951E-01  2.568E-01  2.175E-01  1.780E-01  1.396E-01  1.035E-01  7.102E-02  4.305E-02  2.033E-02
  323.5000  4.682E-01  4.657E-01  4.584E-01  4.462E-01  4.293E-01  4.081E-01  3.828E-01  3.538E-01  3.217E-01  2.869E-01  2.502E-01  2.123E-01  1.743E-01  1.373E-01  1.023E-01  7.067E-02  4.326E-02  2.071E-02
  324.5000  5.505E-01  5.476E-01  5.389E-01  5.246E-01  5.048E-01  4.799E-01  4.502E-01  4.161E-01  3.783E-01  3.375E-01  2.943E-01  2.498E-01  2.051E-01  1.615E-01  1.203E-01  8.306E-02  5.080E-02  2.430E-02
  325.5000  6.219E-01  6.186E-01  6.088E-01  5.927E-01  5.704E-01  5.422E-01  5.086E-01  4.702E-01  4.275E-01  3.812E-01  3.325E-01  2.821E-01  2.316E-01  1.823E-01  1.357E-01  9.358E-02  5.715E-02  2.727E-02
  326.5000  7.201E-01  7.163E-01  7.051E-01  6.865E-01  6.609E-01  6.285E-01  5.900E-01  5.457E-01  4.966E-01  4.434E-01  3.872E-01  3.291E-01  2.707E-01  2.136E-01  1.596E-01  1.106E-01  6.797E-02  3.276E-02
  327.5000  6.798E-01  6.763E-01  6.657E-01  6.481E-01  6.239E-01  5.933E-01  5.569E-01  5.151E-01  4.687E-01  4.184E-01  3.652E-01  3.104E-01  2.552E-01  2.012E-01  1.501E-01  1.038E-01  6.366E-02  3.057E-02
  328.5000  6.272E-01  6.239E-01  6.142E-01  5.980E-01  5.757E-01  5.476E-01  5.140E-01  4.755E-01  4.327E-01  3.863E-01  3.373E-01  2.867E-01  2.357E-01  1.859E-01  1.387E-01  9.591E-02  5.881E-02  2.824E-02
  329.5000  7.862E-01  7.822E-01  7.700E-01  7.499E-01  7.221E-01  6.870E-01  6.452E-01  5.972E-01  5.438E-01  4.859E-01  4.247E-01  3.614E-01  2.976E-01  2.351E-01  1.759E-01  1.221E-01  7.521E-02  3.639E-02
  330.5000  7.244E-01  7.207E-01  7.094E-01  6.909E-01  6.653E-01  6.330E-01  5.944E-01  5.501E-01  5.009E-01  4.475E-01  3.911E-01  3.327E-01  2.739E-01  2.162E-01  1.616E-01  1.119E-01  6.879E-02  3.316E-02
  331.5000  7.176E-01  7.139E-01  7.028E-01  6.845E-01  6.591E-01  6.271E-01  5.889E-01  5.451E-01  4.964E-01  4.435E-01  3.876E-01  3.298E-01  2.715E-01  2.143E-01  1.601E-01  1.108E-01  6.809E-02  3.280E-02
  332.5000  6.896E-01  6.860E-01  6.754E-01  6.579E-01  6.336E-01  6.030E-01  5.665E-01  5.246E-01  4.779E-01  4.273E-01  3.737E-01  3.183E-01  2.623E-01  2.073E-01  1.552E-01  1.077E-01  6.640E-02  3.217E-02
  333.5000  6.545E-01  6.511E-01  6.410E-01  6.244E-01  6.014E-01  5.723E-01  5.376E-01  4.978E-01  4.536E-01  4.055E-01  3.546E-01  3.019E-01  2.487E-01  1.965E-01  1.470E-01  1.019E-01  6.269E-02  3.029E-02
  334.5000  7.270E-01  7.233E-01  7.121E-01  6.937E-01  6.682E-01  6.360E-01  5.976E-01  5.534E-01  5.043E-01  4.510E-01  3.945E-01  3.360E-01  2.769E-01  2.189E-01  1.638E-01  1.136E-01  6.992E-02  3.383E-02
  335.5000  7.281E-01  7.244E-01  7.133E-01  6.948E-01  6.694E-01  6.372E-01  5.989E-01  5.548E-01  5.057E-01  4.524E-01  3.959E-01  3.374E-01  2.782E-01  2.201E-01  1.648E-01  1.144E-01  7.055E-02  3.423E-02
  336.5000  5.710E-01  5.680E-01  5.593E-01  5.449E-01  5.250E-01  4.998E-01  4.697E-01  4.351E-01  3.967E-01  3.549E-01  3.106E-01  2.647E-01  2.183E-01  1.726E-01  1.292E-01  8.967E-02  5.526E-02  2.678E-02
  337.5000  6.316E-01  6.284E-01  6.187E-01  6.028E-01  5.807E-01  5.529E-01  5.196E-01  4.814E-01  4.388E-01  3.926E-01  3.436E-01  2.928E-01  2.414E-01  1.908E-01  1.428E-01  9.896E-02  6.089E-02  2.945E-02
  338.5000  6.583E-01  6.550E-01  6.450E-01  6.284E-01  6.055E-01  5.765E-01  5.420E-01  5.022E-01  4.580E-01  4.099E-01  3.589E-01  3.060E-01  2.525E-01  1.997E-01  1.496E-01  1.038E-01  6.398E-02  3.104E-02
  339.5000  7.143E-01  7.106E-01  6.998E-01  6.818E-01  6.570E-01  6.256E-01  5.882E-01  5.451E-01  4.972E-01  4.451E-01  3.898E-01  3.324E-01  2.743E-01  2.171E-01  1.626E-01  1.128E-01  6.954E-02  3.375E-02
  340.5000  7.667E-01  7.628E-01  7.511E-01  7.319E-01  7.053E-01  6.717E-01  6.315E-01  5.853E-01  5.338E-01  4.779E-01  4.185E-01  3.569E-01  2.945E-01  2.330E-01  1.745E-01  1.210E-01  7.451E-02  3.611E-02
  341.5000  6.764E-01  6.730E-01  6.628E-01  6.458E-01  6.224E-01  5.928E-01  5.574E-01  5.167E-01  4.714E-01  4.221E-01  3.698E-01  3.155E-01  2.604E-01  2.062E-01  1.544E-01  1.071E-01  6.604E-02  3.206E-02
  342.5000  7.482E-01  7.445E-01  7.331E-01  7.144E-01  6.885E-01  6.559E-01  6.168E-01  5.719E-01  5.218E-01  4.673E-01  4.095E-01  3.494E-01  2.885E-01  2.284E-01  1.711E-01  1.187E-01  7.316E-02  3.552E-02
  343.5000  7.786E-01  7.746E-01  7.628E-01  7.434E-01  7.165E-01  6.825E-01  6.419E-01  5.952E-01  5.431E-01  4.865E-01  4.263E-01  3.638E-01  3.004E-01  2.378E-01  1.781E-01  1.235E-01  7.610E-02  3.693E-02
  344.5000  5.467E-01  5.440E-01  5.357E-01  5.221E-01  5.032E-01  4.794E-01  4.509E-01  4.181E-01  3.816E-01  3.418E-01  2.996E-01  2.556E-01  2.111E-01  1.671E-01  1.251E-01  8.676E-02  5.341E-02  2.590E-02
  345.5000  7.443E-01  7.406E-01  7.294E-01  7.108E-01  6.852E-01  6.528E-01  6.141E-01  5.696E-01  5.199E-01  4.658E-01  4.084E-01  3.486E-01  2.880E-01  2.281E-01  1.709E-01  1.185E-01  7.303E-02  3.547E-02
  346.5000  6.985E-01  6.950E-01  6.845E-01  6.671E-01  6.431E-01  6.127E-01  5.764E-01  5.346E-01  4.880E-01  4.373E-01  3.834E-01  3.273E-01  2.704E-01  2.141E-01  1.604E-01  1.112E-01  6.845E-02  3.321E-02
  347.5000  6.819E-01  6.785E-01  6.682E-01  6.513E-01  6.279E-01  5.983E-01  5.629E-01  5.221E-01  4.767E-01  4.272E-01  3.746E-01  3.199E-01  2.643E-01  2.093E-01  1.568E-01  1.087E-01  6.690E-02  3.246E-02
  348.5000  7.481E-01  7.444E-01  7.332E-01  7.146E-01  6.890E-01  6.565E-01  6.177E-01  5.731E-01  5.233E-01  4.691E-01  4.114E-01  3.514E-01  2.904E-01  2.300E-01  1.723E-01  1.195E-01  7.352E-02  3.568E-02
  349.5000  6.268E-01  6.237E-01  6.143E-01  5.988E-01  5.773E-01  5.502E-01  5.177E-01  4.804E-01  4.387E-01  3.933E-01  3.450E-01  2.947E-01  2.435E-01  1.930E-01  1.445E-01  1.002E-01  6.164E-02  2.991E-02
  350.5000  8.770E-01  8.726E-01  8.595E-01  8.378E-01  8.078E-01  7.699E-01  7.246E-01  6.724E-01  6.141E-01  5.506E-01  4.831E-01  4.127E-01  3.411E-01  2.703E-01  2.025E-01  1.404E-01  8.634E-02  4.189E-02
  351.5000  7.559E-01  7.522E-01  7.409E-01  7.222E-01  6.964E-01  6.638E-01  6.247E-01  5.798E-01  5.296E-01  4.749E-01  4.167E-01  3.560E-01  2.944E-01  2.333E-01  1.747E-01  1.211E-01  7.446E-02  3.612E-02
  352.5000  6.812E-01  6.778E-01  6.676E-01  6.508E-01  6.276E-01  5.982E-01  5.631E-01  5.226E-01  4.774E-01  4.282E-01  3.758E-01  3.212E-01  2.656E-01  2.105E-01  1.577E-01  1.093E-01  6.717E-02  3.259E-02
  353.5000  8.191E-01  8.150E-01  8.028E-01  7.826E-01  7.548E-01  7.195E-01  6.773E-01  6.287E-01  5.744E-01  5.153E-01  4.523E-01  3.866E-01  3.197E-01  2.534E-01  1.899E-01  1.316E-01  8.088E-02  3.924E-02
  354.5000  8.856E-01  8.812E-01  8.680E-01  8.463E-01  8.162E-01  7.781E-01  7.325E-01  6.800E-01  6.214E-01  5.575E-01  4.894E-01  4.184E-01  3.461E-01  2.744E-01  2.056E-01  1.424E-01  8.755E-02  4.248E-02
  355.5000  8.273E-01  8.232E-01  8.109E-01  7.906E-01  7.625E-01  7.270E-01  6.844E-01  6.355E-01  5.807E-01  5.211E-01  4.575E-01  3.912E-01  3.237E-01  2.566E-01  1.923E-01  1.332E-01  8.186E-02  3.972E-02
  356.5000  7.674E-01  7.636E-01  7.523E-01  7.334E-01  7.074E-01  6.745E-01  6.351E-01  5.897E-01  5.390E-01  4.837E-01  4.248E-01  3.633E-01  3.006E-01  2.384E-01  1.786E-01  1.237E-01  7.600E-02  3.687E-02
  357.5000  6.524E-01  6.492E-01  6.395E-01  6.235E-01  6.014E-01  5.735E-01  5.400E-01  5.015E-01  4.584E-01  4.115E-01  3.614E-01  3.091E-01  2.558E-01  2.029E-01  1.520E-01  1.053E-01  6.466E-02  3.137E-02
  358.5000  5.031E-01  5.006E-01  4.932E-01  4.809E-01  4.639E-01  4.423E-01  4.166E-01  3.869E-01  3.537E-01  3.175E-01  2.789E-01  2.386E-01  1.975E-01  1.566E-01  1.174E-01  8.129E-02  4.992E-02  2.421E-02
  359.5000  8.463E-01  8.422E-01  8.297E-01  8.090E-01  7.804E-01  7.443E-01  7.010E-01  6.511E-01  5.953E-01  5.344E-01  4.695E-01  4.017E-01  3.326E-01  2.638E-01  1.977E-01  1.369E-01  8.405E-02  4.076E-02
  360.5000  7.841E-01  7.803E-01  7.687E-01  7.496E-01  7.232E-01  6.897E-01  6.496E-01  6.034E-01  5.518E-01  4.955E-01  4.353E-01  3.726E-01  3.085E-01  2.447E-01  1.834E-01  1.270E-01  7.794E-02  3.780E-02
  361.5000  7.065E-01  7.030E-01  6.927E-01  6.755E-01  6.517E-01  6.215E-01  5.855E-01  5.439E-01  4.974E-01  4.467E-01  3.926E-01  3.360E-01  2.782E-01  2.208E-01  1.655E-01  1.146E-01  7.030E-02  3.409E-02
  362.5000  8.293E-01  8.252E-01  8.130E-01  7.928E-01  7.649E-01  7.296E-01  6.874E-01  6.386E-01  5.841E-01  5.246E-01  4.611E-01  3.947E-01  3.269E-01  2.595E-01  1.945E-01  1.346E-01  8.259E-02  4.004E-02
  363.5000  7.374E-01  7.337E-01  7.229E-01  7.050E-01  6.803E-01  6.489E-01  6.113E-01  5.681E-01  5.196E-01  4.668E-01  4.103E-01  3.513E-01  2.910E-01  2.310E-01  1.732E-01  1.199E-01  7.350E-02  3.563E-02
  364.5000  8.041E-01  8.002E-01  7.884E-01  7.689E-01  7.419E-01  7.077E-01  6.668E-01  6.197E-01  5.669E-01  5.093E-01  4.478E-01  3.835E-01  3.177E-01  2.522E-01  1.891E-01  1.309E-01  8.022E-02  3.889E-02
  365.5000  9.795E-01  9.747E-01  9.604E-01  9.367E-01  9.038E-01  8.623E-01  8.125E-01  7.551E-01  6.909E-01  6.208E-01  5.459E-01  4.675E-01  3.874E-01  3.076E-01  2.306E-01  1.596E-01  9.780E-02  4.740E-02
  366.5000  1.036E+00  1.031E+00  1.016E+00  9.909E-01  9.562E-01  9.123E-01  8.597E-01  7.991E-01  7.312E-01  6.571E-01  5.779E-01  4.950E-01  4.103E-01  3.258E-01  2.442E-01  1.690E-01  1.036E-01  5.018E-02
  367.5000  9.833E-01  9.785E-01  9.642E-01  9.404E-01  9.075E-01  8.659E-01  8.161E-01  7.586E-01  6.942E-01  6.239E-01  5.488E-01  4.702E-01  3.898E-01  3.095E-01  2.321E-01  1.606E-01  9.837E-02  4.766E-02
  368.5000  8.635E-01  8.593E-01  8.467E-01  8.259E-01  7.970E-01  7.605E-01  7.168E-01  6.664E-01  6.099E-01  5.482E-01  4.823E-01  4.133E-01  3.426E-01  2.721E-01  2.041E-01  1.412E-01  8.646E-02  4.188E-02
  369.5000  1.035E+00  1.030E+00  1.015E+00  9.903E-01  9.558E-01  9.121E-01  8.597E-01  7.993E-01  7.316E-01  6.577E-01  5.787E-01  4.960E-01  4.113E-01  3.267E-01  2.450E-01  1.695E-01  1.038E-01  5.026E-02
  370.5000  9.390E-01  9.344E-01  9.208E-01  8.982E-01  8.669E-01  8.273E-01  7.799E-01  7.251E-01  6.638E-01  5.969E-01  5.252E-01  4.502E-01  3.734E-01  2.966E-01  2.225E-01  1.539E-01  9.419E-02  4.561E-02
  371.5000  1.074E+00  1.069E+00  1.053E+00  1.027E+00  9.917E-01  9.464E-01  8.922E-01  8.297E-01  7.596E-01  6.831E-01  6.012E-01  5.154E-01  4.275E-01  3.397E-01  2.548E-01  1.762E-01  1.078E-01  5.221E-02
  372.5000  7.930E-01  7.892E-01  7.777E-01  7.586E-01  7.323E-01  6.989E-01  6.589E-01  6.128E-01  5.611E-01  5.046E-01  4.442E-01  3.809E-01  3.160E-01  2.511E-01  1.884E-01  1.303E-01  7.969E-02  3.858E-02
  373.5000  7.166E-01  7.131E-01  7.027E-01  6.855E-01  6.618E-01  6.316E-01  5.955E-01  5.539E-01  5.073E-01  4.562E-01  4.017E-01  3.445E-01  2.858E-01  2.272E-01  1.704E-01  1.179E-01  7.207E-02  3.488E-02
  374.5000  7.862E-01  7.824E-01  7.710E-01  7.522E-01  7.261E-01  6.931E-01  6.536E-01  6.079E-01  5.568E-01  5.009E-01  4.410E-01  3.783E-01  3.139E-01  2.495E-01  1.872E-01  1.295E-01  7.914E-02  3.830E-02
  375.5000  8.867E-01  8.824E-01  8.696E-01  8.484E-01  8.190E-01  7.819E-01  7.373E-01  6.859E-01  6.282E-01  5.652E-01  4.977E-01  4.270E-01  3.544E-01  2.818E-01  2.114E-01  1.462E-01  8.934E-02  4.322E-02
  376.5000  8.851E-01  8.808E-01  8.681E-01  8.469E-01  8.177E-01  7.806E-01  7.361E-01  6.849E-01  6.274E-01  5.645E-01  4.972E-01  4.266E-01  3.541E-01  2.816E-01  2.113E-01  1.461E-01  8.926E-02  4.318E-02
  377.5000  1.054E+00  1.049E+00  1.033E+00  1.008E+00  9.734E-01  9.294E-01  8.765E-01  8.155E-01  7.471E-01  6.724E-01  5.923E-01  5.082E-01  4.220E-01  3.356E-01  2.518E-01  1.741E-01  1.064E-01  5.143E-02
  378.5000  1.148E+00  1.142E+00  1.126E+00  1.099E+00  1.061E+00  1.013E+00  9.552E-01  8.888E-01  8.144E-01  7.330E-01  6.457E-01  5.542E-01  4.602E-01  3.661E-01  2.747E-01  1.899E-01  1.160E-01  5.608E-02
  379.5000  8.491E-01  8.450E-01  8.328E-01  8.126E-01  7.846E-01  7.491E-01  7.066E-01  6.576E-01  6.026E-01  5.424E-01  4.779E-01  4.102E-01  3.407E-01  2.711E-01  2.034E-01  1.406E-01  8.586E-02  4.150E-02
  380.5000  1.021E+00  1.016E+00  1.001E+00  9.769E-01  9.433E-01  9.008E-01  8.497E-01  7.908E-01  7.247E-01  6.524E-01  5.750E-01  4.936E-01  4.100E-01  3.263E-01  2.449E-01  1.693E-01  1.033E-01  4.993E-02
  381.5000  9.589E-01  9.543E-01  9.405E-01  9.178E-01  8.862E-01  8.463E-01  7.984E-01  7.431E-01  6.811E-01  6.132E-01  5.405E-01  4.641E-01  3.856E-01  3.068E-01  2.303E-01  1.592E-01  9.714E-02  4.694E-02
  382.5000  6.387E-01  6.357E-01  6.265E-01  6.114E-01  5.904E-01  5.638E-01  5.319E-01  4.951E-01  4.539E-01  4.087E-01  3.603E-01  3.094E-01  2.571E-01  2.046E-01  1.536E-01  1.062E-01  6.477E-02  3.129E-02
  383.5000  5.607E-01  5.580E-01  5.500E-01  5.367E-01  5.183E-01  4.950E-01  4.671E-01  4.348E-01  3.986E-01  3.590E-01  3.165E-01  2.718E-01  2.259E-01  1.798E-01  1.350E-01  9.332E-02  5.690E-02  2.748E-02
  384.5000  8.412E-01  8.372E-01  8.251E-01  8.052E-01  7.777E-01  7.428E-01  7.009E-01  6.525E-01  5.982E-01  5.388E-01  4.751E-01  4.081E-01  3.393E-01  2.701E-01  2.028E-01  1.402E-01  8.545E-02  4.126E-02
  385.5000  8.320E-01  8.280E-01  8.161E-01  7.965E-01  7.692E-01  7.347E-01  6.933E-01  6.455E-01  5.919E-01  5.332E-01  4.702E-01  4.040E-01  3.359E-01  2.675E-01  2.009E-01  1.388E-01  8.459E-02  4.083E-02
  386.5000  8.478E-01  8.438E-01  8.317E-01  8.117E-01  7.840E-01  7.488E-01  7.067E-01  6.580E-01  6.034E-01  5.436E-01  4.795E-01  4.120E-01  3.426E-01  2.729E-01  2.049E-01  1.416E-01  8.628E-02  4.164E-02
  387.5000  7.877E-01  7.839E-01  7.727E-01  7.542E-01  7.284E-01  6.958E-01  6.567E-01  6.115E-01  5.609E-01  5.053E-01  4.458E-01  3.831E-01  3.186E-01  2.538E-01  1.906E-01  1.317E-01  8.023E-02  3.871E-02
  388.5000  7.893E-01  7.856E-01  7.743E-01  7.557E-01  7.300E-01  6.974E-01  6.582E-01  6.130E-01  5.622E-01  5.066E-01  4.470E-01  3.842E-01  3.196E-01  2.546E-01  1.913E-01  1.322E-01  8.047E-02  3.881E-02
  389.5000  9.951E-01  9.904E-01  9.762E-01  9.528E-01  9.204E-01  8.793E-01  8.300E-01  7.730E-01  7.091E-01  6.390E-01  5.638E-01  4.848E-01  4.033E-01  3.213E-01  2.414E-01  1.668E-01  1.015E-01  4.896E-02
  390.5000  9.771E-01  9.725E-01  9.586E-01  9.357E-01  9.039E-01  8.636E-01  8.152E-01  7.593E-01  6.966E-01  6.278E-01  5.540E-01  4.764E-01  3.964E-01  3.159E-01  2.374E-01  1.640E-01  9.981E-02  4.811E-02
  391.5000  1.159E+00  1.153E+00  1.137E+00  1.110E+00  1.072E+00  1.024E+00  9.670E-01  9.008E-01  8.265E-01  7.450E-01  6.575E-01  5.655E-01  4.706E-01  3.751E-01  2.819E-01  1.947E-01  1.185E-01  5.710E-02
  392.5000  8.688E-01  8.647E-01  8.524E-01  8.320E-01  8.038E-01  7.680E-01  7.251E-01  6.755E-01  6.198E-01  5.588E-01  4.932E-01  4.242E-01  3.531E-01  2.815E-01  2.116E-01  1.462E-01  8.891E-02  4.283E-02
  393.5000  3.776E-01  3.758E-01  3.705E-01  3.617E-01  3.494E-01  3.339E-01  3.152E-01  2.937E-01  2.695E-01  2.430E-01  2.145E-01  1.845E-01  1.536E-01  1.225E-01  9.206E-02  6.361E-02  3.868E-02  1.863E-02
  394.5000  8.884E-01  8.842E-01  8.716E-01  8.508E-01  8.220E-01  7.855E-01  7.417E-01  6.911E-01  6.342E-01  5.719E-01  5.050E-01  4.345E-01  3.617E-01  2.885E-01  2.168E-01  1.498E-01  9.107E-02  4.385E-02
  395.5000  1.143E+00  1.137E+00  1.121E+00  1.094E+00  1.057E+00  1.011E+00  9.543E-01  8.892E-01  8.161E-01  7.360E-01  6.499E-01  5.593E-01  4.657E-01  3.715E-01  2.793E-01  1.929E-01  1.173E-01  5.644E-02
  396.5000  6.708E-01  6.677E-01  6.582E-01  6.426E-01  6.209E-01  5.933E-01  5.603E-01  5.222E-01  4.793E-01  4.323E-01  3.818E-01  3.286E-01  2.737E-01  2.183E-01  1.641E-01  1.134E-01  6.890E-02  3.315E-02
  397.5000  7.739E-01  7.703E-01  7.594E-01  7.413E-01  7.163E-01  6.846E-01  6.465E-01  6.026E-01  5.531E-01  4.989E-01  4.407E-01  3.794E-01  3.160E-01  2.521E-01  1.896E-01  1.310E-01  7.956E-02  3.827E-02
  398.5000  1.330E+00  1.323E+00  1.305E+00  1.274E+00  1.231E+00  1.176E+00  1.111E+00  1.035E+00  9.506E-01  8.576E-01  7.576E-01  6.522E-01  5.434E-01  4.336E-01  3.261E-01  2.253E-01  1.368E-01  6.578E-02
  399.5000  1.383E+00  1.376E+00  1.357E+00  1.324E+00  1.280E+00  1.223E+00  1.155E+00  1.077E+00  9.889E-01  8.922E-01  7.883E-01  6.787E-01  5.656E-01  4.514E-01  3.395E-01  2.346E-01  1.424E-01  6.845E-02
  400.5000  1.453E+00  1.446E+00  1.426E+00  1.392E+00  1.345E+00  1.286E+00  1.215E+00  1.132E+00  1.040E+00  9.382E-01  8.290E-01  7.139E-01  5.950E-01  4.749E-01  3.573E-01  2.468E-01  1.498E-01  7.199E-02
  401.5000  1.495E+00  1.488E+00  1.467E+00  1.432E+00  1.384E+00  1.323E+00  1.250E+00  1.165E+00  1.070E+00  9.655E-01  8.533E-01  7.349E-01  6.126E-01  4.891E-01  3.680E-01  2.542E-01  1.542E-01  7.409E-02
  402.5000  1.552E+00  1.544E+00  1.523E+00  1.487E+00  1.437E+00  1.373E+00  1.297E+00  1.210E+00  1.111E+00  1.003E+00  8.862E-01  7.634E-01  6.364E-01  5.081E-01  3.824E-01  2.642E-01  1.602E-01  7.694E-02
  403.5000  1.420E+00  1.413E+00  1.393E+00  1.360E+00  1.315E+00  1.257E+00  1.188E+00  1.107E+00  1.017E+00  9.179E-01  8.114E-01  6.991E-01  5.829E-01  4.655E-01  3.503E-01  2.420E-01  1.468E-01  7.045E-02
  404.5000  1.392E+00  1.386E+00  1.366E+00  1.334E+00  1.289E+00  1.233E+00  1.165E+00  1.086E+00  9.976E-01  9.005E-01  7.961E-01  6.860E-01  5.721E-01  4.569E-01  3.439E-01  2.376E-01  1.441E-01  6.913E-02
  405.5000  1.446E+00  1.439E+00  1.419E+00  1.386E+00  1.339E+00  1.280E+00  1.210E+00  1.128E+00  1.036E+00  9.357E-01  8.273E-01  7.130E-01  5.947E-01  4.751E-01  3.576E-01  2.471E-01  1.498E-01  7.183E-02
  406.5000  1.362E+00  1.355E+00  1.336E+00  1.305E+00  1.261E+00  1.206E+00  1.140E+00  1.063E+00  9.764E-01  8.816E-01  7.796E-01  6.719E-01  5.605E-01  4.479E-01  3.372E-01  2.330E-01  1.412E-01  6.769E-02
  407.5000  1.373E+00  1.366E+00  1.347E+00  1.315E+00  1.271E+00  1.216E+00  1.149E+00  1.071E+00  9.845E-01  8.890E-01  7.862E-01  6.778E-01  5.655E-01  4.519E-01  3.403E-01  2.351E-01  1.424E-01  6.826E-02
  408.5000  1.528E+00  1.521E+00  1.500E+00  1.465E+00  1.416E+00  1.354E+00  1.280E+00  1.193E+00  1.097E+00  9.904E-01  8.760E-01  7.552E-01  6.302E-01  5.037E-01  3.793E-01  2.621E-01  1.587E-01  7.606E-02
  409.5000  1.498E+00  1.491E+00  1.470E+00  1.436E+00  1.388E+00  1.327E+00  1.254E+00  1.170E+00  1.075E+00  9.711E-01  8.591E-01  7.408E-01  6.183E-01  4.942E-01  3.722E-01  2.572E-01  1.557E-01  7.459E-02
  410.5000  1.299E+00  1.293E+00  1.275E+00  1.245E+00  1.203E+00  1.151E+00  1.088E+00  1.015E+00  9.326E-01  8.424E-01  7.453E-01  6.427E-01  5.365E-01  4.289E-01  3.231E-01  2.233E-01  1.352E-01  6.470E-02
  411.5000  1.561E+00  1.554E+00  1.532E+00  1.496E+00  1.446E+00  1.383E+00  1.307E+00  1.220E+00  1.121E+00  1.013E+00  8.961E-01  7.729E-01  6.453E-01  5.160E-01  3.888E-01  2.686E-01  1.626E-01  7.780E-02
  412.5000  1.547E+00  1.540E+00  1.518E+00  1.483E+00  1.433E+00  1.371E+00  1.296E+00  1.209E+00  1.111E+00  1.004E+00  8.885E-01  7.664E-01  6.400E-01  5.118E-01  3.857E-01  2.665E-01  1.613E-01  7.714E-02
  413.5000  1.500E+00  1.493E+00  1.472E+00  1.438E+00  1.390E+00  1.329E+00  1.257E+00  1.173E+00  1.078E+00  9.740E-01  8.620E-01  7.437E-01  6.211E-01  4.968E-01  3.744E-01  2.587E-01  1.565E-01  7.484E-02
  414.5000  1.541E+00  1.534E+00  1.513E+00  1.477E+00  1.428E+00  1.366E+00  1.292E+00  1.205E+00  1.108E+00  1.001E+00  8.863E-01  7.648E-01  6.388E-01  5.111E-01  3.852E-01  2.662E-01  1.610E-01  7.695E-02
  415.5000  1.474E+00  1.467E+00  1.447E+00  1.413E+00  1.366E+00  1.307E+00  1.235E+00  1.153E+00  1.060E+00  9.580E-01  8.480E-01  7.319E-01  6.114E-01  4.892E-01  3.688E-01  2.549E-01  1.541E-01  7.363E-02
  416.5000  1.604E+00  1.597E+00  1.574E+00  1.538E+00  1.487E+00  1.422E+00  1.345E+00  1.255E+00  1.154E+00  1.043E+00  9.233E-01  7.969E-01  6.659E-01  5.329E-01  4.018E-01  2.777E-01  1.679E-01  8.016E-02
  417.5000  1.466E+00  1.459E+00  1.439E+00  1.405E+00  1.359E+00  1.300E+00  1.229E+00  1.147E+00  1.055E+00  9.536E-01  8.444E-01  7.289E-01  6.091E-01  4.876E-01  3.676E-01  2.541E-01  1.536E-01  7.331E-02
  418.5000  1.477E+00  1.470E+00  1.450E+00  1.416E+00  1.370E+00  1.310E+00  1.239E+00  1.156E+00  1.063E+00  9.613E-01  8.513E-01  7.350E-01  6.143E-01  4.918E-01  3.709E-01  2.564E-01  1.549E-01  7.391E-02
  419.5000  1.526E+00  1.519E+00  1.498E+00  1.463E+00  1.415E+00  1.353E+00  1.280E+00  1.195E+00  1.099E+00  9.933E-01  8.797E-01  7.596E-01  6.350E-01  5.084E-01  3.835E-01  2.651E-01  1.601E-01  7.638E-02
------------------------------------------------------------
Dose rates, W m-2
   1 = UV-B, 280-315 nm                                  
   2 = UV-B*, 280-320 nm                                 
   3 = UV-A, 315-400 nm                                  
   4 = DNA damage, in vitro (Setlow, 1974)               
   5 = UV index (WMO, 1994; Webb et al., 2011)           
   6 = Plant damage (Caldwell, 1971)                     
   7 = Plant damage,Flint&Caldwell,2003,orig.            
   8 = Plant damage,Flint&Caldwell,2003,ext390           
values at z =      0.000 km
Columns: sza, weighting spectra
 sza, deg.          1          2          3          4          5          6          7          8
    0.0000  5.965E+00  8.156E+00  6.535E+01  1.976E-01  7.968E+01  3.351E+00  4.235E+00  4.688E+00
    5.0000  5.924E+00  8.104E+00  6.503E+01  1.955E-01  7.901E+01  3.322E+00  4.200E+00  4.651E+00
   10.0000  5.802E+00  7.946E+00  6.406E+01  1.891E-01  7.702E+01  3.234E+00  4.097E+00  4.542E+00
   15.0000  5.601E+00  7.686E+00  6.246E+01  1.788E-01  7.372E+01  3.089E+00  3.927E+00  4.360E+00
   20.0000  5.330E+00  7.334E+00  6.025E+01  1.653E-01  6.939E+01  2.899E+00  3.702E+00  4.120E+00
   25.0000  4.990E+00  6.892E+00  5.745E+01  1.489E-01  6.399E+01  2.663E+00  3.422E+00  3.822E+00
   30.0000  4.593E+00  6.373E+00  5.410E+01  1.305E-01  5.775E+01  2.392E+00  3.100E+00  3.477E+00
   35.0000  4.148E+00  5.789E+00  5.024E+01  1.110E-01  5.094E+01  2.098E+00  2.748E+00  3.099E+00
   40.0000  3.668E+00  5.154E+00  4.593E+01  9.118E-02  4.375E+01  1.790E+00  2.377E+00  2.698E+00
   45.0000  3.164E+00  4.485E+00  4.123E+01  7.208E-02  3.646E+01  1.481E+00  2.000E+00  2.289E+00
   50.0000  2.654E+00  3.800E+00  3.622E+01  5.453E-02  2.935E+01  1.182E+00  1.631E+00  1.886E+00
   55.0000  2.153E+00  3.119E+00  3.099E+01  3.921E-02  2.268E+01  9.045E-01  1.284E+00  1.502E+00
   60.0000  1.676E+00  2.465E+00  2.565E+01  2.661E-02  1.670E+01  6.592E-01  9.693E-01  1.151E+00
   65.0000  1.242E+00  1.857E+00  2.035E+01  1.694E-02  1.162E+01  4.533E-01  6.973E-01  8.416E-01
   70.0000  8.631E-01  1.317E+00  1.525E+01  1.008E-02  7.557E+00  2.910E-01  4.734E-01  5.817E-01
   75.0000  5.506E-01  8.595E-01  1.054E+01  5.636E-03  4.532E+00  1.719E-01  2.990E-01  3.739E-01
   80.0000  3.094E-01  4.948E-01  6.451E+00  2.985E-03  2.454E+00  9.163E-02  1.707E-01  2.164E-01
   85.0000  1.392E-01  2.257E-01  3.114E+00  1.455E-03  1.134E+00  4.201E-02  8.071E-02  1.028E-01
------------------------------------------------------------
