Spectral Irradiance, W m-2 nm-1
values at z =      0.000 km
Columns: wavelength (nm), solar zenith angles (deg.)
    wc, nm      0.000      5.000     10.000     15.000     20.000     25.000     30.000     35.000     40.000     45.000     50.000     55.000     60.000     65.000     70.000     75.000     80.000     85.000
  280.5000  1.258E-08  1.181E-08  9.753E-09  7.034E-09  4.378E-09  2.309E-09  1.005E-09  3.475E-10  9.073E-11  1.664E-11  1.954E-12  1.388E-13  1.100E-14  3.888E-15  2.491E-15  1.797E-15  1.323E-15  9.146E-16
  281.5000  1.175E-07  1.109E-07  9.302E-08  6.894E-08  4.464E-08  2.484E-08  1.160E-08  4.390E-09  1.285E-09  2.729E-10  3.865E-11  3.463E-12  3.138E-13  1.032E-13  6.471E-14  4.622E-14  3.380E-14  2.324E-14
  282.5000  5.478E-07  5.194E-07  4.418E-07  3.352E-07  2.246E-07  1.309E-07  6.491E-08  2.655E-08  8.582E-09  2.066E-09  3.437E-10  3.755E-11  3.867E-12  1.194E-12  7.304E-13  5.163E-13  3.751E-13  2.565E-13
  283.5000  1.347E-06  1.281E-06  1.099E-06  8.467E-07  5.801E-07  3.484E-07  1.797E-07  7.728E-08  2.663E-08  6.956E-09  1.284E-09  1.593E-10  1.790E-11  5.293E-12  3.177E-12  2.228E-12  1.611E-12  1.097E-12
  284.5000  4.255E-06  4.068E-06  3.549E-06  2.812E-06  2.007E-06  1.274E-06  7.059E-07  3.330E-07  1.291E-07  3.919E-08  8.763E-09  1.378E-09  1.861E-10  5.147E-11  2.952E-11  2.034E-11  1.454E-11  9.821E-12
  285.5000  6.207E-06  5.958E-06  5.261E-06  4.256E-06  3.130E-06  2.069E-06  1.209E-06  6.108E-07  2.491E-07  8.758E-08  2.254E-08  4.217E-09  6.583E-10  1.751E-10  9.594E-11  6.506E-11  4.605E-11  3.086E-11
  286.5000  3.740E-05  3.601E-05  3.209E-05  2.638E-05  1.985E-05  1.354E-05  8.247E-06  4.390E-06  1.984E-06  7.324E-07  2.100E-07  4.484E-08  7.871E-09  2.052E-09  1.076E-09  7.183E-10  5.038E-10  3.353E-10
  287.5000  1.020E-04  9.854E-05  8.874E-05  7.424E-05  5.734E-05  4.050E-05  2.581E-05  1.457E-05  7.094E-06  2.878E-06  9.303E-07  2.303E-07  4.643E-08  1.204E-08  5.952E-09  3.889E-09  2.693E-09  1.776E-09
  288.5000  2.275E-04  2.206E-04  2.009E-04  1.714E-04  1.321E-04  9.985E-05  6.686E-05  4.020E-05  2.121E-05  9.534E-06  3.509E-06  1.019E-06  2.408E-07  6.377E-08  2.924E-08  1.851E-08  1.260E-08  8.207E-09
  289.5000  6.987E-04  6.793E-04  6.237E-04  5.393E-04  4.371E-04  3.294E-04  2.285E-04  1.438E-04  8.037E-05  3.885E-05  1.568E-05  5.103E-06  1.355E-06  3.709E-07  1.603E-07  9.838E-08  6.596E-08  4.248E-08
  290.5000  1.707E-03  1.672E-03  1.545E-03  1.352E-03  1.114E-03  8.592E-04  6.140E-04  4.013E-04  2.354E-04  1.210E-04  5.277E-05  1.888E-05  5.544E-06  1.583E-06  6.506E-07  3.861E-07  2.547E-07  1.622E-07
  291.5000  3.108E-03  3.037E-03  2.829E-03  2.508E-03  2.107E-03  1.667E-03  1.232E-03  8.409E-04  5.212E-04  2.871E-04  1.367E-04  5.449E-05  1.801E-05  5.493E-06  2.149E-06  1.213E-06  7.823E-07  4.903E-07
  292.5000  4.721E-03  4.621E-03  4.333E-03  3.882E-03  3.313E-03  2.678E-03  2.035E-03  1.439E-03  9.325E-04  5.436E-04  2.779E-04  1.210E-04  4.415E-05  1.441E-05  5.473E-06  2.933E-06  1.845E-06  1.137E-06
  293.5000  8.839E-03  8.669E-03  8.176E-03  7.401E-03  6.410E-03  5.286E-03  4.123E-03  3.014E-03  2.038E-03  1.253E-03  6.850E-04  3.242E-04  1.301E-04  4.577E-05  1.718E-05  8.687E-06  5.300E-06  3.203E-06
  294.5000  1.192E-02  1.171E-02  1.110E-02  1.012E-02  8.869E-03  7.430E-03  5.914E-03  4.436E-03  3.099E-03  1.986E-03  1.144E-03  5.770E-04  2.495E-04  9.375E-05  3.535E-05  1.700E-05  1.005E-05  5.959E-06
  295.5000  2.089E-02  2.056E-02  1.958E-02  1.802E-02  1.598E-02  1.361E-02  1.107E-02  8.539E-03  6.179E-03  4.139E-03  2.519E-03  1.362E-03  6.392E-04  2.598E-04  1.002E-04  4.570E-05  2.586E-05  1.494E-05
  296.5000  2.697E-02  2.658E-02  2.541E-02  2.355E-02  2.110E-02  1.822E-02  1.509E-02  1.191E-02  8.870E-03  6.161E-03  3.926E-03  2.247E-03  1.129E-03  4.919E-04  1.963E-04  8.613E-05  4.649E-05  2.613E-05
  297.5000  3.937E-02  3.919E-02  3.761E-02  3.507E-02  3.171E-02  2.772E-02  2.332E-02  1.877E-02  1.434E-02  1.029E-02  6.823E-03  4.106E-03  2.191E-03  1.019E-03  4.242E-04  1.817E-04  9.329E-05  5.081E-05
  298.5000  3.790E-02  3.742E-02  3.602E-02  3.376E-02  3.076E-02  2.716E-02  2.316E-02  1.896E-02  1.480E-02  1.090E-02  7.476E-03  4.691E-03  2.635E-03  1.298E-03  5.644E-04  2.397E-04  1.173E-04  6.179E-05
  299.5000  6.864E-02  6.785E-02  6.550E-02  6.170E-02  5.661E-02  5.048E-02  4.358E-02  3.626E-02  2.887E-02  2.181E-02  1.545E-02  1.009E-02  5.953E-03  3.103E-03  1.420E-03  6.063E-04  2.827E-04  1.430E-04
  300.5000  5.473E-02  5.414E-02  5.238E-02  4.952E-02  4.569E-02  4.104E-02  3.577E-02  3.012E-02  2.436E-02  1.876E-02  1.361E-02  9.157E-03  5.608E-03  3.054E-03  1.457E-03  6.311E-04  2.842E-04  1.384E-04
  301.5000  9.141E-02  9.049E-02  8.776E-02  8.331E-02  7.732E-02  7.001E-02  6.166E-02  5.261E-02  4.326E-02  3.402E-02  2.534E-02  1.763E-02  1.125E-02  6.440E-03  3.236E-03  1.442E-03  6.291E-04  2.913E-04
  302.5000  1.017E-01  1.007E-01  9.781E-02  9.311E-02  8.676E-02  7.896E-02  7.002E-02  6.027E-02  5.010E-02  3.994E-02  3.026E-02  2.151E-02  1.410E-02  8.342E-03  4.345E-03  1.983E-03  8.528E-04  3.799E-04
  303.5000  1.518E-01  1.505E-01  1.464E-01  1.399E-01  1.309E-01  1.199E-01  1.072E-01  9.320E-02  7.848E-02  6.359E-02  4.917E-02  3.587E-02  2.429E-02  1.495E-02  8.153E-03  3.866E-03  1.652E-03  7.001E-04
  304.5000  1.537E-01  1.524E-01  1.485E-01  1.421E-01  1.333E-01  1.226E-01  1.101E-01  9.629E-02  8.168E-02  6.681E-02  5.226E-02  3.868E-02  2.668E-02  1.680E-02  9.410E-03  4.572E-03  1.957E-03  8.042E-04
  305.5000  1.815E-01  1.801E-01  1.757E-01  1.686E-01  1.588E-01  1.468E-01  1.328E-01  1.172E-01  1.005E-01  8.336E-02  6.637E-02  5.023E-02  3.564E-02  2.326E-02  1.360E-02  6.903E-03  3.003E-03  1.182E-03
  306.5000  1.806E-01  1.792E-01  1.750E-01  1.681E-01  1.586E-01  1.469E-01  1.333E-01  1.181E-01  1.018E-01  8.494E-02  6.807E-02  5.206E-02  3.738E-02  2.476E-02  1.474E-02  7.632E-03  3.352E-03  1.295E-03
  307.5000  2.379E-01  2.361E-01  2.309E-01  2.223E-01  2.105E-01  1.959E-01  1.787E-01  1.595E-01  1.388E-01  1.172E-01  9.538E-02  7.424E-02  5.459E-02  3.727E-02  2.306E-02  1.247E-02  5.654E-03  2.131E-03
  308.5000  2.570E-01  2.551E-01  2.496E-01  2.405E-01  2.281E-01  2.126E-01  1.944E-01  1.740E-01  1.519E-01  1.288E-01  1.055E-01  8.267E-02  6.133E-02  4.235E-02  2.656E-02  1.460E-02  6.709E-03  2.509E-03
  309.5000  2.134E-01  2.119E-01  2.075E-01  2.002E-01  1.903E-01  1.779E-01  1.633E-01  1.469E-01  1.291E-01  1.103E-01  9.118E-02  7.236E-02  5.453E-02  3.843E-02  2.474E-02  1.404E-02  6.651E-03  2.478E-03
  310.5000  2.783E-01  2.764E-01  2.708E-01  2.617E-01  2.491E-01  2.334E-01  2.148E-01  1.939E-01  1.711E-01  1.470E-01  1.224E-01  9.800E-02  7.468E-02  5.339E-02  3.502E-02  2.035E-02  9.874E-03  3.691E-03
  311.5000  3.481E-01  3.458E-01  3.390E-01  3.278E-01  3.123E-01  2.930E-01  2.703E-01  2.445E-01  2.164E-01  1.867E-01  1.561E-01  1.257E-01  9.653E-02  6.966E-02  4.626E-02  2.730E-02  1.348E-02  5.063E-03
  312.5000  3.229E-01  3.209E-01  3.148E-01  3.048E-01  2.910E-01  2.737E-01  2.533E-01  2.301E-01  2.046E-01  1.777E-01  1.499E-01  1.219E-01  9.488E-02  6.967E-02  4.733E-02  2.878E-02  1.473E-02  5.647E-03
  313.5000  3.616E-01  3.594E-01  3.526E-01  3.415E-01  3.262E-01  3.070E-01  2.841E-01  2.586E-01  2.304E-01  2.003E-01  1.692E-01  1.380E-01  1.077E-01  7.940E-02  5.420E-02  3.316E-02  1.709E-02  6.581E-03
  314.5000  3.462E-01  3.441E-01  3.379E-01  3.276E-01  3.134E-01  2.956E-01  2.746E-01  2.506E-01  2.242E-01  1.961E-01  1.669E-01  1.373E-01  1.084E-01  8.112E-02  5.649E-02  3.550E-02  1.895E-02  7.525E-03
  315.5000  3.546E-01  3.525E-01  3.462E-01  3.357E-01  3.213E-01  3.032E-01  2.817E-01  2.573E-01  2.304E-01  2.017E-01  1.718E-01  1.416E-01  1.120E-01  8.397E-02  5.863E-02  3.697E-02  1.982E-02  7.895E-03
  316.5000  3.415E-01  3.395E-01  3.336E-01  3.238E-01  3.102E-01  2.932E-01  2.731E-01  2.500E-01  2.248E-01  1.976E-01  1.693E-01  1.405E-01  1.121E-01  8.502E-02  6.029E-02  3.884E-02  2.144E-02  8.817E-03
  317.5000  4.823E-01  4.795E-01  4.711E-01  4.573E-01  4.382E-01  4.142E-01  3.858E-01  3.534E-01  3.176E-01  2.793E-01  2.392E-01  1.985E-01  1.584E-01  1.201E-01  8.516E-02  5.481E-02  3.021E-02  1.240E-02
  318.5000  3.678E-01  3.657E-01  3.595E-01  3.492E-01  3.350E-01  3.172E-01  2.960E-01  2.718E-01  2.451E-01  2.163E-01  1.863E-01  1.556E-01  1.251E-01  9.594E-02  6.899E-02  4.530E-02  2.569E-02  1.092E-02
  319.5000  4.457E-01  4.432E-01  4.357E-01  4.233E-01  4.063E-01  3.848E-01  3.592E-01  3.300E-01  2.978E-01  2.631E-01  2.267E-01  1.896E-01  1.527E-01  1.173E-01  8.456E-02  5.569E-02  3.172E-02  1.356E-02
  320.5000  5.382E-01  5.351E-01  5.262E-01  5.114E-01  4.909E-01  4.651E-01  4.344E-01  3.994E-01  3.607E-01  3.190E-01  2.753E-01  2.305E-01  1.861E-01  1.433E-01  1.036E-01  6.852E-02  3.927E-02  1.693E-02
  321.5000  4.439E-01  4.415E-01  4.342E-01  4.223E-01  4.058E-01  3.850E-01  3.603E-01  3.320E-01  3.007E-01  2.669E-01  2.313E-01  1.949E-01  1.584E-01  1.232E-01  9.024E-02  6.080E-02  3.581E-02  1.607E-02
  322.5000  4.565E-01  4.540E-01  4.464E-01  4.339E-01  4.167E-01  3.950E-01  3.692E-01  3.396E-01  3.070E-01  2.718E-01  2.348E-01  1.970E-01  1.593E-01  1.229E-01  8.907E-02  5.911E-02  3.403E-02  1.476E-02
  323.5000  4.540E-01  4.515E-01  4.442E-01  4.322E-01  4.155E-01  3.945E-01  3.695E-01  3.409E-01  3.092E-01  2.750E-01  2.389E-01  2.018E-01  1.646E-01  1.285E-01  9.469E-02  6.430E-02  3.832E-02  1.751E-02
  324.5000  5.330E-01  5.302E-01  5.216E-01  5.074E-01  4.879E-01  4.633E-01  4.339E-01  4.003E-01  3.631E-01  3.228E-01  2.804E-01  2.368E-01  1.932E-01  1.507E-01  1.110E-01  7.523E-02  4.473E-02  2.037E-02
  325.5000  6.000E-01  5.967E-01  5.871E-01  5.711E-01  5.491E-01  5.213E-01  4.882E-01  4.503E-01  4.083E-01  3.629E-01  3.150E-01  2.659E-01  2.166E-01  1.688E-01  1.239E-01  8.376E-02  4.955E-02  2.238E-02
  326.5000  7.082E-01  7.045E-01  6.933E-01  6.748E-01  6.493E-01  6.172E-01  5.788E-01  5.349E-01  4.861E-01  4.334E-01  3.776E-01  3.202E-01  2.625E-01  2.061E-01  1.531E-01  1.051E-01  6.364E-02  2.987E-02
  327.5000  6.644E-01  6.608E-01  6.503E-01  6.329E-01  6.089E-01  5.786E-01  5.424E-01  5.010E-01  4.551E-01  4.053E-01  3.529E-01  2.988E-01  2.445E-01  1.915E-01  1.416E-01  9.667E-02  5.806E-02  2.687E-02
  328.5000  6.132E-01  6.099E-01  6.002E-01  5.842E-01  5.621E-01  5.341E-01  5.009E-01  4.627E-01  4.203E-01  3.745E-01  3.261E-01  2.761E-01  2.260E-01  1.771E-01  1.310E-01  8.942E-02  5.372E-02  2.487E-02
  329.5000  7.795E-01  7.755E-01  7.633E-01  7.433E-01  7.156E-01  6.806E-01  6.389E-01  5.910E-01  5.378E-01  4.802E-01  4.193E-01  3.563E-01  2.929E-01  2.309E-01  1.722E-01  1.189E-01  7.269E-02  3.468E-02
  330.5000  7.140E-01  7.103E-01  6.991E-01  6.806E-01  6.551E-01  6.230E-01  5.846E-01  5.406E-01  4.917E-01  4.387E-01  3.826E-01  3.248E-01  2.665E-01  2.096E-01  1.557E-01  1.070E-01  6.488E-02  3.053E-02
  331.5000  7.065E-01  7.028E-01  6.917E-01  6.735E-01  6.483E-01  6.165E-01  5.785E-01  5.349E-01  4.865E-01  4.341E-01  3.786E-01  3.213E-01  2.636E-01  2.072E-01  1.539E-01  1.056E-01  6.392E-02  3.000E-02
  332.5000  6.858E-01  6.822E-01  6.716E-01  6.541E-01  6.299E-01  5.994E-01  5.629E-01  5.211E-01  4.745E-01  4.241E-01  3.706E-01  3.154E-01  2.596E-01  2.049E-01  1.530E-01  1.059E-01  6.494E-02  3.117E-02
  333.5000  6.480E-01  6.446E-01  6.346E-01  6.180E-01  5.951E-01  5.661E-01  5.316E-01  4.919E-01  4.478E-01  4.000E-01  3.494E-01  2.970E-01  2.442E-01  1.924E-01  1.433E-01  9.877E-02  6.022E-02  2.861E-02
  334.5000  7.215E-01  7.178E-01  7.066E-01  6.882E-01  6.628E-01  6.307E-01  5.924E-01  5.484E-01  4.994E-01  4.463E-01  3.900E-01  3.318E-01  2.730E-01  2.153E-01  1.606E-01  1.109E-01  6.779E-02  3.237E-02
  335.5000  7.260E-01  7.223E-01  7.112E-01  6.928E-01  6.673E-01  6.352E-01  5.969E-01  5.528E-01  5.038E-01  4.506E-01  3.942E-01  3.358E-01  2.767E-01  2.187E-01  1.636E-01  1.134E-01  6.974E-02  3.366E-02
  336.5000  5.685E-01  5.656E-01  5.569E-01  5.425E-01  5.226E-01  4.974E-01  4.674E-01  4.329E-01  3.945E-01  3.528E-01  3.086E-01  2.628E-01  2.166E-01  1.711E-01  1.278E-01  8.848E-02  5.431E-02  2.612E-02
  337.5000  6.268E-01  6.236E-01  6.139E-01  5.980E-01  5.760E-01  5.483E-01  5.151E-01  4.770E-01  4.345E-01  3.885E-01  3.397E-01  2.891E-01  2.380E-01  1.877E-01  1.400E-01  9.660E-02  5.901E-02  2.815E-02
  338.5000  6.566E-01  6.533E-01  6.433E-01  6.267E-01  6.038E-01  5.749E-01  5.403E-01  5.007E-01  4.564E-01  4.084E-01  3.575E-01  3.047E-01  2.512E-01  1.986E-01  1.486E-01  1.029E-01  6.330E-02  3.057E-02
  339.5000  7.129E-01  7.093E-01  6.984E-01  6.805E-01  6.557E-01  6.243E-01  5.869E-01  5.439E-01  4.960E-01  4.439E-01  3.887E-01  3.313E-01  2.733E-01  2.162E-01  1.618E-01  1.121E-01  6.900E-02  3.337E-02
  340.5000  7.638E-01  7.599E-01  7.483E-01  7.291E-01  7.025E-01  6.689E-01  6.288E-01  5.827E-01  5.313E-01  4.754E-01  4.162E-01  3.547E-01  2.925E-01  2.311E-01  1.728E-01  1.196E-01  7.336E-02  3.532E-02
  341.5000  6.756E-01  6.722E-01  6.619E-01  6.450E-01  6.216E-01  5.920E-01  5.566E-01  5.160E-01  4.707E-01  4.214E-01  3.691E-01  3.149E-01  2.598E-01  2.056E-01  1.539E-01  1.067E-01  6.571E-02  3.183E-02
  342.5000  7.477E-01  7.439E-01  7.326E-01  7.139E-01  6.880E-01  6.553E-01  6.162E-01  5.713E-01  5.213E-01  4.668E-01  4.090E-01  3.489E-01  2.881E-01  2.280E-01  1.707E-01  1.184E-01  7.294E-02  3.537E-02
  343.5000  7.773E-01  7.734E-01  7.616E-01  7.422E-01  7.153E-01  6.813E-01  6.407E-01  5.941E-01  5.420E-01  4.854E-01  4.253E-01  3.628E-01  2.995E-01  2.370E-01  1.774E-01  1.229E-01  7.559E-02  3.657E-02
  344.5000  5.453E-01  5.426E-01  5.343E-01  5.207E-01  5.019E-01  4.780E-01  4.496E-01  4.168E-01  3.803E-01  3.406E-01  2.984E-01  2.545E-01  2.101E-01  1.662E-01  1.243E-01  8.605E-02  5.284E-02  2.550E-02
  345.5000  7.442E-01  7.405E-01  7.293E-01  7.107E-01  6.851E-01  6.527E-01  6.140E-01  5.695E-01  5.198E-01  4.658E-01  4.083E-01  3.486E-01  2.879E-01  2.280E-01  1.708E-01  1.185E-01  7.299E-02  3.544E-02
  346.5000  6.974E-01  6.939E-01  6.834E-01  6.660E-01  6.420E-01  6.116E-01  5.753E-01  5.336E-01  4.870E-01  4.364E-01  3.825E-01  3.265E-01  2.696E-01  2.134E-01  1.597E-01  1.106E-01  6.799E-02  3.288E-02
  347.5000  6.809E-01  6.775E-01  6.673E-01  6.503E-01  6.269E-01  5.973E-01  5.620E-01  5.213E-01  4.758E-01  4.264E-01  3.738E-01  3.191E-01  2.636E-01  2.087E-01  1.562E-01  1.082E-01  6.650E-02  3.217E-02
  348.5000  7.475E-01  7.437E-01  7.325E-01  7.140E-01  6.883E-01  6.559E-01  6.171E-01  5.725E-01  5.227E-01  4.685E-01  4.109E-01  3.509E-01  2.899E-01  2.296E-01  1.719E-01  1.191E-01  7.324E-02  3.548E-02
  349.5000  6.262E-01  6.231E-01  6.137E-01  5.982E-01  5.767E-01  5.496E-01  5.172E-01  4.798E-01  4.381E-01  3.928E-01  3.445E-01  2.942E-01  2.431E-01  1.926E-01  1.442E-01  9.988E-02  6.140E-02  2.974E-02
  350.5000  8.763E-01  8.719E-01  8.588E-01  8.371E-01  8.071E-01  7.692E-01  7.239E-01  6.717E-01  6.134E-01  5.500E-01  4.825E-01  4.121E-01  3.406E-01  2.698E-01  2.021E-01  1.400E-01  8.604E-02  4.168E-02
  351.5000  7.552E-01  7.514E-01  7.401E-01  7.215E-01  6.957E-01  6.630E-01  6.240E-01  5.791E-01  5.289E-01  4.742E-01  4.160E-01  3.555E-01  2.938E-01  2.327E-01  1.743E-01  1.207E-01  7.415E-02  3.590E-02
  352.5000  6.806E-01  6.772E-01  6.671E-01  6.503E-01  6.271E-01  5.977E-01  5.626E-01  5.221E-01  4.769E-01  4.277E-01  3.753E-01  3.207E-01  2.651E-01  2.101E-01  1.573E-01  1.090E-01  6.694E-02  3.242E-02
  353.5000  8.186E-01  8.146E-01  8.024E-01  7.822E-01  7.543E-01  7.191E-01  6.769E-01  6.283E-01  5.740E-01  5.149E-01  4.519E-01  3.862E-01  3.194E-01  2.531E-01  1.896E-01  1.313E-01  8.069E-02  3.910E-02
  354.5000  8.853E-01  8.809E-01  8.678E-01  8.460E-01  8.159E-01  7.778E-01  7.322E-01  6.798E-01  6.211E-01  5.572E-01  4.892E-01  4.182E-01  3.459E-01  2.742E-01  2.054E-01  1.423E-01  8.743E-02  4.239E-02
  355.5000  8.270E-01  8.229E-01  8.106E-01  7.903E-01  7.623E-01  7.267E-01  6.842E-01  6.352E-01  5.805E-01  5.209E-01  4.573E-01  3.910E-01  3.235E-01  2.565E-01  1.921E-01  1.331E-01  8.175E-02  3.964E-02
  356.5000  7.672E-01  7.634E-01  7.520E-01  7.332E-01  7.072E-01  6.743E-01  6.349E-01  5.895E-01  5.388E-01  4.835E-01  4.246E-01  3.631E-01  3.004E-01  2.382E-01  1.785E-01  1.236E-01  7.590E-02  3.680E-02
  357.5000  6.522E-01  6.489E-01  6.393E-01  6.233E-01  6.012E-01  5.733E-01  5.398E-01  5.013E-01  4.582E-01  4.113E-01  3.612E-01  3.089E-01  2.556E-01  2.027E-01  1.519E-01  1.052E-01  6.457E-02  3.129E-02
  358.5000  5.030E-01  5.005E-01  4.931E-01  4.808E-01  4.637E-01  4.422E-01  4.164E-01  3.868E-01  3.536E-01  3.174E-01  2.788E-01  2.385E-01  1.974E-01  1.566E-01  1.173E-01  8.123E-02  4.987E-02  2.417E-02
  359.5000  8.462E-01  8.420E-01  8.295E-01  8.088E-01  7.802E-01  7.441E-01  7.008E-01  6.509E-01  5.951E-01  5.343E-01  4.694E-01  4.016E-01  3.324E-01  2.637E-01  1.976E-01  1.368E-01  8.396E-02  4.070E-02
  360.5000  7.840E-01  7.801E-01  7.685E-01  7.494E-01  7.230E-01  6.895E-01  6.494E-01  6.033E-01  5.516E-01  4.953E-01  4.352E-01  3.724E-01  3.083E-01  2.446E-01  1.833E-01  1.269E-01  7.787E-02  3.774E-02
  361.5000  7.064E-01  7.030E-01  6.926E-01  6.754E-01  6.516E-01  6.214E-01  5.854E-01  5.438E-01  4.973E-01  4.466E-01  3.925E-01  3.359E-01  2.782E-01  2.207E-01  1.654E-01  1.145E-01  7.025E-02  3.406E-02
  362.5000  8.292E-01  8.251E-01  8.129E-01  7.928E-01  7.649E-01  7.296E-01  6.873E-01  6.385E-01  5.840E-01  5.245E-01  4.610E-01  3.947E-01  3.269E-01  2.594E-01  1.944E-01  1.346E-01  8.255E-02  4.002E-02
  363.5000  7.374E-01  7.337E-01  7.229E-01  7.050E-01  6.802E-01  6.489E-01  6.113E-01  5.680E-01  5.196E-01  4.667E-01  4.103E-01  3.513E-01  2.910E-01  2.310E-01  1.731E-01  1.198E-01  7.348E-02  3.562E-02
  364.5000  8.040E-01  8.001E-01  7.883E-01  7.688E-01  7.418E-01  7.077E-01  6.668E-01  6.196E-01  5.669E-01  5.093E-01  4.477E-01  3.834E-01  3.177E-01  2.522E-01  1.890E-01  1.308E-01  8.019E-02  3.886E-02
  365.5000  9.794E-01  9.746E-01  9.603E-01  9.365E-01  9.037E-01  8.622E-01  8.124E-01  7.550E-01  6.908E-01  6.207E-01  5.458E-01  4.674E-01  3.873E-01  3.075E-01  2.305E-01  1.595E-01  9.775E-02  4.736E-02
  366.5000  1.036E+00  1.031E+00  1.016E+00  9.908E-01  9.562E-01  9.123E-01  8.597E-01  7.990E-01  7.311E-01  6.570E-01  5.778E-01  4.950E-01  4.102E-01  3.257E-01  2.442E-01  1.690E-01  1.035E-01  5.015E-02
  367.5000  9.833E-01  9.785E-01  9.642E-01  9.404E-01  9.076E-01  8.659E-01  8.161E-01  7.586E-01  6.942E-01  6.239E-01  5.488E-01  4.702E-01  3.897E-01  3.095E-01  2.321E-01  1.606E-01  9.836E-02  4.765E-02
  368.5000  8.635E-01  8.593E-01  8.467E-01  8.259E-01  7.970E-01  7.605E-01  7.168E-01  6.664E-01  6.099E-01  5.482E-01  4.823E-01  4.133E-01  3.426E-01  2.721E-01  2.041E-01  1.412E-01  8.645E-02  4.187E-02
  369.5000  1.035E+00  1.030E+00  1.015E+00  9.903E-01  9.558E-01  9.121E-01  8.597E-01  7.993E-01  7.316E-01  6.577E-01  5.787E-01  4.960E-01  4.112E-01  3.267E-01  2.450E-01  1.695E-01  1.037E-01  5.025E-02
  370.5000  9.390E-01  9.345E-01  9.208E-01  8.982E-01  8.669E-01  8.273E-01  7.799E-01  7.251E-01  6.638E-01  5.969E-01  5.252E-01  4.502E-01  3.734E-01  2.966E-01  2.225E-01  1.539E-01  9.418E-02  4.560E-02
  371.5000  1.074E+00  1.069E+00  1.053E+00  1.027E+00  9.917E-01  9.464E-01  8.922E-01  8.297E-01  7.596E-01  6.831E-01  6.012E-01  5.154E-01  4.275E-01  3.397E-01  2.548E-01  1.762E-01  1.078E-01  5.220E-02
  372.5000  7.930E-01  7.892E-01  7.777E-01  7.587E-01  7.323E-01  6.990E-01  6.590E-01  6.128E-01  5.611E-01  5.047E-01  4.442E-01  3.809E-01  3.160E-01  2.511E-01  1.884E-01  1.303E-01  7.969E-02  3.857E-02
  373.5000  7.166E-01  7.131E-01  7.027E-01  6.856E-01  6.618E-01  6.317E-01  5.956E-01  5.539E-01  5.073E-01  4.563E-01  4.017E-01  3.445E-01  2.858E-01  2.272E-01  1.704E-01  1.178E-01  7.206E-02  3.488E-02
  374.5000  7.862E-01  7.824E-01  7.710E-01  7.522E-01  7.261E-01  6.931E-01  6.536E-01  6.079E-01  5.568E-01  5.009E-01  4.410E-01  3.783E-01  3.139E-01  2.495E-01  1.872E-01  1.294E-01  7.913E-02  3.829E-02
  375.5000  8.867E-01  8.824E-01  8.696E-01  8.484E-01  8.191E-01  7.819E-01  7.373E-01  6.859E-01  6.282E-01  5.652E-01  4.977E-01  4.270E-01  3.544E-01  2.818E-01  2.114E-01  1.462E-01  8.934E-02  4.322E-02
  376.5000  8.852E-01  8.809E-01  8.681E-01  8.470E-01  8.177E-01  7.806E-01  7.362E-01  6.849E-01  6.274E-01  5.645E-01  4.972E-01  4.266E-01  3.541E-01  2.816E-01  2.113E-01  1.461E-01  8.926E-02  4.318E-02
  377.5000  1.054E+00  1.049E+00  1.033E+00  1.008E+00  9.735E-01  9.294E-01  8.765E-01  8.155E-01  7.472E-01  6.724E-01  5.923E-01  5.083E-01  4.220E-01  3.356E-01  2.518E-01  1.741E-01  1.064E-01  5.143E-02
  378.5000  1.148E+00  1.143E+00  1.126E+00  1.099E+00  1.061E+00  1.013E+00  9.552E-01  8.889E-01  8.144E-01  7.330E-01  6.458E-01  5.542E-01  4.602E-01  3.661E-01  2.747E-01  1.899E-01  1.160E-01  5.608E-02
  379.5000  8.491E-01  8.450E-01  8.328E-01  8.126E-01  7.846E-01  7.492E-01  7.067E-01  6.576E-01  6.026E-01  5.424E-01  4.779E-01  4.103E-01  3.407E-01  2.711E-01  2.034E-01  1.406E-01  8.585E-02  4.150E-02
  380.5000  1.021E+00  1.016E+00  1.001E+00  9.770E-01  9.434E-01  9.008E-01  8.498E-01  7.908E-01  7.248E-01  6.525E-01  5.750E-01  4.936E-01  4.101E-01  3.263E-01  2.449E-01  1.693E-01  1.033E-01  4.993E-02
  381.5000  9.589E-01  9.543E-01  9.406E-01  9.178E-01  8.863E-01  8.463E-01  7.984E-01  7.431E-01  6.811E-01  6.132E-01  5.405E-01  4.641E-01  3.856E-01  3.068E-01  2.303E-01  1.592E-01  9.714E-02  4.693E-02
  382.5000  6.388E-01  6.357E-01  6.265E-01  6.114E-01  5.904E-01  5.638E-01  5.320E-01  4.952E-01  4.539E-01  4.087E-01  3.603E-01  3.094E-01  2.571E-01  2.046E-01  1.536E-01  1.062E-01  6.476E-02  3.128E-02
  383.5000  5.607E-01  5.580E-01  5.500E-01  5.367E-01  5.183E-01  4.950E-01  4.671E-01  4.348E-01  3.986E-01  3.590E-01  3.165E-01  2.718E-01  2.259E-01  1.798E-01  1.350E-01  9.332E-02  5.690E-02  2.748E-02
  384.5000  8.412E-01  8.372E-01  8.252E-01  8.053E-01  7.777E-01  7.428E-01  7.009E-01  6.525E-01  5.982E-01  5.388E-01  4.751E-01  4.081E-01  3.393E-01  2.701E-01  2.028E-01  1.402E-01  8.545E-02  4.125E-02
  385.5000  8.320E-01  8.280E-01  8.162E-01  7.965E-01  7.693E-01  7.348E-01  6.934E-01  6.456E-01  5.919E-01  5.332E-01  4.702E-01  4.040E-01  3.359E-01  2.675E-01  2.009E-01  1.388E-01  8.459E-02  4.083E-02
  386.5000  8.478E-01  8.438E-01  8.317E-01  8.117E-01  7.840E-01  7.489E-01  7.067E-01  6.580E-01  6.034E-01  5.436E-01  4.795E-01  4.120E-01  3.426E-01  2.729E-01  2.049E-01  1.416E-01  8.628E-02  4.163E-02
  387.5000  7.877E-01  7.840E-01  7.728E-01  7.542E-01  7.285E-01  6.959E-01  6.567E-01  6.116E-01  5.609E-01  5.053E-01  4.458E-01  3.831E-01  3.186E-01  2.538E-01  1.906E-01  1.317E-01  8.023E-02  3.871E-02
  388.5000  7.894E-01  7.856E-01  7.744E-01  7.558E-01  7.300E-01  6.974E-01  6.582E-01  6.130E-01  5.623E-01  5.066E-01  4.470E-01  3.842E-01  3.196E-01  2.546E-01  1.913E-01  1.322E-01  8.047E-02  3.881E-02
  389.5000  9.952E-01  9.904E-01  9.763E-01  9.529E-01  9.204E-01  8.793E-01  8.300E-01  7.731E-01  7.091E-01  6.391E-01  5.639E-01  4.848E-01  4.033E-01  3.213E-01  2.414E-01  1.668E-01  1.015E-01  4.896E-02
  390.5000  9.772E-01  9.725E-01  9.587E-01  9.357E-01  9.039E-01  8.636E-01  8.152E-01  7.593E-01  6.966E-01  6.278E-01  5.540E-01  4.764E-01  3.964E-01  3.159E-01  2.374E-01  1.640E-01  9.980E-02  4.811E-02
  391.5000  1.159E+00  1.153E+00  1.137E+00  1.110E+00  1.072E+00  1.024E+00  9.671E-01  9.008E-01  8.265E-01  7.450E-01  6.575E-01  5.655E-01  4.706E-01  3.751E-01  2.819E-01  1.947E-01  1.185E-01  5.709E-02
  392.5000  8.689E-01  8.647E-01  8.524E-01  8.321E-01  8.038E-01  7.681E-01  7.251E-01  6.755E-01  6.198E-01  5.588E-01  4.932E-01  4.243E-01  3.531E-01  2.815E-01  2.116E-01  1.462E-01  8.890E-02  4.283E-02
  393.5000  3.776E-01  3.758E-01  3.705E-01  3.617E-01  3.494E-01  3.339E-01  3.152E-01  2.937E-01  2.695E-01  2.430E-01  2.145E-01  1.845E-01  1.536E-01  1.225E-01  9.206E-02  6.361E-02  3.868E-02  1.863E-02
  394.5000  8.884E-01  8.842E-01  8.716E-01  8.508E-01  8.220E-01  7.855E-01  7.417E-01  6.911E-01  6.342E-01  5.719E-01  5.050E-01  4.345E-01  3.617E-01  2.885E-01  2.168E-01  1.498E-01  9.107E-02  4.384E-02
  395.5000  1.143E+00  1.137E+00  1.121E+00  1.095E+00  1.058E+00  1.011E+00  9.543E-01  8.892E-01  8.161E-01  7.360E-01  6.499E-01  5.593E-01  4.657E-01  3.714E-01  2.793E-01  1.929E-01  1.172E-01  5.643E-02
  396.5000  6.708E-01  6.677E-01  6.582E-01  6.426E-01  6.209E-01  5.934E-01  5.603E-01  5.222E-01  4.793E-01  4.323E-01  3.818E-01  3.286E-01  2.737E-01  2.183E-01  1.641E-01  1.134E-01  6.889E-02  3.315E-02
  397.5000  7.739E-01  7.703E-01  7.594E-01  7.413E-01  7.163E-01  6.846E-01  6.466E-01  6.026E-01  5.531E-01  4.989E-01  4.407E-01  3.794E-01  3.160E-01  2.521E-01  1.896E-01  1.310E-01  7.955E-02  3.826E-02
  398.5000  1.330E+00  1.323E+00  1.305E+00  1.274E+00  1.231E+00  1.176E+00  1.111E+00  1.035E+00  9.506E-01  8.576E-01  7.576E-01  6.522E-01  5.434E-01  4.336E-01  3.261E-01  2.253E-01  1.368E-01  6.577E-02
  399.5000  1.383E+00  1.376E+00  1.357E+00  1.324E+00  1.280E+00  1.223E+00  1.155E+00  1.077E+00  9.889E-01  8.922E-01  7.883E-01  6.787E-01  5.656E-01  4.514E-01  3.395E-01  2.345E-01  1.424E-01  6.843E-02
  400.5000  1.453E+00  1.446E+00  1.426E+00  1.392E+00  1.345E+00  1.286E+00  1.215E+00  1.132E+00  1.040E+00  9.382E-01  8.290E-01  7.139E-01  5.950E-01  4.749E-01  3.573E-01  2.468E-01  1.498E-01  7.197E-02
  401.5000  1.495E+00  1.488E+00  1.467E+00  1.432E+00  1.384E+00  1.323E+00  1.250E+00  1.165E+00  1.070E+00  9.655E-01  8.533E-01  7.349E-01  6.126E-01  4.890E-01  3.679E-01  2.542E-01  1.542E-01  7.407E-02
  402.5000  1.552E+00  1.544E+00  1.523E+00  1.487E+00  1.437E+00  1.373E+00  1.297E+00  1.210E+00  1.111E+00  1.003E+00  8.862E-01  7.633E-01  6.364E-01  5.081E-01  3.823E-01  2.641E-01  1.602E-01  7.693E-02
  403.5000  1.420E+00  1.413E+00  1.393E+00  1.360E+00  1.315E+00  1.257E+00  1.188E+00  1.107E+00  1.017E+00  9.179E-01  8.114E-01  6.991E-01  5.829E-01  4.655E-01  3.503E-01  2.420E-01  1.468E-01  7.044E-02
  404.5000  1.392E+00  1.386E+00  1.366E+00  1.334E+00  1.289E+00  1.233E+00  1.165E+00  1.086E+00  9.976E-01  9.005E-01  7.961E-01  6.860E-01  5.721E-01  4.569E-01  3.439E-01  2.376E-01  1.440E-01  6.911E-02
  405.5000  1.446E+00  1.439E+00  1.419E+00  1.386E+00  1.339E+00  1.280E+00  1.210E+00  1.128E+00  1.036E+00  9.357E-01  8.273E-01  7.130E-01  5.947E-01  4.751E-01  3.576E-01  2.471E-01  1.497E-01  7.182E-02
  406.5000  1.362E+00  1.355E+00  1.336E+00  1.305E+00  1.261E+00  1.206E+00  1.139E+00  1.063E+00  9.763E-01  8.815E-01  7.795E-01  6.719E-01  5.605E-01  4.478E-01  3.371E-01  2.329E-01  1.411E-01  6.766E-02
  407.5000  1.373E+00  1.366E+00  1.347E+00  1.315E+00  1.271E+00  1.216E+00  1.149E+00  1.071E+00  9.845E-01  8.890E-01  7.862E-01  6.777E-01  5.654E-01  4.519E-01  3.402E-01  2.351E-01  1.424E-01  6.824E-02
  408.5000  1.528E+00  1.521E+00  1.500E+00  1.465E+00  1.416E+00  1.354E+00  1.279E+00  1.193E+00  1.097E+00  9.903E-01  8.759E-01  7.552E-01  6.302E-01  5.037E-01  3.793E-01  2.621E-01  1.587E-01  7.602E-02
  409.5000  1.498E+00  1.491E+00  1.470E+00  1.436E+00  1.388E+00  1.327E+00  1.254E+00  1.170E+00  1.075E+00  9.711E-01  8.590E-01  7.407E-01  6.182E-01  4.942E-01  3.722E-01  2.571E-01  1.557E-01  7.455E-02
  410.5000  1.299E+00  1.293E+00  1.275E+00  1.245E+00  1.203E+00  1.151E+00  1.088E+00  1.015E+00  9.325E-01  8.423E-01  7.452E-01  6.427E-01  5.364E-01  4.289E-01  3.231E-01  2.232E-01  1.351E-01  6.467E-02
  411.5000  1.561E+00  1.554E+00  1.532E+00  1.496E+00  1.446E+00  1.383E+00  1.307E+00  1.220E+00  1.121E+00  1.013E+00  8.960E-01  7.728E-01  6.452E-01  5.159E-01  3.887E-01  2.686E-01  1.625E-01  7.776E-02
  412.5000  1.547E+00  1.539E+00  1.518E+00  1.482E+00  1.433E+00  1.371E+00  1.296E+00  1.209E+00  1.111E+00  1.004E+00  8.884E-01  7.664E-01  6.399E-01  5.118E-01  3.856E-01  2.665E-01  1.612E-01  7.710E-02
  413.5000  1.500E+00  1.493E+00  1.472E+00  1.438E+00  1.390E+00  1.329E+00  1.257E+00  1.173E+00  1.078E+00  9.739E-01  8.619E-01  7.436E-01  6.210E-01  4.968E-01  3.744E-01  2.587E-01  1.565E-01  7.481E-02
  414.5000  1.541E+00  1.534E+00  1.513E+00  1.477E+00  1.428E+00  1.366E+00  1.292E+00  1.205E+00  1.108E+00  1.001E+00  8.862E-01  7.647E-01  6.387E-01  5.110E-01  3.851E-01  2.661E-01  1.610E-01  7.691E-02
  415.5000  1.474E+00  1.467E+00  1.447E+00  1.413E+00  1.366E+00  1.307E+00  1.235E+00  1.153E+00  1.060E+00  9.579E-01  8.480E-01  7.318E-01  6.113E-01  4.892E-01  3.687E-01  2.548E-01  1.541E-01  7.358E-02
  416.5000  1.604E+00  1.596E+00  1.574E+00  1.538E+00  1.487E+00  1.422E+00  1.344E+00  1.255E+00  1.154E+00  1.043E+00  9.232E-01  7.968E-01  6.658E-01  5.328E-01  4.017E-01  2.776E-01  1.678E-01  8.011E-02
  417.5000  1.466E+00  1.459E+00  1.439E+00  1.405E+00  1.359E+00  1.300E+00  1.229E+00  1.147E+00  1.055E+00  9.535E-01  8.443E-01  7.288E-01  6.090E-01  4.875E-01  3.675E-01  2.540E-01  1.535E-01  7.325E-02
  418.5000  1.477E+00  1.470E+00  1.450E+00  1.416E+00  1.369E+00  1.310E+00  1.239E+00  1.156E+00  1.063E+00  9.612E-01  8.512E-01  7.349E-01  6.142E-01  4.917E-01  3.708E-01  2.563E-01  1.548E-01  7.385E-02
  419.5000  1.526E+00  1.519E+00  1.498E+00  1.463E+00  1.414E+00  1.353E+00  1.280E+00  1.194E+00  1.099E+00  9.932E-01  8.796E-01  7.595E-01  6.349E-01  5.083E-01  3.834E-01  2.650E-01  1.601E-01  7.632E-02
------------------------------------------------------------
Dose rates, W m-2
   1 = UV-B, 280-315 nm                                  
   2 = UV-B*, 280-320 nm                                 
   3 = UV-A, 315-400 nm                                  
   4 = DNA damage, in vitro (Setlow, 1974)               
   5 = UV index (WMO, 1994; Webb et al., 2011)           
   6 = Plant damage (Caldwell, 1971)                     
   7 = Plant damage,Flint&Caldwell,2003,orig.            
   8 = Plant damage,Flint&Caldwell,2003,ext390           
values at z =      0.000 km
Columns: sza, weighting spectra
 sza, deg.          1          2          3          4          5          6          7          8
    0.0000  3.506E+00  5.498E+00  6.490E+01  3.072E-02  2.756E+01  1.039E+00  1.832E+00  2.285E+00
    5.0000  3.480E+00  5.460E+00  6.458E+01  3.035E-02  2.731E+01  1.029E+00  1.818E+00  2.268E+00
   10.0000  3.400E+00  5.346E+00  6.361E+01  2.918E-02  2.651E+01  9.970E-01  1.774E+00  2.219E+00
   15.0000  3.269E+00  5.158E+00  6.202E+01  2.730E-02  2.522E+01  9.459E-01  1.704E+00  2.137E+00
   20.0000  3.091E+00  4.902E+00  5.981E+01  2.484E-02  2.349E+01  8.775E-01  1.609E+00  2.027E+00
   25.0000  2.871E+00  4.584E+00  5.702E+01  2.194E-02  2.140E+01  7.948E-01  1.492E+00  1.892E+00
   30.0000  2.615E+00  4.210E+00  5.368E+01  1.877E-02  1.903E+01  7.014E-01  1.359E+00  1.736E+00
   35.0000  2.331E+00  3.793E+00  4.984E+01  1.551E-02  1.648E+01  6.014E-01  1.213E+00  1.563E+00
   40.0000  2.027E+00  3.342E+00  4.554E+01  1.233E-02  1.386E+01  4.991E-01  1.059E+00  1.380E+00
   45.0000  1.713E+00  2.871E+00  4.086E+01  9.386E-03  1.128E+01  3.992E-01  9.033E-01  1.192E+00
   50.0000  1.400E+00  2.393E+00  3.587E+01  6.808E-03  8.837E+00  3.055E-01  7.499E-01  1.005E+00
   55.0000  1.099E+00  1.925E+00  3.066E+01  4.672E-03  6.633E+00  2.220E-01  6.039E-01  8.224E-01
   60.0000  8.206E-01  1.481E+00  2.535E+01  3.010E-03  4.734E+00  1.515E-01  4.691E-01  6.505E-01
   65.0000  5.752E-01  1.078E+00  2.008E+01  1.805E-03  3.184E+00  9.561E-02  3.490E-01  4.933E-01
   70.0000  3.714E-01  7.290E-01  1.502E+01  9.997E-04  1.996E+00  5.485E-02  2.458E-01  3.540E-01
   75.0000  2.144E-01  4.460E-01  1.035E+01  5.097E-04  1.147E+00  2.804E-02  1.607E-01  2.356E-01
   80.0000  1.055E-01  2.343E-01  6.306E+00  2.401E-04  5.874E-01  1.266E-02  9.384E-02  1.396E-01
   85.0000  4.072E-02  9.432E-02  3.024E+00  1.029E-04  2.486E-01  5.104E-03  4.368E-02  6.579E-02
------------------------------------------------------------
