Spectral Irradiance, W m-2 nm-1
values at z =      0.000 km
Columns: wavelength (nm), solar zenith angles (deg.)
    wc, nm      0.000      5.000     10.000     15.000     20.000     25.000     30.000     35.000     40.000     45.000     50.000     55.000     60.000     65.000     70.000     75.000     80.000     85.000
  280.5000  1.586E-13  1.427E-13  1.035E-13  5.980E-14  2.696E-14  9.189E-15  2.260E-15  3.756E-16  3.846E-17  2.127E-18  5.278E-20  5.002E-22  1.590E-23  7.240E-24  4.345E-24  2.799E-24  1.836E-24  1.136E-24
  281.5000  4.182E-12  3.797E-12  2.832E-12  1.717E-12  8.299E-13  3.107E-13  8.640E-14  1.682E-14  2.106E-15  1.505E-16  5.201E-18  7.509E-20  2.623E-21  1.152E-21  6.895E-22  4.415E-22  2.867E-22  1.756E-22
  282.5000  4.757E-11  4.354E-11  3.326E-11  2.101E-11  1.078E-11  4.376E-12  1.353E-12  3.015E-13  4.488E-14  4.001E-15  1.836E-16  3.801E-18  1.466E-19  6.166E-20  3.679E-20  2.343E-20  1.508E-20  9.152E-21
  283.5000  2.084E-10  1.917E-10  1.488E-10  9.649E-11  5.146E-11  2.202E-11  7.289E-12  1.774E-12  2.953E-13  3.037E-14  1.675E-15  4.373E-17  1.814E-18  7.347E-19  4.374E-19  2.776E-19  1.776E-19  1.070E-19
  284.5000  1.912E-09  1.776E-09  1.418E-09  9.660E-10  5.533E-10  2.607E-10  9.792E-11  2.802E-11  5.734E-12  7.676E-13  5.943E-14  2.388E-15  1.183E-16  4.385E-17  2.598E-17  1.640E-17  1.037E-17  6.154E-18
  285.5000  6.111E-09  5.714E-09  4.661E-09  3.292E-09  1.987E-09  1.005E-09  4.143E-10  1.336E-10  3.182E-11  5.172E-12  5.139E-13  2.831E-14  1.642E-15  5.596E-16  3.296E-16  2.072E-16  1.299E-16  7.610E-17
  286.5000  6.724E-08  6.322E-08  5.241E-08  3.806E-08  2.392E-08  1.278E-08  5.658E-09  1.999E-09  5.351E-10  1.009E-10  1.214E-11  8.516E-13  5.681E-14  1.793E-14  1.049E-14  6.574E-15  4.093E-15  2.371E-15
  287.5000  3.589E-07  3.394E-07  2.865E-07  2.146E-07  1.411E-07  8.013E-08  3.840E-08  1.502E-08  4.580E-09  1.020E-09  1.519E-10  1.394E-11  1.113E-12  3.203E-13  1.848E-13  1.155E-13  7.133E-14  4.075E-14
  288.5000  1.657E-06  1.577E-06  1.358E-06  1.052E-06  7.261E-07  4.405E-07  2.301E-07  1.005E-07  3.530E-08  9.409E-09  1.765E-09  2.167E-10  2.163E-11  5.626E-12  3.162E-12  1.968E-12  1.206E-12  6.774E-13
  289.5000  8.557E-06  8.182E-06  7.143E-06  5.667E-06  4.051E-06  2.500E-06  1.403E-06  6.768E-07  2.628E-07  7.964E-08  1.761E-08  2.658E-09  3.159E-10  7.692E-11  4.186E-11  2.596E-11  1.583E-11  8.769E-12
  290.5000  3.252E-05  3.121E-05  2.757E-05  2.232E-05  1.643E-05  1.087E-05  6.362E-06  3.214E-06  1.358E-06  4.586E-07  1.164E-07  2.090E-08  2.905E-09  6.770E-10  3.537E-10  2.185E-10  1.326E-10  7.258E-11
  291.5000  9.677E-05  9.331E-05  8.354E-05  6.919E-05  5.266E-05  3.645E-05  2.262E-05  1.233E-05  5.735E-06  2.188E-06  6.499E-07  1.420E-07  2.388E-08  5.434E-09  2.657E-09  1.629E-09  9.837E-10  5.307E-10
  292.5000  2.205E-04  2.133E-04  1.931E-04  1.630E-04  1.274E-04  9.154E-05  5.961E-05  3.455E-05  1.739E-05  7.334E-06  2.474E-06  6.345E-07  1.257E-07  2.881E-08  1.309E-08  7.931E-09  4.772E-09  2.544E-09
  293.5000  6.051E-04  5.875E-04  5.374E-04  4.616E-04  3.704E-04  2.754E-04  1.877E-04  1.153E-04  6.250E-05  2.897E-05  1.102E-05  3.287E-06  7.647E-07  1.819E-07  7.604E-08  4.514E-08  2.705E-08  1.426E-08
  294.5000  1.098E-03  1.069E-03  9.859E-04  8.586E-04  7.029E-04  5.371E-04  3.791E-04  2.437E-04  1.399E-04  6.977E-05  2.914E-05  9.759E-06  2.581E-06  6.462E-07  2.519E-07  1.456E-07  8.695E-08  4.545E-08
  295.5000  2.647E-03  2.585E-03  2.404E-03  2.124E-03  1.777E-03  1.398E-03  1.021E-03  6.917E-04  4.223E-04  2.278E-04  1.051E-04  3.989E-05  1.216E-05  3.299E-06  1.199E-06  6.621E-07  3.927E-07  2.035E-07
  296.5000  4.444E-03  4.349E-03  4.073E-03  3.644E-03  3.103E-03  2.500E-03  1.891E-03  1.328E-03  8.533E-04  4.909E-04  2.458E-04  1.034E-04  3.549E-05  1.049E-05  3.653E-06  1.906E-06  1.119E-06  5.761E-07
  297.5000  8.245E-03  8.086E-03  7.622E-03  6.892E-03  5.960E-03  4.904E-03  3.814E-03  2.775E-03  1.864E-03  1.135E-03  6.103E-04  2.810E-04  1.073E-04  3.470E-05  1.186E-05  5.792E-06  3.350E-06  1.714E-06
  298.5000  9.546E-03  9.377E-03  8.886E-03  8.108E-03  7.104E-03  5.950E-03  4.734E-03  3.548E-03  2.474E-03  1.579E-03  9.018E-04  4.476E-04  1.871E-04  6.585E-05  2.265E-05  1.036E-05  5.858E-06  2.982E-06
  299.5000  2.079E-02  2.045E-02  1.948E-02  1.793E-02  1.590E-02  1.355E-02  1.102E-02  8.490E-03  6.135E-03  4.095E-03  2.476E-03  1.321E-03  6.025E-04  2.317E-04  8.195E-05  3.512E-05  1.918E-05  9.701E-06
  300.5000  1.904E-02  1.876E-02  1.794E-02  1.661E-02  1.488E-02  1.283E-02  1.061E-02  8.353E-03  6.199E-03  4.280E-03  2.701E-03  1.520E-03  7.410E-04  3.059E-04  1.122E-04  4.602E-05  2.417E-05  1.215E-05
  301.5000  3.702E-02  3.639E-02  3.506E-02  3.271E-02  2.959E-02  2.589E-02  2.180E-02  1.756E-02  1.342E-02  9.613E-03  6.357E-03  3.797E-03  1.991E-03  8.930E-04  3.471E-04  1.376E-04  6.811E-05  3.381E-05
  302.5000  4.545E-02  4.488E-02  4.320E-02  4.049E-02  3.688E-02  3.255E-02  2.774E-02  2.268E-02  1.766E-02  1.296E-02  8.838E-03  5.485E-03  3.018E-03  1.431E-03  5.821E-04  2.283E-04  1.078E-04  5.279E-05
  303.5000  7.633E-02  7.545E-02  7.286E-02  6.866E-02  6.304E-02  5.624E-02  4.859E-02  4.045E-02  3.222E-02  2.433E-02  1.720E-02  1.117E-02  6.510E-03  3.305E-03  1.435E-03  5.673E-04  2.515E-04  1.201E-04
  304.5000  8.262E-02  8.172E-02  7.905E-02  7.473E-02  6.893E-02  6.188E-02  5.389E-02  4.532E-02  3.657E-02  2.807E-02  2.025E-02  1.350E-02  8.127E-03  4.293E-03  1.941E-03  7.776E-04  3.324E-04  1.553E-04
  305.5000  1.079E-01  1.068E-01  1.036E-01  9.839E-02  9.137E-02  8.279E-02  7.297E-02  6.231E-02  5.126E-02  4.032E-02  3.000E-02  2.080E-02  1.317E-02  7.402E-03  3.584E-03  1.494E-03  6.101E-04  2.719E-04
  306.5000  1.120E-01  1.109E-01  1.077E-01  1.025E-01  9.549E-02  8.687E-02  7.696E-02  6.616E-02  5.488E-02  4.362E-02  3.288E-02  2.318E-02  1.499E-02  8.651E-03  4.315E-03  1.838E-03  7.387E-04  3.205E-04
  307.5000  1.603E-01  1.589E-01  1.547E-01  1.478E-01  1.384E-01  1.269E-01  1.136E-01  9.886E-02  8.334E-02  6.759E-02  5.228E-02  3.809E-02  2.568E-02  1.563E-02  8.315E-03  3.749E-03  1.491E-03  6.072E-04
  308.5000  1.787E-01  1.771E-01  1.726E-01  1.652E-01  1.550E-01  1.425E-01  1.280E-01  1.120E-01  9.500E-02  7.764E-02  6.064E-02  4.472E-02  3.063E-02  1.902E-02  1.036E-02  4.782E-03  1.904E-03  7.539E-04
  309.5000  1.567E-01  1.554E-01  1.517E-01  1.455E-01  1.371E-01  1.267E-01  1.146E-01  1.011E-01  8.664E-02  7.177E-02  5.672E-02  4.296E-02  3.025E-02  1.947E-02  1.110E-02  5.378E-03  2.180E-03  8.214E-04
  310.5000  2.125E-01  2.108E-01  2.059E-01  1.980E-01  1.870E-01  1.735E-01  1.576E-01  1.398E-01  1.208E-01  1.010E-01  8.121E-02  6.214E-02  4.463E-02  2.947E-02  1.735E-02  8.729E-03  3.616E-03  1.319E-03
  311.5000  2.727E-01  2.707E-01  2.646E-01  2.546E-01  2.410E-01  2.241E-01  2.042E-01  1.820E-01  1.579E-01  1.329E-01  1.077E-01  8.327E-02  6.059E-02  4.069E-02  2.449E-02  1.264E-02  5.336E-03  1.907E-03
  312.5000  2.649E-01  2.630E-01  2.574E-01  2.483E-01  2.358E-01  2.201E-01  2.017E-01  1.810E-01  1.585E-01  1.349E-01  1.109E-01  8.731E-02  6.504E-02  4.504E-02  2.823E-02  1.533E-02  6.784E-03  2.379E-03
  313.5000  2.998E-01  2.977E-01  2.915E-01  2.813E-01  2.673E-01  2.498E-01  2.292E-01  2.060E-01  1.808E-01  1.543E-01  1.273E-01  1.006E-01  7.534E-02  5.253E-02  3.321E-02  1.824E-02  8.153E-03  2.846E-03
  314.5000  2.986E-01  2.966E-01  2.908E-01  2.811E-01  2.678E-01  2.512E-01  2.317E-01  2.095E-01  1.853E-01  1.596E-01  1.333E-01  1.070E-01  8.179E-02  5.858E-02  3.838E-02  2.211E-02  1.043E-02  3.678E-03
  315.5000  3.077E-01  3.057E-01  2.997E-01  2.899E-01  2.763E-01  2.594E-01  2.393E-01  2.167E-01  1.919E-01  1.656E-01  1.385E-01  1.115E-01  8.546E-02  6.144E-02  4.046E-02  2.345E-02  1.114E-02  3.931E-03
  316.5000  3.056E-01  3.036E-01  2.980E-01  2.886E-01  2.757E-01  2.595E-01  2.403E-01  2.186E-01  1.947E-01  1.693E-01  1.430E-01  1.165E-01  9.070E-02  6.658E-02  4.508E-02  2.715E-02  1.356E-02  4.933E-03
  317.5000  4.315E-01  4.288E-01  4.208E-01  4.076E-01  3.894E-01  3.666E-01  3.395E-01  3.088E-01  2.751E-01  2.392E-01  2.020E-01  1.646E-01  1.282E-01  9.404E-02  6.364E-02  3.828E-02  1.908E-02  6.915E-03
  318.5000  3.385E-01  3.365E-01  3.304E-01  3.205E-01  3.067E-01  2.895E-01  2.691E-01  2.458E-01  2.202E-01  1.928E-01  1.642E-01  1.353E-01  1.069E-01  7.993E-02  5.552E-02  3.464E-02  1.816E-02  6.902E-03
  319.5000  4.123E-01  4.099E-01  4.026E-01  3.905E-01  3.740E-01  3.532E-01  3.285E-01  3.003E-01  2.690E-01  2.361E-01  2.014E-01  1.663E-01  1.317E-01  9.884E-02  6.895E-02  4.328E-02  2.287E-02  8.766E-03
  320.5000  5.011E-01  4.982E-01  4.894E-01  4.749E-01  4.550E-01  4.300E-01  4.002E-01  3.663E-01  3.290E-01  2.889E-01  2.470E-01  2.044E-01  1.624E-01  1.224E-01  8.591E-02  5.436E-02  2.906E-02  1.128E-02
  321.5000  4.240E-01  4.217E-01  4.145E-01  4.028E-01  3.866E-01  3.661E-01  3.414E-01  3.141E-01  2.835E-01  2.505E-01  2.158E-01  1.804E-01  1.453E-01  1.114E-01  8.007E-02  5.243E-02  2.949E-02  1.225E-02
  322.5000  4.275E-01  4.250E-01  4.176E-01  4.054E-01  3.886E-01  3.675E-01  3.423E-01  3.137E-01  2.821E-01  2.481E-01  2.125E-01  1.763E-01  1.405E-01  1.063E-01  7.496E-02  4.773E-02  2.575E-02  1.009E-02
  323.5000  4.387E-01  4.363E-01  4.288E-01  4.171E-01  4.007E-01  3.800E-01  3.553E-01  3.271E-01  2.959E-01  2.622E-01  2.268E-01  1.905E-01  1.543E-01  1.192E-01  8.658E-02  5.754E-02  3.311E-02  1.423E-02
  324.5000  5.144E-01  5.115E-01  5.031E-01  4.891E-01  4.698E-01  4.455E-01  4.165E-01  3.834E-01  3.468E-01  3.073E-01  2.657E-01  2.231E-01  1.805E-01  1.394E-01  1.011E-01  6.699E-02  3.839E-02  1.639E-02
  325.5000  5.766E-01  5.734E-01  5.639E-01  5.481E-01  5.264E-01  4.989E-01  4.664E-01  4.292E-01  3.879E-01  3.434E-01  2.966E-01  2.487E-01  2.009E-01  1.546E-01  1.117E-01  7.358E-02  4.178E-02  1.758E-02
  326.5000  6.952E-01  6.915E-01  6.804E-01  6.620E-01  6.367E-01  6.047E-01  5.667E-01  5.231E-01  4.747E-01  4.224E-01  3.672E-01  3.104E-01  2.534E-01  1.979E-01  1.458E-01  9.891E-02  5.877E-02  2.661E-02
  327.5000  6.476E-01  6.441E-01  6.336E-01  6.164E-01  5.926E-01  5.625E-01  5.268E-01  4.858E-01  4.403E-01  3.912E-01  3.394E-01  2.862E-01  2.329E-01  1.810E-01  1.324E-01  8.892E-02  5.199E-02  2.291E-02
  328.5000  5.979E-01  5.947E-01  5.851E-01  5.692E-01  5.473E-01  5.196E-01  4.866E-01  4.488E-01  4.069E-01  3.616E-01  3.139E-01  2.647E-01  2.154E-01  1.675E-01  1.226E-01  8.236E-02  4.818E-02  2.125E-02
  329.5000  7.721E-01  7.680E-01  7.559E-01  7.359E-01  7.083E-01  6.735E-01  6.319E-01  5.842E-01  5.312E-01  4.739E-01  4.132E-01  3.506E-01  2.877E-01  2.261E-01  1.679E-01  1.152E-01  6.974E-02  3.263E-02
  330.5000  7.025E-01  6.988E-01  6.877E-01  6.693E-01  6.440E-01  6.120E-01  5.738E-01  5.301E-01  4.815E-01  4.289E-01  3.734E-01  3.161E-01  2.585E-01  2.022E-01  1.492E-01  1.014E-01  6.047E-02  2.754E-02
  331.5000  6.943E-01  6.906E-01  6.796E-01  6.615E-01  6.364E-01  6.048E-01  5.670E-01  5.238E-01  4.757E-01  4.237E-01  3.687E-01  3.120E-01  2.550E-01  1.994E-01  1.469E-01  9.969E-02  5.923E-02  2.683E-02
  332.5000  6.815E-01  6.780E-01  6.674E-01  6.499E-01  6.258E-01  5.953E-01  5.589E-01  5.172E-01  4.708E-01  4.204E-01  3.672E-01  3.121E-01  2.565E-01  2.021E-01  1.506E-01  1.037E-01  6.321E-02  2.995E-02
  333.5000  6.409E-01  6.375E-01  6.275E-01  6.110E-01  5.881E-01  5.593E-01  5.249E-01  4.854E-01  4.415E-01  3.939E-01  3.436E-01  2.915E-01  2.391E-01  1.877E-01  1.392E-01  9.523E-02  5.736E-02  2.663E-02
  334.5000  7.154E-01  7.117E-01  7.005E-01  6.822E-01  6.568E-01  6.248E-01  5.866E-01  5.427E-01  4.939E-01  4.410E-01  3.850E-01  3.270E-01  2.686E-01  2.113E-01  1.570E-01  1.078E-01  6.530E-02  3.062E-02
  335.5000  7.237E-01  7.200E-01  7.088E-01  6.904E-01  6.650E-01  6.330E-01  5.947E-01  5.507E-01  5.017E-01  4.486E-01  3.923E-01  3.340E-01  2.750E-01  2.172E-01  1.622E-01  1.122E-01  6.876E-02  3.296E-02
  336.5000  5.658E-01  5.629E-01  5.542E-01  5.398E-01  5.199E-01  4.948E-01  4.648E-01  4.304E-01  3.921E-01  3.505E-01  3.064E-01  2.607E-01  2.146E-01  1.693E-01  1.262E-01  8.709E-02  5.317E-02  2.531E-02
  337.5000  6.215E-01  6.183E-01  6.086E-01  5.928E-01  5.708E-01  5.431E-01  5.100E-01  4.721E-01  4.298E-01  3.839E-01  3.353E-01  2.850E-01  2.341E-01  1.842E-01  1.369E-01  9.390E-02  5.682E-02  2.661E-02
  338.5000  6.547E-01  6.513E-01  6.413E-01  6.248E-01  6.019E-01  5.730E-01  5.385E-01  4.989E-01  4.547E-01  4.068E-01  3.559E-01  3.032E-01  2.498E-01  1.973E-01  1.474E-01  1.020E-01  6.249E-02  2.998E-02
  339.5000  7.113E-01  7.077E-01  6.969E-01  6.789E-01  6.541E-01  6.228E-01  5.854E-01  5.425E-01  4.946E-01  4.426E-01  3.874E-01  3.301E-01  2.722E-01  2.151E-01  1.608E-01  1.113E-01  6.835E-02  3.290E-02
  340.5000  7.606E-01  7.567E-01  7.451E-01  7.259E-01  6.993E-01  6.658E-01  6.257E-01  5.797E-01  5.284E-01  4.727E-01  4.135E-01  3.522E-01  2.901E-01  2.290E-01  1.709E-01  1.179E-01  7.200E-02  3.434E-02
  341.5000  6.747E-01  6.713E-01  6.610E-01  6.441E-01  6.207E-01  5.911E-01  5.557E-01  5.151E-01  4.698E-01  4.206E-01  3.684E-01  3.141E-01  2.592E-01  2.050E-01  1.534E-01  1.062E-01  6.531E-02  3.154E-02
  342.5000  7.470E-01  7.433E-01  7.319E-01  7.132E-01  6.874E-01  6.547E-01  6.156E-01  5.707E-01  5.207E-01  4.663E-01  4.085E-01  3.485E-01  2.876E-01  2.276E-01  1.704E-01  1.181E-01  7.267E-02  3.517E-02
  343.5000  7.759E-01  7.720E-01  7.602E-01  7.408E-01  7.139E-01  6.800E-01  6.394E-01  5.928E-01  5.407E-01  4.842E-01  4.241E-01  3.617E-01  2.984E-01  2.360E-01  1.765E-01  1.222E-01  7.499E-02  3.613E-02
  344.5000  5.438E-01  5.410E-01  5.328E-01  5.191E-01  5.003E-01  4.765E-01  4.481E-01  4.154E-01  3.789E-01  3.392E-01  2.971E-01  2.533E-01  2.089E-01  1.651E-01  1.234E-01  8.522E-02  5.216E-02  2.500E-02
  345.5000  7.441E-01  7.403E-01  7.291E-01  7.106E-01  6.850E-01  6.526E-01  6.139E-01  5.694E-01  5.197E-01  4.656E-01  4.082E-01  3.485E-01  2.878E-01  2.280E-01  1.708E-01  1.184E-01  7.295E-02  3.541E-02
  346.5000  6.961E-01  6.926E-01  6.821E-01  6.647E-01  6.407E-01  6.104E-01  5.741E-01  5.324E-01  4.859E-01  4.353E-01  3.814E-01  3.255E-01  2.687E-01  2.125E-01  1.590E-01  1.100E-01  6.744E-02  3.248E-02
  347.5000  6.798E-01  6.764E-01  6.662E-01  6.493E-01  6.259E-01  5.963E-01  5.609E-01  5.203E-01  4.749E-01  4.255E-01  3.729E-01  3.183E-01  2.628E-01  2.079E-01  1.556E-01  1.076E-01  6.602E-02  3.182E-02
  348.5000  7.467E-01  7.430E-01  7.318E-01  7.132E-01  6.876E-01  6.552E-01  6.164E-01  5.718E-01  5.220E-01  4.679E-01  4.102E-01  3.503E-01  2.893E-01  2.291E-01  1.715E-01  1.187E-01  7.292E-02  3.524E-02
  349.5000  6.256E-01  6.224E-01  6.131E-01  5.975E-01  5.761E-01  5.490E-01  5.165E-01  4.792E-01  4.375E-01  3.922E-01  3.439E-01  2.937E-01  2.426E-01  1.921E-01  1.438E-01  9.953E-02  6.110E-02  2.952E-02
  350.5000  8.755E-01  8.711E-01  8.580E-01  8.363E-01  8.064E-01  7.685E-01  7.231E-01  6.710E-01  6.127E-01  5.493E-01  4.818E-01  4.115E-01  3.400E-01  2.693E-01  2.016E-01  1.396E-01  8.568E-02  4.142E-02
  351.5000  7.543E-01  7.506E-01  7.393E-01  7.206E-01  6.948E-01  6.622E-01  6.232E-01  5.783E-01  5.281E-01  4.735E-01  4.153E-01  3.548E-01  2.932E-01  2.322E-01  1.738E-01  1.202E-01  7.377E-02  3.562E-02
  352.5000  6.800E-01  6.766E-01  6.664E-01  6.497E-01  6.264E-01  5.971E-01  5.619E-01  5.215E-01  4.764E-01  4.272E-01  3.748E-01  3.202E-01  2.647E-01  2.097E-01  1.569E-01  1.086E-01  6.666E-02  3.221E-02
  353.5000  8.181E-01  8.140E-01  8.018E-01  7.817E-01  7.538E-01  7.186E-01  6.764E-01  6.278E-01  5.735E-01  5.144E-01  4.514E-01  3.858E-01  3.190E-01  2.528E-01  1.893E-01  1.310E-01  8.046E-02  3.893E-02
  354.5000  8.850E-01  8.806E-01  8.674E-01  8.457E-01  8.156E-01  7.775E-01  7.319E-01  6.795E-01  6.208E-01  5.570E-01  4.889E-01  4.179E-01  3.456E-01  2.740E-01  2.052E-01  1.421E-01  8.728E-02  4.228E-02
  355.5000  8.267E-01  8.226E-01  8.104E-01  7.901E-01  7.620E-01  7.264E-01  6.839E-01  6.350E-01  5.803E-01  5.206E-01  4.571E-01  3.908E-01  3.233E-01  2.563E-01  1.920E-01  1.329E-01  8.163E-02  3.955E-02
  356.5000  7.669E-01  7.631E-01  7.517E-01  7.329E-01  7.069E-01  6.740E-01  6.346E-01  5.892E-01  5.385E-01  4.833E-01  4.243E-01  3.629E-01  3.002E-01  2.380E-01  1.783E-01  1.234E-01  7.578E-02  3.671E-02
  357.5000  6.519E-01  6.487E-01  6.390E-01  6.231E-01  6.010E-01  5.730E-01  5.396E-01  5.010E-01  4.580E-01  4.110E-01  3.609E-01  3.087E-01  2.554E-01  2.025E-01  1.517E-01  1.050E-01  6.445E-02  3.121E-02
  358.5000  5.028E-01  5.003E-01  4.929E-01  4.806E-01  4.636E-01  4.421E-01  4.163E-01  3.866E-01  3.535E-01  3.173E-01  2.787E-01  2.384E-01  1.973E-01  1.565E-01  1.172E-01  8.115E-02  4.980E-02  2.413E-02
  359.5000  8.459E-01  8.417E-01  8.292E-01  8.086E-01  7.800E-01  7.439E-01  7.005E-01  6.507E-01  5.949E-01  5.341E-01  4.692E-01  4.014E-01  3.323E-01  2.635E-01  1.975E-01  1.367E-01  8.386E-02  4.062E-02
  360.5000  7.838E-01  7.799E-01  7.683E-01  7.492E-01  7.228E-01  6.893E-01  6.493E-01  6.031E-01  5.515E-01  4.951E-01  4.350E-01  3.723E-01  3.082E-01  2.445E-01  1.832E-01  1.268E-01  7.778E-02  3.768E-02
  361.5000  7.063E-01  7.028E-01  6.924E-01  6.752E-01  6.514E-01  6.213E-01  5.853E-01  5.437E-01  4.972E-01  4.465E-01  3.924E-01  3.358E-01  2.781E-01  2.206E-01  1.654E-01  1.145E-01  7.020E-02  3.402E-02
  362.5000  8.291E-01  8.250E-01  8.128E-01  7.927E-01  7.648E-01  7.295E-01  6.872E-01  6.385E-01  5.840E-01  5.245E-01  4.610E-01  3.946E-01  3.268E-01  2.593E-01  1.944E-01  1.345E-01  8.251E-02  3.999E-02
  363.5000  7.372E-01  7.336E-01  7.228E-01  7.049E-01  6.801E-01  6.488E-01  6.112E-01  5.679E-01  5.195E-01  4.667E-01  4.102E-01  3.512E-01  2.909E-01  2.309E-01  1.731E-01  1.198E-01  7.345E-02  3.559E-02
  364.5000  8.039E-01  8.000E-01  7.882E-01  7.687E-01  7.417E-01  7.076E-01  6.667E-01  6.195E-01  5.668E-01  5.092E-01  4.477E-01  3.833E-01  3.176E-01  2.521E-01  1.890E-01  1.308E-01  8.015E-02  3.883E-02
  365.5000  9.793E-01  9.745E-01  9.601E-01  9.364E-01  9.036E-01  8.620E-01  8.122E-01  7.549E-01  6.907E-01  6.206E-01  5.457E-01  4.673E-01  3.872E-01  3.074E-01  2.304E-01  1.594E-01  9.769E-02  4.731E-02
  366.5000  1.036E+00  1.031E+00  1.016E+00  9.907E-01  9.560E-01  9.121E-01  8.595E-01  7.989E-01  7.310E-01  6.569E-01  5.777E-01  4.949E-01  4.101E-01  3.256E-01  2.441E-01  1.689E-01  1.035E-01  5.012E-02
  367.5000  9.832E-01  9.784E-01  9.641E-01  9.403E-01  9.075E-01  8.658E-01  8.160E-01  7.585E-01  6.942E-01  6.239E-01  5.487E-01  4.701E-01  3.897E-01  3.095E-01  2.320E-01  1.605E-01  9.833E-02  4.763E-02
  368.5000  8.634E-01  8.592E-01  8.466E-01  8.258E-01  7.970E-01  7.605E-01  7.167E-01  6.663E-01  6.098E-01  5.482E-01  4.822E-01  4.132E-01  3.426E-01  2.721E-01  2.040E-01  1.411E-01  8.642E-02  4.186E-02
  369.5000  1.035E+00  1.030E+00  1.015E+00  9.902E-01  9.557E-01  9.120E-01  8.596E-01  7.992E-01  7.316E-01  6.577E-01  5.786E-01  4.959E-01  4.112E-01  3.266E-01  2.449E-01  1.694E-01  1.037E-01  5.023E-02
  370.5000  9.389E-01  9.344E-01  9.207E-01  8.981E-01  8.669E-01  8.273E-01  7.798E-01  7.251E-01  6.638E-01  5.968E-01  5.252E-01  4.502E-01  3.733E-01  2.966E-01  2.224E-01  1.538E-01  9.415E-02  4.559E-02
  371.5000  1.074E+00  1.069E+00  1.053E+00  1.027E+00  9.916E-01  9.464E-01  8.921E-01  8.296E-01  7.596E-01  6.830E-01  6.011E-01  5.153E-01  4.274E-01  3.396E-01  2.547E-01  1.762E-01  1.078E-01  5.218E-02
  372.5000  7.930E-01  7.892E-01  7.777E-01  7.586E-01  7.323E-01  6.989E-01  6.589E-01  6.128E-01  5.611E-01  5.046E-01  4.442E-01  3.809E-01  3.160E-01  2.511E-01  1.883E-01  1.303E-01  7.967E-02  3.857E-02
  373.5000  7.165E-01  7.131E-01  7.027E-01  6.855E-01  6.617E-01  6.316E-01  5.955E-01  5.539E-01  5.072E-01  4.562E-01  4.016E-01  3.444E-01  2.858E-01  2.271E-01  1.704E-01  1.178E-01  7.205E-02  3.487E-02
  374.5000  7.861E-01  7.823E-01  7.710E-01  7.521E-01  7.261E-01  6.931E-01  6.535E-01  6.079E-01  5.567E-01  5.008E-01  4.410E-01  3.782E-01  3.139E-01  2.495E-01  1.872E-01  1.294E-01  7.912E-02  3.828E-02
  375.5000  8.867E-01  8.824E-01  8.696E-01  8.484E-01  8.190E-01  7.818E-01  7.373E-01  6.858E-01  6.282E-01  5.652E-01  4.977E-01  4.270E-01  3.544E-01  2.817E-01  2.114E-01  1.462E-01  8.932E-02  4.321E-02
  376.5000  8.851E-01  8.808E-01  8.680E-01  8.469E-01  8.176E-01  7.806E-01  7.361E-01  6.848E-01  6.274E-01  5.645E-01  4.972E-01  4.266E-01  3.541E-01  2.816E-01  2.113E-01  1.461E-01  8.925E-02  4.317E-02
  377.5000  1.054E+00  1.049E+00  1.033E+00  1.008E+00  9.734E-01  9.293E-01  8.765E-01  8.155E-01  7.471E-01  6.723E-01  5.922E-01  5.082E-01  4.220E-01  3.356E-01  2.518E-01  1.741E-01  1.063E-01  5.142E-02
  378.5000  1.148E+00  1.142E+00  1.126E+00  1.099E+00  1.061E+00  1.013E+00  9.552E-01  8.888E-01  8.144E-01  7.329E-01  6.457E-01  5.542E-01  4.602E-01  3.661E-01  2.747E-01  1.899E-01  1.160E-01  5.607E-02
  379.5000  8.490E-01  8.449E-01  8.327E-01  8.125E-01  7.846E-01  7.491E-01  7.066E-01  6.576E-01  6.026E-01  5.424E-01  4.779E-01  4.102E-01  3.407E-01  2.710E-01  2.034E-01  1.406E-01  8.584E-02  4.149E-02
  380.5000  1.021E+00  1.016E+00  1.001E+00  9.769E-01  9.433E-01  9.008E-01  8.497E-01  7.908E-01  7.247E-01  6.524E-01  5.749E-01  4.936E-01  4.100E-01  3.262E-01  2.449E-01  1.693E-01  1.033E-01  4.992E-02
  381.5000  9.589E-01  9.543E-01  9.405E-01  9.177E-01  8.862E-01  8.463E-01  7.984E-01  7.431E-01  6.811E-01  6.132E-01  5.404E-01  4.641E-01  3.856E-01  3.068E-01  2.303E-01  1.592E-01  9.713E-02  4.693E-02
  382.5000  6.387E-01  6.357E-01  6.265E-01  6.114E-01  5.904E-01  5.638E-01  5.319E-01  4.951E-01  4.539E-01  4.087E-01  3.602E-01  3.094E-01  2.571E-01  2.046E-01  1.536E-01  1.062E-01  6.476E-02  3.128E-02
  383.5000  5.607E-01  5.580E-01  5.500E-01  5.367E-01  5.183E-01  4.950E-01  4.671E-01  4.348E-01  3.986E-01  3.589E-01  3.164E-01  2.718E-01  2.259E-01  1.798E-01  1.350E-01  9.331E-02  5.690E-02  2.748E-02
  384.5000  8.412E-01  8.371E-01  8.251E-01  8.052E-01  7.777E-01  7.427E-01  7.008E-01  6.525E-01  5.982E-01  5.388E-01  4.751E-01  4.081E-01  3.392E-01  2.701E-01  2.028E-01  1.402E-01  8.544E-02  4.125E-02
  385.5000  8.320E-01  8.280E-01  8.161E-01  7.965E-01  7.692E-01  7.347E-01  6.933E-01  6.455E-01  5.919E-01  5.332E-01  4.702E-01  4.040E-01  3.359E-01  2.674E-01  2.008E-01  1.388E-01  8.458E-02  4.082E-02
  386.5000  8.478E-01  8.438E-01  8.317E-01  8.117E-01  7.839E-01  7.488E-01  7.067E-01  6.580E-01  6.034E-01  5.436E-01  4.794E-01  4.120E-01  3.426E-01  2.728E-01  2.049E-01  1.416E-01  8.627E-02  4.163E-02
  387.5000  7.877E-01  7.839E-01  7.727E-01  7.541E-01  7.284E-01  6.958E-01  6.567E-01  6.115E-01  5.608E-01  5.053E-01  4.457E-01  3.831E-01  3.186E-01  2.538E-01  1.906E-01  1.317E-01  8.022E-02  3.870E-02
  388.5000  7.893E-01  7.855E-01  7.743E-01  7.557E-01  7.300E-01  6.973E-01  6.582E-01  6.130E-01  5.622E-01  5.066E-01  4.469E-01  3.842E-01  3.196E-01  2.546E-01  1.912E-01  1.321E-01  8.046E-02  3.880E-02
  389.5000  9.951E-01  9.904E-01  9.762E-01  9.528E-01  9.204E-01  8.793E-01  8.300E-01  7.730E-01  7.091E-01  6.390E-01  5.638E-01  4.847E-01  4.033E-01  3.213E-01  2.414E-01  1.668E-01  1.015E-01  4.895E-02
  390.5000  9.771E-01  9.725E-01  9.586E-01  9.357E-01  9.038E-01  8.635E-01  8.152E-01  7.593E-01  6.965E-01  6.278E-01  5.540E-01  4.764E-01  3.964E-01  3.159E-01  2.373E-01  1.640E-01  9.979E-02  4.810E-02
  391.5000  1.159E+00  1.153E+00  1.137E+00  1.110E+00  1.072E+00  1.024E+00  9.670E-01  9.008E-01  8.264E-01  7.449E-01  6.575E-01  5.654E-01  4.705E-01  3.750E-01  2.818E-01  1.947E-01  1.185E-01  5.708E-02
  392.5000  8.688E-01  8.647E-01  8.524E-01  8.320E-01  8.038E-01  7.680E-01  7.251E-01  6.755E-01  6.198E-01  5.587E-01  4.932E-01  4.242E-01  3.531E-01  2.815E-01  2.115E-01  1.462E-01  8.889E-02  4.282E-02
  393.5000  3.776E-01  3.758E-01  3.705E-01  3.616E-01  3.494E-01  3.339E-01  3.152E-01  2.937E-01  2.695E-01  2.430E-01  2.145E-01  1.845E-01  1.536E-01  1.225E-01  9.205E-02  6.360E-02  3.867E-02  1.862E-02
  394.5000  8.883E-01  8.841E-01  8.716E-01  8.508E-01  8.220E-01  7.855E-01  7.417E-01  6.910E-01  6.342E-01  5.719E-01  5.049E-01  4.344E-01  3.617E-01  2.884E-01  2.168E-01  1.498E-01  9.105E-02  4.383E-02
  395.5000  1.143E+00  1.137E+00  1.121E+00  1.094E+00  1.057E+00  1.011E+00  9.542E-01  8.892E-01  8.161E-01  7.360E-01  6.499E-01  5.592E-01  4.657E-01  3.714E-01  2.792E-01  1.929E-01  1.172E-01  5.641E-02
  396.5000  6.708E-01  6.676E-01  6.582E-01  6.425E-01  6.208E-01  5.933E-01  5.603E-01  5.221E-01  4.793E-01  4.323E-01  3.817E-01  3.285E-01  2.736E-01  2.183E-01  1.641E-01  1.134E-01  6.888E-02  3.314E-02
  397.5000  7.739E-01  7.702E-01  7.593E-01  7.413E-01  7.163E-01  6.846E-01  6.465E-01  6.025E-01  5.531E-01  4.989E-01  4.407E-01  3.793E-01  3.160E-01  2.521E-01  1.896E-01  1.310E-01  7.954E-02  3.825E-02
  398.5000  1.329E+00  1.323E+00  1.304E+00  1.274E+00  1.231E+00  1.176E+00  1.111E+00  1.035E+00  9.505E-01  8.575E-01  7.575E-01  6.521E-01  5.433E-01  4.335E-01  3.260E-01  2.253E-01  1.368E-01  6.575E-02
  399.5000  1.382E+00  1.376E+00  1.357E+00  1.324E+00  1.280E+00  1.223E+00  1.155E+00  1.077E+00  9.888E-01  8.921E-01  7.882E-01  6.787E-01  5.655E-01  4.513E-01  3.395E-01  2.345E-01  1.424E-01  6.842E-02
  400.5000  1.453E+00  1.446E+00  1.426E+00  1.392E+00  1.345E+00  1.286E+00  1.215E+00  1.132E+00  1.040E+00  9.381E-01  8.290E-01  7.138E-01  5.949E-01  4.749E-01  3.572E-01  2.468E-01  1.498E-01  7.195E-02
  401.5000  1.495E+00  1.488E+00  1.467E+00  1.432E+00  1.384E+00  1.323E+00  1.250E+00  1.165E+00  1.070E+00  9.654E-01  8.532E-01  7.348E-01  6.125E-01  4.890E-01  3.679E-01  2.541E-01  1.542E-01  7.405E-02
  402.5000  1.551E+00  1.544E+00  1.522E+00  1.486E+00  1.437E+00  1.373E+00  1.297E+00  1.209E+00  1.111E+00  1.003E+00  8.861E-01  7.632E-01  6.363E-01  5.080E-01  3.823E-01  2.641E-01  1.602E-01  7.689E-02
  403.5000  1.420E+00  1.413E+00  1.393E+00  1.360E+00  1.315E+00  1.257E+00  1.187E+00  1.107E+00  1.017E+00  9.178E-01  8.113E-01  6.990E-01  5.828E-01  4.654E-01  3.502E-01  2.420E-01  1.467E-01  7.041E-02
  404.5000  1.392E+00  1.386E+00  1.366E+00  1.334E+00  1.289E+00  1.233E+00  1.165E+00  1.086E+00  9.975E-01  9.004E-01  7.960E-01  6.859E-01  5.720E-01  4.569E-01  3.438E-01  2.375E-01  1.440E-01  6.908E-02
  405.5000  1.446E+00  1.439E+00  1.419E+00  1.385E+00  1.339E+00  1.280E+00  1.210E+00  1.128E+00  1.036E+00  9.356E-01  8.272E-01  7.129E-01  5.946E-01  4.750E-01  3.575E-01  2.470E-01  1.497E-01  7.179E-02
  406.5000  1.362E+00  1.355E+00  1.336E+00  1.305E+00  1.261E+00  1.206E+00  1.139E+00  1.063E+00  9.762E-01  8.814E-01  7.794E-01  6.718E-01  5.604E-01  4.477E-01  3.371E-01  2.329E-01  1.411E-01  6.763E-02
  407.5000  1.372E+00  1.366E+00  1.347E+00  1.315E+00  1.271E+00  1.216E+00  1.149E+00  1.071E+00  9.844E-01  8.889E-01  7.861E-01  6.776E-01  5.654E-01  4.518E-01  3.402E-01  2.350E-01  1.423E-01  6.820E-02
  408.5000  1.528E+00  1.521E+00  1.500E+00  1.465E+00  1.416E+00  1.354E+00  1.279E+00  1.193E+00  1.096E+00  9.902E-01  8.758E-01  7.551E-01  6.301E-01  5.036E-01  3.792E-01  2.620E-01  1.586E-01  7.597E-02
  409.5000  1.498E+00  1.491E+00  1.470E+00  1.435E+00  1.388E+00  1.327E+00  1.254E+00  1.170E+00  1.075E+00  9.709E-01  8.589E-01  7.406E-01  6.181E-01  4.940E-01  3.721E-01  2.571E-01  1.556E-01  7.450E-02
  410.5000  1.299E+00  1.293E+00  1.275E+00  1.245E+00  1.203E+00  1.151E+00  1.088E+00  1.014E+00  9.324E-01  8.422E-01  7.451E-01  6.425E-01  5.363E-01  4.288E-01  3.230E-01  2.231E-01  1.351E-01  6.462E-02
  411.5000  1.561E+00  1.553E+00  1.532E+00  1.496E+00  1.446E+00  1.383E+00  1.307E+00  1.219E+00  1.121E+00  1.013E+00  8.959E-01  7.727E-01  6.451E-01  5.158E-01  3.886E-01  2.685E-01  1.625E-01  7.771E-02
  412.5000  1.546E+00  1.539E+00  1.518E+00  1.482E+00  1.433E+00  1.371E+00  1.296E+00  1.209E+00  1.111E+00  1.004E+00  8.883E-01  7.662E-01  6.398E-01  5.117E-01  3.855E-01  2.664E-01  1.611E-01  7.705E-02
  413.5000  1.500E+00  1.493E+00  1.472E+00  1.437E+00  1.390E+00  1.329E+00  1.256E+00  1.172E+00  1.078E+00  9.738E-01  8.618E-01  7.435E-01  6.209E-01  4.967E-01  3.743E-01  2.586E-01  1.564E-01  7.476E-02
  414.5000  1.541E+00  1.534E+00  1.513E+00  1.477E+00  1.428E+00  1.366E+00  1.291E+00  1.205E+00  1.108E+00  1.001E+00  8.861E-01  7.646E-01  6.386E-01  5.109E-01  3.850E-01  2.661E-01  1.609E-01  7.686E-02
  415.5000  1.474E+00  1.467E+00  1.446E+00  1.413E+00  1.366E+00  1.307E+00  1.235E+00  1.153E+00  1.060E+00  9.577E-01  8.478E-01  7.316E-01  6.112E-01  4.890E-01  3.686E-01  2.547E-01  1.540E-01  7.353E-02
  416.5000  1.604E+00  1.596E+00  1.574E+00  1.537E+00  1.486E+00  1.422E+00  1.344E+00  1.255E+00  1.154E+00  1.043E+00  9.230E-01  7.966E-01  6.656E-01  5.327E-01  4.015E-01  2.775E-01  1.677E-01  8.004E-02
  417.5000  1.466E+00  1.459E+00  1.439E+00  1.405E+00  1.359E+00  1.300E+00  1.229E+00  1.147E+00  1.055E+00  9.533E-01  8.441E-01  7.286E-01  6.089E-01  4.873E-01  3.674E-01  2.539E-01  1.534E-01  7.318E-02
  418.5000  1.477E+00  1.470E+00  1.450E+00  1.416E+00  1.369E+00  1.310E+00  1.239E+00  1.156E+00  1.063E+00  9.610E-01  8.510E-01  7.347E-01  6.140E-01  4.915E-01  3.707E-01  2.561E-01  1.547E-01  7.378E-02
  419.5000  1.525E+00  1.518E+00  1.497E+00  1.463E+00  1.414E+00  1.353E+00  1.279E+00  1.194E+00  1.098E+00  9.930E-01  8.794E-01  7.593E-01  6.347E-01  5.082E-01  3.832E-01  2.649E-01  1.600E-01  7.625E-02
------------------------------------------------------------
Dose rates, W m-2
   1 = UV-B, 280-315 nm                                  
   2 = UV-B*, 280-320 nm                                 
   3 = UV-A, 315-400 nm                                  
   4 = DNA damage, in vitro (Setlow, 1974)               
   5 = UV index (WMO, 1994; Webb et al., 2011)           
   6 = Plant damage (Caldwell, 1971)                     
   7 = Plant damage,Flint&Caldwell,2003,orig.            
   8 = Plant damage,Flint&Caldwell,2003,ext390           
values at z =      0.000 km
Columns: sza, weighting spectra
 sza, deg.          1          2          3          4          5          6          7          8
    0.0000  2.372E+00  4.168E+00  6.443E+01  9.773E-03  1.413E+01  4.716E-01  1.289E+00  1.742E+00
    5.0000  2.352E+00  4.137E+00  6.411E+01  9.639E-03  1.399E+01  4.661E-01  1.279E+00  1.730E+00
   10.0000  2.293E+00  4.044E+00  6.315E+01  9.259E-03  1.357E+01  4.504E-01  1.252E+00  1.696E+00
   15.0000  2.196E+00  3.893E+00  6.156E+01  8.646E-03  1.290E+01  4.248E-01  1.207E+00  1.640E+00
   20.0000  2.065E+00  3.687E+00  5.936E+01  7.845E-03  1.200E+01  3.908E-01  1.146E+00  1.564E+00
   25.0000  1.903E+00  3.431E+00  5.658E+01  6.904E-03  1.091E+01  3.500E-01  1.071E+00  1.470E+00
   30.0000  1.716E+00  3.133E+00  5.325E+01  5.880E-03  9.679E+00  3.043E-01  9.841E-01  1.361E+00
   35.0000  1.510E+00  2.801E+00  4.942E+01  4.834E-03  8.367E+00  2.560E-01  8.883E-01  1.239E+00
   40.0000  1.293E+00  2.444E+00  4.514E+01  3.821E-03  7.027E+00  2.075E-01  7.863E-01  1.108E+00
   45.0000  1.071E+00  2.074E+00  4.048E+01  2.890E-03  5.714E+00  1.609E-01  6.811E-01  9.702E-01
   50.0000  8.526E-01  1.702E+00  3.551E+01  2.078E-03  4.479E+00  1.183E-01  5.756E-01  8.302E-01
   55.0000  6.478E-01  1.342E+00  3.033E+01  1.412E-03  3.368E+00  8.175E-02  4.728E-01  6.912E-01
   60.0000  4.634E-01  1.006E+00  2.505E+01  8.981E-04  2.412E+00  5.217E-02  3.752E-01  5.566E-01
   65.0000  3.071E-01  7.079E-01  1.982E+01  5.298E-04  1.631E+00  3.017E-02  2.853E-01  4.296E-01
   70.0000  1.839E-01  4.575E-01  1.479E+01  2.880E-04  1.029E+00  1.546E-02  2.053E-01  3.135E-01
   75.0000  9.610E-02  2.629E-01  1.017E+01  1.443E-04  5.964E-01  6.957E-03  1.368E-01  2.116E-01
   80.0000  4.206E-02  1.269E-01  6.169E+00  6.714E-05  3.078E-01  2.878E-03  8.091E-02  1.266E-01
   85.0000  1.529E-02  4.674E-02  2.942E+00  2.793E-05  1.299E-01  1.189E-03  3.767E-02  5.977E-02
------------------------------------------------------------
