Spectral Irradiance, W m-2 nm-1
values at z =      0.000 km
Columns: wavelength (nm), solar zenith angles (deg.)
    wc, nm      0.000      5.000     10.000     15.000     20.000     25.000     30.000     35.000     40.000     45.000     50.000     55.000     60.000     65.000     70.000     75.000     80.000     85.000
  280.5000  5.011E-17  4.373E-17  2.893E-17  1.427E-17  5.115E-18  1.277E-18  2.092E-19  2.064E-20  1.087E-21  2.566E-23  2.120E-25  4.608E-28  6.316E-30  3.099E-30  1.942E-30  1.264E-30  7.913E-31  4.299E-31
  281.5000  2.815E-15  2.487E-15  1.706E-15  8.963E-16  3.519E-16  9.941E-17  1.914E-17  2.323E-18  1.592E-19  5.269E-21  6.717E-23  2.554E-25  3.809E-27  1.811E-27  1.134E-27  7.383E-28  4.626E-28  2.510E-28
  282.5000  6.127E-14  5.468E-14  3.871E-14  2.146E-14  9.114E-15  2.863E-15  6.330E-16  9.178E-17  7.894E-18  3.488E-19  6.454E-21  3.962E-23  6.477E-25  2.958E-25  1.848E-25  1.205E-25  7.556E-26  4.094E-26
  283.5000  4.102E-13  3.685E-13  2.663E-13  1.529E-13  6.832E-14  2.299E-14  5.563E-15  9.052E-16  9.019E-17  4.808E-18  1.133E-19  9.476E-22  1.660E-23  7.307E-24  4.559E-24  2.974E-24  1.866E-24  1.010E-24
  284.5000  7.938E-12  7.221E-12  5.416E-12  3.314E-12  1.624E-12  6.198E-13  1.767E-13  3.548E-14  4.622E-15  3.472E-16  1.271E-17  1.876E-19  3.916E-21  1.564E-21  9.707E-22  6.333E-22  3.978E-22  2.153E-22
  285.5000  4.441E-11  4.076E-11  3.143E-11  2.016E-11  1.058E-11  4.430E-12  1.426E-12  3.345E-13  5.313E-14  5.140E-15  2.606E-16  5.840E-18  1.446E-19  5.209E-20  3.214E-20  2.098E-20  1.319E-20  7.135E-21
  286.5000  7.522E-10  6.953E-10  5.476E-10  3.642E-10  2.015E-10  9.061E-11  3.200E-11  8.462E-12  1.565E-12  1.839E-13  1.197E-14  3.695E-16  1.073E-17  3.491E-18  2.140E-18  1.396E-18  8.789E-19  4.754E-19
  287.5000  6.438E-09  5.997E-09  4.835E-09  3.348E-09  1.964E-09  9.558E-10  3.743E-10  1.130E-10  2.476E-11  3.609E-12  3.101E-13  1.365E-14  4.915E-16  1.393E-16  8.439E-17  5.498E-17  3.465E-17  1.875E-17
  288.5000  4.986E-08  4.684E-08  3.874E-08  2.803E-08  1.752E-08  9.290E-09  4.070E-09  1.419E-09  3.735E-10  6.883E-11  7.993E-12  5.175E-13  2.465E-14  5.885E-15  3.485E-15  2.265E-15  1.429E-15  7.737E-16
  289.5000  3.734E-07  3.529E-07  2.973E-07  2.219E-07  1.451E-07  8.184E-08  3.886E-08  1.502E-08  4.508E-09  9.820E-10  1.414E-10  1.205E-11  7.203E-13  1.511E-13  8.700E-14  5.635E-14  3.557E-14  1.929E-14
  290.5000  1.941E-06  1.843E-06  1.577E-06  1.208E-06  8.211E-07  4.877E-07  2.477E-07  1.044E-07  3.499E-08  8.775E-09  1.514E-09  1.624E-10  1.196E-11  2.259E-12  1.252E-12  8.076E-13  5.098E-13  2.768E-13
  291.5000  8.211E-06  7.844E-06  6.828E-06  5.390E-06  3.825E-06  2.409E-06  1.321E-06  6.142E-07  2.332E-07  6.861E-08  1.452E-08  2.022E-09  1.924E-10  3.302E-11  1.707E-11  1.091E-11  6.878E-12  3.738E-12
  292.5000  2.498E-05  2.397E-05  2.117E-05  1.712E-05  1.259E-05  8.317E-06  4.768E-06  2.447E-06  1.029E-06  3.449E-07  8.627E-08  1.487E-08  1.766E-09  2.898E-10  1.371E-10  8.659E-11  5.451E-11  2.967E-11
  293.5000  8.979E-05  8.656E-05  7.747E-05  6.412E-05  4.874E-05  3.369E-05  2.086E-05  1.134E-05  5.251E-06  1.989E-06  5.823E-07  1.226E-07  1.812E-08  2.976E-09  1.252E-09  7.763E-10  4.871E-10  2.654E-10
  294.5000  2.023E-04  1.957E-04  1.770E-04  1.492E-04  1.164E-04  8.335E-05  5.406E-05  3.064E-05  1.556E-05  6.488E-06  2.147E-06  5.282E-07  9.309E-08  1.590E-08  5.976E-09  3.614E-09  2.258E-09  1.231E-09
  295.5000  6.093E-04  5.917E-04  5.411E-04  4.648E-04  3.729E-04  2.773E-04  1.888E-04  1.159E-04  6.270E-05  2.895E-05  1.091E-05  3.168E-06  6.770E-07  1.258E-07  4.133E-08  2.386E-08  1.480E-08  8.067E-09
  296.5000  1.235E-03  1.203E-03  1.111E-03  9.692E-04  7.958E-04  6.104E-04  4.330E-04  2.800E-04  1.619E-04  8.129E-05  3.412E-05  1.137E-05  2.859E-06  5.895E-07  1.744E-07  9.441E-08  5.792E-08  3.155E-08
  297.5000  2.700E-03  2.637E-03  2.454E-03  2.172E-03  1.819E-03  1.434E-03  1.054E-03  7.139E-04  4.373E-04  2.365E-04  1.091E-04  4.097E-05  1.192E-05  2.759E-06  7.603E-07  3.775E-07  2.279E-07  1.238E-07
  298.5000  3.596E-03  3.520E-03  3.298E-03  2.953E-03  2.517E-03  2.030E-03  1.538E-03  1.082E-03  6.960E-04  4.005E-04  2.000E-04  8.308E-05  2.736E-05  7.098E-06  1.900E-06  8.548E-07  5.041E-07  2.729E-07
  299.5000  8.905E-03  8.735E-03  8.239E-03  7.458E-03  6.459E-03  5.325E-03  4.150E-03  3.028E-03  2.039E-03  1.244E-03  6.694E-04  3.059E-04  1.134E-04  3.318E-05  8.962E-06  3.595E-06  2.040E-06  1.097E-06
  300.5000  9.043E-03  8.885E-03  8.422E-03  7.688E-03  6.741E-03  5.651E-03  4.501E-03  3.376E-03  2.355E-03  1.503E-03  8.558E-04  4.206E-04  1.707E-04  5.518E-05  1.544E-05  5.657E-06  3.062E-06  1.633E-06
  301.5000  1.959E-02  1.928E-02  1.837E-02  1.693E-02  1.504E-02  1.284E-02  1.047E-02  8.092E-03  5.866E-03  3.928E-03  2.379E-03  1.265E-03  5.675E-04  2.057E-04  6.165E-05  2.068E-05  1.034E-05  5.424E-06
  302.5000  2.585E-02  2.547E-02  2.436E-02  2.258E-02  2.024E-02  1.748E-02  1.448E-02  1.141E-02  8.483E-03  5.864E-03  3.698E-03  2.071E-03  9.915E-04  3.884E-04  1.237E-04  3.985E-05  1.854E-05  9.563E-06
  303.5000  4.720E-02  4.658E-02  4.473E-02  4.176E-02  3.782E-02  3.312E-02  2.793E-02  2.254E-02  1.725E-02  1.238E-02  8.188E-03  4.873E-03  2.523E-03  1.087E-03  3.785E-04  1.198E-04  5.005E-05  2.498E-05
  304.5000  5.371E-02  5.304E-02  5.106E-02  4.786E-02  4.361E-02  3.850E-02  3.281E-02  2.683E-02  2.089E-02  1.532E-02  1.041E-02  6.417E-03  3.474E-03  1.583E-03  5.840E-04  1.863E-04  7.265E-05  3.521E-05
  305.5000  7.527E-02  7.442E-02  7.189E-02  6.780E-02  6.233E-02  5.569E-02  4.820E-02  4.021E-02  3.211E-02  2.431E-02  1.721E-02  1.117E-02  6.472E-03  3.213E-03  1.305E-03  4.346E-04  1.531E-04  6.923E-05
  306.5000  8.063E-02  7.975E-02  7.717E-02  7.297E-02  6.733E-02  6.048E-02  5.270E-02  4.435E-02  3.580E-02  2.747E-02  1.979E-02  1.314E-02  7.834E-03  4.035E-03  1.711E-03  5.865E-04  1.989E-04  8.628E-05
  307.5000  1.221E-01  1.209E-01  1.173E-01  1.115E-01  1.037E-01  9.402E-02  8.299E-02  7.098E-02  5.850E-02  4.609E-02  3.434E-02  2.380E-02  1.500E-02  8.311E-03  3.853E-03  1.427E-03  4.620E-04  1.796E-04
  308.5000  1.393E-01  1.380E-01  1.340E-01  1.276E-01  1.190E-01  1.083E-01  9.610E-02  8.271E-02  6.872E-02  5.469E-02  4.127E-02  2.908E-02  1.873E-02  1.066E-02  5.119E-03  1.963E-03  6.317E-04  2.335E-04
  309.5000  1.268E-01  1.256E-01  1.223E-01  1.168E-01  1.094E-01  1.003E-01  8.973E-02  7.807E-02  6.575E-02  5.325E-02  4.108E-02  2.978E-02  1.990E-02  1.190E-02  6.083E-03  2.501E-03  8.148E-04  2.730E-04
  310.5000  1.766E-01  1.751E-01  1.707E-01  1.635E-01  1.536E-01  1.415E-01  1.273E-01  1.116E-01  9.497E-02  7.785E-02  6.101E-02  4.514E-02  3.097E-02  1.917E-02  1.026E-02  4.458E-03  1.494E-03  4.665E-04
  311.5000  2.306E-01  2.288E-01  2.232E-01  2.141E-01  2.017E-01  1.863E-01  1.683E-01  1.484E-01  1.270E-01  1.050E-01  8.314E-02  6.234E-02  4.352E-02  2.757E-02  1.521E-02  6.865E-03  2.362E-03  7.056E-04
  312.5000  2.310E-01  2.293E-01  2.241E-01  2.155E-01  2.038E-01  1.893E-01  1.723E-01  1.532E-01  1.327E-01  1.113E-01  8.977E-02  6.893E-02  4.964E-02  3.278E-02  1.914E-02  9.297E-03  3.428E-03  9.678E-04
  313.5000  2.636E-01  2.617E-01  2.558E-01  2.463E-01  2.331E-01  2.168E-01  1.977E-01  1.762E-01  1.530E-01  1.288E-01  1.043E-01  8.058E-02  5.846E-02  3.897E-02  2.305E-02  1.139E-02  4.279E-03  1.198E-03
  314.5000  2.693E-01  2.675E-01  2.619E-01  2.527E-01  2.400E-01  2.243E-01  2.057E-01  1.848E-01  1.620E-01  1.381E-01  1.137E-01  8.958E-02  6.674E-02  4.612E-02  2.865E-02  1.515E-02  6.173E-03  1.728E-03
  315.5000  2.792E-01  2.772E-01  2.715E-01  2.621E-01  2.491E-01  2.330E-01  2.139E-01  1.924E-01  1.690E-01  1.444E-01  1.192E-01  9.423E-02  7.051E-02  4.901E-02  3.068E-02  1.640E-02  6.775E-03  1.906E-03
  316.5000  2.827E-01  2.809E-01  2.754E-01  2.663E-01  2.538E-01  2.382E-01  2.198E-01  1.989E-01  1.760E-01  1.518E-01  1.268E-01  1.019E-01  7.783E-02  5.561E-02  3.618E-02  2.043E-02  9.096E-03  2.680E-03
  317.5000  3.998E-01  3.972E-01  3.894E-01  3.766E-01  3.590E-01  3.370E-01  3.109E-01  2.814E-01  2.491E-01  2.149E-01  1.795E-01  1.443E-01  1.102E-01  7.877E-02  5.124E-02  2.892E-02  1.287E-02  3.788E-03
  318.5000  3.193E-01  3.173E-01  3.114E-01  3.016E-01  2.883E-01  2.715E-01  2.516E-01  2.289E-01  2.041E-01  1.776E-01  1.500E-01  1.223E-01  9.524E-02  6.981E-02  4.706E-02  2.797E-02  1.343E-02  4.271E-03
  319.5000  3.906E-01  3.882E-01  3.811E-01  3.693E-01  3.531E-01  3.327E-01  3.086E-01  2.812E-01  2.510E-01  2.188E-01  1.853E-01  1.515E-01  1.184E-01  8.720E-02  5.917E-02  3.551E-02  1.729E-02  5.602E-03
  320.5000  4.768E-01  4.739E-01  4.653E-01  4.511E-01  4.316E-01  4.071E-01  3.780E-01  3.448E-01  3.084E-01  2.694E-01  2.287E-01  1.876E-01  1.473E-01  1.091E-01  7.464E-02  4.532E-02  2.247E-02  7.447E-03
  321.5000  4.103E-01  4.077E-01  4.009E-01  3.893E-01  3.733E-01  3.531E-01  3.291E-01  3.018E-01  2.716E-01  2.391E-01  2.051E-01  1.705E-01  1.362E-01  1.032E-01  7.297E-02  4.650E-02  2.488E-02  9.252E-03
  322.5000  4.087E-01  4.063E-01  3.990E-01  3.870E-01  3.705E-01  3.498E-01  3.251E-01  2.970E-01  2.661E-01  2.329E-01  1.983E-01  1.632E-01  1.286E-01  9.581E-02  6.601E-02  4.050E-02  2.040E-02  6.908E-03
  323.5000  4.261E-01  4.253E-01  4.182E-01  4.064E-01  3.901E-01  3.695E-01  3.451E-01  3.172E-01  2.863E-01  2.531E-01  2.181E-01  1.824E-01  1.468E-01  1.125E-01  8.064E-02  5.249E-02  2.907E-02  1.145E-02
  324.5000  5.016E-01  4.988E-01  4.904E-01  4.765E-01  4.574E-01  4.333E-01  4.046E-01  3.719E-01  3.356E-01  2.966E-01  2.556E-01  2.136E-01  1.718E-01  1.315E-01  9.412E-02  6.110E-02  3.370E-02  1.319E-02
  325.5000  5.609E-01  5.577E-01  5.483E-01  5.327E-01  5.112E-01  4.841E-01  4.518E-01  4.150E-01  3.742E-01  3.303E-01  2.842E-01  2.371E-01  1.902E-01  1.451E-01  1.033E-01  6.653E-02  3.621E-02  1.385E-02
  326.5000  6.855E-01  6.817E-01  6.707E-01  6.524E-01  6.272E-01  5.954E-01  5.575E-01  5.142E-01  4.661E-01  4.141E-01  3.593E-01  3.030E-01  2.465E-01  1.916E-01  1.402E-01  9.399E-02  5.467E-02  2.357E-02
  327.5000  6.362E-01  6.327E-01  6.223E-01  6.051E-01  5.815E-01  5.516E-01  5.161E-01  4.754E-01  4.303E-01  3.816E-01  3.303E-01  2.776E-01  2.248E-01  1.737E-01  1.260E-01  8.334E-02  4.741E-02  1.962E-02
  328.5000  5.873E-01  5.841E-01  5.745E-01  5.587E-01  5.369E-01  5.094E-01  4.767E-01  4.391E-01  3.975E-01  3.526E-01  3.053E-01  2.566E-01  2.080E-01  1.607E-01  1.166E-01  7.714E-02  4.391E-02  1.818E-02
  329.5000  7.660E-01  7.622E-01  7.502E-01  7.302E-01  7.026E-01  6.679E-01  6.264E-01  5.789E-01  5.260E-01  4.689E-01  4.084E-01  3.461E-01  2.834E-01  2.222E-01  1.644E-01  1.121E-01  6.709E-02  3.057E-02
  330.5000  6.945E-01  6.909E-01  6.798E-01  6.615E-01  6.362E-01  6.043E-01  5.663E-01  5.228E-01  4.744E-01  4.221E-01  3.668E-01  3.099E-01  2.527E-01  1.969E-01  1.445E-01  9.730E-02  5.700E-02  2.492E-02
  331.5000  6.858E-01  6.821E-01  6.712E-01  6.531E-01  6.281E-01  5.966E-01  5.590E-01  5.160E-01  4.682E-01  4.164E-01  3.618E-01  3.055E-01  2.489E-01  1.938E-01  1.419E-01  9.531E-02  5.558E-02  2.409E-02
  332.5000  6.782E-01  6.747E-01  6.641E-01  6.466E-01  6.225E-01  5.921E-01  5.558E-01  5.141E-01  4.678E-01  4.176E-01  3.644E-01  3.095E-01  2.541E-01  1.999E-01  1.485E-01  1.019E-01  6.165E-02  2.871E-02
  333.5000  6.358E-01  6.325E-01  6.225E-01  6.060E-01  5.832E-01  5.545E-01  5.202E-01  4.808E-01  4.370E-01  3.896E-01  3.394E-01  2.876E-01  2.354E-01  1.844E-01  1.362E-01  9.255E-02  5.509E-02  2.486E-02
  334.5000  7.109E-01  7.072E-01  6.961E-01  6.778E-01  6.524E-01  6.205E-01  5.824E-01  5.386E-01  4.899E-01  4.371E-01  3.813E-01  3.235E-01  2.653E-01  2.083E-01  1.543E-01  1.054E-01  6.322E-02  2.899E-02
  335.5000  7.218E-01  7.181E-01  7.070E-01  6.886E-01  6.632E-01  6.312E-01  5.929E-01  5.489E-01  5.000E-01  4.469E-01  3.907E-01  3.325E-01  2.736E-01  2.159E-01  1.610E-01  1.111E-01  6.785E-02  3.223E-02
  336.5000  5.638E-01  5.609E-01  5.522E-01  5.378E-01  5.179E-01  4.929E-01  4.629E-01  4.285E-01  3.902E-01  3.487E-01  3.047E-01  2.591E-01  2.131E-01  1.679E-01  1.250E-01  8.597E-02  5.221E-02  2.454E-02
  337.5000  6.178E-01  6.146E-01  6.050E-01  5.892E-01  5.673E-01  5.396E-01  5.066E-01  4.687E-01  4.265E-01  3.807E-01  3.322E-01  2.821E-01  2.314E-01  1.817E-01  1.346E-01  9.190E-02  5.511E-02  2.526E-02
  338.5000  6.532E-01  6.499E-01  6.399E-01  6.233E-01  6.005E-01  5.716E-01  5.371E-01  4.975E-01  4.534E-01  4.055E-01  3.547E-01  3.020E-01  2.487E-01  1.963E-01  1.465E-01  1.011E-01  6.177E-02  2.940E-02
  339.5000  7.101E-01  7.064E-01  6.956E-01  6.777E-01  6.529E-01  6.216E-01  5.842E-01  5.413E-01  4.934E-01  4.414E-01  3.863E-01  3.291E-01  2.712E-01  2.142E-01  1.600E-01  1.106E-01  6.772E-02  3.240E-02
  340.5000  7.583E-01  7.544E-01  7.428E-01  7.236E-01  6.971E-01  6.636E-01  6.236E-01  5.776E-01  5.263E-01  4.707E-01  4.116E-01  3.504E-01  2.884E-01  2.274E-01  1.694E-01  1.166E-01  7.089E-02  3.344E-02
  341.5000  6.739E-01  6.705E-01  6.603E-01  6.433E-01  6.199E-01  5.904E-01  5.550E-01  5.144E-01  4.692E-01  4.200E-01  3.677E-01  3.135E-01  2.586E-01  2.045E-01  1.529E-01  1.058E-01  6.494E-02  3.124E-02
  342.5000  7.465E-01  7.427E-01  7.314E-01  7.127E-01  6.868E-01  6.541E-01  6.151E-01  5.702E-01  5.202E-01  4.658E-01  4.080E-01  3.480E-01  2.872E-01  2.272E-01  1.700E-01  1.178E-01  7.239E-02  3.494E-02
  343.5000  7.748E-01  7.709E-01  7.591E-01  7.397E-01  7.129E-01  6.789E-01  6.384E-01  5.918E-01  5.398E-01  4.832E-01  4.232E-01  3.609E-01  2.976E-01  2.353E-01  1.758E-01  1.216E-01  7.446E-02  3.570E-02
  344.5000  5.427E-01  5.399E-01  5.317E-01  5.181E-01  4.993E-01  4.755E-01  4.470E-01  4.143E-01  3.779E-01  3.383E-01  2.962E-01  2.524E-01  2.081E-01  1.644E-01  1.227E-01  8.460E-02  5.162E-02  2.457E-02
  345.5000  7.439E-01  7.402E-01  7.290E-01  7.105E-01  6.848E-01  6.525E-01  6.137E-01  5.692E-01  5.196E-01  4.655E-01  4.081E-01  3.484E-01  2.877E-01  2.279E-01  1.707E-01  1.184E-01  7.288E-02  3.536E-02
  346.5000  6.953E-01  6.918E-01  6.813E-01  6.639E-01  6.399E-01  6.096E-01  5.733E-01  5.316E-01  4.851E-01  4.345E-01  3.807E-01  3.248E-01  2.680E-01  2.119E-01  1.584E-01  1.095E-01  6.701E-02  3.213E-02
  347.5000  6.791E-01  6.757E-01  6.655E-01  6.486E-01  6.252E-01  5.956E-01  5.602E-01  5.196E-01  4.742E-01  4.248E-01  3.723E-01  3.177E-01  2.622E-01  2.074E-01  1.551E-01  1.072E-01  6.565E-02  3.152E-02
  348.5000  7.462E-01  7.425E-01  7.313E-01  7.127E-01  6.871E-01  6.547E-01  6.159E-01  5.714E-01  5.216E-01  4.674E-01  4.098E-01  3.499E-01  2.889E-01  2.287E-01  1.711E-01  1.184E-01  7.266E-02  3.503E-02
  349.5000  6.251E-01  6.220E-01  6.126E-01  5.971E-01  5.757E-01  5.485E-01  5.161E-01  4.788E-01  4.371E-01  3.918E-01  3.435E-01  2.933E-01  2.423E-01  1.918E-01  1.435E-01  9.927E-02  6.088E-02  2.933E-02
  350.5000  8.749E-01  8.706E-01  8.575E-01  8.358E-01  8.058E-01  7.679E-01  7.226E-01  6.705E-01  6.122E-01  5.488E-01  4.813E-01  4.111E-01  3.396E-01  2.689E-01  2.012E-01  1.392E-01  8.541E-02  4.119E-02
  351.5000  7.537E-01  7.500E-01  7.387E-01  7.201E-01  6.943E-01  6.616E-01  6.226E-01  5.777E-01  5.276E-01  4.730E-01  4.148E-01  3.543E-01  2.927E-01  2.317E-01  1.734E-01  1.199E-01  7.347E-02  3.538E-02
  352.5000  6.796E-01  6.762E-01  6.660E-01  6.492E-01  6.260E-01  5.967E-01  5.615E-01  5.211E-01  4.760E-01  4.268E-01  3.744E-01  3.199E-01  2.643E-01  2.093E-01  1.567E-01  1.084E-01  6.644E-02  3.203E-02
  353.5000  8.178E-01  8.137E-01  8.015E-01  7.814E-01  7.535E-01  7.182E-01  6.760E-01  6.275E-01  5.732E-01  5.141E-01  4.512E-01  3.855E-01  3.187E-01  2.525E-01  1.891E-01  1.308E-01  8.028E-02  3.879E-02
  354.5000  8.848E-01  8.804E-01  8.672E-01  8.455E-01  8.154E-01  7.773E-01  7.317E-01  6.792E-01  6.206E-01  5.568E-01  4.887E-01  4.177E-01  3.455E-01  2.738E-01  2.051E-01  1.420E-01  8.717E-02  4.219E-02
  355.5000  8.265E-01  8.224E-01  8.102E-01  7.899E-01  7.618E-01  7.263E-01  6.837E-01  6.348E-01  5.801E-01  5.205E-01  4.569E-01  3.906E-01  3.231E-01  2.561E-01  1.918E-01  1.328E-01  8.153E-02  3.946E-02
  356.5000  7.667E-01  7.629E-01  7.516E-01  7.328E-01  7.067E-01  6.738E-01  6.344E-01  5.891E-01  5.384E-01  4.831E-01  4.242E-01  3.627E-01  3.000E-01  2.379E-01  1.782E-01  1.233E-01  7.568E-02  3.663E-02
  357.5000  6.517E-01  6.485E-01  6.388E-01  6.229E-01  6.008E-01  5.729E-01  5.394E-01  5.009E-01  4.578E-01  4.109E-01  3.608E-01  3.086E-01  2.553E-01  2.024E-01  1.516E-01  1.049E-01  6.435E-02  3.113E-02
  358.5000  5.027E-01  5.002E-01  4.928E-01  4.805E-01  4.635E-01  4.420E-01  4.162E-01  3.865E-01  3.534E-01  3.172E-01  2.786E-01  2.383E-01  1.972E-01  1.564E-01  1.172E-01  8.110E-02  4.975E-02  2.409E-02
  359.5000  8.458E-01  8.416E-01  8.291E-01  8.084E-01  7.799E-01  7.437E-01  7.004E-01  6.505E-01  5.948E-01  5.339E-01  4.690E-01  4.013E-01  3.321E-01  2.634E-01  1.974E-01  1.366E-01  8.378E-02  4.056E-02
  360.5000  7.836E-01  7.798E-01  7.682E-01  7.491E-01  7.227E-01  6.892E-01  6.491E-01  6.030E-01  5.513E-01  4.950E-01  4.349E-01  3.722E-01  3.081E-01  2.444E-01  1.831E-01  1.267E-01  7.771E-02  3.762E-02
  361.5000  7.062E-01  7.028E-01  6.924E-01  6.752E-01  6.514E-01  6.213E-01  5.852E-01  5.436E-01  4.972E-01  4.464E-01  3.923E-01  3.358E-01  2.780E-01  2.206E-01  1.653E-01  1.144E-01  7.016E-02  3.398E-02
  362.5000  8.290E-01  8.250E-01  8.128E-01  7.926E-01  7.647E-01  7.294E-01  6.871E-01  6.384E-01  5.839E-01  5.244E-01  4.609E-01  3.946E-01  3.268E-01  2.593E-01  1.943E-01  1.345E-01  8.248E-02  3.996E-02
  363.5000  7.372E-01  7.336E-01  7.228E-01  7.049E-01  6.801E-01  6.487E-01  6.112E-01  5.679E-01  5.195E-01  4.666E-01  4.102E-01  3.512E-01  2.909E-01  2.309E-01  1.731E-01  1.198E-01  7.342E-02  3.557E-02
  364.5000  8.039E-01  7.999E-01  7.882E-01  7.687E-01  7.417E-01  7.075E-01  6.666E-01  6.195E-01  5.667E-01  5.091E-01  4.476E-01  3.833E-01  3.175E-01  2.520E-01  1.889E-01  1.307E-01  8.012E-02  3.881E-02
  365.5000  9.792E-01  9.744E-01  9.600E-01  9.363E-01  9.035E-01  8.619E-01  8.122E-01  7.548E-01  6.906E-01  6.205E-01  5.456E-01  4.672E-01  3.871E-01  3.073E-01  2.304E-01  1.594E-01  9.764E-02  4.727E-02
  366.5000  1.036E+00  1.031E+00  1.016E+00  9.906E-01  9.559E-01  9.120E-01  8.594E-01  7.988E-01  7.310E-01  6.568E-01  5.776E-01  4.948E-01  4.101E-01  3.256E-01  2.441E-01  1.689E-01  1.034E-01  5.009E-02
  367.5000  9.832E-01  9.784E-01  9.640E-01  9.403E-01  9.074E-01  8.658E-01  8.159E-01  7.585E-01  6.941E-01  6.238E-01  5.487E-01  4.701E-01  3.897E-01  3.094E-01  2.320E-01  1.605E-01  9.831E-02  4.761E-02
  368.5000  8.634E-01  8.592E-01  8.466E-01  8.257E-01  7.969E-01  7.604E-01  7.167E-01  6.663E-01  6.098E-01  5.481E-01  4.822E-01  4.132E-01  3.425E-01  2.721E-01  2.040E-01  1.411E-01  8.640E-02  4.184E-02
  369.5000  1.035E+00  1.030E+00  1.015E+00  9.902E-01  9.557E-01  9.119E-01  8.596E-01  7.992E-01  7.315E-01  6.576E-01  5.786E-01  4.959E-01  4.112E-01  3.266E-01  2.449E-01  1.694E-01  1.037E-01  5.021E-02
  370.5000  9.389E-01  9.343E-01  9.207E-01  8.981E-01  8.668E-01  8.272E-01  7.798E-01  7.250E-01  6.637E-01  5.968E-01  5.251E-01  4.501E-01  3.733E-01  2.966E-01  2.224E-01  1.538E-01  9.414E-02  4.557E-02
  371.5000  1.074E+00  1.069E+00  1.053E+00  1.027E+00  9.916E-01  9.463E-01  8.921E-01  8.296E-01  7.595E-01  6.830E-01  6.011E-01  5.153E-01  4.274E-01  3.396E-01  2.547E-01  1.762E-01  1.078E-01  5.217E-02
  372.5000  7.930E-01  7.891E-01  7.776E-01  7.586E-01  7.322E-01  6.989E-01  6.589E-01  6.128E-01  5.611E-01  5.046E-01  4.442E-01  3.808E-01  3.159E-01  2.511E-01  1.883E-01  1.302E-01  7.967E-02  3.856E-02
  373.5000  7.165E-01  7.130E-01  7.026E-01  6.855E-01  6.617E-01  6.316E-01  5.955E-01  5.538E-01  5.072E-01  4.562E-01  4.016E-01  3.444E-01  2.858E-01  2.271E-01  1.704E-01  1.178E-01  7.204E-02  3.486E-02
  374.5000  7.861E-01  7.823E-01  7.709E-01  7.521E-01  7.261E-01  6.931E-01  6.535E-01  6.078E-01  5.567E-01  5.008E-01  4.409E-01  3.782E-01  3.138E-01  2.495E-01  1.872E-01  1.294E-01  7.910E-02  3.827E-02
  375.5000  8.866E-01  8.823E-01  8.695E-01  8.483E-01  8.190E-01  7.818E-01  7.372E-01  6.858E-01  6.282E-01  5.651E-01  4.977E-01  4.269E-01  3.543E-01  2.817E-01  2.114E-01  1.461E-01  8.931E-02  4.320E-02
  376.5000  8.851E-01  8.808E-01  8.680E-01  8.469E-01  8.176E-01  7.805E-01  7.361E-01  6.848E-01  6.273E-01  5.645E-01  4.972E-01  4.265E-01  3.541E-01  2.816E-01  2.113E-01  1.461E-01  8.924E-02  4.316E-02
  377.5000  1.054E+00  1.049E+00  1.033E+00  1.008E+00  9.734E-01  9.293E-01  8.765E-01  8.155E-01  7.471E-01  6.723E-01  5.922E-01  5.082E-01  4.219E-01  3.356E-01  2.518E-01  1.741E-01  1.063E-01  5.142E-02
  378.5000  1.148E+00  1.142E+00  1.126E+00  1.099E+00  1.061E+00  1.013E+00  9.552E-01  8.888E-01  8.143E-01  7.329E-01  6.457E-01  5.542E-01  4.602E-01  3.660E-01  2.747E-01  1.899E-01  1.160E-01  5.606E-02
  379.5000  8.490E-01  8.449E-01  8.327E-01  8.125E-01  7.845E-01  7.491E-01  7.066E-01  6.575E-01  6.025E-01  5.423E-01  4.779E-01  4.102E-01  3.407E-01  2.710E-01  2.034E-01  1.406E-01  8.583E-02  4.148E-02
  380.5000  1.021E+00  1.016E+00  1.001E+00  9.769E-01  9.433E-01  9.007E-01  8.497E-01  7.908E-01  7.247E-01  6.524E-01  5.749E-01  4.936E-01  4.100E-01  3.262E-01  2.449E-01  1.693E-01  1.033E-01  4.991E-02
  381.5000  9.588E-01  9.542E-01  9.405E-01  9.177E-01  8.862E-01  8.462E-01  7.983E-01  7.430E-01  6.810E-01  6.132E-01  5.404E-01  4.640E-01  3.855E-01  3.068E-01  2.303E-01  1.592E-01  9.712E-02  4.692E-02
  382.5000  6.387E-01  6.356E-01  6.265E-01  6.113E-01  5.904E-01  5.638E-01  5.319E-01  4.951E-01  4.538E-01  4.087E-01  3.602E-01  3.094E-01  2.571E-01  2.046E-01  1.536E-01  1.062E-01  6.475E-02  3.128E-02
  383.5000  5.607E-01  5.580E-01  5.500E-01  5.367E-01  5.183E-01  4.950E-01  4.670E-01  4.348E-01  3.986E-01  3.589E-01  3.164E-01  2.718E-01  2.259E-01  1.798E-01  1.350E-01  9.331E-02  5.689E-02  2.747E-02
  384.5000  8.411E-01  8.371E-01  8.251E-01  8.052E-01  7.776E-01  7.427E-01  7.008E-01  6.524E-01  5.982E-01  5.388E-01  4.750E-01  4.081E-01  3.392E-01  2.701E-01  2.028E-01  1.401E-01  8.543E-02  4.124E-02
  385.5000  8.319E-01  8.280E-01  8.161E-01  7.964E-01  7.692E-01  7.347E-01  6.933E-01  6.455E-01  5.919E-01  5.331E-01  4.702E-01  4.040E-01  3.358E-01  2.674E-01  2.008E-01  1.388E-01  8.457E-02  4.082E-02
  386.5000  8.478E-01  8.437E-01  8.316E-01  8.116E-01  7.839E-01  7.488E-01  7.067E-01  6.580E-01  6.034E-01  5.436E-01  4.794E-01  4.120E-01  3.426E-01  2.728E-01  2.049E-01  1.416E-01  8.626E-02  4.162E-02
  387.5000  7.877E-01  7.839E-01  7.727E-01  7.541E-01  7.284E-01  6.958E-01  6.567E-01  6.115E-01  5.608E-01  5.053E-01  4.457E-01  3.831E-01  3.186E-01  2.538E-01  1.906E-01  1.317E-01  8.022E-02  3.869E-02
  388.5000  7.893E-01  7.855E-01  7.743E-01  7.557E-01  7.300E-01  6.973E-01  6.582E-01  6.129E-01  5.622E-01  5.066E-01  4.469E-01  3.842E-01  3.195E-01  2.546E-01  1.912E-01  1.321E-01  8.045E-02  3.880E-02
  389.5000  9.950E-01  9.903E-01  9.762E-01  9.528E-01  9.203E-01  8.792E-01  8.299E-01  7.730E-01  7.090E-01  6.390E-01  5.638E-01  4.847E-01  4.032E-01  3.213E-01  2.414E-01  1.668E-01  1.015E-01  4.894E-02
  390.5000  9.771E-01  9.725E-01  9.586E-01  9.356E-01  9.038E-01  8.635E-01  8.151E-01  7.592E-01  6.965E-01  6.278E-01  5.540E-01  4.763E-01  3.963E-01  3.158E-01  2.373E-01  1.640E-01  9.978E-02  4.809E-02
  391.5000  1.159E+00  1.153E+00  1.137E+00  1.110E+00  1.072E+00  1.024E+00  9.670E-01  9.007E-01  8.264E-01  7.449E-01  6.574E-01  5.654E-01  4.705E-01  3.750E-01  2.818E-01  1.947E-01  1.184E-01  5.707E-02
  392.5000  8.688E-01  8.647E-01  8.523E-01  8.320E-01  8.038E-01  7.680E-01  7.251E-01  6.755E-01  6.198E-01  5.587E-01  4.932E-01  4.242E-01  3.531E-01  2.815E-01  2.115E-01  1.461E-01  8.888E-02  4.281E-02
  393.5000  3.776E-01  3.758E-01  3.705E-01  3.616E-01  3.494E-01  3.338E-01  3.152E-01  2.937E-01  2.695E-01  2.430E-01  2.145E-01  1.845E-01  1.536E-01  1.225E-01  9.205E-02  6.359E-02  3.866E-02  1.862E-02
  394.5000  8.883E-01  8.841E-01  8.715E-01  8.508E-01  8.220E-01  7.855E-01  7.416E-01  6.910E-01  6.342E-01  5.718E-01  5.049E-01  4.344E-01  3.617E-01  2.884E-01  2.168E-01  1.498E-01  9.104E-02  4.382E-02
  395.5000  1.143E+00  1.137E+00  1.121E+00  1.094E+00  1.057E+00  1.010E+00  9.542E-01  8.891E-01  8.160E-01  7.359E-01  6.498E-01  5.592E-01  4.657E-01  3.714E-01  2.792E-01  1.929E-01  1.172E-01  5.640E-02
  396.5000  6.708E-01  6.676E-01  6.582E-01  6.425E-01  6.208E-01  5.933E-01  5.603E-01  5.221E-01  4.792E-01  4.322E-01  3.817E-01  3.285E-01  2.736E-01  2.183E-01  1.641E-01  1.134E-01  6.887E-02  3.313E-02
  397.5000  7.738E-01  7.702E-01  7.593E-01  7.413E-01  7.163E-01  6.845E-01  6.465E-01  6.025E-01  5.531E-01  4.989E-01  4.407E-01  3.793E-01  3.160E-01  2.521E-01  1.895E-01  1.309E-01  7.953E-02  3.824E-02
  398.5000  1.329E+00  1.323E+00  1.304E+00  1.273E+00  1.231E+00  1.176E+00  1.111E+00  1.035E+00  9.505E-01  8.575E-01  7.575E-01  6.521E-01  5.433E-01  4.335E-01  3.260E-01  2.252E-01  1.368E-01  6.574E-02
  399.5000  1.382E+00  1.376E+00  1.357E+00  1.324E+00  1.280E+00  1.223E+00  1.155E+00  1.077E+00  9.888E-01  8.921E-01  7.882E-01  6.786E-01  5.655E-01  4.513E-01  3.394E-01  2.345E-01  1.423E-01  6.840E-02
  400.5000  1.453E+00  1.446E+00  1.426E+00  1.392E+00  1.345E+00  1.286E+00  1.215E+00  1.132E+00  1.040E+00  9.381E-01  8.289E-01  7.138E-01  5.949E-01  4.748E-01  3.572E-01  2.468E-01  1.497E-01  7.193E-02
  401.5000  1.495E+00  1.488E+00  1.467E+00  1.432E+00  1.384E+00  1.323E+00  1.250E+00  1.165E+00  1.070E+00  9.654E-01  8.531E-01  7.348E-01  6.125E-01  4.889E-01  3.678E-01  2.541E-01  1.542E-01  7.403E-02
  402.5000  1.551E+00  1.544E+00  1.522E+00  1.486E+00  1.436E+00  1.373E+00  1.297E+00  1.209E+00  1.111E+00  1.002E+00  8.860E-01  7.632E-01  6.362E-01  5.080E-01  3.822E-01  2.641E-01  1.602E-01  7.687E-02
  403.5000  1.420E+00  1.413E+00  1.393E+00  1.360E+00  1.315E+00  1.257E+00  1.187E+00  1.107E+00  1.017E+00  9.178E-01  8.113E-01  6.989E-01  5.828E-01  4.654E-01  3.502E-01  2.419E-01  1.467E-01  7.039E-02
  404.5000  1.392E+00  1.386E+00  1.366E+00  1.334E+00  1.289E+00  1.233E+00  1.164E+00  1.086E+00  9.974E-01  9.004E-01  7.960E-01  6.858E-01  5.719E-01  4.568E-01  3.438E-01  2.375E-01  1.440E-01  6.906E-02
  405.5000  1.446E+00  1.439E+00  1.419E+00  1.385E+00  1.339E+00  1.280E+00  1.210E+00  1.128E+00  1.036E+00  9.355E-01  8.272E-01  7.128E-01  5.945E-01  4.749E-01  3.575E-01  2.470E-01  1.497E-01  7.176E-02
  406.5000  1.361E+00  1.355E+00  1.336E+00  1.305E+00  1.261E+00  1.206E+00  1.139E+00  1.063E+00  9.762E-01  8.814E-01  7.794E-01  6.717E-01  5.604E-01  4.477E-01  3.370E-01  2.328E-01  1.411E-01  6.761E-02
  407.5000  1.372E+00  1.366E+00  1.347E+00  1.315E+00  1.271E+00  1.216E+00  1.149E+00  1.071E+00  9.843E-01  8.888E-01  7.860E-01  6.776E-01  5.653E-01  4.517E-01  3.401E-01  2.350E-01  1.423E-01  6.817E-02
  408.5000  1.528E+00  1.521E+00  1.500E+00  1.464E+00  1.416E+00  1.354E+00  1.279E+00  1.193E+00  1.096E+00  9.901E-01  8.757E-01  7.550E-01  6.300E-01  5.035E-01  3.791E-01  2.619E-01  1.586E-01  7.594E-02
  409.5000  1.498E+00  1.491E+00  1.470E+00  1.435E+00  1.388E+00  1.327E+00  1.254E+00  1.170E+00  1.075E+00  9.708E-01  8.588E-01  7.405E-01  6.180E-01  4.940E-01  3.720E-01  2.570E-01  1.556E-01  7.446E-02
  410.5000  1.299E+00  1.293E+00  1.274E+00  1.245E+00  1.203E+00  1.151E+00  1.087E+00  1.014E+00  9.323E-01  8.421E-01  7.450E-01  6.425E-01  5.363E-01  4.287E-01  3.229E-01  2.231E-01  1.350E-01  6.459E-02
  411.5000  1.561E+00  1.553E+00  1.532E+00  1.496E+00  1.446E+00  1.383E+00  1.307E+00  1.219E+00  1.121E+00  1.012E+00  8.958E-01  7.726E-01  6.450E-01  5.157E-01  3.885E-01  2.684E-01  1.624E-01  7.766E-02
  412.5000  1.546E+00  1.539E+00  1.518E+00  1.482E+00  1.433E+00  1.370E+00  1.295E+00  1.209E+00  1.111E+00  1.004E+00  8.882E-01  7.661E-01  6.397E-01  5.116E-01  3.854E-01  2.663E-01  1.611E-01  7.701E-02
  413.5000  1.500E+00  1.493E+00  1.472E+00  1.437E+00  1.390E+00  1.329E+00  1.256E+00  1.172E+00  1.078E+00  9.737E-01  8.617E-01  7.434E-01  6.208E-01  4.966E-01  3.742E-01  2.585E-01  1.564E-01  7.472E-02
  414.5000  1.541E+00  1.534E+00  1.512E+00  1.477E+00  1.428E+00  1.366E+00  1.291E+00  1.205E+00  1.108E+00  1.001E+00  8.860E-01  7.645E-01  6.385E-01  5.108E-01  3.850E-01  2.660E-01  1.608E-01  7.682E-02
  415.5000  1.474E+00  1.467E+00  1.446E+00  1.413E+00  1.366E+00  1.306E+00  1.235E+00  1.153E+00  1.060E+00  9.576E-01  8.477E-01  7.315E-01  6.111E-01  4.889E-01  3.685E-01  2.546E-01  1.539E-01  7.348E-02
  416.5000  1.603E+00  1.596E+00  1.574E+00  1.537E+00  1.486E+00  1.422E+00  1.344E+00  1.254E+00  1.153E+00  1.042E+00  9.229E-01  7.965E-01  6.655E-01  5.326E-01  4.014E-01  2.774E-01  1.676E-01  7.998E-02
  417.5000  1.466E+00  1.459E+00  1.439E+00  1.405E+00  1.359E+00  1.300E+00  1.229E+00  1.147E+00  1.055E+00  9.532E-01  8.440E-01  7.285E-01  6.088E-01  4.872E-01  3.673E-01  2.538E-01  1.533E-01  7.313E-02
  418.5000  1.477E+00  1.470E+00  1.450E+00  1.416E+00  1.369E+00  1.310E+00  1.238E+00  1.156E+00  1.063E+00  9.609E-01  8.509E-01  7.346E-01  6.139E-01  4.914E-01  3.706E-01  2.561E-01  1.547E-01  7.373E-02
  419.5000  1.525E+00  1.518E+00  1.497E+00  1.462E+00  1.414E+00  1.353E+00  1.279E+00  1.194E+00  1.098E+00  9.928E-01  8.793E-01  7.592E-01  6.346E-01  5.081E-01  3.832E-01  2.648E-01  1.599E-01  7.619E-02
------------------------------------------------------------
Dose rates, W m-2
   1 = UV-B, 280-315 nm                                  
   2 = UV-B*, 280-320 nm                                 
   3 = UV-A, 315-400 nm                                  
   4 = DNA damage, in vitro (Setlow, 1974)               
   5 = UV index (WMO, 1994; Webb et al., 2011)           
   6 = Plant damage (Caldwell, 1971)                     
   7 = Plant damage,Flint&Caldwell,2003,orig.            
   8 = Plant damage,Flint&Caldwell,2003,ext390           
values at z =      0.000 km
Columns: sza, weighting spectra
 sza, deg.          1          2          3          4          5          6          7          8
    0.0000  1.888E+00  3.560E+00  6.412E+01  5.581E-03  1.023E+01  3.038E-01  1.133E+00  1.586E+00
    5.0000  1.871E+00  3.532E+00  6.380E+01  5.506E-03  1.013E+01  3.001E-01  1.125E+00  1.576E+00
   10.0000  1.821E+00  3.450E+00  6.284E+01  5.285E-03  9.831E+00  2.893E-01  1.102E+00  1.547E+00
   15.0000  1.740E+00  3.316E+00  6.126E+01  4.934E-03  9.346E+00  2.718E-01  1.065E+00  1.498E+00
   20.0000  1.630E+00  3.133E+00  5.906E+01  4.474E-03  8.698E+00  2.486E-01  1.014E+00  1.432E+00
   25.0000  1.494E+00  2.907E+00  5.629E+01  3.935E-03  7.915E+00  2.209E-01  9.509E-01  1.350E+00
   30.0000  1.339E+00  2.643E+00  5.297E+01  3.349E-03  7.032E+00  1.902E-01  8.777E-01  1.255E+00
   35.0000  1.168E+00  2.351E+00  4.915E+01  2.749E-03  6.089E+00  1.580E-01  7.964E-01  1.147E+00
   40.0000  9.889E-01  2.038E+00  4.488E+01  2.170E-03  5.124E+00  1.259E-01  7.091E-01  1.030E+00
   45.0000  8.078E-01  1.715E+00  4.023E+01  1.638E-03  4.178E+00  9.555E-02  6.183E-01  9.073E-01
   50.0000  6.322E-01  1.393E+00  3.527E+01  1.175E-03  3.286E+00  6.838E-02  5.263E-01  7.809E-01
   55.0000  4.690E-01  1.083E+00  3.011E+01  7.958E-04  2.481E+00  4.550E-02  4.355E-01  6.539E-01
   60.0000  3.251E-01  7.973E-01  2.485E+01  5.036E-04  1.784E+00  2.760E-02  3.482E-01  5.295E-01
   65.0000  2.061E-01  5.465E-01  1.964E+01  2.950E-04  1.212E+00  1.485E-02  2.666E-01  4.108E-01
   70.0000  1.156E-01  3.399E-01  1.464E+01  1.584E-04  7.667E-01  6.842E-03  1.928E-01  3.011E-01
   75.0000  5.445E-02  1.837E-01  1.004E+01  7.742E-05  4.431E-01  2.623E-03  1.289E-01  2.037E-01
   80.0000  2.015E-02  7.961E-02  6.072E+00  3.428E-05  2.253E-01  8.920E-04  7.604E-02  1.217E-01
   85.0000  5.986E-03  2.423E-02  2.878E+00  1.311E-05  9.146E-02  3.371E-04  3.496E-02  5.706E-02
------------------------------------------------------------
