Spectral Irradiance, W m-2 nm-1
values at z =      0.000 km
Columns: wavelength (nm), solar zenith angles (deg.)
    wc, nm      0.000      5.000     10.000     15.000     20.000     25.000     30.000     35.000     40.000     45.000     50.000     55.000     60.000     65.000     70.000     75.000     80.000     85.000
  120.7000  0.000E+00  0.000E+00  0.000E+00  0.000E+00  0.000E+00  0.000E+00  0.000E+00  0.000E+00  0.000E+00  0.000E+00  0.000E+00  0.000E+00  0.000E+00  0.000E+00  0.000E+00  0.000E+00  0.000E+00  0.000E+00
  121.6500  0.000E+00  0.000E+00  0.000E+00  0.000E+00  0.000E+00  0.000E+00  0.000E+00  0.000E+00  0.000E+00  0.000E+00  0.000E+00  0.000E+00  0.000E+00  0.000E+00  0.000E+00  0.000E+00  0.000E+00  0.000E+00
  122.1000  0.000E+00  0.000E+00  0.000E+00  0.000E+00  0.000E+00  0.000E+00  0.000E+00  0.000E+00  0.000E+00  0.000E+00  0.000E+00  0.000E+00  0.000E+00  0.000E+00  0.000E+00  0.000E+00  0.000E+00  0.000E+00
  122.7000  0.000E+00  0.000E+00  0.000E+00  0.000E+00  0.000E+00  0.000E+00  0.000E+00  0.000E+00  0.000E+00  0.000E+00  0.000E+00  0.000E+00  0.000E+00  0.000E+00  0.000E+00  0.000E+00  0.000E+00  0.000E+00
  123.4500  0.000E+00  0.000E+00  0.000E+00  0.000E+00  0.000E+00  0.000E+00  0.000E+00  0.000E+00  0.000E+00  0.000E+00  0.000E+00  0.000E+00  0.000E+00  0.000E+00  0.000E+00  0.000E+00  0.000E+00  0.000E+00
  124.2000  0.000E+00  0.000E+00  0.000E+00  0.000E+00  0.000E+00  0.000E+00  0.000E+00  0.000E+00  0.000E+00  0.000E+00  0.000E+00  0.000E+00  0.000E+00  0.000E+00  0.000E+00  0.000E+00  0.000E+00  0.000E+00
  125.0000  0.000E+00  0.000E+00  0.000E+00  0.000E+00  0.000E+00  0.000E+00  0.000E+00  0.000E+00  0.000E+00  0.000E+00  0.000E+00  0.000E+00  0.000E+00  0.000E+00  0.000E+00  0.000E+00  0.000E+00  0.000E+00
  125.8000  0.000E+00  0.000E+00  0.000E+00  0.000E+00  0.000E+00  0.000E+00  0.000E+00  0.000E+00  0.000E+00  0.000E+00  0.000E+00  0.000E+00  0.000E+00  0.000E+00  0.000E+00  0.000E+00  0.000E+00  0.000E+00
  126.6000  0.000E+00  0.000E+00  0.000E+00  0.000E+00  0.000E+00  0.000E+00  0.000E+00  0.000E+00  0.000E+00  0.000E+00  0.000E+00  0.000E+00  0.000E+00  0.000E+00  0.000E+00  0.000E+00  0.000E+00  0.000E+00
  127.8000  0.000E+00  0.000E+00  0.000E+00  0.000E+00  0.000E+00  0.000E+00  0.000E+00  0.000E+00  0.000E+00  0.000E+00  0.000E+00  0.000E+00  0.000E+00  0.000E+00  0.000E+00  0.000E+00  0.000E+00  0.000E+00
  129.0000  0.000E+00  0.000E+00  0.000E+00  0.000E+00  0.000E+00  0.000E+00  0.000E+00  0.000E+00  0.000E+00  0.000E+00  0.000E+00  0.000E+00  0.000E+00  0.000E+00  0.000E+00  0.000E+00  0.000E+00  0.000E+00
  129.8500  0.000E+00  0.000E+00  0.000E+00  0.000E+00  0.000E+00  0.000E+00  0.000E+00  0.000E+00  0.000E+00  0.000E+00  0.000E+00  0.000E+00  0.000E+00  0.000E+00  0.000E+00  0.000E+00  0.000E+00  0.000E+00
  131.1500  0.000E+00  0.000E+00  0.000E+00  0.000E+00  0.000E+00  0.000E+00  0.000E+00  0.000E+00  0.000E+00  0.000E+00  0.000E+00  0.000E+00  0.000E+00  0.000E+00  0.000E+00  0.000E+00  0.000E+00  0.000E+00
  133.5000  0.000E+00  0.000E+00  0.000E+00  0.000E+00  0.000E+00  0.000E+00  0.000E+00  0.000E+00  0.000E+00  0.000E+00  0.000E+00  0.000E+00  0.000E+00  0.000E+00  0.000E+00  0.000E+00  0.000E+00  0.000E+00
  136.0000  0.000E+00  0.000E+00  0.000E+00  0.000E+00  0.000E+00  0.000E+00  0.000E+00  0.000E+00  0.000E+00  0.000E+00  0.000E+00  0.000E+00  0.000E+00  0.000E+00  0.000E+00  0.000E+00  0.000E+00  0.000E+00
  141.0000  0.000E+00  0.000E+00  0.000E+00  0.000E+00  0.000E+00  0.000E+00  0.000E+00  0.000E+00  0.000E+00  0.000E+00  0.000E+00  0.000E+00  0.000E+00  0.000E+00  0.000E+00  0.000E+00  0.000E+00  0.000E+00
  150.0000  0.000E+00  0.000E+00  0.000E+00  0.000E+00  0.000E+00  0.000E+00  0.000E+00  0.000E+00  0.000E+00  0.000E+00  0.000E+00  0.000E+00  0.000E+00  0.000E+00  0.000E+00  0.000E+00  0.000E+00  0.000E+00
  160.0000  0.000E+00  0.000E+00  0.000E+00  0.000E+00  0.000E+00  0.000E+00  0.000E+00  0.000E+00  0.000E+00  0.000E+00  0.000E+00  0.000E+00  0.000E+00  0.000E+00  0.000E+00  0.000E+00  0.000E+00  0.000E+00
  167.5000  0.000E+00  0.000E+00  0.000E+00  0.000E+00  0.000E+00  0.000E+00  0.000E+00  0.000E+00  0.000E+00  0.000E+00  0.000E+00  0.000E+00  0.000E+00  0.000E+00  0.000E+00  0.000E+00  0.000E+00  0.000E+00
  172.7000  0.000E+00  0.000E+00  0.000E+00  0.000E+00  0.000E+00  0.000E+00  0.000E+00  0.000E+00  0.000E+00  0.000E+00  0.000E+00  0.000E+00  0.000E+00  0.000E+00  0.000E+00  0.000E+00  0.000E+00  0.000E+00
  176.2000  0.000E+00  0.000E+00  0.000E+00  0.000E+00  0.000E+00  0.000E+00  0.000E+00  0.000E+00  0.000E+00  0.000E+00  0.000E+00  0.000E+00  0.000E+00  0.000E+00  0.000E+00  0.000E+00  0.000E+00  0.000E+00
  177.8000  0.000E+00  0.000E+00  0.000E+00  0.000E+00  0.000E+00  0.000E+00  0.000E+00  0.000E+00  0.000E+00  0.000E+00  0.000E+00  0.000E+00  0.000E+00  0.000E+00  0.000E+00  0.000E+00  0.000E+00  0.000E+00
  179.4000  0.000E+00  0.000E+00  0.000E+00  0.000E+00  0.000E+00  0.000E+00  0.000E+00  0.000E+00  0.000E+00  0.000E+00  0.000E+00  0.000E+00  0.000E+00  0.000E+00  0.000E+00  0.000E+00  0.000E+00  0.000E+00
  181.0000  0.000E+00  0.000E+00  0.000E+00  0.000E+00  0.000E+00  0.000E+00  0.000E+00  0.000E+00  0.000E+00  0.000E+00  0.000E+00  0.000E+00  0.000E+00  0.000E+00  0.000E+00  0.000E+00  0.000E+00  0.000E+00
  182.6500  0.000E+00  0.000E+00  0.000E+00  0.000E+00  0.000E+00  0.000E+00  0.000E+00  0.000E+00  0.000E+00  0.000E+00  0.000E+00  0.000E+00  0.000E+00  0.000E+00  0.000E+00  0.000E+00  0.000E+00  0.000E+00
  184.3500  0.000E+00  0.000E+00  0.000E+00  0.000E+00  0.000E+00  0.000E+00  0.000E+00  0.000E+00  0.000E+00  0.000E+00  0.000E+00  0.000E+00  0.000E+00  0.000E+00  0.000E+00  0.000E+00  0.000E+00  0.000E+00
  186.0500  0.000E+00  0.000E+00  0.000E+00  0.000E+00  0.000E+00  0.000E+00  0.000E+00  0.000E+00  0.000E+00  0.000E+00  0.000E+00  0.000E+00  0.000E+00  0.000E+00  0.000E+00  0.000E+00  0.000E+00  0.000E+00
  187.8000  0.000E+00  0.000E+00  0.000E+00  0.000E+00  0.000E+00  0.000E+00  0.000E+00  0.000E+00  0.000E+00  0.000E+00  0.000E+00  0.000E+00  0.000E+00  0.000E+00  0.000E+00  0.000E+00  0.000E+00  0.000E+00
  189.6000  0.000E+00  0.000E+00  0.000E+00  0.000E+00  0.000E+00  0.000E+00  0.000E+00  0.000E+00  0.000E+00  0.000E+00  0.000E+00  0.000E+00  0.000E+00  0.000E+00  0.000E+00  0.000E+00  0.000E+00  0.000E+00
  191.4000  0.000E+00  0.000E+00  0.000E+00  0.000E+00  0.000E+00  0.000E+00  0.000E+00  0.000E+00  0.000E+00  0.000E+00  0.000E+00  0.000E+00  0.000E+00  0.000E+00  0.000E+00  0.000E+00  0.000E+00  0.000E+00
  193.2500  0.000E+00  0.000E+00  0.000E+00  0.000E+00  0.000E+00  0.000E+00  0.000E+00  0.000E+00  0.000E+00  0.000E+00  0.000E+00  0.000E+00  0.000E+00  0.000E+00  0.000E+00  0.000E+00  0.000E+00  0.000E+00
  195.1500  0.000E+00  0.000E+00  0.000E+00  0.000E+00  0.000E+00  0.000E+00  0.000E+00  0.000E+00  0.000E+00  0.000E+00  0.000E+00  0.000E+00  0.000E+00  0.000E+00  0.000E+00  0.000E+00  0.000E+00  0.000E+00
  197.0500  0.000E+00  0.000E+00  0.000E+00  0.000E+00  0.000E+00  0.000E+00  0.000E+00  0.000E+00  0.000E+00  0.000E+00  0.000E+00  0.000E+00  0.000E+00  0.000E+00  0.000E+00  0.000E+00  0.000E+00  0.000E+00
  199.0000  0.000E+00  0.000E+00  0.000E+00  0.000E+00  0.000E+00  0.000E+00  0.000E+00  0.000E+00  0.000E+00  0.000E+00  0.000E+00  0.000E+00  0.000E+00  0.000E+00  0.000E+00  0.000E+00  0.000E+00  0.000E+00
  201.0000  0.000E+00  0.000E+00  0.000E+00  0.000E+00  0.000E+00  0.000E+00  0.000E+00  0.000E+00  0.000E+00  0.000E+00  0.000E+00  0.000E+00  0.000E+00  0.000E+00  0.000E+00  0.000E+00  0.000E+00  0.000E+00
  203.0500  0.000E+00  0.000E+00  0.000E+00  0.000E+00  0.000E+00  0.000E+00  0.000E+00  0.000E+00  0.000E+00  0.000E+00  0.000E+00  0.000E+00  0.000E+00  0.000E+00  0.000E+00  0.000E+00  0.000E+00  0.000E+00
  205.1500  0.000E+00  0.000E+00  0.000E+00  0.000E+00  0.000E+00  0.000E+00  0.000E+00  0.000E+00  0.000E+00  0.000E+00  0.000E+00  0.000E+00  0.000E+00  0.000E+00  0.000E+00  0.000E+00  0.000E+00  0.000E+00
  207.2665  1.604E-20  1.366E-20  8.402E-21  3.660E-21  1.094E-21  2.138E-22  2.544E-23  1.673E-24  5.355E-26  7.360E-28  6.033E-30  3.311E-31  8.572E-32  3.460E-32  1.809E-32  1.073E-32  6.412E-33  3.367E-33
  209.4295  9.682E-20  8.290E-20  5.175E-20  2.314E-20  7.183E-21  1.477E-21  1.879E-22  1.347E-23  4.816E-25  7.627E-27  7.299E-29  3.804E-30  8.830E-31  3.386E-31  1.770E-31  1.065E-31  6.463E-32  3.453E-32
  211.6460  6.142E-19  5.287E-19  3.355E-19  1.542E-19  4.987E-20  1.084E-20  1.483E-21  1.168E-22  4.713E-24  8.742E-26  1.005E-27  4.967E-29  9.952E-30  3.611E-30  1.913E-30  1.174E-30  7.252E-31  3.950E-31
  213.9100  1.211E-18  1.045E-18  6.674E-19  3.103E-19  1.020E-19  2.267E-20  3.194E-21  2.613E-22  1.108E-23  2.188E-25  2.642E-27  1.103E-28  1.810E-29  6.304E-30  3.443E-30  2.163E-30  1.359E-30  7.539E-31
  216.2225  1.569E-18  1.356E-18  8.696E-19  4.073E-19  1.353E-19  3.051E-20  4.381E-21  3.676E-22  1.611E-23  3.327E-25  4.127E-27  1.389E-28  1.782E-29  6.144E-30  3.494E-30  2.243E-30  1.432E-30  8.087E-31
  218.5855  2.537E-18  2.194E-18  1.412E-18  6.654E-19  2.230E-19  5.090E-20  7.431E-21  6.373E-22  2.879E-23  6.216E-25  7.939E-27  2.064E-28  1.987E-29  7.082E-30  4.194E-30  2.743E-30  1.777E-30  1.020E-30
  221.0010  1.305E-18  1.126E-18  7.192E-19  3.344E-19  1.100E-19  2.446E-20  3.455E-21  2.842E-22  1.220E-23  2.469E-25  2.791E-27  4.859E-29  3.418E-30  1.312E-30  8.024E-31  5.325E-31  3.491E-31  2.031E-31
  223.4705  4.267E-19  3.662E-19  2.304E-19  1.044E-19  3.305E-20  6.986E-21  9.235E-22  6.983E-23  2.695E-24  4.766E-26  4.299E-28  4.508E-30  2.319E-31  9.775E-32  6.114E-32  4.104E-32  2.717E-32  1.598E-32
  225.9960  5.868E-20  5.005E-20  3.088E-20  1.353E-20  4.084E-21  8.092E-22  9.836E-23  6.686E-24  2.257E-25  3.368E-27  2.335E-29  1.329E-31  5.116E-33  2.351E-33  1.496E-33  1.014E-33  6.773E-34  4.021E-34
  228.5790  3.402E-21  2.871E-21  1.714E-21  7.109E-22  1.979E-22  3.516E-23  3.708E-24  2.103E-25  5.639E-27  6.242E-29  2.781E-31  7.191E-34  2.128E-35  1.046E-35  6.748E-36  4.614E-36  3.103E-36  1.855E-36
  231.2215  7.566E-23  6.292E-23  3.596E-23  1.383E-23  3.454E-24  5.295E-25  4.606E-26  2.041E-27  3.991E-29  2.925E-31  7.231E-34  7.329E-37  1.730E-38  8.882E-39  5.786E-39  3.983E-39  2.694E-39  1.619E-39
  233.9260  5.807E-25  4.747E-25  2.573E-25  9.039E-26  1.978E-26  2.537E-27  1.748E-28  5.737E-30  7.638E-32  3.382E-34  4.139E-37  1.454E-40  2.819E-42  1.488E-42  9.767E-43  6.754E-43  4.596E-43  2.775E-43
  236.6945  4.066E-27  3.260E-27  1.666E-27  5.293E-28  1.001E-28  1.053E-29  5.597E-31  1.316E-32  1.140E-34  2.880E-37  1.624E-40  1.822E-44  0.000E+00  0.000E+00  0.000E+00  0.000E+00  0.000E+00  0.000E+00
  239.5295  4.747E-29  3.746E-29  1.825E-29  5.343E-30  8.970E-31  8.035E-32  3.463E-33  6.211E-35  3.795E-37  6.020E-40  1.738E-43  0.000E+00  0.000E+00  0.000E+00  0.000E+00  0.000E+00  0.000E+00  0.000E+00
  242.4330  2.122E-30  1.653E-30  7.739E-31  2.117E-31  3.219E-32  2.521E-33  9.101E-35  1.296E-36  5.849E-39  6.135E-42  1.401E-45  0.000E+00  0.000E+00  0.000E+00  0.000E+00  0.000E+00  0.000E+00  0.000E+00
  245.4080  4.071E-33  3.096E-33  1.349E-33  3.264E-34  4.151E-35  2.549E-36  6.696E-38  6.329E-40  1.687E-42  1.401E-45  0.000E+00  0.000E+00  0.000E+00  0.000E+00  0.000E+00  0.000E+00  0.000E+00  0.000E+00
  248.4570  1.955E-35  1.457E-35  5.970E-36  1.300E-36  1.418E-37  7.066E-39  1.412E-40  9.375E-43  1.401E-45  0.000E+00  0.000E+00  0.000E+00  0.000E+00  0.000E+00  0.000E+00  0.000E+00  0.000E+00  0.000E+00
  251.5825  9.116E-37  6.717E-37  2.657E-37  5.448E-38  5.443E-39  2.410E-40  4.121E-42  2.242E-44  0.000E+00  0.000E+00  0.000E+00  0.000E+00  0.000E+00  0.000E+00  0.000E+00  0.000E+00  0.000E+00  0.000E+00
  254.7875  3.191E-37  2.339E-37  9.103E-38  1.816E-38  1.742E-39  7.299E-41  1.160E-42  5.605E-45  0.000E+00  0.000E+00  0.000E+00  0.000E+00  0.000E+00  0.000E+00  0.000E+00  0.000E+00  0.000E+00  0.000E+00
  258.0750  4.764E-36  3.519E-36  1.403E-36  2.915E-37  2.968E-38  1.347E-39  2.379E-41  1.345E-43  0.000E+00  0.000E+00  0.000E+00  0.000E+00  0.000E+00  0.000E+00  0.000E+00  0.000E+00  0.000E+00  0.000E+00
  261.4490  2.223E-34  1.668E-34  6.973E-35  1.571E-35  1.799E-36  9.580E-38  2.083E-39  1.538E-41  2.943E-44  0.000E+00  0.000E+00  0.000E+00  0.000E+00  0.000E+00  0.000E+00  0.000E+00  0.000E+00  0.000E+00
  264.9125  4.572E-31  3.518E-31  1.588E-31  4.077E-32  5.649E-33  3.893E-34  1.186E-35  1.350E-37  4.527E-40  3.181E-43  0.000E+00  0.000E+00  0.000E+00  0.000E+00  0.000E+00  0.000E+00  0.000E+00  0.000E+00
  268.4685  3.946E-27  3.142E-27  1.573E-27  4.821E-28  8.644E-29  8.446E-30  4.061E-31  8.307E-33  5.882E-35  1.074E-37  3.326E-41  1.401E-45  0.000E+00  0.000E+00  0.000E+00  0.000E+00  0.000E+00  0.000E+00
  272.1215  8.021E-23  6.356E-23  3.726E-23  1.391E-23  3.321E-24  4.785E-25  3.822E-26  1.500E-27  2.440E-29  1.289E-31  1.563E-34  2.837E-38  2.337E-40  1.240E-40  8.170E-41  5.678E-41  3.881E-41  2.364E-41
  275.8755  3.010E-18  2.592E-18  1.645E-18  7.572E-19  2.452E-19  5.336E-20  7.306E-21  5.729E-22  2.253E-23  3.677E-25  1.898E-27  2.223E-30  2.109E-32  1.073E-32  6.992E-33  4.828E-33  3.286E-33  1.997E-33
  279.7340  3.928E-14  3.511E-14  2.497E-14  1.395E-14  5.993E-15  1.912E-15  4.317E-16  6.430E-17  5.731E-18  2.656E-19  5.243E-21  3.448E-23  4.325E-25  1.925E-25  1.234E-25  8.437E-26  5.703E-26  3.454E-26
  283.7020  4.463E-10  4.122E-10  3.238E-10  2.144E-10  1.179E-10  5.257E-11  1.837E-11  4.793E-12  8.725E-13  1.006E-13  6.392E-15  1.889E-16  4.417E-18  1.311E-18  8.147E-19  5.488E-19  3.670E-19  2.206E-19
  287.7845  6.046E-07  5.731E-07  4.870E-07  3.690E-07  2.467E-07  1.433E-07  6.992E-08  2.876E-08  9.205E-09  2.178E-09  3.485E-10  3.363E-11  2.056E-12  3.337E-13  1.865E-13  1.225E-13  8.061E-14  4.782E-14
  291.9865  1.526E-04  1.474E-04  1.327E-04  1.110E-04  8.564E-05  6.040E-05  3.840E-05  2.159E-05  1.044E-05  4.178E-06  1.310E-06  2.995E-07  4.702E-08  6.762E-09  2.398E-09  1.469E-09  9.394E-10  5.452E-10
  296.3090  3.958E-03  3.872E-03  3.621E-03  3.231E-03  2.741E-03  2.197E-03  1.650E-03  1.149E-03  7.289E-04  4.122E-04  2.011E-04  8.089E-05  2.533E-05  6.000E-06  1.398E-06  5.964E-07  3.551E-07  1.987E-07
  300.5000  2.401E-02  2.366E-02  2.262E-02  2.096E-02  1.878E-02  1.620E-02  1.341E-02  1.055E-02  7.831E-03  5.400E-03  3.394E-03  1.890E-03  8.951E-04  3.418E-04  1.018E-04  2.867E-05  1.246E-05  6.483E-06
  303.0000  7.041E-02  6.957E-02  6.711E-02  6.312E-02  5.779E-02  5.137E-02  4.416E-02  3.651E-02  2.883E-02  2.151E-02  1.495E-02  9.473E-03  5.306E-03  2.509E-03  9.437E-04  2.795E-04  9.010E-05  4.119E-05
  304.0000  7.850E-02  7.763E-02  7.503E-02  7.083E-02  6.519E-02  5.836E-02  5.063E-02  4.236E-02  3.394E-02  2.581E-02  1.837E-02  1.201E-02  7.000E-03  3.487E-03  1.398E-03  4.337E-04  1.314E-04  5.641E-05
  305.0000  1.097E-01  1.086E-01  1.052E-01  9.978E-02  9.244E-02  8.348E-02  7.326E-02  6.220E-02  5.078E-02  3.953E-02  2.900E-02  1.970E-02  1.208E-02  6.434E-03  2.806E-03  9.410E-04  2.705E-04  1.039E-04
  306.0000  1.047E-01  1.037E-01  1.007E-01  9.572E-02  8.905E-02  8.088E-02  7.150E-02  6.128E-02  5.064E-02  4.002E-02  2.993E-02  2.085E-02  1.320E-02  7.339E-03  3.384E-03  1.204E-03  3.425E-04  1.202E-04
  307.0000  1.367E-01  1.354E-01  1.317E-01  1.256E-01  1.174E-01  1.073E-01  9.557E-02  8.272E-02  6.921E-02  5.558E-02  4.242E-02  3.032E-02  1.987E-02  1.156E-02  5.660E-03  2.159E-03  6.228E-04  1.958E-04
  308.0000  1.623E-01  1.609E-01  1.567E-01  1.499E-01  1.407E-01  1.292E-01  1.159E-01  1.013E-01  8.571E-02  6.984E-02  5.429E-02  3.975E-02  2.688E-02  1.630E-02  8.441E-03  3.455E-03  1.036E-03  2.939E-04
  309.0000  1.697E-01  1.683E-01  1.641E-01  1.572E-01  1.478E-01  1.362E-01  1.227E-01  1.077E-01  9.178E-02  7.539E-02  5.922E-02  4.393E-02  3.023E-02  1.876E-02  1.003E-02  4.275E-03  1.323E-03  3.551E-04
  310.0000  1.689E-01  1.676E-01  1.636E-01  1.572E-01  1.484E-01  1.375E-01  1.248E-01  1.106E-01  9.530E-02  7.945E-02  6.359E-02  4.834E-02  3.434E-02  2.225E-02  1.261E-02  5.827E-03  1.953E-03  4.857E-04
  311.0000  2.857E-01  2.835E-01  2.771E-01  2.665E-01  2.521E-01  2.341E-01  2.131E-01  1.895E-01  1.641E-01  1.377E-01  1.111E-01  8.527E-02  6.138E-02  4.046E-02  2.350E-02  1.123E-02  3.910E-03  9.554E-04
  312.0000  2.567E-01  2.548E-01  2.493E-01  2.402E-01  2.277E-01  2.122E-01  1.939E-01  1.734E-01  1.512E-01  1.279E-01  1.043E-01  8.123E-02  5.956E-02  4.025E-02  2.420E-02  1.214E-02  4.499E-03  1.094E-03
  313.0000  2.888E-01  2.868E-01  2.808E-01  2.710E-01  2.575E-01  2.407E-01  2.209E-01  1.986E-01  1.743E-01  1.487E-01  1.225E-01  9.675E-02  7.223E-02  5.002E-02  3.111E-02  1.639E-02  6.495E-03  1.619E-03
  314.0000  3.164E-01  3.142E-01  3.078E-01  2.972E-01  2.827E-01  2.646E-01  2.432E-01  2.191E-01  1.928E-01  1.650E-01  1.366E-01  1.084E-01  8.149E-02  5.696E-02  3.588E-02  1.926E-02  7.837E-03  1.984E-03
  316.0000  3.271E-01  3.250E-01  3.188E-01  3.085E-01  2.945E-01  2.768E-01  2.560E-01  2.323E-01  2.064E-01  1.788E-01  1.502E-01  1.216E-01  9.379E-02  6.786E-02  4.489E-02  2.588E-02  1.173E-02  3.308E-03
  320.0000  4.238E-01  4.213E-01  4.139E-01  4.016E-01  3.847E-01  3.635E-01  3.382E-01  3.094E-01  2.777E-01  2.436E-01  2.081E-01  1.720E-01  1.363E-01  1.023E-01  7.122E-02  4.432E-02  2.271E-02  7.680E-03
  325.0000  5.465E-01  5.435E-01  5.345E-01  5.197E-01  4.992E-01  4.735E-01  4.428E-01  4.077E-01  3.688E-01  3.268E-01  2.827E-01  2.374E-01  1.921E-01  1.483E-01  1.073E-01  7.084E-02  4.005E-02  1.621E-02
  330.0000  6.824E-01  6.788E-01  6.679E-01  6.501E-01  6.254E-01  5.942E-01  5.571E-01  5.145E-01  4.672E-01  4.160E-01  3.620E-01  3.062E-01  2.502E-01  1.955E-01  1.439E-01  9.743E-02  5.752E-02  2.542E-02
  335.0000  6.522E-01  6.489E-01  6.388E-01  6.221E-01  5.990E-01  5.699E-01  5.352E-01  4.953E-01  4.509E-01  4.027E-01  3.517E-01  2.990E-01  2.457E-01  1.934E-01  1.439E-01  9.885E-02  5.988E-02  2.796E-02
  340.0000  7.106E-01  7.069E-01  6.961E-01  6.782E-01  6.534E-01  6.221E-01  5.847E-01  5.418E-01  4.939E-01  4.419E-01  3.867E-01  3.295E-01  2.715E-01  2.145E-01  1.602E-01  1.107E-01  6.771E-02  3.233E-02
  345.0000  7.018E-01  6.982E-01  6.876E-01  6.701E-01  6.459E-01  6.153E-01  5.787E-01  5.366E-01  4.897E-01  4.386E-01  3.844E-01  3.280E-01  2.708E-01  2.143E-01  1.604E-01  1.111E-01  6.823E-02  3.293E-02
  350.0000  7.346E-01  7.310E-01  7.199E-01  7.017E-01  6.766E-01  6.448E-01  6.067E-01  5.629E-01  5.140E-01  4.607E-01  4.041E-01  3.451E-01  2.851E-01  2.257E-01  1.689E-01  1.169E-01  7.176E-02  3.463E-02
  355.0000  7.776E-01  7.737E-01  7.622E-01  7.431E-01  7.166E-01  6.832E-01  6.432E-01  5.971E-01  5.456E-01  4.895E-01  4.297E-01  3.673E-01  3.038E-01  2.408E-01  1.803E-01  1.249E-01  7.665E-02  3.709E-02
  360.0000  7.116E-01  7.081E-01  6.976E-01  6.802E-01  6.562E-01  6.258E-01  5.894E-01  5.475E-01  5.006E-01  4.494E-01  3.948E-01  3.378E-01  2.797E-01  2.218E-01  1.662E-01  1.151E-01  7.058E-02  3.419E-02
  365.0000  9.055E-01  9.011E-01  8.878E-01  8.659E-01  8.355E-01  7.971E-01  7.510E-01  6.979E-01  6.385E-01  5.737E-01  5.044E-01  4.320E-01  3.579E-01  2.841E-01  2.130E-01  1.474E-01  9.032E-02  4.375E-02
  370.0000  9.421E-01  9.375E-01  9.238E-01  9.011E-01  8.697E-01  8.300E-01  7.823E-01  7.274E-01  6.659E-01  5.986E-01  5.267E-01  4.515E-01  3.744E-01  2.974E-01  2.230E-01  1.543E-01  9.443E-02  4.572E-02
  375.0000  8.516E-01  8.475E-01  8.351E-01  8.148E-01  7.866E-01  7.508E-01  7.080E-01  6.586E-01  6.032E-01  5.427E-01  4.778E-01  4.099E-01  3.402E-01  2.704E-01  2.029E-01  1.403E-01  8.575E-02  4.148E-02
  380.0000  9.795E-01  9.748E-01  9.607E-01  9.374E-01  9.052E-01  8.643E-01  8.153E-01  7.587E-01  6.953E-01  6.259E-01  5.515E-01  4.735E-01  3.933E-01  3.129E-01  2.348E-01  1.623E-01  9.908E-02  4.788E-02
  385.0000  7.388E-01  7.353E-01  7.247E-01  7.073E-01  6.831E-01  6.524E-01  6.156E-01  5.732E-01  5.255E-01  4.734E-01  4.174E-01  3.586E-01  2.981E-01  2.374E-01  1.782E-01  1.232E-01  7.507E-02  3.624E-02
  390.0000  9.652E-01  9.606E-01  9.469E-01  9.242E-01  8.928E-01  8.530E-01  8.051E-01  7.499E-01  6.879E-01  6.200E-01  5.471E-01  4.704E-01  3.913E-01  3.118E-01  2.343E-01  1.619E-01  9.853E-02  4.749E-02
  395.0000  7.491E-01  7.456E-01  7.350E-01  7.175E-01  6.932E-01  6.624E-01  6.255E-01  5.828E-01  5.349E-01  4.824E-01  4.259E-01  3.665E-01  3.051E-01  2.434E-01  1.829E-01  1.264E-01  7.681E-02  3.697E-02
  400.0000  1.391E+00  1.385E+00  1.365E+00  1.333E+00  1.288E+00  1.231E+00  1.163E+00  1.084E+00  9.952E-01  8.980E-01  7.934E-01  6.832E-01  5.693E-01  4.544E-01  3.418E-01  2.361E-01  1.433E-01  6.886E-02
  405.0000  1.419E+00  1.412E+00  1.392E+00  1.360E+00  1.314E+00  1.256E+00  1.187E+00  1.107E+00  1.017E+00  9.179E-01  8.116E-01  6.993E-01  5.832E-01  4.659E-01  3.507E-01  2.423E-01  1.468E-01  7.042E-02
  410.0000  1.464E+00  1.457E+00  1.436E+00  1.403E+00  1.356E+00  1.297E+00  1.226E+00  1.143E+00  1.051E+00  9.489E-01  8.395E-01  7.239E-01  6.042E-01  4.830E-01  3.638E-01  2.513E-01  1.521E-01  7.281E-02
  415.0000  1.525E+00  1.518E+00  1.497E+00  1.462E+00  1.414E+00  1.352E+00  1.278E+00  1.193E+00  1.097E+00  9.910E-01  8.773E-01  7.570E-01  6.323E-01  5.059E-01  3.813E-01  2.635E-01  1.593E-01  7.608E-02
  420.0000  1.540E+00  1.533E+00  1.511E+00  1.476E+00  1.428E+00  1.366E+00  1.292E+00  1.206E+00  1.109E+00  1.003E+00  8.879E-01  7.667E-01  6.409E-01  5.132E-01  3.871E-01  2.675E-01  1.615E-01  7.697E-02
  425.0000  1.470E+00  1.463E+00  1.443E+00  1.410E+00  1.363E+00  1.305E+00  1.234E+00  1.152E+00  1.060E+00  9.590E-01  8.498E-01  7.343E-01  6.143E-01  4.922E-01  3.715E-01  2.568E-01  1.549E-01  7.358E-02
  430.0000  1.356E+00  1.350E+00  1.332E+00  1.301E+00  1.258E+00  1.204E+00  1.139E+00  1.064E+00  9.796E-01  8.865E-01  7.860E-01  6.796E-01  5.689E-01  4.563E-01  3.446E-01  2.383E-01  1.436E-01  6.805E-02
  435.0000  1.575E+00  1.567E+00  1.546E+00  1.511E+00  1.461E+00  1.399E+00  1.324E+00  1.237E+00  1.139E+00  1.031E+00  9.146E-01  7.913E-01  6.629E-01  5.320E-01  4.021E-01  2.781E-01  1.674E-01  7.913E-02
  440.0000  1.620E+00  1.612E+00  1.590E+00  1.554E+00  1.504E+00  1.440E+00  1.363E+00  1.273E+00  1.173E+00  1.062E+00  9.429E-01  8.161E-01  6.842E-01  5.495E-01  4.156E-01  2.875E-01  1.728E-01  8.140E-02
  445.0000  1.740E+00  1.732E+00  1.708E+00  1.669E+00  1.615E+00  1.547E+00  1.464E+00  1.369E+00  1.261E+00  1.143E+00  1.015E+00  8.789E-01  7.373E-01  5.926E-01  4.485E-01  3.103E-01  1.863E-01  8.751E-02
  450.0000  1.850E+00  1.842E+00  1.817E+00  1.776E+00  1.719E+00  1.646E+00  1.559E+00  1.457E+00  1.343E+00  1.217E+00  1.082E+00  9.373E-01  7.867E-01  6.328E-01  4.792E-01  3.318E-01  1.991E-01  9.320E-02
  455.0000  1.811E+00  1.803E+00  1.778E+00  1.738E+00  1.682E+00  1.611E+00  1.526E+00  1.427E+00  1.316E+00  1.193E+00  1.060E+00  9.195E-01  7.723E-01  6.216E-01  4.711E-01  3.262E-01  1.956E-01  9.127E-02
  460.0000  1.863E+00  1.854E+00  1.829E+00  1.788E+00  1.731E+00  1.658E+00  1.571E+00  1.469E+00  1.355E+00  1.229E+00  1.092E+00  9.476E-01  7.962E-01  6.411E-01  4.860E-01  3.365E-01  2.013E-01  9.341E-02
  465.0000  1.842E+00  1.833E+00  1.809E+00  1.768E+00  1.712E+00  1.640E+00  1.554E+00  1.454E+00  1.341E+00  1.217E+00  1.082E+00  9.392E-01  7.897E-01  6.363E-01  4.828E-01  3.344E-01  2.000E-01  9.254E-02
  470.0000  1.831E+00  1.823E+00  1.799E+00  1.759E+00  1.703E+00  1.632E+00  1.546E+00  1.447E+00  1.335E+00  1.212E+00  1.078E+00  9.360E-01  7.875E-01  6.349E-01  4.820E-01  3.341E-01  1.996E-01  9.206E-02
  475.0000  1.852E+00  1.844E+00  1.820E+00  1.779E+00  1.723E+00  1.651E+00  1.565E+00  1.465E+00  1.352E+00  1.227E+00  1.092E+00  9.487E-01  7.985E-01  6.442E-01  4.893E-01  3.392E-01  2.025E-01  9.300E-02
  480.0000  1.904E+00  1.895E+00  1.870E+00  1.828E+00  1.771E+00  1.697E+00  1.608E+00  1.506E+00  1.390E+00  1.262E+00  1.123E+00  9.758E-01  8.214E-01  6.627E-01  5.033E-01  3.486E-01  2.075E-01  9.449E-02
  485.0000  1.729E+00  1.721E+00  1.698E+00  1.661E+00  1.608E+00  1.542E+00  1.461E+00  1.368E+00  1.263E+00  1.147E+00  1.022E+00  8.878E-01  7.477E-01  6.036E-01  4.587E-01  3.178E-01  1.890E-01  8.571E-02
  490.0000  1.801E+00  1.793E+00  1.769E+00  1.730E+00  1.675E+00  1.606E+00  1.523E+00  1.426E+00  1.317E+00  1.196E+00  1.066E+00  9.266E-01  7.808E-01  6.308E-01  4.797E-01  3.326E-01  1.978E-01  8.948E-02
  495.0000  1.834E+00  1.826E+00  1.802E+00  1.762E+00  1.706E+00  1.636E+00  1.551E+00  1.453E+00  1.342E+00  1.219E+00  1.087E+00  9.451E-01  7.967E-01  6.439E-01  4.899E-01  3.397E-01  2.018E-01  9.090E-02
  500.0000  1.747E+00  1.740E+00  1.717E+00  1.679E+00  1.626E+00  1.559E+00  1.478E+00  1.385E+00  1.279E+00  1.162E+00  1.036E+00  9.009E-01  7.595E-01  6.137E-01  4.668E-01  3.234E-01  1.916E-01  8.551E-02
  505.0000  1.773E+00  1.765E+00  1.742E+00  1.703E+00  1.650E+00  1.582E+00  1.500E+00  1.405E+00  1.298E+00  1.179E+00  1.051E+00  9.139E-01  7.703E-01  6.223E-01  4.730E-01  3.272E-01  1.930E-01  8.521E-02
  510.0000  1.758E+00  1.750E+00  1.727E+00  1.689E+00  1.636E+00  1.569E+00  1.488E+00  1.394E+00  1.288E+00  1.171E+00  1.044E+00  9.080E-01  7.658E-01  6.190E-01  4.709E-01  3.260E-01  1.924E-01  8.476E-02
  515.0000  1.629E+00  1.622E+00  1.601E+00  1.565E+00  1.517E+00  1.454E+00  1.379E+00  1.292E+00  1.194E+00  1.086E+00  9.682E-01  8.427E-01  7.110E-01  5.750E-01  4.376E-01  3.030E-01  1.788E-01  7.844E-02
  520.0000  1.674E+00  1.666E+00  1.645E+00  1.608E+00  1.558E+00  1.494E+00  1.418E+00  1.328E+00  1.227E+00  1.116E+00  9.954E-01  8.665E-01  7.312E-01  5.914E-01  4.502E-01  3.116E-01  1.835E-01  8.005E-02
  525.0000  1.677E+00  1.670E+00  1.648E+00  1.612E+00  1.561E+00  1.497E+00  1.420E+00  1.331E+00  1.230E+00  1.118E+00  9.973E-01  8.681E-01  7.324E-01  5.923E-01  4.505E-01  3.115E-01  1.829E-01  7.896E-02
  530.0000  1.763E+00  1.756E+00  1.733E+00  1.695E+00  1.642E+00  1.574E+00  1.493E+00  1.399E+00  1.293E+00  1.175E+00  1.048E+00  9.120E-01  7.692E-01  6.216E-01  4.724E-01  3.260E-01  1.905E-01  8.121E-02
  535.0000  1.708E+00  1.700E+00  1.678E+00  1.641E+00  1.590E+00  1.525E+00  1.446E+00  1.355E+00  1.252E+00  1.139E+00  1.015E+00  8.836E-01  7.452E-01  6.023E-01  4.577E-01  3.157E-01  1.841E-01  7.797E-02
  540.0000  1.708E+00  1.701E+00  1.679E+00  1.642E+00  1.591E+00  1.526E+00  1.447E+00  1.356E+00  1.254E+00  1.140E+00  1.017E+00  8.851E-01  7.468E-01  6.038E-01  4.590E-01  3.167E-01  1.846E-01  7.792E-02
  545.0000  1.732E+00  1.724E+00  1.702E+00  1.665E+00  1.613E+00  1.547E+00  1.467E+00  1.375E+00  1.271E+00  1.156E+00  1.031E+00  8.974E-01  7.572E-01  6.122E-01  4.652E-01  3.208E-01  1.866E-01  7.818E-02
  550.0000  1.736E+00  1.728E+00  1.706E+00  1.668E+00  1.616E+00  1.550E+00  1.471E+00  1.378E+00  1.274E+00  1.159E+00  1.034E+00  8.999E-01  7.594E-01  6.140E-01  4.666E-01  3.216E-01  1.868E-01  7.781E-02
  555.0000  1.722E+00  1.714E+00  1.692E+00  1.655E+00  1.603E+00  1.538E+00  1.459E+00  1.367E+00  1.264E+00  1.150E+00  1.026E+00  8.932E-01  7.538E-01  6.096E-01  4.633E-01  3.192E-01  1.852E-01  7.661E-02
  560.0000  1.676E+00  1.668E+00  1.646E+00  1.610E+00  1.560E+00  1.497E+00  1.420E+00  1.331E+00  1.230E+00  1.119E+00  9.978E-01  8.687E-01  7.329E-01  5.924E-01  4.499E-01  3.095E-01  1.789E-01  7.325E-02
  565.0000  1.675E+00  1.668E+00  1.646E+00  1.610E+00  1.560E+00  1.496E+00  1.419E+00  1.330E+00  1.229E+00  1.118E+00  9.970E-01  8.678E-01  7.319E-01  5.913E-01  4.486E-01  3.081E-01  1.774E-01  7.185E-02
  570.0000  1.664E+00  1.657E+00  1.635E+00  1.599E+00  1.549E+00  1.486E+00  1.410E+00  1.321E+00  1.221E+00  1.110E+00  9.901E-01  8.617E-01  7.267E-01  5.869E-01  4.451E-01  3.055E-01  1.754E-01  7.051E-02
  575.0000  1.691E+00  1.684E+00  1.662E+00  1.625E+00  1.575E+00  1.510E+00  1.433E+00  1.343E+00  1.241E+00  1.129E+00  1.007E+00  8.763E-01  7.390E-01  5.970E-01  4.528E-01  3.107E-01  1.782E-01  7.132E-02
  580.0000  1.664E+00  1.657E+00  1.636E+00  1.600E+00  1.550E+00  1.487E+00  1.411E+00  1.323E+00  1.223E+00  1.112E+00  9.924E-01  8.642E-01  7.293E-01  5.897E-01  4.478E-01  3.077E-01  1.769E-01  7.095E-02
  585.0000  1.666E+00  1.659E+00  1.638E+00  1.602E+00  1.552E+00  1.489E+00  1.413E+00  1.325E+00  1.225E+00  1.115E+00  9.950E-01  8.670E-01  7.322E-01  5.925E-01  4.505E-01  3.101E-01  1.787E-01  7.186E-02
  590.0000  1.608E+00  1.601E+00  1.580E+00  1.546E+00  1.498E+00  1.437E+00  1.364E+00  1.279E+00  1.183E+00  1.076E+00  9.610E-01  8.375E-01  7.075E-01  5.728E-01  4.357E-01  3.002E-01  1.731E-01  6.951E-02
  595.0000  1.638E+00  1.631E+00  1.610E+00  1.575E+00  1.526E+00  1.464E+00  1.389E+00  1.303E+00  1.205E+00  1.096E+00  9.788E-01  8.530E-01  7.205E-01  5.831E-01  4.434E-01  3.051E-01  1.756E-01  6.997E-02
  600.0000  1.596E+00  1.589E+00  1.569E+00  1.534E+00  1.487E+00  1.426E+00  1.354E+00  1.269E+00  1.173E+00  1.068E+00  9.532E-01  8.305E-01  7.012E-01  5.672E-01  4.309E-01  2.961E-01  1.698E-01  6.705E-02
  605.0000  1.614E+00  1.607E+00  1.586E+00  1.552E+00  1.504E+00  1.443E+00  1.369E+00  1.284E+00  1.187E+00  1.081E+00  9.647E-01  8.407E-01  7.100E-01  5.746E-01  4.367E-01  3.003E-01  1.722E-01  6.789E-02
  610.0000  1.596E+00  1.589E+00  1.568E+00  1.534E+00  1.487E+00  1.427E+00  1.354E+00  1.270E+00  1.175E+00  1.070E+00  9.555E-01  8.333E-01  7.044E-01  5.707E-01  4.346E-01  2.996E-01  1.726E-01  6.849E-02
  615.0000  1.560E+00  1.553E+00  1.533E+00  1.500E+00  1.454E+00  1.395E+00  1.325E+00  1.243E+00  1.150E+00  1.048E+00  9.362E-01  8.170E-01  6.914E-01  5.609E-01  4.280E-01  2.959E-01  1.713E-01  6.852E-02
  620.0000  1.584E+00  1.577E+00  1.557E+00  1.523E+00  1.476E+00  1.417E+00  1.346E+00  1.263E+00  1.169E+00  1.065E+00  9.525E-01  8.317E-01  7.044E-01  5.722E-01  4.373E-01  3.031E-01  1.761E-01  7.089E-02
  625.0000  1.550E+00  1.544E+00  1.524E+00  1.492E+00  1.446E+00  1.388E+00  1.318E+00  1.237E+00  1.146E+00  1.044E+00  9.342E-01  8.162E-01  6.918E-01  5.625E-01  4.304E-01  2.990E-01  1.743E-01  7.045E-02
  630.0000  1.554E+00  1.547E+00  1.528E+00  1.495E+00  1.449E+00  1.392E+00  1.322E+00  1.241E+00  1.149E+00  1.048E+00  9.378E-01  8.198E-01  6.953E-01  5.659E-01  4.337E-01  3.019E-01  1.766E-01  7.173E-02
  635.0000  1.544E+00  1.538E+00  1.518E+00  1.486E+00  1.441E+00  1.383E+00  1.314E+00  1.234E+00  1.143E+00  1.043E+00  9.337E-01  8.167E-01  6.932E-01  5.648E-01  4.335E-01  3.024E-01  1.775E-01  7.253E-02
  640.0000  1.528E+00  1.521E+00  1.502E+00  1.470E+00  1.426E+00  1.369E+00  1.301E+00  1.222E+00  1.132E+00  1.033E+00  9.254E-01  8.099E-01  6.880E-01  5.611E-01  4.313E-01  3.016E-01  1.777E-01  7.304E-02
  644.8000  1.520E+00  1.514E+00  1.495E+00  1.463E+00  1.419E+00  1.363E+00  1.295E+00  1.216E+00  1.128E+00  1.029E+00  9.222E-01  8.075E-01  6.865E-01  5.604E-01  4.314E-01  3.023E-01  1.787E-01  7.379E-02
  651.0500  1.502E+00  1.496E+00  1.477E+00  1.446E+00  1.402E+00  1.347E+00  1.280E+00  1.203E+00  1.115E+00  1.018E+00  9.127E-01  7.998E-01  6.804E-01  5.560E-01  4.286E-01  3.010E-01  1.785E-01  7.409E-02
  660.0000  1.427E+00  1.421E+00  1.403E+00  1.373E+00  1.332E+00  1.280E+00  1.217E+00  1.144E+00  1.061E+00  9.691E-01  8.692E-01  7.622E-01  6.491E-01  5.312E-01  4.103E-01  2.891E-01  1.723E-01  7.200E-02
  670.0000  1.466E+00  1.460E+00  1.442E+00  1.412E+00  1.369E+00  1.316E+00  1.252E+00  1.177E+00  1.092E+00  9.979E-01  8.956E-01  7.861E-01  6.702E-01  5.494E-01  4.253E-01  3.006E-01  1.802E-01  7.589E-02
  680.0000  1.441E+00  1.435E+00  1.417E+00  1.387E+00  1.346E+00  1.294E+00  1.231E+00  1.157E+00  1.074E+00  9.825E-01  8.823E-01  7.749E-01  6.614E-01  5.429E-01  4.211E-01  2.985E-01  1.797E-01  7.619E-02
  690.0000  1.421E+00  1.415E+00  1.398E+00  1.369E+00  1.328E+00  1.277E+00  1.215E+00  1.143E+00  1.061E+00  9.705E-01  8.720E-01  7.664E-01  6.546E-01  5.380E-01  4.180E-01  2.971E-01  1.795E-01  7.647E-02
  700.0000  1.398E+00  1.392E+00  1.375E+00  1.346E+00  1.306E+00  1.256E+00  1.195E+00  1.124E+00  1.044E+00  9.558E-01  8.592E-01  7.556E-01  6.460E-01  5.315E-01  4.136E-01  2.947E-01  1.788E-01  7.655E-02
  710.0000  1.365E+00  1.360E+00  1.343E+00  1.315E+00  1.277E+00  1.227E+00  1.168E+00  1.099E+00  1.021E+00  9.347E-01  8.406E-01  7.396E-01  6.327E-01  5.210E-01  4.060E-01  2.898E-01  1.763E-01  7.567E-02
  720.0000  1.321E+00  1.315E+00  1.299E+00  1.272E+00  1.235E+00  1.188E+00  1.130E+00  1.064E+00  9.886E-01  9.052E-01  8.143E-01  7.167E-01  6.135E-01  5.056E-01  3.944E-01  2.819E-01  1.719E-01  7.394E-02
  730.0000  1.291E+00  1.285E+00  1.270E+00  1.243E+00  1.207E+00  1.161E+00  1.105E+00  1.040E+00  9.668E-01  8.855E-01  7.968E-01  7.017E-01  6.010E-01  4.957E-01  3.871E-01  2.772E-01  1.694E-01  7.310E-02
------------------------------------------------------------
Dose rates, W m-2
   1 = UV-B, 280-315 nm                                  
   2 = UV-B*, 280-320 nm                                 
   3 = UV-A, 315-400 nm                                  
   4 = DNA damage, in vitro (Setlow, 1974)               
   5 = UV index (WMO, 1994; Webb et al., 2011)           
   6 = Plant damage (Caldwell, 1971)                     
   7 = Plant damage,Flint&Caldwell,2003,orig.            
   8 = Plant damage,Flint&Caldwell,2003,ext390           
values at z =      0.000 km
Columns: sza, weighting spectra
 sza, deg.          1          2          3          4          5          6          7          8
    0.0000  2.262E+00  3.244E+00  6.135E+01  1.014E-02  1.424E+01  4.763E-01  1.329E+00  1.799E+00
    5.0000  2.243E+00  3.218E+00  6.104E+01  1.000E-02  1.410E+01  4.709E-01  1.319E+00  1.787E+00
   10.0000  2.186E+00  3.142E+00  6.012E+01  9.602E-03  1.368E+01  4.549E-01  1.291E+00  1.752E+00
   15.0000  2.093E+00  3.018E+00  5.860E+01  8.963E-03  1.300E+01  4.291E-01  1.245E+00  1.694E+00
   20.0000  1.966E+00  2.850E+00  5.650E+01  8.128E-03  1.210E+01  3.948E-01  1.183E+00  1.616E+00
   25.0000  1.811E+00  2.641E+00  5.384E+01  7.147E-03  1.100E+01  3.536E-01  1.106E+00  1.520E+00
   30.0000  1.631E+00  2.399E+00  5.066E+01  6.081E-03  9.768E+00  3.074E-01  1.017E+00  1.407E+00
   35.0000  1.433E+00  2.130E+00  4.700E+01  4.991E-03  8.447E+00  2.586E-01  9.181E-01  1.282E+00
   40.0000  1.223E+00  1.842E+00  4.292E+01  3.937E-03  7.096E+00  2.094E-01  8.131E-01  1.146E+00
   45.0000  1.010E+00  1.546E+00  3.847E+01  2.968E-03  5.769E+00  1.622E-01  7.047E-01  1.005E+00
   50.0000  8.007E-01  1.251E+00  3.373E+01  2.126E-03  4.519E+00  1.191E-01  5.958E-01  8.601E-01
   55.0000  6.039E-01  9.687E-01  2.879E+01  1.434E-03  3.390E+00  8.183E-02  4.894E-01  7.164E-01
   60.0000  4.273E-01  7.086E-01  2.376E+01  9.005E-04  2.417E+00  5.167E-02  3.884E-01  5.768E-01
   65.0000  2.777E-01  4.813E-01  1.877E+01  5.196E-04  1.620E+00  2.919E-02  2.951E-01  4.450E-01
   70.0000  1.604E-01  2.950E-01  1.399E+01  2.708E-04  1.006E+00  1.419E-02  2.118E-01  3.244E-01
   75.0000  7.770E-02  1.553E-01  9.606E+00  1.253E-04  5.648E-01  5.613E-03  1.406E-01  2.184E-01
   80.0000  2.856E-02  6.376E-02  5.811E+00  5.081E-05  2.752E-01  1.760E-03  8.246E-02  1.299E-01
   85.0000  7.331E-03  1.726E-02  2.750E+00  1.762E-05  1.053E-01  5.385E-04  3.772E-02  6.067E-02
------------------------------------------------------------
