Spectral Irradiance, W m-2 nm-1
values at z =      0.000 km
Columns: wavelength (nm), solar zenith angles (deg.)
    wc, nm      0.000      5.000     10.000     15.000     20.000     25.000     30.000     35.000     40.000     45.000     50.000     55.000     60.000     65.000     70.000     75.000     80.000     85.000
  120.7000  0.000E+00  0.000E+00  0.000E+00  0.000E+00  0.000E+00  0.000E+00  0.000E+00  0.000E+00  0.000E+00  0.000E+00  0.000E+00  0.000E+00  0.000E+00  0.000E+00  0.000E+00  0.000E+00  0.000E+00  0.000E+00
  121.6500  0.000E+00  0.000E+00  0.000E+00  0.000E+00  0.000E+00  0.000E+00  0.000E+00  0.000E+00  0.000E+00  0.000E+00  0.000E+00  0.000E+00  0.000E+00  0.000E+00  0.000E+00  0.000E+00  0.000E+00  0.000E+00
  122.1000  0.000E+00  0.000E+00  0.000E+00  0.000E+00  0.000E+00  0.000E+00  0.000E+00  0.000E+00  0.000E+00  0.000E+00  0.000E+00  0.000E+00  0.000E+00  0.000E+00  0.000E+00  0.000E+00  0.000E+00  0.000E+00
  122.7000  0.000E+00  0.000E+00  0.000E+00  0.000E+00  0.000E+00  0.000E+00  0.000E+00  0.000E+00  0.000E+00  0.000E+00  0.000E+00  0.000E+00  0.000E+00  0.000E+00  0.000E+00  0.000E+00  0.000E+00  0.000E+00
  123.4500  0.000E+00  0.000E+00  0.000E+00  0.000E+00  0.000E+00  0.000E+00  0.000E+00  0.000E+00  0.000E+00  0.000E+00  0.000E+00  0.000E+00  0.000E+00  0.000E+00  0.000E+00  0.000E+00  0.000E+00  0.000E+00
  124.2000  0.000E+00  0.000E+00  0.000E+00  0.000E+00  0.000E+00  0.000E+00  0.000E+00  0.000E+00  0.000E+00  0.000E+00  0.000E+00  0.000E+00  0.000E+00  0.000E+00  0.000E+00  0.000E+00  0.000E+00  0.000E+00
  125.0000  0.000E+00  0.000E+00  0.000E+00  0.000E+00  0.000E+00  0.000E+00  0.000E+00  0.000E+00  0.000E+00  0.000E+00  0.000E+00  0.000E+00  0.000E+00  0.000E+00  0.000E+00  0.000E+00  0.000E+00  0.000E+00
  125.8000  0.000E+00  0.000E+00  0.000E+00  0.000E+00  0.000E+00  0.000E+00  0.000E+00  0.000E+00  0.000E+00  0.000E+00  0.000E+00  0.000E+00  0.000E+00  0.000E+00  0.000E+00  0.000E+00  0.000E+00  0.000E+00
  126.6000  0.000E+00  0.000E+00  0.000E+00  0.000E+00  0.000E+00  0.000E+00  0.000E+00  0.000E+00  0.000E+00  0.000E+00  0.000E+00  0.000E+00  0.000E+00  0.000E+00  0.000E+00  0.000E+00  0.000E+00  0.000E+00
  127.8000  0.000E+00  0.000E+00  0.000E+00  0.000E+00  0.000E+00  0.000E+00  0.000E+00  0.000E+00  0.000E+00  0.000E+00  0.000E+00  0.000E+00  0.000E+00  0.000E+00  0.000E+00  0.000E+00  0.000E+00  0.000E+00
  129.0000  0.000E+00  0.000E+00  0.000E+00  0.000E+00  0.000E+00  0.000E+00  0.000E+00  0.000E+00  0.000E+00  0.000E+00  0.000E+00  0.000E+00  0.000E+00  0.000E+00  0.000E+00  0.000E+00  0.000E+00  0.000E+00
  129.8500  0.000E+00  0.000E+00  0.000E+00  0.000E+00  0.000E+00  0.000E+00  0.000E+00  0.000E+00  0.000E+00  0.000E+00  0.000E+00  0.000E+00  0.000E+00  0.000E+00  0.000E+00  0.000E+00  0.000E+00  0.000E+00
  131.1500  0.000E+00  0.000E+00  0.000E+00  0.000E+00  0.000E+00  0.000E+00  0.000E+00  0.000E+00  0.000E+00  0.000E+00  0.000E+00  0.000E+00  0.000E+00  0.000E+00  0.000E+00  0.000E+00  0.000E+00  0.000E+00
  133.5000  0.000E+00  0.000E+00  0.000E+00  0.000E+00  0.000E+00  0.000E+00  0.000E+00  0.000E+00  0.000E+00  0.000E+00  0.000E+00  0.000E+00  0.000E+00  0.000E+00  0.000E+00  0.000E+00  0.000E+00  0.000E+00
  136.0000  0.000E+00  0.000E+00  0.000E+00  0.000E+00  0.000E+00  0.000E+00  0.000E+00  0.000E+00  0.000E+00  0.000E+00  0.000E+00  0.000E+00  0.000E+00  0.000E+00  0.000E+00  0.000E+00  0.000E+00  0.000E+00
  141.0000  0.000E+00  0.000E+00  0.000E+00  0.000E+00  0.000E+00  0.000E+00  0.000E+00  0.000E+00  0.000E+00  0.000E+00  0.000E+00  0.000E+00  0.000E+00  0.000E+00  0.000E+00  0.000E+00  0.000E+00  0.000E+00
  150.0000  0.000E+00  0.000E+00  0.000E+00  0.000E+00  0.000E+00  0.000E+00  0.000E+00  0.000E+00  0.000E+00  0.000E+00  0.000E+00  0.000E+00  0.000E+00  0.000E+00  0.000E+00  0.000E+00  0.000E+00  0.000E+00
  160.0000  0.000E+00  0.000E+00  0.000E+00  0.000E+00  0.000E+00  0.000E+00  0.000E+00  0.000E+00  0.000E+00  0.000E+00  0.000E+00  0.000E+00  0.000E+00  0.000E+00  0.000E+00  0.000E+00  0.000E+00  0.000E+00
  167.5000  0.000E+00  0.000E+00  0.000E+00  0.000E+00  0.000E+00  0.000E+00  0.000E+00  0.000E+00  0.000E+00  0.000E+00  0.000E+00  0.000E+00  0.000E+00  0.000E+00  0.000E+00  0.000E+00  0.000E+00  0.000E+00
  172.7000  0.000E+00  0.000E+00  0.000E+00  0.000E+00  0.000E+00  0.000E+00  0.000E+00  0.000E+00  0.000E+00  0.000E+00  0.000E+00  0.000E+00  0.000E+00  0.000E+00  0.000E+00  0.000E+00  0.000E+00  0.000E+00
  176.2000  0.000E+00  0.000E+00  0.000E+00  0.000E+00  0.000E+00  0.000E+00  0.000E+00  0.000E+00  0.000E+00  0.000E+00  0.000E+00  0.000E+00  0.000E+00  0.000E+00  0.000E+00  0.000E+00  0.000E+00  0.000E+00
  177.8000  0.000E+00  0.000E+00  0.000E+00  0.000E+00  0.000E+00  0.000E+00  0.000E+00  0.000E+00  0.000E+00  0.000E+00  0.000E+00  0.000E+00  0.000E+00  0.000E+00  0.000E+00  0.000E+00  0.000E+00  0.000E+00
  179.4000  0.000E+00  0.000E+00  0.000E+00  0.000E+00  0.000E+00  0.000E+00  0.000E+00  0.000E+00  0.000E+00  0.000E+00  0.000E+00  0.000E+00  0.000E+00  0.000E+00  0.000E+00  0.000E+00  0.000E+00  0.000E+00
  181.0000  0.000E+00  0.000E+00  0.000E+00  0.000E+00  0.000E+00  0.000E+00  0.000E+00  0.000E+00  0.000E+00  0.000E+00  0.000E+00  0.000E+00  0.000E+00  0.000E+00  0.000E+00  0.000E+00  0.000E+00  0.000E+00
  182.6500  0.000E+00  0.000E+00  0.000E+00  0.000E+00  0.000E+00  0.000E+00  0.000E+00  0.000E+00  0.000E+00  0.000E+00  0.000E+00  0.000E+00  0.000E+00  0.000E+00  0.000E+00  0.000E+00  0.000E+00  0.000E+00
  184.3500  0.000E+00  0.000E+00  0.000E+00  0.000E+00  0.000E+00  0.000E+00  0.000E+00  0.000E+00  0.000E+00  0.000E+00  0.000E+00  0.000E+00  0.000E+00  0.000E+00  0.000E+00  0.000E+00  0.000E+00  0.000E+00
  186.0500  0.000E+00  0.000E+00  0.000E+00  0.000E+00  0.000E+00  0.000E+00  0.000E+00  0.000E+00  0.000E+00  0.000E+00  0.000E+00  0.000E+00  0.000E+00  0.000E+00  0.000E+00  0.000E+00  0.000E+00  0.000E+00
  187.8000  0.000E+00  0.000E+00  0.000E+00  0.000E+00  0.000E+00  0.000E+00  0.000E+00  0.000E+00  0.000E+00  0.000E+00  0.000E+00  0.000E+00  0.000E+00  0.000E+00  0.000E+00  0.000E+00  0.000E+00  0.000E+00
  189.6000  0.000E+00  0.000E+00  0.000E+00  0.000E+00  0.000E+00  0.000E+00  0.000E+00  0.000E+00  0.000E+00  0.000E+00  0.000E+00  0.000E+00  0.000E+00  0.000E+00  0.000E+00  0.000E+00  0.000E+00  0.000E+00
  191.4000  0.000E+00  0.000E+00  0.000E+00  0.000E+00  0.000E+00  0.000E+00  0.000E+00  0.000E+00  0.000E+00  0.000E+00  0.000E+00  0.000E+00  0.000E+00  0.000E+00  0.000E+00  0.000E+00  0.000E+00  0.000E+00
  193.2500  0.000E+00  0.000E+00  0.000E+00  0.000E+00  0.000E+00  0.000E+00  0.000E+00  0.000E+00  0.000E+00  0.000E+00  0.000E+00  0.000E+00  0.000E+00  0.000E+00  0.000E+00  0.000E+00  0.000E+00  0.000E+00
  195.1500  0.000E+00  0.000E+00  0.000E+00  0.000E+00  0.000E+00  0.000E+00  0.000E+00  0.000E+00  0.000E+00  0.000E+00  0.000E+00  0.000E+00  0.000E+00  0.000E+00  0.000E+00  0.000E+00  0.000E+00  0.000E+00
  197.0500  0.000E+00  0.000E+00  0.000E+00  0.000E+00  0.000E+00  0.000E+00  0.000E+00  0.000E+00  0.000E+00  0.000E+00  0.000E+00  0.000E+00  0.000E+00  0.000E+00  0.000E+00  0.000E+00  0.000E+00  0.000E+00
  199.0000  0.000E+00  0.000E+00  0.000E+00  0.000E+00  0.000E+00  0.000E+00  0.000E+00  0.000E+00  0.000E+00  0.000E+00  0.000E+00  0.000E+00  0.000E+00  0.000E+00  0.000E+00  0.000E+00  0.000E+00  0.000E+00
  201.0000  0.000E+00  0.000E+00  0.000E+00  0.000E+00  0.000E+00  0.000E+00  0.000E+00  0.000E+00  0.000E+00  0.000E+00  0.000E+00  0.000E+00  0.000E+00  0.000E+00  0.000E+00  0.000E+00  0.000E+00  0.000E+00
  203.0500  0.000E+00  0.000E+00  0.000E+00  0.000E+00  0.000E+00  0.000E+00  0.000E+00  0.000E+00  0.000E+00  0.000E+00  0.000E+00  0.000E+00  0.000E+00  0.000E+00  0.000E+00  0.000E+00  0.000E+00  0.000E+00
  205.1500  0.000E+00  0.000E+00  0.000E+00  0.000E+00  0.000E+00  0.000E+00  0.000E+00  0.000E+00  0.000E+00  0.000E+00  0.000E+00  0.000E+00  0.000E+00  0.000E+00  0.000E+00  0.000E+00  0.000E+00  0.000E+00
  207.2665  6.688E-21  5.679E-21  3.457E-21  1.480E-21  4.316E-22  8.148E-23  9.272E-24  5.758E-25  1.713E-26  2.141E-28  1.542E-30  7.225E-32  1.760E-32  7.294E-33  3.983E-33  2.446E-33  1.510E-33  8.176E-34
  209.4295  3.242E-20  2.765E-20  1.704E-20  7.456E-21  2.243E-21  4.419E-22  5.317E-23  3.548E-24  1.157E-25  1.628E-27  1.325E-29  5.669E-31  1.222E-31  4.879E-32  2.689E-32  1.681E-32  1.056E-32  5.827E-33
  211.6460  1.505E-19  1.288E-19  8.043E-20  3.597E-20  1.117E-20  2.298E-21  2.926E-22  2.101E-23  7.535E-25  1.200E-26  1.121E-28  4.300E-30  7.868E-31  3.042E-31  1.713E-31  1.096E-31  7.024E-32  3.955E-32
  213.9100  1.937E-19  1.659E-19  1.038E-19  4.653E-20  1.451E-20  3.002E-21  3.853E-22  2.795E-23  1.016E-24  1.645E-26  1.516E-28  4.553E-30  6.721E-31  2.574E-31  1.500E-31  9.827E-32  6.413E-32  3.678E-32
  216.2225  1.423E-19  1.218E-19  7.600E-20  3.395E-20  1.053E-20  2.161E-21  2.746E-22  1.968E-23  7.050E-25  1.122E-26  9.787E-29  2.139E-30  2.448E-31  9.602E-32  5.814E-32  3.895E-32  2.584E-32  1.507E-32
  218.5855  1.095E-19  9.357E-20  5.808E-20  2.572E-20  7.875E-21  1.590E-21  1.977E-22  1.380E-23  4.786E-25  7.342E-27  5.655E-29  8.759E-31  7.556E-32  3.140E-32  1.971E-32  1.346E-32  9.051E-33  5.356E-33
  221.0010  2.243E-20  1.906E-20  1.161E-20  4.983E-21  1.458E-21  2.768E-22  3.178E-23  2.002E-24  6.101E-26  7.940E-28  4.872E-30  4.170E-32  2.695E-33  1.212E-33  7.826E-34  5.419E-34  3.683E-34  2.204E-34
  223.4705  2.386E-21  2.008E-21  1.190E-21  4.866E-22  1.327E-22  2.292E-23  2.325E-24  1.250E-25  3.118E-27  3.137E-29  1.344E-31  5.515E-34  2.724E-35  1.323E-35  8.721E-36  6.101E-36  4.178E-36  2.523E-36
  225.9960  8.512E-23  7.082E-23  4.051E-23  1.561E-23  3.902E-24  5.992E-25  5.217E-26  2.308E-27  4.492E-29  3.290E-31  8.892E-34  1.566E-36  6.084E-38  3.146E-38  2.107E-38  1.487E-38  1.024E-38  6.236E-39
  228.5790  9.739E-25  7.967E-25  4.329E-25  1.528E-25  3.363E-26  4.346E-27  3.021E-28  1.002E-29  1.351E-31  6.152E-34  8.512E-37  5.083E-40  1.593E-41  8.628E-42  5.850E-42  4.153E-42  2.875E-42  1.761E-42
  231.2215  3.538E-27  2.833E-27  1.443E-27  4.558E-28  8.541E-29  8.872E-30  4.638E-31  1.066E-32  8.998E-35  2.230E-37  1.332E-40  2.242E-44  0.000E+00  0.000E+00  0.000E+00  0.000E+00  0.000E+00  0.000E+00
  233.9260  3.715E-30  2.901E-30  1.369E-30  3.798E-31  5.891E-32  4.736E-33  1.771E-34  2.647E-36  1.286E-38  1.555E-41  4.204E-45  0.000E+00  0.000E+00  0.000E+00  0.000E+00  0.000E+00  0.000E+00  0.000E+00
  236.6945  3.135E-33  2.382E-33  1.034E-33  2.488E-34  3.137E-35  1.905E-36  4.933E-38  4.595E-40  1.216E-42  1.401E-45  0.000E+00  0.000E+00  0.000E+00  0.000E+00  0.000E+00  0.000E+00  0.000E+00  0.000E+00
  239.5295  3.998E-36  2.965E-36  1.196E-36  2.538E-37  2.666E-38  1.264E-39  2.370E-41  1.457E-43  0.000E+00  0.000E+00  0.000E+00  0.000E+00  0.000E+00  0.000E+00  0.000E+00  0.000E+00  0.000E+00  0.000E+00
  242.4330  2.036E-38  1.478E-38  5.592E-39  1.062E-39  9.500E-41  3.622E-42  5.045E-44  0.000E+00  0.000E+00  0.000E+00  0.000E+00  0.000E+00  0.000E+00  0.000E+00  0.000E+00  0.000E+00  0.000E+00  0.000E+00
  245.4080  6.211E-42  4.373E-42  1.508E-42  2.438E-43  1.682E-44  0.000E+00  0.000E+00  0.000E+00  0.000E+00  0.000E+00  0.000E+00  0.000E+00  0.000E+00  0.000E+00  0.000E+00  0.000E+00  0.000E+00  0.000E+00
  248.4570  5.605E-45  4.204E-45  1.401E-45  0.000E+00  0.000E+00  0.000E+00  0.000E+00  0.000E+00  0.000E+00  0.000E+00  0.000E+00  0.000E+00  0.000E+00  0.000E+00  0.000E+00  0.000E+00  0.000E+00  0.000E+00
  251.5825  0.000E+00  0.000E+00  0.000E+00  0.000E+00  0.000E+00  0.000E+00  0.000E+00  0.000E+00  0.000E+00  0.000E+00  0.000E+00  0.000E+00  0.000E+00  0.000E+00  0.000E+00  0.000E+00  0.000E+00  0.000E+00
  254.7875  0.000E+00  0.000E+00  0.000E+00  0.000E+00  0.000E+00  0.000E+00  0.000E+00  0.000E+00  0.000E+00  0.000E+00  0.000E+00  0.000E+00  0.000E+00  0.000E+00  0.000E+00  0.000E+00  0.000E+00  0.000E+00
  258.0750  0.000E+00  0.000E+00  0.000E+00  0.000E+00  0.000E+00  0.000E+00  0.000E+00  0.000E+00  0.000E+00  0.000E+00  0.000E+00  0.000E+00  0.000E+00  0.000E+00  0.000E+00  0.000E+00  0.000E+00  0.000E+00
  261.4490  1.107E-43  7.707E-44  2.522E-44  4.204E-45  0.000E+00  0.000E+00  0.000E+00  0.000E+00  0.000E+00  0.000E+00  0.000E+00  0.000E+00  0.000E+00  0.000E+00  0.000E+00  0.000E+00  0.000E+00  0.000E+00
  264.9125  1.561E-39  1.116E-39  4.019E-40  7.025E-41  5.560E-42  1.794E-43  0.000E+00  0.000E+00  0.000E+00  0.000E+00  0.000E+00  0.000E+00  0.000E+00  0.000E+00  0.000E+00  0.000E+00  0.000E+00  0.000E+00
  268.4685  1.811E-34  1.352E-34  5.569E-35  1.223E-35  1.350E-36  6.831E-38  1.389E-39  9.400E-42  1.962E-44  0.000E+00  0.000E+00  0.000E+00  0.000E+00  0.000E+00  0.000E+00  0.000E+00  0.000E+00  0.000E+00
  272.1215  6.639E-29  5.206E-29  2.488E-29  7.045E-30  1.125E-30  9.400E-32  3.680E-33  5.774E-35  2.908E-37  3.414E-40  5.885E-44  0.000E+00  0.000E+00  0.000E+00  0.000E+00  0.000E+00  0.000E+00  0.000E+00
  275.8755  5.369E-23  4.435E-23  2.482E-23  9.205E-24  2.177E-24  3.097E-25  2.430E-26  9.318E-28  1.467E-29  7.402E-32  8.349E-35  1.377E-38  1.435E-40  8.002E-41  5.478E-41  3.917E-41  2.739E-41  1.709E-41
  279.7340  1.202E-17  1.042E-17  6.748E-18  3.215E-18  1.095E-18  2.549E-19  3.812E-20  3.344E-21  1.514E-22  2.946E-24  1.890E-26  2.945E-29  3.643E-31  1.908E-31  1.289E-31  9.177E-32  6.403E-32  3.988E-32
  283.7020  1.626E-12  1.470E-12  1.083E-12  6.418E-13  3.004E-13  1.077E-13  2.827E-14  5.110E-15  5.816E-16  3.674E-17  1.074E-18  1.181E-20  2.112E-22  9.083E-23  5.988E-23  4.221E-23  2.933E-23  1.822E-23
  287.7845  1.572E-08  1.470E-08  1.197E-08  8.443E-09  5.084E-09  2.563E-09  1.051E-09  3.366E-10  7.946E-11  1.274E-11  1.235E-12  6.319E-14  2.442E-15  6.320E-16  3.935E-16  2.719E-16  1.872E-16  1.158E-16
  291.9865  1.673E-05  1.603E-05  1.407E-05  1.126E-05  8.158E-06  5.281E-06  3.002E-06  1.461E-06  5.882E-07  1.863E-07  4.331E-08  6.781E-09  7.190E-10  1.148E-10  5.671E-11  3.738E-11  2.519E-11  1.542E-11
  296.3090  1.120E-03  1.081E-03  1.006E-03  8.754E-04  7.163E-04  5.469E-04  3.856E-04  2.474E-04  1.415E-04  7.013E-05  2.892E-05  9.408E-06  2.290E-06  4.533E-07  1.318E-07  7.256E-08  4.642E-08  2.770E-08
  300.5000  1.175E-02  1.154E-02  1.095E-02  1.000E-02  8.782E-03  7.375E-03  5.887E-03  4.428E-03  3.100E-03  1.987E-03  1.137E-03  5.622E-04  2.295E-04  7.430E-05  2.043E-05  7.211E-06  3.906E-06  2.200E-06
  303.0000  4.285E-02  4.226E-02  4.054E-02  3.776E-02  3.410E-02  2.974E-02  2.494E-02  1.999E-02  1.516E-02  1.076E-02  7.010E-03  4.092E-03  2.065E-03  8.603E-04  2.874E-04  8.859E-05  3.764E-05  1.961E-05
  304.0000  5.030E-02  4.965E-02  4.776E-02  4.469E-02  4.062E-02  3.576E-02  3.034E-02  2.468E-02  1.909E-02  1.387E-02  9.323E-03  5.661E-03  3.005E-03  1.333E-03  4.751E-04  1.471E-04  5.765E-05  2.898E-05
  305.0000  7.506E-02  7.418E-02  7.159E-02  6.739E-02  6.177E-02  5.499E-02  4.736E-02  3.926E-02  3.110E-02  2.330E-02  1.628E-02  1.039E-02  5.880E-03  2.831E-03  1.104E-03  3.541E-04  1.250E-04  5.866E-05
  306.0000  7.469E-02  7.387E-02  7.144E-02  6.750E-02  6.221E-02  5.578E-02  4.850E-02  4.070E-02  3.273E-02  2.501E-02  1.791E-02  1.180E-02  6.958E-03  3.531E-03  1.466E-03  4.888E-04  1.629E-04  7.181E-05
  307.0000  1.011E-01  1.009E-01  9.781E-02  9.278E-02  8.599E-02  7.770E-02  6.824E-02  5.799E-02  4.740E-02  3.696E-02  2.716E-02  1.851E-02  1.140E-02  6.120E-03  2.722E-03  9.607E-04  3.059E-04  1.236E-04
  308.0000  1.260E-01  1.248E-01  1.213E-01  1.154E-01  1.075E-01  9.785E-02  8.672E-02  7.456E-02  6.185E-02  4.913E-02  3.698E-02  2.597E-02  1.665E-02  9.415E-03  4.472E-03  1.685E-03  5.281E-04  1.934E-04
  309.0000  1.348E-01  1.335E-01  1.299E-01  1.239E-01  1.157E-01  1.057E-01  9.418E-02  8.150E-02  6.816E-02  5.471E-02  4.173E-02  2.981E-02  1.953E-02  1.137E-02  5.605E-03  2.199E-03  6.912E-04  2.379E-04
  310.0000  1.398E-01  1.386E-01  1.351E-01  1.293E-01  1.214E-01  1.117E-01  1.004E-01  8.796E-02  7.467E-02  6.109E-02  4.773E-02  3.518E-02  2.401E-02  1.475E-02  7.810E-03  3.334E-03  1.088E-03  3.332E-04
  311.0000  2.404E-01  2.384E-01  2.326E-01  2.230E-01  2.099E-01  1.937E-01  1.748E-01  1.538E-01  1.314E-01  1.083E-01  8.549E-02  6.381E-02  4.428E-02  2.781E-02  1.516E-02  6.714E-03  2.248E-03  6.584E-04
  312.0000  2.212E-01  2.195E-01  2.144E-01  2.059E-01  1.945E-01  1.802E-01  1.635E-01  1.449E-01  1.248E-01  1.040E-01  8.327E-02  6.328E-02  4.495E-02  2.914E-02  1.657E-02  7.755E-03  2.728E-03  7.584E-04
  313.0000  2.547E-01  2.528E-01  2.472E-01  2.380E-01  2.254E-01  2.097E-01  1.912E-01  1.706E-01  1.482E-01  1.249E-01  1.013E-01  7.835E-02  5.695E-02  3.806E-02  2.257E-02  1.118E-02  4.179E-03  1.131E-03
  314.0000  2.815E-01  2.794E-01  2.734E-01  2.634E-01  2.497E-01  2.327E-01  2.127E-01  1.902E-01  1.659E-01  1.403E-01  1.144E-01  8.910E-02  6.533E-02  4.417E-02  2.662E-02  1.347E-02  5.164E-03  1.391E-03
  316.0000  3.007E-01  2.987E-01  2.927E-01  2.828E-01  2.693E-01  2.524E-01  2.324E-01  2.098E-01  1.852E-01  1.591E-01  1.323E-01  1.056E-01  8.001E-02  5.652E-02  3.619E-02  1.995E-02  8.560E-03  2.408E-03
  320.0000  4.033E-01  4.008E-01  3.936E-01  3.815E-01  3.650E-01  3.442E-01  3.195E-01  2.914E-01  2.605E-01  2.275E-01  1.931E-01  1.583E-01  1.241E-01  9.183E-02  6.269E-02  3.794E-02  1.869E-02  6.096E-03
  325.0000  5.340E-01  5.310E-01  5.221E-01  5.074E-01  4.872E-01  4.616E-01  4.312E-01  3.965E-01  3.580E-01  3.165E-01  2.730E-01  2.284E-01  1.839E-01  1.410E-01  1.011E-01  6.584E-02  3.646E-02  1.433E-02
  330.0000  6.745E-01  6.709E-01  6.601E-01  6.423E-01  6.177E-01  5.867E-01  5.497E-01  5.073E-01  4.603E-01  4.094E-01  3.557E-01  3.003E-01  2.447E-01  1.906E-01  1.397E-01  9.389E-02  5.483E-02  2.381E-02
  335.0000  6.491E-01  6.458E-01  6.357E-01  6.190E-01  5.960E-01  5.669E-01  5.322E-01  4.924E-01  4.481E-01  4.001E-01  3.492E-01  2.966E-01  2.435E-01  1.914E-01  1.421E-01  9.735E-02  5.870E-02  2.718E-02
  340.0000  7.092E-01  7.055E-01  6.947E-01  6.768E-01  6.520E-01  6.207E-01  5.834E-01  5.405E-01  4.926E-01  4.407E-01  3.855E-01  3.284E-01  2.705E-01  2.135E-01  1.593E-01  1.100E-01  6.714E-02  3.194E-02
  345.0000  7.013E-01  6.977E-01  6.871E-01  6.696E-01  6.454E-01  6.148E-01  5.782E-01  5.362E-01  4.892E-01  4.382E-01  3.840E-01  3.276E-01  2.704E-01  2.140E-01  1.601E-01  1.108E-01  6.803E-02  3.279E-02
  350.0000  7.341E-01  7.304E-01  7.194E-01  7.012E-01  6.761E-01  6.442E-01  6.062E-01  5.624E-01  5.135E-01  4.603E-01  4.036E-01  3.446E-01  2.847E-01  2.254E-01  1.686E-01  1.167E-01  7.154E-02  3.447E-02
  355.0000  7.773E-01  7.735E-01  7.619E-01  7.428E-01  7.164E-01  6.829E-01  6.429E-01  5.968E-01  5.454E-01  4.893E-01  4.295E-01  3.671E-01  3.036E-01  2.406E-01  1.802E-01  1.247E-01  7.654E-02  3.702E-02
  360.0000  7.115E-01  7.080E-01  6.975E-01  6.801E-01  6.561E-01  6.257E-01  5.893E-01  5.474E-01  5.005E-01  4.493E-01  3.947E-01  3.378E-01  2.796E-01  2.218E-01  1.662E-01  1.150E-01  7.053E-02  3.415E-02
  365.0000  9.055E-01  9.010E-01  8.878E-01  8.658E-01  8.354E-01  7.970E-01  7.509E-01  6.979E-01  6.385E-01  5.736E-01  5.044E-01  4.319E-01  3.579E-01  2.841E-01  2.129E-01  1.473E-01  9.029E-02  4.373E-02
  370.0000  9.421E-01  9.375E-01  9.238E-01  9.011E-01  8.697E-01  8.299E-01  7.823E-01  7.274E-01  6.658E-01  5.986E-01  5.267E-01  4.514E-01  3.744E-01  2.974E-01  2.230E-01  1.543E-01  9.442E-02  4.571E-02
  375.0000  8.516E-01  8.474E-01  8.351E-01  8.148E-01  7.865E-01  7.508E-01  7.080E-01  6.586E-01  6.032E-01  5.426E-01  4.778E-01  4.099E-01  3.402E-01  2.704E-01  2.029E-01  1.403E-01  8.574E-02  4.148E-02
  380.0000  9.795E-01  9.748E-01  9.607E-01  9.374E-01  9.051E-01  8.643E-01  8.153E-01  7.587E-01  6.953E-01  6.259E-01  5.515E-01  4.734E-01  3.933E-01  3.129E-01  2.348E-01  1.623E-01  9.907E-02  4.788E-02
  385.0000  7.388E-01  7.353E-01  7.247E-01  7.073E-01  6.831E-01  6.524E-01  6.156E-01  5.732E-01  5.255E-01  4.733E-01  4.174E-01  3.586E-01  2.981E-01  2.374E-01  1.782E-01  1.232E-01  7.507E-02  3.624E-02
  390.0000  9.652E-01  9.606E-01  9.469E-01  9.242E-01  8.928E-01  8.529E-01  8.051E-01  7.499E-01  6.879E-01  6.200E-01  5.471E-01  4.704E-01  3.913E-01  3.118E-01  2.343E-01  1.619E-01  9.852E-02  4.749E-02
  395.0000  7.491E-01  7.455E-01  7.350E-01  7.174E-01  6.932E-01  6.624E-01  6.255E-01  5.828E-01  5.349E-01  4.823E-01  4.259E-01  3.665E-01  3.051E-01  2.433E-01  1.829E-01  1.264E-01  7.681E-02  3.696E-02
  400.0000  1.391E+00  1.385E+00  1.365E+00  1.333E+00  1.288E+00  1.231E+00  1.163E+00  1.084E+00  9.952E-01  8.979E-01  7.934E-01  6.832E-01  5.693E-01  4.544E-01  3.418E-01  2.361E-01  1.433E-01  6.885E-02
  405.0000  1.419E+00  1.412E+00  1.392E+00  1.360E+00  1.314E+00  1.256E+00  1.187E+00  1.107E+00  1.017E+00  9.179E-01  8.115E-01  6.993E-01  5.832E-01  4.658E-01  3.506E-01  2.422E-01  1.468E-01  7.040E-02
  410.0000  1.463E+00  1.457E+00  1.436E+00  1.403E+00  1.356E+00  1.297E+00  1.225E+00  1.143E+00  1.051E+00  9.488E-01  8.394E-01  7.238E-01  6.041E-01  4.829E-01  3.637E-01  2.513E-01  1.521E-01  7.278E-02
  415.0000  1.525E+00  1.518E+00  1.497E+00  1.462E+00  1.414E+00  1.352E+00  1.278E+00  1.193E+00  1.097E+00  9.910E-01  8.772E-01  7.569E-01  6.322E-01  5.058E-01  3.812E-01  2.634E-01  1.592E-01  7.604E-02
  420.0000  1.540E+00  1.533E+00  1.511E+00  1.476E+00  1.427E+00  1.366E+00  1.291E+00  1.205E+00  1.109E+00  1.002E+00  8.878E-01  7.666E-01  6.408E-01  5.131E-01  3.870E-01  2.674E-01  1.615E-01  7.692E-02
  425.0000  1.470E+00  1.463E+00  1.443E+00  1.410E+00  1.363E+00  1.304E+00  1.234E+00  1.152E+00  1.060E+00  9.588E-01  8.496E-01  7.341E-01  6.141E-01  4.921E-01  3.713E-01  2.566E-01  1.548E-01  7.350E-02
  430.0000  1.356E+00  1.350E+00  1.331E+00  1.301E+00  1.258E+00  1.204E+00  1.139E+00  1.064E+00  9.794E-01  8.863E-01  7.858E-01  6.794E-01  5.688E-01  4.561E-01  3.445E-01  2.381E-01  1.435E-01  6.797E-02
  435.0000  1.574E+00  1.567E+00  1.546E+00  1.510E+00  1.461E+00  1.399E+00  1.323E+00  1.236E+00  1.139E+00  1.031E+00  9.143E-01  7.910E-01  6.626E-01  5.318E-01  4.019E-01  2.779E-01  1.672E-01  7.901E-02
  440.0000  1.619E+00  1.612E+00  1.590E+00  1.554E+00  1.503E+00  1.439E+00  1.362E+00  1.273E+00  1.173E+00  1.062E+00  9.424E-01  8.157E-01  6.838E-01  5.491E-01  4.152E-01  2.872E-01  1.726E-01  8.122E-02
  445.0000  1.739E+00  1.731E+00  1.708E+00  1.669E+00  1.615E+00  1.546E+00  1.464E+00  1.368E+00  1.261E+00  1.142E+00  1.014E+00  8.784E-01  7.368E-01  5.921E-01  4.480E-01  3.099E-01  1.860E-01  8.726E-02
  450.0000  1.849E+00  1.841E+00  1.816E+00  1.775E+00  1.718E+00  1.645E+00  1.558E+00  1.457E+00  1.343E+00  1.217E+00  1.081E+00  9.366E-01  7.861E-01  6.322E-01  4.787E-01  3.313E-01  1.987E-01  9.291E-02
  455.0000  1.810E+00  1.802E+00  1.777E+00  1.737E+00  1.681E+00  1.611E+00  1.525E+00  1.427E+00  1.315E+00  1.192E+00  1.060E+00  9.188E-01  7.716E-01  6.209E-01  4.705E-01  3.257E-01  1.951E-01  9.094E-02
  460.0000  1.861E+00  1.853E+00  1.828E+00  1.787E+00  1.729E+00  1.657E+00  1.569E+00  1.468E+00  1.353E+00  1.227E+00  1.091E+00  9.463E-01  7.950E-01  6.400E-01  4.850E-01  3.356E-01  2.006E-01  9.284E-02
  465.0000  1.840E+00  1.832E+00  1.807E+00  1.767E+00  1.710E+00  1.639E+00  1.552E+00  1.452E+00  1.340E+00  1.215E+00  1.081E+00  9.379E-01  7.884E-01  6.351E-01  4.817E-01  3.335E-01  1.992E-01  9.196E-02
  470.0000  1.830E+00  1.822E+00  1.797E+00  1.757E+00  1.701E+00  1.630E+00  1.544E+00  1.445E+00  1.333E+00  1.210E+00  1.077E+00  9.346E-01  7.861E-01  6.337E-01  4.809E-01  3.330E-01  1.988E-01  9.142E-02
  475.0000  1.851E+00  1.842E+00  1.818E+00  1.777E+00  1.721E+00  1.649E+00  1.563E+00  1.463E+00  1.350E+00  1.225E+00  1.090E+00  9.470E-01  7.969E-01  6.427E-01  4.879E-01  3.380E-01  2.015E-01  9.225E-02
  480.0000  1.901E+00  1.892E+00  1.867E+00  1.825E+00  1.767E+00  1.694E+00  1.605E+00  1.503E+00  1.387E+00  1.259E+00  1.121E+00  9.731E-01  8.189E-01  6.603E-01  5.011E-01  3.466E-01  2.059E-01  9.329E-02
  485.0000  1.726E+00  1.718E+00  1.695E+00  1.658E+00  1.605E+00  1.539E+00  1.458E+00  1.365E+00  1.260E+00  1.144E+00  1.019E+00  8.852E-01  7.452E-01  6.012E-01  4.564E-01  3.158E-01  1.874E-01  8.451E-02
  490.0000  1.797E+00  1.790E+00  1.766E+00  1.727E+00  1.672E+00  1.603E+00  1.520E+00  1.423E+00  1.314E+00  1.193E+00  1.063E+00  9.239E-01  7.782E-01  6.282E-01  4.774E-01  3.305E-01  1.961E-01  8.823E-02
  495.0000  1.830E+00  1.822E+00  1.798E+00  1.758E+00  1.703E+00  1.632E+00  1.548E+00  1.449E+00  1.339E+00  1.216E+00  1.083E+00  9.420E-01  7.937E-01  6.410E-01  4.872E-01  3.374E-01  1.999E-01  8.948E-02
  500.0000  1.743E+00  1.735E+00  1.712E+00  1.674E+00  1.621E+00  1.554E+00  1.474E+00  1.380E+00  1.275E+00  1.158E+00  1.032E+00  8.969E-01  7.557E-01  6.101E-01  4.635E-01  3.204E-01  1.891E-01  8.376E-02
  505.0000  1.767E+00  1.759E+00  1.736E+00  1.697E+00  1.644E+00  1.576E+00  1.494E+00  1.399E+00  1.292E+00  1.173E+00  1.045E+00  9.085E-01  7.652E-01  6.174E-01  4.685E-01  3.232E-01  1.898E-01  8.289E-02
  510.0000  1.752E+00  1.744E+00  1.721E+00  1.683E+00  1.630E+00  1.563E+00  1.482E+00  1.388E+00  1.282E+00  1.165E+00  1.038E+00  9.028E-01  7.607E-01  6.143E-01  4.665E-01  3.221E-01  1.892E-01  8.248E-02
  515.0000  1.624E+00  1.616E+00  1.595E+00  1.560E+00  1.511E+00  1.449E+00  1.374E+00  1.287E+00  1.189E+00  1.081E+00  9.630E-01  8.377E-01  7.061E-01  5.704E-01  4.333E-01  2.992E-01  1.756E-01  7.622E-02
  520.0000  1.667E+00  1.660E+00  1.638E+00  1.602E+00  1.552E+00  1.488E+00  1.411E+00  1.322E+00  1.221E+00  1.110E+00  9.894E-01  8.607E-01  7.256E-01  5.862E-01  4.453E-01  3.073E-01  1.800E-01  7.755E-02
  525.0000  1.669E+00  1.662E+00  1.640E+00  1.604E+00  1.554E+00  1.490E+00  1.413E+00  1.323E+00  1.223E+00  1.111E+00  9.902E-01  8.612E-01  7.258E-01  5.860E-01  4.447E-01  3.064E-01  1.786E-01  7.602E-02
  530.0000  1.753E+00  1.746E+00  1.723E+00  1.685E+00  1.632E+00  1.564E+00  1.483E+00  1.389E+00  1.283E+00  1.166E+00  1.039E+00  9.032E-01  7.607E-01  6.136E-01  4.650E-01  3.194E-01  1.851E-01  7.754E-02
  535.0000  1.697E+00  1.690E+00  1.667E+00  1.630E+00  1.579E+00  1.514E+00  1.436E+00  1.345E+00  1.242E+00  1.129E+00  1.006E+00  8.743E-01  7.364E-01  5.939E-01  4.499E-01  3.088E-01  1.785E-01  7.417E-02
  540.0000  1.698E+00  1.690E+00  1.668E+00  1.631E+00  1.580E+00  1.515E+00  1.437E+00  1.346E+00  1.243E+00  1.130E+00  1.007E+00  8.757E-01  7.377E-01  5.952E-01  4.510E-01  3.096E-01  1.789E-01  7.402E-02
  545.0000  1.720E+00  1.713E+00  1.690E+00  1.653E+00  1.601E+00  1.535E+00  1.456E+00  1.364E+00  1.260E+00  1.145E+00  1.020E+00  8.871E-01  7.472E-01  6.027E-01  4.565E-01  3.130E-01  1.803E-01  7.395E-02
  550.0000  1.723E+00  1.716E+00  1.693E+00  1.656E+00  1.604E+00  1.538E+00  1.459E+00  1.367E+00  1.262E+00  1.147E+00  1.022E+00  8.889E-01  7.488E-01  6.040E-01  4.574E-01  3.134E-01  1.802E-01  7.336E-02
  555.0000  1.709E+00  1.701E+00  1.679E+00  1.642E+00  1.590E+00  1.525E+00  1.446E+00  1.355E+00  1.252E+00  1.138E+00  1.014E+00  8.816E-01  7.427E-01  5.991E-01  4.536E-01  3.106E-01  1.782E-01  7.197E-02
  560.0000  1.661E+00  1.654E+00  1.632E+00  1.596E+00  1.546E+00  1.483E+00  1.406E+00  1.317E+00  1.217E+00  1.106E+00  9.850E-01  8.562E-01  7.210E-01  5.811E-01  4.394E-01  3.003E-01  1.714E-01  6.835E-02
  565.0000  1.660E+00  1.652E+00  1.631E+00  1.595E+00  1.545E+00  1.481E+00  1.404E+00  1.315E+00  1.215E+00  1.103E+00  9.829E-01  8.541E-01  7.187E-01  5.788E-01  4.371E-01  2.980E-01  1.692E-01  6.655E-02
  570.0000  1.647E+00  1.640E+00  1.619E+00  1.583E+00  1.533E+00  1.470E+00  1.394E+00  1.305E+00  1.205E+00  1.095E+00  9.751E-01  8.472E-01  7.128E-01  5.738E-01  4.330E-01  2.948E-01  1.668E-01  6.497E-02
  575.0000  1.674E+00  1.667E+00  1.645E+00  1.608E+00  1.558E+00  1.493E+00  1.416E+00  1.326E+00  1.225E+00  1.113E+00  9.907E-01  8.611E-01  7.245E-01  5.832E-01  4.401E-01  2.995E-01  1.693E-01  6.555E-02
  580.0000  1.648E+00  1.641E+00  1.619E+00  1.584E+00  1.534E+00  1.471E+00  1.395E+00  1.307E+00  1.207E+00  1.097E+00  9.775E-01  8.497E-01  7.154E-01  5.765E-01  4.356E-01  2.970E-01  1.683E-01  6.539E-02
  585.0000  1.651E+00  1.643E+00  1.622E+00  1.586E+00  1.537E+00  1.474E+00  1.398E+00  1.310E+00  1.210E+00  1.100E+00  9.807E-01  8.531E-01  7.188E-01  5.798E-01  4.387E-01  2.997E-01  1.704E-01  6.644E-02
  590.0000  1.593E+00  1.586E+00  1.565E+00  1.531E+00  1.483E+00  1.422E+00  1.349E+00  1.264E+00  1.168E+00  1.062E+00  9.471E-01  8.240E-01  6.946E-01  5.605E-01  4.243E-01  2.901E-01  1.650E-01  6.427E-02
  595.0000  1.622E+00  1.615E+00  1.593E+00  1.558E+00  1.510E+00  1.448E+00  1.373E+00  1.287E+00  1.189E+00  1.081E+00  9.638E-01  8.384E-01  7.064E-01  5.698E-01  4.311E-01  2.943E-01  1.668E-01  6.437E-02
  600.0000  1.579E+00  1.572E+00  1.551E+00  1.517E+00  1.470E+00  1.410E+00  1.337E+00  1.251E+00  1.157E+00  1.052E+00  9.374E-01  8.152E-01  6.865E-01  5.533E-01  4.181E-01  2.848E-01  1.607E-01  6.127E-02
  605.0000  1.597E+00  1.590E+00  1.569E+00  1.535E+00  1.487E+00  1.426E+00  1.352E+00  1.267E+00  1.171E+00  1.064E+00  9.487E-01  8.251E-01  6.951E-01  5.604E-01  4.236E-01  2.887E-01  1.630E-01  6.201E-02
  610.0000  1.579E+00  1.573E+00  1.552E+00  1.518E+00  1.471E+00  1.411E+00  1.339E+00  1.255E+00  1.160E+00  1.055E+00  9.408E-01  8.189E-01  6.906E-01  5.576E-01  4.224E-01  2.888E-01  1.639E-01  6.295E-02
  615.0000  1.545E+00  1.538E+00  1.518E+00  1.485E+00  1.439E+00  1.381E+00  1.311E+00  1.229E+00  1.136E+00  1.034E+00  9.229E-01  8.041E-01  6.789E-01  5.491E-01  4.170E-01  2.862E-01  1.634E-01  6.342E-02
  620.0000  1.570E+00  1.563E+00  1.543E+00  1.509E+00  1.463E+00  1.404E+00  1.333E+00  1.250E+00  1.156E+00  1.052E+00  9.400E-01  8.196E-01  6.927E-01  5.610E-01  4.269E-01  2.938E-01  1.686E-01  6.598E-02
  625.0000  1.538E+00  1.532E+00  1.512E+00  1.479E+00  1.434E+00  1.376E+00  1.306E+00  1.225E+00  1.134E+00  1.033E+00  9.227E-01  8.050E-01  6.809E-01  5.521E-01  4.208E-01  2.903E-01  1.672E-01  6.583E-02
  630.0000  1.542E+00  1.536E+00  1.516E+00  1.483E+00  1.438E+00  1.380E+00  1.310E+00  1.230E+00  1.138E+00  1.037E+00  9.270E-01  8.093E-01  6.851E-01  5.562E-01  4.246E-01  2.937E-01  1.699E-01  6.734E-02
  635.0000  1.534E+00  1.527E+00  1.508E+00  1.475E+00  1.430E+00  1.373E+00  1.304E+00  1.224E+00  1.133E+00  1.033E+00  9.238E-01  8.071E-01  6.839E-01  5.559E-01  4.252E-01  2.949E-01  1.714E-01  6.844E-02
  640.0000  1.518E+00  1.512E+00  1.492E+00  1.461E+00  1.416E+00  1.360E+00  1.292E+00  1.213E+00  1.123E+00  1.024E+00  9.165E-01  8.012E-01  6.796E-01  5.531E-01  4.238E-01  2.948E-01  1.721E-01  6.929E-02
  644.8000  1.512E+00  1.505E+00  1.486E+00  1.454E+00  1.410E+00  1.354E+00  1.286E+00  1.208E+00  1.119E+00  1.021E+00  9.141E-01  7.996E-01  6.788E-01  5.531E-01  4.245E-01  2.960E-01  1.735E-01  7.032E-02
  651.0500  1.494E+00  1.488E+00  1.469E+00  1.438E+00  1.394E+00  1.339E+00  1.273E+00  1.195E+00  1.108E+00  1.011E+00  9.056E-01  7.927E-01  6.735E-01  5.494E-01  4.224E-01  2.954E-01  1.738E-01  7.091E-02
  660.0000  1.420E+00  1.414E+00  1.397E+00  1.367E+00  1.326E+00  1.274E+00  1.211E+00  1.138E+00  1.055E+00  9.631E-01  8.633E-01  7.564E-01  6.435E-01  5.258E-01  4.052E-01  2.844E-01  1.684E-01  6.935E-02
  670.0000  1.461E+00  1.455E+00  1.437E+00  1.406E+00  1.364E+00  1.311E+00  1.246E+00  1.171E+00  1.087E+00  9.929E-01  8.907E-01  7.812E-01  6.655E-01  5.448E-01  4.210E-01  2.967E-01  1.769E-01  7.362E-02
  680.0000  1.437E+00  1.431E+00  1.413E+00  1.383E+00  1.342E+00  1.290E+00  1.227E+00  1.153E+00  1.070E+00  9.784E-01  8.784E-01  7.711E-01  6.576E-01  5.393E-01  4.177E-01  2.954E-01  1.771E-01  7.434E-02
  690.0000  1.418E+00  1.412E+00  1.394E+00  1.365E+00  1.325E+00  1.273E+00  1.211E+00  1.139E+00  1.058E+00  9.672E-01  8.688E-01  7.632E-01  6.516E-01  5.350E-01  4.152E-01  2.945E-01  1.773E-01  7.494E-02
  700.0000  1.395E+00  1.389E+00  1.372E+00  1.344E+00  1.304E+00  1.253E+00  1.193E+00  1.122E+00  1.042E+00  9.533E-01  8.568E-01  7.532E-01  6.436E-01  5.292E-01  4.115E-01  2.927E-01  1.771E-01  7.536E-02
  710.0000  1.363E+00  1.358E+00  1.341E+00  1.313E+00  1.274E+00  1.225E+00  1.166E+00  1.097E+00  1.019E+00  9.327E-01  8.386E-01  7.376E-01  6.308E-01  5.191E-01  4.042E-01  2.881E-01  1.749E-01  7.468E-02
  720.0000  1.319E+00  1.314E+00  1.298E+00  1.271E+00  1.233E+00  1.186E+00  1.129E+00  1.062E+00  9.869E-01  9.035E-01  8.126E-01  7.151E-01  6.119E-01  5.040E-01  3.929E-01  2.806E-01  1.707E-01  7.312E-02
  730.0000  1.289E+00  1.284E+00  1.268E+00  1.242E+00  1.206E+00  1.160E+00  1.104E+00  1.039E+00  9.655E-01  8.842E-01  7.956E-01  7.005E-01  5.998E-01  4.945E-01  3.860E-01  2.762E-01  1.685E-01  7.247E-02
------------------------------------------------------------
Dose rates, W m-2
   1 = UV-B, 280-315 nm                                  
   2 = UV-B*, 280-320 nm                                 
   3 = UV-A, 315-400 nm                                  
   4 = DNA damage, in vitro (Setlow, 1974)               
   5 = UV index (WMO, 1994; Webb et al., 2011)           
   6 = Plant damage (Caldwell, 1971)                     
   7 = Plant damage,Flint&Caldwell,2003,orig.            
   8 = Plant damage,Flint&Caldwell,2003,ext390           
values at z =      0.000 km
Columns: sza, weighting spectra
 sza, deg.          1          2          3          4          5          6          7          8
    0.0000  1.794E+00  2.696E+00  6.103E+01  5.842E-03  1.041E+01  3.096E-01  1.174E+00  1.644E+00
    5.0000  1.779E+00  2.675E+00  6.072E+01  5.761E-03  1.031E+01  3.061E-01  1.166E+00  1.634E+00
   10.0000  1.731E+00  2.609E+00  5.981E+01  5.533E-03  1.000E+01  2.951E-01  1.143E+00  1.603E+00
   15.0000  1.653E+00  2.501E+00  5.829E+01  5.163E-03  9.512E+00  2.773E-01  1.104E+00  1.554E+00
   20.0000  1.547E+00  2.355E+00  5.620E+01  4.679E-03  8.855E+00  2.538E-01  1.052E+00  1.485E+00
   25.0000  1.417E+00  2.175E+00  5.355E+01  4.112E-03  8.061E+00  2.256E-01  9.865E-01  1.401E+00
   30.0000  1.268E+00  1.965E+00  5.037E+01  3.496E-03  7.165E+00  1.943E-01  9.110E-01  1.302E+00
   35.0000  1.105E+00  1.734E+00  4.673E+01  2.868E-03  6.207E+00  1.615E-01  8.270E-01  1.191E+00
   40.0000  9.335E-01  1.489E+00  4.265E+01  2.261E-03  5.226E+00  1.288E-01  7.368E-01  1.070E+00
   45.0000  7.607E-01  1.238E+00  3.822E+01  1.705E-03  4.264E+00  9.786E-02  6.429E-01  9.428E-01
   50.0000  5.933E-01  9.901E-01  3.349E+01  1.222E-03  3.356E+00  7.013E-02  5.476E-01  8.119E-01
   55.0000  4.382E-01  7.550E-01  2.857E+01  8.269E-04  2.535E+00  4.675E-02  4.534E-01  6.803E-01
   60.0000  3.019E-01  5.420E-01  2.357E+01  5.232E-04  1.824E+00  2.842E-02  3.628E-01  5.513E-01
   65.0000  1.897E-01  3.593E-01  1.861E+01  3.064E-04  1.239E+00  1.533E-02  2.780E-01  4.279E-01
   70.0000  1.049E-01  2.135E-01  1.385E+01  1.644E-04  7.838E-01  7.072E-03  2.012E-01  3.137E-01
   75.0000  4.840E-02  1.083E-01  9.499E+00  8.012E-05  4.522E-01  2.697E-03  1.345E-01  2.123E-01
   80.0000  1.733E-02  4.301E-02  5.738E+00  3.513E-05  2.290E-01  8.962E-04  7.936E-02  1.268E-01
   85.0000  5.016E-03  1.224E-02  2.714E+00  1.323E-05  9.212E-02  3.310E-04  3.647E-02  5.942E-02
------------------------------------------------------------
