Spectral Irradiance, W m-2 nm-1
values at z =      0.000 km
Columns: wavelength (nm), solar zenith angles (deg.)
    wc, nm      0.000      5.000     10.000     15.000     20.000     25.000     30.000     35.000     40.000     45.000     50.000     55.000     60.000     65.000     70.000     75.000     80.000     85.000
  120.7000  0.000E+00  0.000E+00  0.000E+00  0.000E+00  0.000E+00  0.000E+00  0.000E+00  0.000E+00  0.000E+00  0.000E+00  0.000E+00  0.000E+00  0.000E+00  0.000E+00  0.000E+00  0.000E+00  0.000E+00  0.000E+00
  121.6500  0.000E+00  0.000E+00  0.000E+00  0.000E+00  0.000E+00  0.000E+00  0.000E+00  0.000E+00  0.000E+00  0.000E+00  0.000E+00  0.000E+00  0.000E+00  0.000E+00  0.000E+00  0.000E+00  0.000E+00  0.000E+00
  122.1000  0.000E+00  0.000E+00  0.000E+00  0.000E+00  0.000E+00  0.000E+00  0.000E+00  0.000E+00  0.000E+00  0.000E+00  0.000E+00  0.000E+00  0.000E+00  0.000E+00  0.000E+00  0.000E+00  0.000E+00  0.000E+00
  122.7000  0.000E+00  0.000E+00  0.000E+00  0.000E+00  0.000E+00  0.000E+00  0.000E+00  0.000E+00  0.000E+00  0.000E+00  0.000E+00  0.000E+00  0.000E+00  0.000E+00  0.000E+00  0.000E+00  0.000E+00  0.000E+00
  123.4500  0.000E+00  0.000E+00  0.000E+00  0.000E+00  0.000E+00  0.000E+00  0.000E+00  0.000E+00  0.000E+00  0.000E+00  0.000E+00  0.000E+00  0.000E+00  0.000E+00  0.000E+00  0.000E+00  0.000E+00  0.000E+00
  124.2000  0.000E+00  0.000E+00  0.000E+00  0.000E+00  0.000E+00  0.000E+00  0.000E+00  0.000E+00  0.000E+00  0.000E+00  0.000E+00  0.000E+00  0.000E+00  0.000E+00  0.000E+00  0.000E+00  0.000E+00  0.000E+00
  125.0000  0.000E+00  0.000E+00  0.000E+00  0.000E+00  0.000E+00  0.000E+00  0.000E+00  0.000E+00  0.000E+00  0.000E+00  0.000E+00  0.000E+00  0.000E+00  0.000E+00  0.000E+00  0.000E+00  0.000E+00  0.000E+00
  125.8000  0.000E+00  0.000E+00  0.000E+00  0.000E+00  0.000E+00  0.000E+00  0.000E+00  0.000E+00  0.000E+00  0.000E+00  0.000E+00  0.000E+00  0.000E+00  0.000E+00  0.000E+00  0.000E+00  0.000E+00  0.000E+00
  126.6000  0.000E+00  0.000E+00  0.000E+00  0.000E+00  0.000E+00  0.000E+00  0.000E+00  0.000E+00  0.000E+00  0.000E+00  0.000E+00  0.000E+00  0.000E+00  0.000E+00  0.000E+00  0.000E+00  0.000E+00  0.000E+00
  127.8000  0.000E+00  0.000E+00  0.000E+00  0.000E+00  0.000E+00  0.000E+00  0.000E+00  0.000E+00  0.000E+00  0.000E+00  0.000E+00  0.000E+00  0.000E+00  0.000E+00  0.000E+00  0.000E+00  0.000E+00  0.000E+00
  129.0000  0.000E+00  0.000E+00  0.000E+00  0.000E+00  0.000E+00  0.000E+00  0.000E+00  0.000E+00  0.000E+00  0.000E+00  0.000E+00  0.000E+00  0.000E+00  0.000E+00  0.000E+00  0.000E+00  0.000E+00  0.000E+00
  129.8500  0.000E+00  0.000E+00  0.000E+00  0.000E+00  0.000E+00  0.000E+00  0.000E+00  0.000E+00  0.000E+00  0.000E+00  0.000E+00  0.000E+00  0.000E+00  0.000E+00  0.000E+00  0.000E+00  0.000E+00  0.000E+00
  131.1500  0.000E+00  0.000E+00  0.000E+00  0.000E+00  0.000E+00  0.000E+00  0.000E+00  0.000E+00  0.000E+00  0.000E+00  0.000E+00  0.000E+00  0.000E+00  0.000E+00  0.000E+00  0.000E+00  0.000E+00  0.000E+00
  133.5000  0.000E+00  0.000E+00  0.000E+00  0.000E+00  0.000E+00  0.000E+00  0.000E+00  0.000E+00  0.000E+00  0.000E+00  0.000E+00  0.000E+00  0.000E+00  0.000E+00  0.000E+00  0.000E+00  0.000E+00  0.000E+00
  136.0000  0.000E+00  0.000E+00  0.000E+00  0.000E+00  0.000E+00  0.000E+00  0.000E+00  0.000E+00  0.000E+00  0.000E+00  0.000E+00  0.000E+00  0.000E+00  0.000E+00  0.000E+00  0.000E+00  0.000E+00  0.000E+00
  141.0000  0.000E+00  0.000E+00  0.000E+00  0.000E+00  0.000E+00  0.000E+00  0.000E+00  0.000E+00  0.000E+00  0.000E+00  0.000E+00  0.000E+00  0.000E+00  0.000E+00  0.000E+00  0.000E+00  0.000E+00  0.000E+00
  150.0000  0.000E+00  0.000E+00  0.000E+00  0.000E+00  0.000E+00  0.000E+00  0.000E+00  0.000E+00  0.000E+00  0.000E+00  0.000E+00  0.000E+00  0.000E+00  0.000E+00  0.000E+00  0.000E+00  0.000E+00  0.000E+00
  160.0000  0.000E+00  0.000E+00  0.000E+00  0.000E+00  0.000E+00  0.000E+00  0.000E+00  0.000E+00  0.000E+00  0.000E+00  0.000E+00  0.000E+00  0.000E+00  0.000E+00  0.000E+00  0.000E+00  0.000E+00  0.000E+00
  167.5000  0.000E+00  0.000E+00  0.000E+00  0.000E+00  0.000E+00  0.000E+00  0.000E+00  0.000E+00  0.000E+00  0.000E+00  0.000E+00  0.000E+00  0.000E+00  0.000E+00  0.000E+00  0.000E+00  0.000E+00  0.000E+00
  172.7000  0.000E+00  0.000E+00  0.000E+00  0.000E+00  0.000E+00  0.000E+00  0.000E+00  0.000E+00  0.000E+00  0.000E+00  0.000E+00  0.000E+00  0.000E+00  0.000E+00  0.000E+00  0.000E+00  0.000E+00  0.000E+00
  176.2000  0.000E+00  0.000E+00  0.000E+00  0.000E+00  0.000E+00  0.000E+00  0.000E+00  0.000E+00  0.000E+00  0.000E+00  0.000E+00  0.000E+00  0.000E+00  0.000E+00  0.000E+00  0.000E+00  0.000E+00  0.000E+00
  177.8000  0.000E+00  0.000E+00  0.000E+00  0.000E+00  0.000E+00  0.000E+00  0.000E+00  0.000E+00  0.000E+00  0.000E+00  0.000E+00  0.000E+00  0.000E+00  0.000E+00  0.000E+00  0.000E+00  0.000E+00  0.000E+00
  179.4000  0.000E+00  0.000E+00  0.000E+00  0.000E+00  0.000E+00  0.000E+00  0.000E+00  0.000E+00  0.000E+00  0.000E+00  0.000E+00  0.000E+00  0.000E+00  0.000E+00  0.000E+00  0.000E+00  0.000E+00  0.000E+00
  181.0000  0.000E+00  0.000E+00  0.000E+00  0.000E+00  0.000E+00  0.000E+00  0.000E+00  0.000E+00  0.000E+00  0.000E+00  0.000E+00  0.000E+00  0.000E+00  0.000E+00  0.000E+00  0.000E+00  0.000E+00  0.000E+00
  182.6500  0.000E+00  0.000E+00  0.000E+00  0.000E+00  0.000E+00  0.000E+00  0.000E+00  0.000E+00  0.000E+00  0.000E+00  0.000E+00  0.000E+00  0.000E+00  0.000E+00  0.000E+00  0.000E+00  0.000E+00  0.000E+00
  184.3500  0.000E+00  0.000E+00  0.000E+00  0.000E+00  0.000E+00  0.000E+00  0.000E+00  0.000E+00  0.000E+00  0.000E+00  0.000E+00  0.000E+00  0.000E+00  0.000E+00  0.000E+00  0.000E+00  0.000E+00  0.000E+00
  186.0500  0.000E+00  0.000E+00  0.000E+00  0.000E+00  0.000E+00  0.000E+00  0.000E+00  0.000E+00  0.000E+00  0.000E+00  0.000E+00  0.000E+00  0.000E+00  0.000E+00  0.000E+00  0.000E+00  0.000E+00  0.000E+00
  187.8000  0.000E+00  0.000E+00  0.000E+00  0.000E+00  0.000E+00  0.000E+00  0.000E+00  0.000E+00  0.000E+00  0.000E+00  0.000E+00  0.000E+00  0.000E+00  0.000E+00  0.000E+00  0.000E+00  0.000E+00  0.000E+00
  189.6000  0.000E+00  0.000E+00  0.000E+00  0.000E+00  0.000E+00  0.000E+00  0.000E+00  0.000E+00  0.000E+00  0.000E+00  0.000E+00  0.000E+00  0.000E+00  0.000E+00  0.000E+00  0.000E+00  0.000E+00  0.000E+00
  191.4000  0.000E+00  0.000E+00  0.000E+00  0.000E+00  0.000E+00  0.000E+00  0.000E+00  0.000E+00  0.000E+00  0.000E+00  0.000E+00  0.000E+00  0.000E+00  0.000E+00  0.000E+00  0.000E+00  0.000E+00  0.000E+00
  193.2500  0.000E+00  0.000E+00  0.000E+00  0.000E+00  0.000E+00  0.000E+00  0.000E+00  0.000E+00  0.000E+00  0.000E+00  0.000E+00  0.000E+00  0.000E+00  0.000E+00  0.000E+00  0.000E+00  0.000E+00  0.000E+00
  195.1500  0.000E+00  0.000E+00  0.000E+00  0.000E+00  0.000E+00  0.000E+00  0.000E+00  0.000E+00  0.000E+00  0.000E+00  0.000E+00  0.000E+00  0.000E+00  0.000E+00  0.000E+00  0.000E+00  0.000E+00  0.000E+00
  197.0500  0.000E+00  0.000E+00  0.000E+00  0.000E+00  0.000E+00  0.000E+00  0.000E+00  0.000E+00  0.000E+00  0.000E+00  0.000E+00  0.000E+00  0.000E+00  0.000E+00  0.000E+00  0.000E+00  0.000E+00  0.000E+00
  199.0000  0.000E+00  0.000E+00  0.000E+00  0.000E+00  0.000E+00  0.000E+00  0.000E+00  0.000E+00  0.000E+00  0.000E+00  0.000E+00  0.000E+00  0.000E+00  0.000E+00  0.000E+00  0.000E+00  0.000E+00  0.000E+00
  201.0000  0.000E+00  0.000E+00  0.000E+00  0.000E+00  0.000E+00  0.000E+00  0.000E+00  0.000E+00  0.000E+00  0.000E+00  0.000E+00  0.000E+00  0.000E+00  0.000E+00  0.000E+00  0.000E+00  0.000E+00  0.000E+00
  203.0500  0.000E+00  0.000E+00  0.000E+00  0.000E+00  0.000E+00  0.000E+00  0.000E+00  0.000E+00  0.000E+00  0.000E+00  0.000E+00  0.000E+00  0.000E+00  0.000E+00  0.000E+00  0.000E+00  0.000E+00  0.000E+00
  205.1500  0.000E+00  0.000E+00  0.000E+00  0.000E+00  0.000E+00  0.000E+00  0.000E+00  0.000E+00  0.000E+00  0.000E+00  0.000E+00  0.000E+00  0.000E+00  0.000E+00  0.000E+00  0.000E+00  0.000E+00  0.000E+00
  207.2665  6.160E-21  5.229E-21  3.180E-21  1.359E-21  3.954E-22  7.441E-23  8.431E-24  5.207E-25  1.538E-26  1.905E-28  1.354E-30  6.265E-32  1.532E-32  6.453E-33  3.556E-33  2.169E-33  1.303E-33  6.661E-34
  209.4295  2.925E-20  2.493E-20  1.535E-20  6.703E-21  2.010E-21  3.944E-22  4.721E-23  3.129E-24  1.011E-25  1.406E-27  1.126E-29  4.743E-31  1.027E-31  4.182E-32  2.323E-32  1.435E-32  8.709E-33  4.495E-33
  211.6460  1.319E-19  1.129E-19  7.038E-20  3.139E-20  9.711E-21  1.987E-21  2.513E-22  1.789E-23  6.343E-25  9.953E-27  9.106E-29  3.424E-30  6.314E-31  2.497E-31  1.411E-31  8.850E-32  5.430E-32  2.829E-32
  213.9100  1.633E-19  1.398E-19  8.727E-20  3.900E-20  1.210E-20  2.487E-21  3.163E-22  2.268E-23  8.122E-25  1.290E-26  1.096E-28  3.388E-30  5.060E-31  1.985E-31  1.152E-31  7.331E-32  4.535E-32  2.380E-32
  216.2225  1.138E-19  9.737E-20  6.058E-20  2.694E-20  8.300E-21  1.689E-21  2.122E-22  1.498E-23  5.261E-25  8.163E-27  6.880E-29  1.453E-30  1.692E-31  6.787E-32  4.049E-32  2.609E-32  1.623E-32  8.565E-33
  218.5855  8.164E-20  6.969E-20  4.311E-20  1.898E-20  5.761E-21  1.150E-21  1.408E-22  9.633E-24  3.257E-25  4.832E-27  3.727E-29  5.273E-31  4.661E-32  1.967E-32  1.202E-32  7.805E-33  4.873E-33  2.584E-33
  221.0010  1.532E-20  1.299E-20  7.882E-21  3.357E-21  9.713E-22  1.816E-22  2.044E-23  1.255E-24  3.699E-26  4.608E-28  2.724E-30  2.158E-32  1.442E-33  6.495E-34  4.034E-34  2.629E-34  1.643E-34  8.744E-35
  223.4705  1.457E-21  1.224E-21  7.210E-22  2.919E-22  7.849E-23  1.329E-23  1.314E-24  6.835E-26  1.633E-27  1.553E-29  6.189E-32  2.355E-34  1.211E-35  5.800E-36  3.635E-36  2.370E-36  1.480E-36  7.912E-37
  225.9960  4.555E-23  3.780E-23  2.147E-23  8.166E-24  2.005E-24  3.003E-25  2.530E-26  1.073E-27  1.977E-29  1.349E-31  3.333E-34  5.333E-37  2.168E-38  1.086E-38  6.842E-39  4.460E-39  2.785E-39  1.495E-39
  228.5790  4.466E-25  3.643E-25  1.961E-25  6.814E-26  1.466E-26  1.836E-27  1.226E-28  3.854E-30  4.854E-32  2.025E-34  2.511E-37  1.331E-40  4.366E-42  2.253E-42  1.422E-42  9.249E-43  5.773E-43  3.111E-43
  231.2215  1.374E-27  1.096E-27  5.522E-28  1.711E-28  3.118E-29  3.119E-30  1.552E-31  3.346E-33  2.599E-35  5.798E-38  3.037E-41  4.204E-45  0.000E+00  0.000E+00  0.000E+00  0.000E+00  0.000E+00  0.000E+00
  233.9260  1.205E-30  9.366E-31  4.362E-31  1.183E-31  1.775E-32  1.364E-33  4.808E-35  6.658E-37  2.933E-39  3.132E-42  0.000E+00  0.000E+00  0.000E+00  0.000E+00  0.000E+00  0.000E+00  0.000E+00  0.000E+00
  236.6945  8.333E-34  6.299E-34  2.693E-34  6.307E-35  7.647E-36  4.404E-37  1.064E-38  9.065E-41  2.144E-43  0.000E+00  0.000E+00  0.000E+00  0.000E+00  0.000E+00  0.000E+00  0.000E+00  0.000E+00  0.000E+00
  239.5295  8.543E-37  6.299E-37  2.496E-37  5.133E-38  5.152E-39  2.298E-40  3.975E-42  2.242E-44  1.401E-45  0.000E+00  0.000E+00  0.000E+00  0.000E+00  0.000E+00  0.000E+00  0.000E+00  0.000E+00  0.000E+00
  242.4330  3.414E-39  2.462E-39  9.119E-40  1.672E-40  1.420E-41  5.045E-43  5.605E-45  0.000E+00  0.000E+00  0.000E+00  0.000E+00  0.000E+00  0.000E+00  0.000E+00  0.000E+00  0.000E+00  0.000E+00  0.000E+00
  245.4080  8.716E-43  6.096E-43  2.046E-43  3.223E-44  2.803E-45  0.000E+00  0.000E+00  0.000E+00  0.000E+00  0.000E+00  0.000E+00  0.000E+00  0.000E+00  0.000E+00  0.000E+00  0.000E+00  0.000E+00  0.000E+00
  248.4570  1.401E-45  0.000E+00  0.000E+00  0.000E+00  0.000E+00  0.000E+00  0.000E+00  0.000E+00  0.000E+00  0.000E+00  0.000E+00  0.000E+00  0.000E+00  0.000E+00  0.000E+00  0.000E+00  0.000E+00  0.000E+00
  251.5825  0.000E+00  0.000E+00  0.000E+00  0.000E+00  0.000E+00  0.000E+00  0.000E+00  0.000E+00  0.000E+00  0.000E+00  0.000E+00  0.000E+00  0.000E+00  0.000E+00  0.000E+00  0.000E+00  0.000E+00  0.000E+00
  254.7875  0.000E+00  0.000E+00  0.000E+00  0.000E+00  0.000E+00  0.000E+00  0.000E+00  0.000E+00  0.000E+00  0.000E+00  0.000E+00  0.000E+00  0.000E+00  0.000E+00  0.000E+00  0.000E+00  0.000E+00  0.000E+00
  258.0750  0.000E+00  0.000E+00  0.000E+00  0.000E+00  0.000E+00  0.000E+00  0.000E+00  0.000E+00  0.000E+00  0.000E+00  0.000E+00  0.000E+00  0.000E+00  0.000E+00  0.000E+00  0.000E+00  0.000E+00  0.000E+00
  261.4490  1.401E-44  9.809E-45  2.803E-45  0.000E+00  0.000E+00  0.000E+00  0.000E+00  0.000E+00  0.000E+00  0.000E+00  0.000E+00  0.000E+00  0.000E+00  0.000E+00  0.000E+00  0.000E+00  0.000E+00  0.000E+00
  264.9125  2.446E-40  1.735E-40  6.119E-41  1.031E-41  7.735E-43  2.242E-44  0.000E+00  0.000E+00  0.000E+00  0.000E+00  0.000E+00  0.000E+00  0.000E+00  0.000E+00  0.000E+00  0.000E+00  0.000E+00  0.000E+00
  268.4685  3.622E-35  2.688E-35  1.087E-35  2.312E-36  2.436E-37  1.158E-38  2.170E-40  1.321E-42  1.401E-45  0.000E+00  0.000E+00  0.000E+00  0.000E+00  0.000E+00  0.000E+00  0.000E+00  0.000E+00  0.000E+00
  272.1215  1.749E-29  1.365E-29  6.422E-30  1.771E-30  2.724E-31  2.161E-32  7.909E-34  1.139E-35  5.146E-38  5.273E-41  8.408E-45  0.000E+00  0.000E+00  0.000E+00  0.000E+00  0.000E+00  0.000E+00  0.000E+00
  275.8755  1.893E-23  1.558E-23  8.614E-24  3.131E-24  7.190E-25  9.826E-26  7.322E-27  2.627E-28  3.806E-30  1.729E-32  1.710E-35  2.406E-39  2.619E-41  1.358E-41  8.509E-42  5.516E-42  3.454E-42  1.889E-42
  279.7340  5.519E-18  4.770E-18  3.063E-18  1.438E-18  4.788E-19  1.083E-19  1.559E-20  1.302E-21  5.547E-23  9.992E-25  5.824E-27  8.077E-30  1.049E-31  5.237E-32  3.283E-32  2.135E-32  1.337E-32  7.268E-33
  283.7020  9.393E-13  8.475E-13  6.202E-13  3.639E-13  1.678E-13  5.891E-14  1.507E-14  2.633E-15  2.873E-16  1.721E-17  4.707E-19  4.777E-21  8.837E-23  3.781E-23  2.355E-23  1.536E-23  9.643E-24  5.220E-24
  287.7845  1.096E-08  1.023E-08  8.304E-09  5.816E-09  3.468E-09  1.726E-09  6.791E-10  2.181E-10  5.009E-11  7.759E-12  7.207E-13  3.506E-14  1.351E-15  3.670E-16  2.213E-16  1.441E-16  9.085E-17  4.917E-17
  291.9865  1.341E-05  1.284E-05  1.124E-05  8.963E-06  6.454E-06  4.145E-06  2.332E-06  1.121E-06  4.439E-07  1.377E-07  3.122E-08  4.745E-09  4.937E-10  8.274E-11  4.139E-11  2.635E-11  1.661E-11  9.034E-12
  296.3090  9.863E-04  9.597E-04  8.836E-04  7.675E-04  6.259E-04  4.757E-04  3.335E-04  2.124E-04  1.204E-04  5.900E-05  2.400E-05  7.679E-06  1.841E-06  3.667E-07  1.116E-07  6.177E-08  3.804E-08  2.073E-08
  300.5000  1.092E-02  1.073E-02  1.017E-02  9.278E-03  8.130E-03  6.811E-03  5.419E-03  4.060E-03  2.828E-03  1.801E-03  1.023E-03  5.012E-04  2.027E-04  6.520E-05  1.820E-05  6.691E-06  3.631E-06  1.937E-06
  303.0000  4.070E-02  4.014E-02  3.848E-02  3.582E-02  3.230E-02  2.812E-02  2.353E-02  1.881E-02  1.422E-02  1.004E-02  6.511E-03  3.777E-03  1.892E-03  7.833E-04  2.622E-04  8.320E-05  3.645E-05  1.848E-05
  304.0000  4.802E-02  4.740E-02  4.556E-02  4.261E-02  3.868E-02  3.400E-02  2.879E-02  2.336E-02  1.801E-02  1.296E-02  8.721E-03  5.266E-03  2.777E-03  1.224E-03  4.362E-04  1.382E-04  5.617E-05  2.774E-05
  305.0000  7.214E-02  7.128E-02  6.876E-02  6.468E-02  5.923E-02  5.266E-02  4.528E-02  3.746E-02  2.959E-02  2.210E-02  1.537E-02  9.764E-03  5.496E-03  2.631E-03  1.024E-03  3.335E-04  1.225E-04  5.728E-05
  306.0000  7.208E-02  7.128E-02  6.891E-02  6.507E-02  5.992E-02  5.367E-02  4.659E-02  3.902E-02  3.131E-02  2.385E-02  1.702E-02  1.116E-02  6.550E-03  3.306E-03  1.368E-03  4.614E-04  1.597E-04  7.096E-05
  307.0000  9.887E-02  9.785E-02  9.482E-02  8.989E-02  8.325E-02  7.515E-02  6.591E-02  5.592E-02  4.562E-02  3.548E-02  2.600E-02  1.764E-02  1.082E-02  5.782E-03  2.563E-03  9.107E-04  3.000E-04  1.236E-04
  308.0000  1.227E-01  1.216E-01  1.180E-01  1.123E-01  1.046E-01  9.507E-02  8.416E-02  7.226E-02  5.984E-02  4.743E-02  3.560E-02  2.493E-02  1.591E-02  8.963E-03  4.243E-03  1.604E-03  5.171E-04  1.952E-04
  309.0000  1.316E-01  1.303E-01  1.267E-01  1.208E-01  1.128E-01  1.030E-01  9.164E-02  7.920E-02  6.614E-02  5.298E-02  4.031E-02  2.871E-02  1.874E-02  1.087E-02  5.340E-03  2.099E-03  6.759E-04  2.410E-04
  310.0000  1.370E-01  1.359E-01  1.324E-01  1.267E-01  1.189E-01  1.094E-01  9.824E-02  8.594E-02  7.287E-02  5.951E-02  4.641E-02  3.412E-02  2.322E-02  1.422E-02  7.507E-03  3.205E-03  1.063E-03  3.392E-04
  311.0000  2.361E-01  2.318E-01  2.284E-01  2.189E-01  2.060E-01  1.899E-01  1.698E-01  1.506E-01  1.285E-01  1.058E-01  8.333E-02  6.207E-02  4.295E-02  2.690E-02  1.462E-02  6.471E-03  2.195E-03  6.701E-04
  312.0000  2.178E-01  2.161E-01  2.110E-01  2.027E-01  1.913E-01  1.772E-01  1.607E-01  1.423E-01  1.225E-01  1.020E-01  8.147E-02  6.180E-02  4.380E-02  2.832E-02  1.606E-02  7.509E-03  2.665E-03  7.709E-04
  313.0000  2.514E-01  2.495E-01  2.439E-01  2.348E-01  2.223E-01  2.067E-01  1.885E-01  1.680E-01  1.459E-01  1.228E-01  9.945E-02  7.680E-02  5.572E-02  3.715E-02  2.198E-02  1.087E-02  4.087E-03  1.145E-03
  314.0000  2.781E-01  2.761E-01  2.700E-01  2.601E-01  2.466E-01  2.297E-01  2.098E-01  1.875E-01  1.634E-01  1.381E-01  1.125E-01  8.746E-02  6.402E-02  4.320E-02  2.597E-02  1.312E-02  5.054E-03  1.406E-03
  316.0000  2.981E-01  2.961E-01  2.901E-01  2.803E-01  2.669E-01  2.500E-01  2.302E-01  2.077E-01  1.832E-01  1.573E-01  1.303E-01  1.042E-01  7.886E-02  5.563E-02  3.555E-02  1.957E-02  8.410E-03  2.414E-03
  320.0000  4.013E-01  3.988E-01  3.915E-01  3.795E-01  3.630E-01  3.423E-01  3.177E-01  2.897E-01  2.589E-01  2.259E-01  1.917E-01  1.570E-01  1.231E-01  9.097E-02  6.204E-02  3.750E-02  1.847E-02  6.070E-03
  325.0000  5.328E-01  5.298E-01  5.209E-01  5.062E-01  4.859E-01  4.604E-01  4.301E-01  3.954E-01  3.570E-01  3.156E-01  2.721E-01  2.276E-01  1.832E-01  1.404E-01  1.006E-01  6.549E-02  3.625E-02  1.428E-02
  330.0000  6.738E-01  6.701E-01  6.594E-01  6.415E-01  6.170E-01  5.860E-01  5.490E-01  5.067E-01  4.596E-01  4.088E-01  3.551E-01  2.998E-01  2.443E-01  1.902E-01  1.393E-01  9.363E-02  5.466E-02  2.374E-02
  335.0000  6.488E-01  6.455E-01  6.354E-01  6.187E-01  5.957E-01  5.666E-01  5.320E-01  4.922E-01  4.479E-01  3.998E-01  3.490E-01  2.964E-01  2.433E-01  1.912E-01  1.420E-01  9.724E-02  5.863E-02  2.715E-02
  340.0000  7.090E-01  7.054E-01  6.946E-01  6.766E-01  6.519E-01  6.206E-01  5.833E-01  5.403E-01  4.925E-01  4.406E-01  3.854E-01  3.283E-01  2.704E-01  2.135E-01  1.593E-01  1.099E-01  6.711E-02  3.193E-02
  345.0000  7.012E-01  6.977E-01  6.871E-01  6.696E-01  6.454E-01  6.148E-01  5.782E-01  5.361E-01  4.892E-01  4.382E-01  3.839E-01  3.276E-01  2.704E-01  2.139E-01  1.600E-01  1.108E-01  6.801E-02  3.278E-02
  350.0000  7.341E-01  7.304E-01  7.194E-01  7.012E-01  6.760E-01  6.442E-01  6.061E-01  5.623E-01  5.134E-01  4.602E-01  4.036E-01  3.446E-01  2.847E-01  2.253E-01  1.686E-01  1.166E-01  7.152E-02  3.446E-02
  355.0000  7.773E-01  7.735E-01  7.619E-01  7.428E-01  7.164E-01  6.829E-01  6.429E-01  5.968E-01  5.453E-01  4.892E-01  4.294E-01  3.671E-01  3.036E-01  2.406E-01  1.802E-01  1.247E-01  7.653E-02  3.701E-02
  360.0000  7.115E-01  7.080E-01  6.975E-01  6.801E-01  6.561E-01  6.257E-01  5.893E-01  5.474E-01  5.005E-01  4.493E-01  3.947E-01  3.377E-01  2.796E-01  2.218E-01  1.662E-01  1.150E-01  7.053E-02  3.415E-02
  365.0000  9.055E-01  9.010E-01  8.877E-01  8.658E-01  8.354E-01  7.970E-01  7.509E-01  6.979E-01  6.385E-01  5.736E-01  5.043E-01  4.319E-01  3.578E-01  2.841E-01  2.129E-01  1.473E-01  9.029E-02  4.373E-02
  370.0000  9.421E-01  9.375E-01  9.238E-01  9.011E-01  8.697E-01  8.299E-01  7.823E-01  7.273E-01  6.658E-01  5.986E-01  5.267E-01  4.514E-01  3.744E-01  2.974E-01  2.230E-01  1.543E-01  9.441E-02  4.571E-02
  375.0000  8.516E-01  8.474E-01  8.351E-01  8.147E-01  7.865E-01  7.508E-01  7.080E-01  6.586E-01  6.032E-01  5.426E-01  4.778E-01  4.099E-01  3.402E-01  2.704E-01  2.029E-01  1.403E-01  8.574E-02  4.148E-02
  380.0000  9.795E-01  9.748E-01  9.607E-01  9.374E-01  9.051E-01  8.643E-01  8.153E-01  7.587E-01  6.953E-01  6.259E-01  5.515E-01  4.734E-01  3.932E-01  3.129E-01  2.348E-01  1.623E-01  9.907E-02  4.788E-02
  385.0000  7.388E-01  7.353E-01  7.247E-01  7.073E-01  6.831E-01  6.524E-01  6.156E-01  5.732E-01  5.255E-01  4.733E-01  4.174E-01  3.586E-01  2.981E-01  2.374E-01  1.782E-01  1.232E-01  7.507E-02  3.624E-02
  390.0000  9.652E-01  9.606E-01  9.469E-01  9.242E-01  8.928E-01  8.529E-01  8.051E-01  7.499E-01  6.879E-01  6.200E-01  5.471E-01  4.704E-01  3.913E-01  3.118E-01  2.343E-01  1.619E-01  9.852E-02  4.749E-02
  395.0000  7.491E-01  7.455E-01  7.350E-01  7.174E-01  6.932E-01  6.624E-01  6.255E-01  5.828E-01  5.349E-01  4.823E-01  4.259E-01  3.665E-01  3.051E-01  2.433E-01  1.829E-01  1.264E-01  7.681E-02  3.696E-02
  400.0000  1.391E+00  1.385E+00  1.365E+00  1.333E+00  1.288E+00  1.231E+00  1.163E+00  1.084E+00  9.952E-01  8.979E-01  7.934E-01  6.832E-01  5.693E-01  4.544E-01  3.418E-01  2.361E-01  1.433E-01  6.885E-02
  405.0000  1.419E+00  1.412E+00  1.392E+00  1.360E+00  1.314E+00  1.256E+00  1.187E+00  1.107E+00  1.017E+00  9.179E-01  8.115E-01  6.993E-01  5.832E-01  4.658E-01  3.506E-01  2.422E-01  1.468E-01  7.040E-02
  410.0000  1.463E+00  1.457E+00  1.436E+00  1.403E+00  1.356E+00  1.297E+00  1.225E+00  1.143E+00  1.051E+00  9.488E-01  8.394E-01  7.238E-01  6.041E-01  4.829E-01  3.637E-01  2.513E-01  1.521E-01  7.278E-02
  415.0000  1.525E+00  1.518E+00  1.497E+00  1.462E+00  1.414E+00  1.352E+00  1.278E+00  1.193E+00  1.097E+00  9.909E-01  8.772E-01  7.569E-01  6.322E-01  5.058E-01  3.812E-01  2.634E-01  1.592E-01  7.604E-02
  420.0000  1.540E+00  1.533E+00  1.511E+00  1.476E+00  1.427E+00  1.366E+00  1.291E+00  1.205E+00  1.109E+00  1.002E+00  8.878E-01  7.666E-01  6.408E-01  5.131E-01  3.870E-01  2.674E-01  1.615E-01  7.692E-02
  425.0000  1.470E+00  1.463E+00  1.443E+00  1.410E+00  1.363E+00  1.304E+00  1.234E+00  1.152E+00  1.060E+00  9.588E-01  8.496E-01  7.341E-01  6.141E-01  4.920E-01  3.713E-01  2.566E-01  1.547E-01  7.350E-02
  430.0000  1.356E+00  1.350E+00  1.331E+00  1.301E+00  1.258E+00  1.204E+00  1.139E+00  1.064E+00  9.794E-01  8.863E-01  7.858E-01  6.794E-01  5.687E-01  4.561E-01  3.444E-01  2.381E-01  1.434E-01  6.797E-02
  435.0000  1.574E+00  1.567E+00  1.546E+00  1.510E+00  1.461E+00  1.399E+00  1.323E+00  1.236E+00  1.139E+00  1.031E+00  9.143E-01  7.910E-01  6.626E-01  5.318E-01  4.019E-01  2.779E-01  1.672E-01  7.900E-02
  440.0000  1.619E+00  1.612E+00  1.590E+00  1.554E+00  1.503E+00  1.439E+00  1.362E+00  1.273E+00  1.172E+00  1.062E+00  9.424E-01  8.157E-01  6.837E-01  5.491E-01  4.152E-01  2.871E-01  1.725E-01  8.120E-02
  445.0000  1.739E+00  1.731E+00  1.708E+00  1.669E+00  1.615E+00  1.546E+00  1.464E+00  1.368E+00  1.261E+00  1.142E+00  1.014E+00  8.783E-01  7.367E-01  5.920E-01  4.480E-01  3.099E-01  1.860E-01  8.724E-02
  450.0000  1.849E+00  1.841E+00  1.816E+00  1.775E+00  1.718E+00  1.645E+00  1.558E+00  1.457E+00  1.342E+00  1.217E+00  1.081E+00  9.366E-01  7.861E-01  6.322E-01  4.787E-01  3.313E-01  1.986E-01  9.289E-02
  455.0000  1.810E+00  1.802E+00  1.777E+00  1.737E+00  1.681E+00  1.610E+00  1.525E+00  1.426E+00  1.315E+00  1.192E+00  1.060E+00  9.187E-01  7.715E-01  6.209E-01  4.704E-01  3.257E-01  1.951E-01  9.091E-02
  460.0000  1.861E+00  1.853E+00  1.828E+00  1.786E+00  1.729E+00  1.657E+00  1.569E+00  1.468E+00  1.353E+00  1.227E+00  1.091E+00  9.462E-01  7.949E-01  6.399E-01  4.849E-01  3.355E-01  2.005E-01  9.279E-02
  465.0000  1.840E+00  1.832E+00  1.807E+00  1.767E+00  1.710E+00  1.638E+00  1.552E+00  1.452E+00  1.340E+00  1.215E+00  1.081E+00  9.378E-01  7.883E-01  6.350E-01  4.816E-01  3.334E-01  1.991E-01  9.192E-02
  470.0000  1.830E+00  1.821E+00  1.797E+00  1.757E+00  1.701E+00  1.630E+00  1.544E+00  1.445E+00  1.333E+00  1.210E+00  1.077E+00  9.345E-01  7.860E-01  6.335E-01  4.808E-01  3.329E-01  1.987E-01  9.136E-02
  475.0000  1.850E+00  1.842E+00  1.818E+00  1.777E+00  1.721E+00  1.649E+00  1.563E+00  1.463E+00  1.350E+00  1.225E+00  1.090E+00  9.469E-01  7.968E-01  6.426E-01  4.878E-01  3.379E-01  2.014E-01  9.218E-02
  480.0000  1.900E+00  1.892E+00  1.867E+00  1.825E+00  1.767E+00  1.694E+00  1.605E+00  1.502E+00  1.387E+00  1.259E+00  1.120E+00  9.729E-01  8.186E-01  6.601E-01  5.009E-01  3.464E-01  2.057E-01  9.319E-02
  485.0000  1.726E+00  1.718E+00  1.695E+00  1.657E+00  1.605E+00  1.538E+00  1.458E+00  1.365E+00  1.260E+00  1.144E+00  1.019E+00  8.849E-01  7.449E-01  6.009E-01  4.562E-01  3.156E-01  1.872E-01  8.441E-02
  490.0000  1.797E+00  1.789E+00  1.766E+00  1.726E+00  1.672E+00  1.603E+00  1.519E+00  1.423E+00  1.314E+00  1.193E+00  1.063E+00  9.236E-01  7.779E-01  6.280E-01  4.771E-01  3.303E-01  1.959E-01  8.813E-02
  495.0000  1.830E+00  1.822E+00  1.798E+00  1.758E+00  1.702E+00  1.632E+00  1.547E+00  1.449E+00  1.338E+00  1.216E+00  1.083E+00  9.417E-01  7.934E-01  6.408E-01  4.870E-01  3.371E-01  1.997E-01  8.937E-02
  500.0000  1.742E+00  1.735E+00  1.712E+00  1.674E+00  1.621E+00  1.554E+00  1.473E+00  1.380E+00  1.274E+00  1.158E+00  1.031E+00  8.966E-01  7.553E-01  6.098E-01  4.632E-01  3.202E-01  1.889E-01  8.362E-02
  505.0000  1.766E+00  1.758E+00  1.735E+00  1.697E+00  1.643E+00  1.575E+00  1.493E+00  1.398E+00  1.291E+00  1.173E+00  1.045E+00  9.080E-01  7.647E-01  6.170E-01  4.681E-01  3.228E-01  1.895E-01  8.269E-02
  510.0000  1.751E+00  1.744E+00  1.721E+00  1.683E+00  1.630E+00  1.562E+00  1.481E+00  1.388E+00  1.282E+00  1.165E+00  1.038E+00  9.023E-01  7.603E-01  6.138E-01  4.661E-01  3.217E-01  1.889E-01  8.229E-02
  515.0000  1.623E+00  1.616E+00  1.594E+00  1.559E+00  1.510E+00  1.448E+00  1.373E+00  1.286E+00  1.188E+00  1.080E+00  9.625E-01  8.372E-01  7.056E-01  5.700E-01  4.329E-01  2.989E-01  1.754E-01  7.604E-02
  520.0000  1.667E+00  1.659E+00  1.637E+00  1.601E+00  1.551E+00  1.487E+00  1.411E+00  1.321E+00  1.221E+00  1.110E+00  9.889E-01  8.602E-01  7.251E-01  5.857E-01  4.448E-01  3.069E-01  1.797E-01  7.734E-02
  525.0000  1.669E+00  1.661E+00  1.639E+00  1.603E+00  1.553E+00  1.489E+00  1.412E+00  1.323E+00  1.222E+00  1.110E+00  9.895E-01  8.606E-01  7.252E-01  5.854E-01  4.442E-01  3.059E-01  1.783E-01  7.578E-02
  530.0000  1.752E+00  1.745E+00  1.722E+00  1.684E+00  1.631E+00  1.564E+00  1.483E+00  1.389E+00  1.282E+00  1.165E+00  1.038E+00  9.024E-01  7.599E-01  6.129E-01  4.643E-01  3.188E-01  1.846E-01  7.724E-02
  535.0000  1.696E+00  1.689E+00  1.666E+00  1.630E+00  1.578E+00  1.513E+00  1.435E+00  1.344E+00  1.241E+00  1.128E+00  1.005E+00  8.735E-01  7.356E-01  5.932E-01  4.492E-01  3.082E-01  1.780E-01  7.385E-02
  540.0000  1.697E+00  1.689E+00  1.667E+00  1.630E+00  1.579E+00  1.514E+00  1.436E+00  1.345E+00  1.242E+00  1.129E+00  1.006E+00  8.748E-01  7.369E-01  5.944E-01  4.503E-01  3.090E-01  1.784E-01  7.370E-02
  545.0000  1.719E+00  1.712E+00  1.689E+00  1.652E+00  1.600E+00  1.534E+00  1.455E+00  1.363E+00  1.259E+00  1.144E+00  1.019E+00  8.861E-01  7.463E-01  6.019E-01  4.557E-01  3.124E-01  1.798E-01  7.360E-02
  550.0000  1.722E+00  1.715E+00  1.692E+00  1.655E+00  1.603E+00  1.537E+00  1.458E+00  1.365E+00  1.261E+00  1.146E+00  1.021E+00  8.879E-01  7.478E-01  6.031E-01  4.565E-01  3.127E-01  1.796E-01  7.299E-02
  555.0000  1.707E+00  1.700E+00  1.677E+00  1.640E+00  1.589E+00  1.524E+00  1.445E+00  1.354E+00  1.251E+00  1.136E+00  1.013E+00  8.806E-01  7.417E-01  5.981E-01  4.527E-01  3.099E-01  1.776E-01  7.159E-02
  560.0000  1.660E+00  1.653E+00  1.631E+00  1.595E+00  1.545E+00  1.481E+00  1.405E+00  1.316E+00  1.215E+00  1.104E+00  9.838E-01  8.551E-01  7.198E-01  5.801E-01  4.385E-01  2.995E-01  1.708E-01  6.794E-02
  565.0000  1.658E+00  1.651E+00  1.629E+00  1.593E+00  1.543E+00  1.479E+00  1.403E+00  1.314E+00  1.213E+00  1.102E+00  9.816E-01  8.528E-01  7.175E-01  5.777E-01  4.361E-01  2.971E-01  1.685E-01  6.610E-02
  570.0000  1.646E+00  1.639E+00  1.617E+00  1.581E+00  1.531E+00  1.468E+00  1.392E+00  1.304E+00  1.204E+00  1.094E+00  9.738E-01  8.459E-01  7.115E-01  5.726E-01  4.319E-01  2.938E-01  1.661E-01  6.451E-02
  575.0000  1.672E+00  1.665E+00  1.643E+00  1.607E+00  1.556E+00  1.492E+00  1.415E+00  1.325E+00  1.223E+00  1.111E+00  9.897E-01  8.597E-01  7.231E-01  5.819E-01  4.389E-01  2.985E-01  1.685E-01  6.507E-02
  580.0000  1.647E+00  1.639E+00  1.618E+00  1.582E+00  1.532E+00  1.469E+00  1.394E+00  1.305E+00  1.206E+00  1.096E+00  9.761E-01  8.484E-01  7.142E-01  5.753E-01  4.345E-01  2.960E-01  1.676E-01  6.493E-02
  585.0000  1.649E+00  1.642E+00  1.620E+00  1.585E+00  1.535E+00  1.472E+00  1.396E+00  1.308E+00  1.209E+00  1.099E+00  9.794E-01  8.518E-01  7.175E-01  5.786E-01  4.376E-01  2.988E-01  1.696E-01  6.598E-02
  590.0000  1.591E+00  1.584E+00  1.563E+00  1.529E+00  1.481E+00  1.421E+00  1.348E+00  1.263E+00  1.167E+00  1.061E+00  9.457E-01  8.228E-01  6.934E-01  5.594E-01  4.233E-01  2.892E-01  1.643E-01  6.382E-02
  595.0000  1.620E+00  1.613E+00  1.592E+00  1.557E+00  1.508E+00  1.446E+00  1.372E+00  1.286E+00  1.188E+00  1.080E+00  9.624E-01  8.371E-01  7.051E-01  5.686E-01  4.299E-01  2.933E-01  1.661E-01  6.389E-02
  600.0000  1.577E+00  1.570E+00  1.550E+00  1.516E+00  1.468E+00  1.408E+00  1.335E+00  1.251E+00  1.156E+00  1.050E+00  9.360E-01  8.138E-01  6.851E-01  5.520E-01  4.169E-01  2.838E-01  1.599E-01  6.079E-02
  605.0000  1.595E+00  1.588E+00  1.567E+00  1.533E+00  1.485E+00  1.424E+00  1.351E+00  1.266E+00  1.169E+00  1.063E+00  9.472E-01  8.237E-01  6.937E-01  5.591E-01  4.224E-01  2.876E-01  1.621E-01  6.151E-02
  610.0000  1.578E+00  1.571E+00  1.551E+00  1.517E+00  1.469E+00  1.409E+00  1.337E+00  1.253E+00  1.158E+00  1.053E+00  9.394E-01  8.176E-01  6.893E-01  5.564E-01  4.213E-01  2.879E-01  1.632E-01  6.247E-02
  615.0000  1.544E+00  1.537E+00  1.517E+00  1.484E+00  1.438E+00  1.380E+00  1.309E+00  1.227E+00  1.135E+00  1.033E+00  9.216E-01  8.029E-01  6.778E-01  5.480E-01  4.160E-01  2.853E-01  1.627E-01  6.298E-02
  620.0000  1.569E+00  1.562E+00  1.542E+00  1.508E+00  1.462E+00  1.403E+00  1.331E+00  1.248E+00  1.155E+00  1.051E+00  9.388E-01  8.184E-01  6.916E-01  5.600E-01  4.259E-01  2.930E-01  1.679E-01  6.555E-02
  625.0000  1.537E+00  1.530E+00  1.511E+00  1.478E+00  1.432E+00  1.375E+00  1.305E+00  1.224E+00  1.133E+00  1.032E+00  9.216E-01  8.039E-01  6.799E-01  5.511E-01  4.199E-01  2.895E-01  1.666E-01  6.544E-02
  630.0000  1.541E+00  1.535E+00  1.515E+00  1.482E+00  1.437E+00  1.379E+00  1.309E+00  1.229E+00  1.137E+00  1.036E+00  9.260E-01  8.083E-01  6.842E-01  5.553E-01  4.238E-01  2.930E-01  1.693E-01  6.696E-02
  635.0000  1.533E+00  1.526E+00  1.507E+00  1.474E+00  1.429E+00  1.372E+00  1.303E+00  1.223E+00  1.132E+00  1.032E+00  9.229E-01  8.062E-01  6.830E-01  5.551E-01  4.244E-01  2.943E-01  1.708E-01  6.809E-02
  640.0000  1.517E+00  1.511E+00  1.492E+00  1.460E+00  1.415E+00  1.359E+00  1.291E+00  1.212E+00  1.122E+00  1.023E+00  9.157E-01  8.004E-01  6.788E-01  5.524E-01  4.231E-01  2.942E-01  1.716E-01  6.896E-02
  644.8000  1.511E+00  1.504E+00  1.485E+00  1.453E+00  1.409E+00  1.353E+00  1.286E+00  1.207E+00  1.118E+00  1.020E+00  9.133E-01  7.989E-01  6.781E-01  5.524E-01  4.238E-01  2.955E-01  1.730E-01  7.001E-02
  651.0500  1.494E+00  1.487E+00  1.468E+00  1.437E+00  1.394E+00  1.338E+00  1.272E+00  1.195E+00  1.107E+00  1.010E+00  9.049E-01  7.920E-01  6.728E-01  5.488E-01  4.218E-01  2.948E-01  1.734E-01  7.063E-02
  660.0000  1.420E+00  1.414E+00  1.396E+00  1.366E+00  1.325E+00  1.273E+00  1.210E+00  1.137E+00  1.054E+00  9.625E-01  8.627E-01  7.559E-01  6.429E-01  5.253E-01  4.048E-01  2.840E-01  1.681E-01  6.911E-02
  670.0000  1.460E+00  1.454E+00  1.436E+00  1.406E+00  1.364E+00  1.310E+00  1.246E+00  1.171E+00  1.086E+00  9.924E-01  8.902E-01  7.808E-01  6.650E-01  5.444E-01  4.207E-01  2.964E-01  1.766E-01  7.342E-02
  680.0000  1.436E+00  1.430E+00  1.412E+00  1.383E+00  1.342E+00  1.289E+00  1.226E+00  1.153E+00  1.070E+00  9.780E-01  8.780E-01  7.707E-01  6.572E-01  5.389E-01  4.174E-01  2.951E-01  1.768E-01  7.417E-02
  690.0000  1.418E+00  1.412E+00  1.394E+00  1.365E+00  1.325E+00  1.273E+00  1.211E+00  1.139E+00  1.057E+00  9.670E-01  8.685E-01  7.629E-01  6.513E-01  5.347E-01  4.150E-01  2.943E-01  1.771E-01  7.480E-02
  700.0000  1.395E+00  1.389E+00  1.372E+00  1.343E+00  1.304E+00  1.253E+00  1.192E+00  1.122E+00  1.042E+00  9.531E-01  8.565E-01  7.530E-01  6.434E-01  5.290E-01  4.113E-01  2.925E-01  1.769E-01  7.525E-02
  710.0000  1.363E+00  1.358E+00  1.341E+00  1.313E+00  1.274E+00  1.225E+00  1.166E+00  1.097E+00  1.019E+00  9.325E-01  8.384E-01  7.375E-01  6.306E-01  5.190E-01  4.041E-01  2.880E-01  1.747E-01  7.459E-02
  720.0000  1.319E+00  1.314E+00  1.297E+00  1.270E+00  1.233E+00  1.186E+00  1.129E+00  1.062E+00  9.868E-01  9.033E-01  8.125E-01  7.150E-01  6.118E-01  5.039E-01  3.928E-01  2.804E-01  1.706E-01  7.305E-02
  730.0000  1.289E+00  1.284E+00  1.268E+00  1.242E+00  1.206E+00  1.159E+00  1.104E+00  1.039E+00  9.654E-01  8.841E-01  7.955E-01  7.003E-01  5.996E-01  4.944E-01  3.859E-01  2.761E-01  1.685E-01  7.241E-02
------------------------------------------------------------
Dose rates, W m-2
   1 = UV-B, 280-315 nm                                  
   2 = UV-B*, 280-320 nm                                 
   3 = UV-A, 315-400 nm                                  
   4 = DNA damage, in vitro (Setlow, 1974)               
   5 = UV index (WMO, 1994; Webb et al., 2011)           
   6 = Plant damage (Caldwell, 1971)                     
   7 = Plant damage,Flint&Caldwell,2003,orig.            
   8 = Plant damage,Flint&Caldwell,2003,ext390           
values at z =      0.000 km
Columns: sza, weighting spectra
 sza, deg.          1          2          3          4          5          6          7          8
    0.0000  1.755E+00  2.649E+00  6.100E+01  5.560E-03  1.012E+01  2.973E-01  1.163E+00  1.632E+00
    5.0000  1.736E+00  2.625E+00  6.069E+01  5.483E-03  1.002E+01  2.935E-01  1.155E+00  1.622E+00
   10.0000  1.692E+00  2.562E+00  5.978E+01  5.264E-03  9.727E+00  2.830E-01  1.132E+00  1.592E+00
   15.0000  1.615E+00  2.456E+00  5.826E+01  4.913E-03  9.250E+00  2.659E-01  1.093E+00  1.543E+00
   20.0000  1.511E+00  2.312E+00  5.617E+01  4.452E-03  8.612E+00  2.432E-01  1.042E+00  1.476E+00
   25.0000  1.384E+00  2.134E+00  5.352E+01  3.913E-03  7.841E+00  2.161E-01  9.776E-01  1.392E+00
   30.0000  1.236E+00  1.927E+00  5.035E+01  3.326E-03  6.968E+00  1.859E-01  9.030E-01  1.294E+00
   35.0000  1.077E+00  1.701E+00  4.670E+01  2.730E-03  6.042E+00  1.544E-01  8.202E-01  1.184E+00
   40.0000  9.096E-01  1.459E+00  4.263E+01  2.153E-03  5.090E+00  1.230E-01  7.312E-01  1.064E+00
   45.0000  7.404E-01  1.212E+00  3.819E+01  1.624E-03  4.155E+00  9.329E-02  6.383E-01  9.383E-01
   50.0000  5.769E-01  9.678E-01  3.347E+01  1.166E-03  3.273E+00  6.678E-02  5.441E-01  8.084E-01
   55.0000  4.255E-01  7.382E-01  2.855E+01  7.900E-04  2.476E+00  4.443E-02  4.509E-01  6.778E-01
   60.0000  2.927E-01  5.293E-01  2.355E+01  5.009E-04  1.784E+00  2.696E-02  3.610E-01  5.495E-01
   65.0000  1.836E-01  3.505E-01  1.859E+01  2.944E-04  1.215E+00  1.452E-02  2.769E-01  4.268E-01
   70.0000  1.015E-01  2.081E-01  1.384E+01  1.589E-04  7.705E-01  6.697E-03  2.005E-01  3.131E-01
   75.0000  4.684E-02  1.056E-01  9.491E+00  7.807E-05  4.462E-01  2.572E-03  1.341E-01  2.119E-01
   80.0000  1.695E-02  4.218E-02  5.733E+00  3.464E-05  2.272E-01  8.757E-04  7.921E-02  1.267E-01
   85.0000  5.074E-03  1.232E-02  2.713E+00  1.318E-05  9.208E-02  3.302E-04  3.645E-02  5.939E-02
------------------------------------------------------------
