Spectral Irradiance, W m-2 nm-1
values at z =      0.000 km
Columns: wavelength (nm), solar zenith angles (deg.)
    wc, nm      0.000      5.000     10.000     15.000     20.000     25.000     30.000     35.000     40.000     45.000     50.000     55.000     60.000     65.000     70.000     75.000     80.000     85.000
  280.5000  1.602E-12  1.453E-12  1.082E-12  6.537E-13  3.145E-13  1.170E-13  3.224E-14  6.199E-15  7.634E-16  5.333E-17  1.785E-18  2.501E-20  1.109E-21  6.155E-22  4.453E-22  3.356E-22  2.468E-22  1.621E-22
  281.5000  3.419E-11  3.128E-11  2.389E-11  1.508E-11  7.730E-12  3.133E-12  9.661E-13  2.146E-13  3.176E-14  2.806E-15  1.271E-16  2.618E-18  1.256E-19  6.645E-20  4.783E-20  3.600E-20  2.648E-20  1.739E-20
  282.5000  3.241E-10  2.987E-10  2.332E-10  1.528E-10  8.273E-11  3.610E-11  1.226E-11  2.944E-12  5.342E-13  5.778E-14  3.395E-15  9.717E-17  5.079E-18  2.543E-18  1.819E-18  1.367E-18  1.006E-18  6.604E-19
  283.5000  1.261E-09  1.168E-09  9.245E-10  6.207E-10  3.481E-10  1.594E-10  5.762E-11  1.569E-11  3.014E-12  3.714E-13  2.582E-14  9.135E-16  5.086E-17  2.434E-17  1.733E-17  1.301E-17  9.567E-18  6.283E-18
  284.5000  9.331E-09  8.716E-09  7.085E-09  4.975E-09  2.978E-09  1.489E-09  6.042E-10  1.908E-10  4.426E-11  6.947E-12  6.593E-13  3.459E-14  2.255E-15  9.751E-16  6.860E-16  5.130E-16  3.771E-16  2.478E-16
  285.5000  2.541E-08  2.389E-08  1.980E-08  1.437E-08  9.023E-09  4.815E-09  2.127E-09  7.491E-10  1.997E-10  3.743E-11  4.465E-12  3.125E-13  2.347E-14  9.249E-15  6.422E-15  4.785E-15  3.515E-15  2.310E-15
  286.5000  2.472E-07  2.335E-07  1.964E-07  1.462E-07  9.527E-08  5.345E-08  2.520E-08  9.652E-09  2.863E-09  6.150E-10  8.742E-11  7.628E-12  6.492E-13  2.358E-13  1.614E-13  1.198E-13  8.793E-14  5.782E-14
  287.5000  1.151E-06  1.093E-06  9.348E-07  7.158E-07  4.860E-07  2.883E-07  1.462E-07  6.146E-08  2.054E-08  5.137E-09  8.880E-10  9.906E-11  9.910E-12  3.267E-12  2.186E-12  1.613E-12  1.182E-12  7.773E-13
  288.5000  4.582E-06  4.378E-06  3.811E-06  2.970E-06  2.136E-06  1.346E-06  7.385E-07  3.436E-07  1.306E-07  3.853E-08  8.231E-09  1.197E-09  1.464E-10  4.353E-11  2.800E-11  2.049E-11  1.497E-11  9.844E-12
  289.5000  2.126E-05  2.040E-05  1.799E-05  1.452E-05  1.064E-05  6.999E-06  4.063E-06  2.032E-06  8.472E-07  2.811E-07  6.981E-08  1.226E-08  1.754E-09  4.878E-10  3.006E-10  2.181E-10  1.588E-10  1.044E-10
  290.5000  7.385E-05  7.110E-05  6.339E-05  5.211E-05  3.923E-05  2.676E-05  1.629E-05  8.658E-06  3.900E-06  1.428E-06  4.026E-07  8.283E-08  1.364E-08  3.629E-09  2.127E-09  1.528E-09  1.108E-09  7.284E-10
  291.5000  1.986E-04  1.920E-04  1.732E-04  1.454E-04  1.129E-04  8.024E-05  5.154E-05  2.936E-05  1.444E-05  5.918E-06  1.926E-06  4.741E-07  9.270E-08  2.405E-08  1.305E-08  9.223E-09  6.650E-09  4.364E-09
  292.5000  4.161E-04  4.036E-04  3.679E-04  3.142E-04  2.500E-04  1.838E-04  1.234E-04  7.437E-05  3.932E-05  1.766E-05  6.460E-06  1.840E-06  4.168E-07  1.086E-07  5.443E-08  3.765E-08  2.696E-08  1.766E-08
  293.5000  1.056E-03  1.027E-03  9.452E-04  8.204E-04  6.684E-04  5.073E-04  3.551E-04  2.257E-04  1.277E-04  6.255E-05  2.555E-05  8.350E-06  2.187E-06  5.884E-07  2.701E-07  1.811E-07  1.285E-07  8.386E-08
  294.5000  1.801E-03  1.757E-03  1.628E-03  1.431E-03  1.188E-03  9.241E-04  6.680E-04  4.426E-04  2.640E-04  1.383E-04  6.147E-05  2.234E-05  6.567E-06  1.849E-06  7.901E-07  5.107E-07  3.589E-07  2.333E-07
  295.5000  4.066E-03  3.976E-03  3.715E-03  3.310E-03  2.801E-03  2.238E-03  1.675E-03  1.160E-03  7.325E-04  4.121E-04  2.008E-04  8.178E-05  2.732E-05  8.263E-06  3.292E-06  2.010E-06  1.390E-06  8.983E-07
  296.5000  6.462E-03  6.333E-03  5.956E-03  5.366E-03  4.615E-03  3.770E-03  2.903E-03  2.086E-03  1.380E-03  8.234E-04  4.322E-04  1.934E-04  7.195E-05  2.348E-05  8.957E-06  5.121E-06  3.474E-06  2.228E-06
  297.5000  1.143E-02  1.122E-02  1.062E-02  9.658E-03  8.426E-03  7.017E-03  5.542E-03  4.025E-03  2.833E-03  1.781E-03  9.985E-04  4.849E-04  1.987E-04  7.023E-05  2.628E-05  1.398E-05  9.234E-06  5.866E-06
  298.5000  1.271E-02  1.250E-02  1.188E-02  1.090E-02  9.621E-03  8.143E-03  6.568E-03  5.008E-03  3.570E-03  2.343E-03  1.388E-03  7.219E-04  3.210E-04  1.223E-04  4.593E-05  2.280E-05  1.457E-05  9.153E-06
  299.5000  2.664E-02  2.623E-02  2.505E-02  2.316E-02  2.069E-02  1.778E-02  1.463E-02  1.145E-02  8.431E-03  5.767E-03  3.598E-03  1.998E-03  9.617E-04  3.968E-04  1.525E-04  7.082E-05  4.318E-05  2.671E-05
  300.5000  2.370E-02  2.337E-02  2.239E-02  2.083E-02  1.876E-02  1.631E-02  1.363E-02  1.087E-02  8.205E-03  5.789E-03  3.755E-03  2.190E-03  1.119E-03  4.920E-04  1.951E-04  8.661E-05  5.034E-05  3.065E-05
  301.5000  4.464E-02  4.407E-02  4.239E-02  3.969E-02  3.609E-02  3.178E-02  2.700E-02  2.200E-02  1.705E-02  1.245E-02  8.425E-03  5.188E-03  2.833E-03  1.342E-03  5.596E-04  2.397E-04  1.302E-04  7.720E-05
  302.5000  5.368E-02  5.304E-02  5.114E-02  4.808E-02  4.399E-02  3.907E-02  3.355E-02  2.771E-02  2.186E-02  1.631E-02  1.135E-02  7.238E-03  4.129E-03  2.055E-03  8.922E-04  3.776E-04  1.945E-04  1.126E-04
  303.5000  8.797E-02  8.700E-02  8.414E-02  7.950E-02  7.327E-02  6.571E-02  5.716E-02  4.799E-02  3.865E-02  2.959E-02  2.129E-02  1.415E-02  8.505E-03  4.503E-03  2.070E-03  8.794E-04  4.235E-04  2.352E-04
  304.5000  9.387E-02  9.289E-02  8.999E-02  8.527E-02  7.892E-02  7.039E-02  6.237E-02  5.285E-02  4.307E-02  3.347E-02  2.453E-02  1.670E-02  1.034E-02  5.672E-03  2.702E-03  1.160E-03  5.372E-04  2.891E-04
  305.5000  1.200E-01  1.189E-01  1.155E-01  1.099E-01  1.023E-01  9.308E-02  8.246E-02  7.087E-02  5.879E-02  4.672E-02  3.523E-02  2.485E-02  1.610E-02  9.344E-03  4.731E-03  2.098E-03  9.254E-04  4.676E-04
  306.5000  1.235E-01  1.224E-01  1.190E-01  1.134E-01  1.059E-01  9.670E-02  8.607E-02  7.442E-02  6.220E-02  4.991E-02  3.809E-02  2.729E-02  1.802E-02  1.071E-02  5.567E-03  2.514E-03  1.089E-03  5.322E-04
  307.5000  1.738E-01  1.723E-01  1.679E-01  1.606E-01  1.508E-01  1.386E-01  1.245E-01  1.090E-01  9.241E-02  7.555E-02  5.902E-02  4.357E-02  2.990E-02  1.864E-02  1.026E-02  4.868E-03  2.078E-03  9.405E-04
  308.5000  1.924E-01  1.908E-01  1.861E-01  1.783E-01  1.677E-01  1.546E-01  1.394E-01  1.225E-01  1.045E-01  8.599E-02  6.778E-02  5.060E-02  3.521E-02  2.236E-02  1.257E-02  6.084E-03  2.593E-03  1.136E-03
  309.5000  1.669E-01  1.656E-01  1.617E-01  1.553E-01  1.466E-01  1.358E-01  1.231E-01  1.090E-01  9.391E-02  7.826E-02  6.266E-02  4.771E-02  3.406E-02  2.234E-02  1.308E-02  6.604E-03  2.849E-03  1.179E-03
  310.5000  2.244E-01  2.228E-01  2.177E-01  2.095E-01  1.982E-01  1.842E-01  1.678E-01  1.494E-01  1.296E-01  1.089E-01  8.795E-02  6.809E-02  4.949E-02  3.322E-02  2.003E-02  1.045E-02  4.584E-03  1.825E-03
  311.5000  2.866E-01  2.845E-01  2.783E-01  2.680E-01  2.540E-01  2.366E-01  2.161E-01  1.932E-01  1.682E-01  1.423E-01  1.161E-01  9.045E-02  6.652E-02  4.534E-02  2.788E-02  1.488E-02  6.624E-03  2.576E-03
  312.5000  2.758E-01  2.739E-01  2.682E-01  2.589E-01  2.461E-01  2.301E-01  2.112E-01  1.900E-01  1.669E-01  1.426E-01  1.178E-01  9.337E-02  7.016E-02  4.918E-02  3.136E-02  1.751E-02  8.105E-03  3.066E-03
  313.5000  3.114E-01  3.093E-01  3.029E-01  2.925E-01  2.783E-01  2.604E-01  2.394E-01  2.157E-01  1.899E-01  1.626E-01  1.347E-01  1.072E-01  8.093E-02  5.707E-02  3.668E-02  2.067E-02  9.651E-03  3.628E-03
  314.5000  3.077E-01  3.058E-01  2.998E-01  2.900E-01  2.766E-01  2.597E-01  2.398E-01  2.173E-01  1.926E-01  1.664E-01  1.395E-01  1.125E-01  8.657E-02  6.256E-02  4.153E-02  2.441E-02  1.193E-02  4.487E-03
  315.5000  3.167E-01  3.147E-01  3.086E-01  2.986E-01  2.849E-01  2.677E-01  2.473E-01  2.243E-01  1.991E-01  1.723E-01  1.446E-01  1.170E-01  9.021E-02  6.542E-02  4.361E-02  2.578E-02  1.268E-02  4.762E-03
  316.5000  3.126E-01  3.103E-01  3.049E-01  2.954E-01  2.824E-01  2.660E-01  2.467E-01  2.247E-01  2.005E-01  1.747E-01  1.479E-01  1.210E-01  9.465E-02  6.994E-02  4.783E-02  2.925E-02  1.501E-02  5.758E-03
  317.5000  4.414E-01  4.386E-01  4.305E-01  4.172E-01  3.988E-01  3.757E-01  3.484E-01  3.173E-01  2.832E-01  2.468E-01  2.090E-01  1.709E-01  1.337E-01  9.877E-02  6.750E-02  4.123E-02  2.112E-02  8.070E-03
  318.5000  3.443E-01  3.423E-01  3.362E-01  3.261E-01  3.123E-01  2.950E-01  2.744E-01  2.509E-01  2.250E-01  1.973E-01  1.685E-01  1.392E-01  1.103E-01  8.294E-02  5.803E-02  3.663E-02  1.960E-02  7.768E-03
  319.5000  4.189E-01  4.164E-01  4.091E-01  3.970E-01  3.803E-01  3.594E-01  3.345E-01  3.061E-01  2.748E-01  2.413E-01  2.063E-01  1.707E-01  1.357E-01  1.023E-01  7.186E-02  4.560E-02  2.457E-02  9.797E-03
  320.5000  5.084E-01  5.055E-01  4.967E-01  4.821E-01  4.621E-01  4.369E-01  4.070E-01  3.728E-01  3.351E-01  2.947E-01  2.524E-01  2.094E-01  1.669E-01  1.264E-01  8.923E-02  5.702E-02  3.103E-02  1.250E-02
  321.5000  4.281E-01  4.257E-01  4.185E-01  4.067E-01  3.905E-01  3.700E-01  3.454E-01  3.177E-01  2.869E-01  2.537E-01  2.189E-01  1.833E-01  1.479E-01  1.137E-01  8.205E-02  5.407E-02  3.076E-02  1.310E-02
  322.5000  4.332E-01  4.307E-01  4.233E-01  4.110E-01  3.941E-01  3.729E-01  3.476E-01  3.187E-01  2.869E-01  2.526E-01  2.168E-01  1.803E-01  1.441E-01  1.094E-01  7.760E-02  4.987E-02  2.735E-02  1.109E-02
  323.5000  4.418E-01  4.394E-01  4.322E-01  4.202E-01  4.037E-01  3.830E-01  3.582E-01  3.299E-01  2.986E-01  2.648E-01  2.292E-01  1.928E-01  1.563E-01  1.211E-01  8.819E-02  5.889E-02  3.418E-02  1.497E-02
  324.5000  5.181E-01  5.153E-01  5.068E-01  4.928E-01  4.734E-01  4.491E-01  4.200E-01  3.868E-01  3.500E-01  3.104E-01  2.686E-01  2.258E-01  1.830E-01  1.416E-01  1.030E-01  6.861E-02  3.968E-02  1.728E-02
  325.5000  5.813E-01  5.781E-01  5.685E-01  5.527E-01  5.309E-01  5.030E-01  4.708E-01  4.334E-01  3.919E-01  3.472E-01  3.002E-01  2.520E-01  2.039E-01  1.574E-01  1.140E-01  7.557E-02  4.334E-02  1.863E-02
  326.5000  6.979E-01  6.942E-01  6.831E-01  6.647E-01  6.393E-01  6.074E-01  5.692E-01  5.255E-01  4.771E-01  4.246E-01  3.693E-01  3.124E-01  2.553E-01  1.996E-01  1.473E-01  1.002E-01  5.979E-02  2.736E-02
  327.5000  6.510E-01  6.475E-01  6.370E-01  6.197E-01  5.958E-01  5.657E-01  5.299E-01  4.888E-01  4.433E-01  3.940E-01  3.421E-01  2.887E-01  2.351E-01  1.831E-01  1.342E-01  9.045E-02  5.322E-02  2.379E-02
  328.5000  6.011E-01  5.978E-01  5.882E-01  5.723E-01  5.503E-01  5.225E-01  4.895E-01  4.516E-01  4.096E-01  3.642E-01  3.163E-01  2.670E-01  2.175E-01  1.694E-01  1.243E-01  8.376E-02  4.931E-02  2.206E-02
  329.5000  7.737E-01  7.696E-01  7.575E-01  7.375E-01  7.099E-01  6.750E-01  6.334E-01  5.857E-01  5.327E-01  4.752E-01  4.145E-01  3.519E-01  2.888E-01  2.271E-01  1.688E-01  1.160E-01  7.038E-02  3.311E-02
  330.5000  7.049E-01  7.011E-01  6.900E-01  6.716E-01  6.462E-01  6.142E-01  5.760E-01  5.322E-01  4.836E-01  4.309E-01  3.752E-01  3.178E-01  2.601E-01  2.037E-01  1.505E-01  1.025E-01  6.138E-02  2.821E-02
  331.5000  6.968E-01  6.931E-01  6.821E-01  6.639E-01  6.388E-01  6.071E-01  5.693E-01  5.260E-01  4.779E-01  4.258E-01  3.707E-01  3.139E-01  2.567E-01  2.009E-01  1.483E-01  1.009E-01  6.020E-02  2.754E-02
  332.5000  6.824E-01  6.789E-01  6.683E-01  6.508E-01  6.267E-01  5.962E-01  5.598E-01  5.180E-01  4.716E-01  4.212E-01  3.679E-01  3.128E-01  2.572E-01  2.027E-01  1.511E-01  1.042E-01  6.358E-02  3.023E-02
  333.5000  6.423E-01  6.390E-01  6.289E-01  6.124E-01  5.895E-01  5.607E-01  5.262E-01  4.867E-01  4.428E-01  3.951E-01  3.447E-01  2.926E-01  2.401E-01  1.887E-01  1.400E-01  9.595E-02  5.796E-02  2.707E-02
  334.5000  7.167E-01  7.129E-01  7.018E-01  6.834E-01  6.581E-01  6.260E-01  5.878E-01  5.439E-01  4.951E-01  4.421E-01  3.860E-01  3.280E-01  2.695E-01  2.121E-01  1.578E-01  1.084E-01  6.582E-02  3.102E-02
  335.5000  7.242E-01  7.205E-01  7.093E-01  6.910E-01  6.655E-01  6.335E-01  5.951E-01  5.511E-01  5.022E-01  4.490E-01  3.927E-01  3.344E-01  2.754E-01  2.175E-01  1.625E-01  1.124E-01  6.897E-02  3.312E-02
  336.5000  5.664E-01  5.635E-01  5.548E-01  5.404E-01  5.205E-01  4.954E-01  4.654E-01  4.309E-01  3.926E-01  3.510E-01  3.068E-01  2.612E-01  2.150E-01  1.696E-01  1.266E-01  8.737E-02  5.341E-02  2.550E-02
  337.5000  6.225E-01  6.193E-01  6.097E-01  5.938E-01  5.719E-01  5.442E-01  5.111E-01  4.731E-01  4.307E-01  3.848E-01  3.362E-01  2.858E-01  2.349E-01  1.849E-01  1.375E-01  9.444E-02  5.727E-02  2.695E-02
  338.5000  6.551E-01  6.518E-01  6.417E-01  6.252E-01  6.023E-01  5.734E-01  5.389E-01  4.993E-01  4.551E-01  4.071E-01  3.562E-01  3.035E-01  2.501E-01  1.976E-01  1.477E-01  1.022E-01  6.266E-02  3.011E-02
  339.5000  7.117E-01  7.081E-01  6.972E-01  6.793E-01  6.545E-01  6.232E-01  5.858E-01  5.428E-01  4.949E-01  4.429E-01  3.877E-01  3.304E-01  2.724E-01  2.154E-01  1.610E-01  1.115E-01  6.849E-02  3.301E-02
  340.5000  7.613E-01  7.574E-01  7.457E-01  7.265E-01  7.000E-01  6.664E-01  6.263E-01  5.803E-01  5.290E-01  4.732E-01  4.141E-01  3.527E-01  2.906E-01  2.294E-01  1.713E-01  1.182E-01  7.229E-02  3.456E-02
  341.5000  6.749E-01  6.715E-01  6.612E-01  6.443E-01  6.209E-01  5.913E-01  5.559E-01  5.153E-01  4.700E-01  4.208E-01  3.685E-01  3.143E-01  2.593E-01  2.051E-01  1.535E-01  1.064E-01  6.540E-02  3.160E-02
  342.5000  7.472E-01  7.434E-01  7.321E-01  7.134E-01  6.875E-01  6.548E-01  6.158E-01  5.709E-01  5.208E-01  4.664E-01  4.086E-01  3.486E-01  2.877E-01  2.277E-01  1.705E-01  1.182E-01  7.273E-02  3.522E-02
  343.5000  7.762E-01  7.723E-01  7.605E-01  7.411E-01  7.142E-01  6.803E-01  6.397E-01  5.930E-01  5.410E-01  4.845E-01  4.244E-01  3.619E-01  2.987E-01  2.362E-01  1.767E-01  1.223E-01  7.512E-02  3.623E-02
  344.5000  5.441E-01  5.413E-01  5.331E-01  5.195E-01  5.006E-01  4.768E-01  4.484E-01  4.157E-01  3.792E-01  3.395E-01  2.973E-01  2.536E-01  2.091E-01  1.653E-01  1.235E-01  8.539E-02  5.230E-02  2.511E-02
  345.5000  7.441E-01  7.404E-01  7.292E-01  7.106E-01  6.850E-01  6.526E-01  6.139E-01  5.694E-01  5.197E-01  4.657E-01  4.082E-01  3.485E-01  2.879E-01  2.280E-01  1.708E-01  1.184E-01  7.296E-02  3.542E-02
  346.5000  6.964E-01  6.928E-01  6.823E-01  6.650E-01  6.410E-01  6.107E-01  5.744E-01  5.327E-01  4.861E-01  4.355E-01  3.816E-01  3.257E-01  2.688E-01  2.127E-01  1.591E-01  1.101E-01  6.755E-02  3.257E-02
  347.5000  6.801E-01  6.766E-01  6.664E-01  6.495E-01  6.261E-01  5.965E-01  5.611E-01  5.204E-01  4.750E-01  4.256E-01  3.731E-01  3.185E-01  2.629E-01  2.081E-01  1.557E-01  1.077E-01  6.612E-02  3.190E-02
  348.5000  7.469E-01  7.431E-01  7.319E-01  7.134E-01  6.877E-01  6.553E-01  6.166E-01  5.720E-01  5.222E-01  4.680E-01  4.104E-01  3.504E-01  2.894E-01  2.292E-01  1.715E-01  1.188E-01  7.298E-02  3.529E-02
  349.5000  6.257E-01  6.226E-01  6.132E-01  5.977E-01  5.762E-01  5.491E-01  5.167E-01  4.793E-01  4.377E-01  3.923E-01  3.440E-01  2.938E-01  2.427E-01  1.922E-01  1.439E-01  9.960E-02  6.116E-02  2.957E-02
  350.5000  8.756E-01  8.713E-01  8.582E-01  8.365E-01  8.065E-01  7.686E-01  7.233E-01  6.711E-01  6.129E-01  5.494E-01  4.819E-01  4.116E-01  3.401E-01  2.694E-01  2.017E-01  1.396E-01  8.576E-02  4.148E-02
  351.5000  7.545E-01  7.507E-01  7.394E-01  7.208E-01  6.950E-01  6.624E-01  6.233E-01  5.784E-01  5.283E-01  4.736E-01  4.155E-01  3.549E-01  2.933E-01  2.323E-01  1.739E-01  1.203E-01  7.384E-02  3.568E-02
  352.5000  6.801E-01  6.767E-01  6.666E-01  6.498E-01  6.266E-01  5.972E-01  5.621E-01  5.216E-01  4.765E-01  4.273E-01  3.749E-01  3.203E-01  2.648E-01  2.097E-01  1.570E-01  1.087E-01  6.671E-02  3.226E-02
  353.5000  8.182E-01  8.141E-01  8.020E-01  7.818E-01  7.539E-01  7.187E-01  6.765E-01  6.279E-01  5.736E-01  5.145E-01  4.515E-01  3.859E-01  3.191E-01  2.528E-01  1.893E-01  1.311E-01  8.050E-02  3.897E-02
  354.5000  8.851E-01  8.807E-01  8.675E-01  8.457E-01  8.156E-01  7.776E-01  7.320E-01  6.795E-01  6.209E-01  5.570E-01  4.889E-01  4.180E-01  3.457E-01  2.740E-01  2.053E-01  1.421E-01  8.731E-02  4.231E-02
  355.5000  8.268E-01  8.227E-01  8.104E-01  7.901E-01  7.620E-01  7.265E-01  6.840E-01  6.350E-01  5.803E-01  5.207E-01  4.571E-01  3.908E-01  3.233E-01  2.563E-01  1.920E-01  1.330E-01  8.165E-02  3.957E-02
  356.5000  7.670E-01  7.632E-01  7.518E-01  7.330E-01  7.070E-01  6.741E-01  6.347E-01  5.893E-01  5.386E-01  4.833E-01  4.244E-01  3.629E-01  3.002E-01  2.380E-01  1.783E-01  1.235E-01  7.580E-02  3.673E-02
  357.5000  6.520E-01  6.487E-01  6.391E-01  6.231E-01  6.010E-01  5.731E-01  5.396E-01  5.011E-01  4.580E-01  4.111E-01  3.610E-01  3.087E-01  2.555E-01  2.026E-01  1.517E-01  1.050E-01  6.447E-02  3.122E-02
  358.5000  5.029E-01  5.004E-01  4.929E-01  4.806E-01  4.636E-01  4.421E-01  4.163E-01  3.867E-01  3.535E-01  3.173E-01  2.787E-01  2.384E-01  1.973E-01  1.565E-01  1.172E-01  8.117E-02  4.981E-02  2.414E-02
  359.5000  8.460E-01  8.418E-01  8.293E-01  8.086E-01  7.801E-01  7.439E-01  7.006E-01  6.507E-01  5.949E-01  5.341E-01  4.692E-01  4.014E-01  3.323E-01  2.636E-01  1.975E-01  1.367E-01  8.388E-02  4.064E-02
  360.5000  7.838E-01  7.799E-01  7.684E-01  7.493E-01  7.228E-01  6.894E-01  6.493E-01  6.031E-01  5.515E-01  4.952E-01  4.351E-01  3.723E-01  3.082E-01  2.445E-01  1.832E-01  1.268E-01  7.779E-02  3.769E-02
  361.5000  7.063E-01  7.029E-01  6.925E-01  6.753E-01  6.515E-01  6.213E-01  5.853E-01  5.437E-01  4.972E-01  4.465E-01  3.924E-01  3.359E-01  2.781E-01  2.207E-01  1.654E-01  1.145E-01  7.021E-02  3.402E-02
  362.5000  8.291E-01  8.250E-01  8.128E-01  7.927E-01  7.648E-01  7.295E-01  6.872E-01  6.385E-01  5.840E-01  5.245E-01  4.610E-01  3.946E-01  3.268E-01  2.594E-01  1.944E-01  1.346E-01  8.252E-02  3.999E-02
  363.5000  7.373E-01  7.336E-01  7.228E-01  7.049E-01  6.801E-01  6.488E-01  6.112E-01  5.679E-01  5.195E-01  4.667E-01  4.102E-01  3.512E-01  2.909E-01  2.309E-01  1.731E-01  1.198E-01  7.345E-02  3.560E-02
  364.5000  8.040E-01  8.000E-01  7.882E-01  7.687E-01  7.418E-01  7.076E-01  6.667E-01  6.195E-01  5.668E-01  5.092E-01  4.477E-01  3.833E-01  3.176E-01  2.521E-01  1.890E-01  1.308E-01  8.016E-02  3.884E-02
  365.5000  9.793E-01  9.745E-01  9.601E-01  9.364E-01  9.036E-01  8.620E-01  8.123E-01  7.549E-01  6.907E-01  6.206E-01  5.457E-01  4.673E-01  3.872E-01  3.074E-01  2.304E-01  1.594E-01  9.770E-02  4.732E-02
  366.5000  1.036E+00  1.031E+00  1.016E+00  9.907E-01  9.560E-01  9.121E-01  8.595E-01  7.989E-01  7.310E-01  6.569E-01  5.777E-01  4.949E-01  4.101E-01  3.256E-01  2.441E-01  1.689E-01  1.035E-01  5.012E-02
  367.5000  9.832E-01  9.784E-01  9.641E-01  9.403E-01  9.075E-01  8.659E-01  8.160E-01  7.585E-01  6.942E-01  6.239E-01  5.487E-01  4.701E-01  3.897E-01  3.095E-01  2.320E-01  1.605E-01  9.833E-02  4.763E-02
  368.5000  8.634E-01  8.592E-01  8.466E-01  8.258E-01  7.970E-01  7.605E-01  7.167E-01  6.663E-01  6.098E-01  5.482E-01  4.822E-01  4.132E-01  3.426E-01  2.721E-01  2.040E-01  1.411E-01  8.643E-02  4.186E-02
  369.5000  1.035E+00  1.030E+00  1.015E+00  9.902E-01  9.557E-01  9.120E-01  8.596E-01  7.992E-01  7.316E-01  6.577E-01  5.786E-01  4.959E-01  4.112E-01  3.266E-01  2.449E-01  1.694E-01  1.037E-01  5.023E-02
  370.5000  9.390E-01  9.344E-01  9.207E-01  8.981E-01  8.669E-01  8.273E-01  7.798E-01  7.251E-01  6.638E-01  5.968E-01  5.252E-01  4.502E-01  3.733E-01  2.966E-01  2.224E-01  1.539E-01  9.416E-02  4.559E-02
  371.5000  1.074E+00  1.069E+00  1.053E+00  1.027E+00  9.916E-01  9.464E-01  8.922E-01  8.296E-01  7.596E-01  6.830E-01  6.011E-01  5.154E-01  4.275E-01  3.397E-01  2.547E-01  1.762E-01  1.078E-01  5.219E-02
  372.5000  7.930E-01  7.892E-01  7.777E-01  7.586E-01  7.323E-01  6.989E-01  6.589E-01  6.128E-01  5.611E-01  5.046E-01  4.442E-01  3.809E-01  3.160E-01  2.511E-01  1.883E-01  1.303E-01  7.968E-02  3.857E-02
  373.5000  7.166E-01  7.131E-01  7.027E-01  6.855E-01  6.617E-01  6.316E-01  5.955E-01  5.539E-01  5.072E-01  4.562E-01  4.016E-01  3.444E-01  2.858E-01  2.272E-01  1.704E-01  1.178E-01  7.205E-02  3.487E-02
  374.5000  7.862E-01  7.824E-01  7.710E-01  7.522E-01  7.261E-01  6.931E-01  6.535E-01  6.079E-01  5.568E-01  5.008E-01  4.410E-01  3.782E-01  3.139E-01  2.495E-01  1.872E-01  1.294E-01  7.912E-02  3.828E-02
  375.5000  8.867E-01  8.824E-01  8.696E-01  8.484E-01  8.190E-01  7.818E-01  7.373E-01  6.858E-01  6.282E-01  5.652E-01  4.977E-01  4.270E-01  3.544E-01  2.818E-01  2.114E-01  1.462E-01  8.932E-02  4.321E-02
  376.5000  8.851E-01  8.809E-01  8.681E-01  8.469E-01  8.177E-01  7.806E-01  7.362E-01  6.849E-01  6.274E-01  5.645E-01  4.972E-01  4.266E-01  3.541E-01  2.816E-01  2.113E-01  1.461E-01  8.925E-02  4.317E-02
  377.5000  1.054E+00  1.049E+00  1.033E+00  1.008E+00  9.734E-01  9.294E-01  8.765E-01  8.155E-01  7.471E-01  6.724E-01  5.923E-01  5.082E-01  4.220E-01  3.356E-01  2.518E-01  1.741E-01  1.063E-01  5.143E-02
  378.5000  1.148E+00  1.142E+00  1.126E+00  1.099E+00  1.061E+00  1.013E+00  9.552E-01  8.888E-01  8.144E-01  7.330E-01  6.457E-01  5.542E-01  4.602E-01  3.661E-01  2.747E-01  1.899E-01  1.160E-01  5.607E-02
  379.5000  8.491E-01  8.450E-01  8.328E-01  8.126E-01  7.846E-01  7.491E-01  7.066E-01  6.576E-01  6.026E-01  5.424E-01  4.779E-01  4.102E-01  3.407E-01  2.711E-01  2.034E-01  1.406E-01  8.585E-02  4.149E-02
  380.5000  1.021E+00  1.016E+00  1.001E+00  9.769E-01  9.433E-01  9.008E-01  8.497E-01  7.908E-01  7.247E-01  6.524E-01  5.750E-01  4.936E-01  4.100E-01  3.263E-01  2.449E-01  1.693E-01  1.033E-01  4.992E-02
  381.5000  9.589E-01  9.543E-01  9.405E-01  9.178E-01  8.862E-01  8.463E-01  7.984E-01  7.431E-01  6.811E-01  6.132E-01  5.405E-01  4.641E-01  3.856E-01  3.068E-01  2.303E-01  1.592E-01  9.713E-02  4.693E-02
  382.5000  6.387E-01  6.357E-01  6.265E-01  6.114E-01  5.904E-01  5.638E-01  5.319E-01  4.951E-01  4.539E-01  4.087E-01  3.603E-01  3.094E-01  2.571E-01  2.046E-01  1.536E-01  1.062E-01  6.476E-02  3.128E-02
  383.5000  5.607E-01  5.580E-01  5.500E-01  5.367E-01  5.183E-01  4.950E-01  4.671E-01  4.348E-01  3.986E-01  3.590E-01  3.165E-01  2.718E-01  2.259E-01  1.798E-01  1.350E-01  9.331E-02  5.690E-02  2.748E-02
  384.5000  8.412E-01  8.372E-01  8.251E-01  8.052E-01  7.777E-01  7.428E-01  7.009E-01  6.525E-01  5.982E-01  5.388E-01  4.751E-01  4.081E-01  3.392E-01  2.701E-01  2.028E-01  1.402E-01  8.544E-02  4.125E-02
  385.5000  8.320E-01  8.280E-01  8.161E-01  7.965E-01  7.693E-01  7.347E-01  6.933E-01  6.455E-01  5.919E-01  5.332E-01  4.702E-01  4.040E-01  3.359E-01  2.674E-01  2.008E-01  1.388E-01  8.458E-02  4.083E-02
  386.5000  8.478E-01  8.438E-01  8.317E-01  8.117E-01  7.840E-01  7.488E-01  7.067E-01  6.580E-01  6.034E-01  5.436E-01  4.795E-01  4.120E-01  3.426E-01  2.728E-01  2.049E-01  1.416E-01  8.627E-02  4.163E-02
  387.5000  7.877E-01  7.840E-01  7.727E-01  7.542E-01  7.284E-01  6.958E-01  6.567E-01  6.115E-01  5.609E-01  5.053E-01  4.457E-01  3.831E-01  3.186E-01  2.538E-01  1.906E-01  1.317E-01  8.023E-02  3.870E-02
  388.5000  7.893E-01  7.856E-01  7.743E-01  7.557E-01  7.300E-01  6.974E-01  6.582E-01  6.130E-01  5.622E-01  5.066E-01  4.469E-01  3.842E-01  3.196E-01  2.546E-01  1.912E-01  1.321E-01  8.046E-02  3.880E-02
  389.5000  9.951E-01  9.904E-01  9.762E-01  9.528E-01  9.204E-01  8.793E-01  8.300E-01  7.730E-01  7.091E-01  6.390E-01  5.638E-01  4.847E-01  4.033E-01  3.213E-01  2.414E-01  1.668E-01  1.015E-01  4.895E-02
  390.5000  9.771E-01  9.725E-01  9.586E-01  9.357E-01  9.039E-01  8.636E-01  8.152E-01  7.593E-01  6.966E-01  6.278E-01  5.540E-01  4.764E-01  3.964E-01  3.159E-01  2.373E-01  1.640E-01  9.979E-02  4.810E-02
  391.5000  1.159E+00  1.153E+00  1.137E+00  1.110E+00  1.072E+00  1.024E+00  9.670E-01  9.008E-01  8.265E-01  7.450E-01  6.575E-01  5.654E-01  4.706E-01  3.751E-01  2.818E-01  1.947E-01  1.185E-01  5.708E-02
  392.5000  8.688E-01  8.647E-01  8.524E-01  8.320E-01  8.038E-01  7.680E-01  7.251E-01  6.755E-01  6.198E-01  5.588E-01  4.932E-01  4.242E-01  3.531E-01  2.815E-01  2.115E-01  1.462E-01  8.889E-02  4.282E-02
  393.5000  3.776E-01  3.758E-01  3.705E-01  3.616E-01  3.494E-01  3.339E-01  3.152E-01  2.937E-01  2.695E-01  2.430E-01  2.145E-01  1.845E-01  1.536E-01  1.225E-01  9.205E-02  6.360E-02  3.867E-02  1.862E-02
  394.5000  8.883E-01  8.841E-01  8.716E-01  8.508E-01  8.220E-01  7.855E-01  7.417E-01  6.911E-01  6.342E-01  5.719E-01  5.049E-01  4.344E-01  3.617E-01  2.884E-01  2.168E-01  1.498E-01  9.105E-02  4.383E-02
  395.5000  1.143E+00  1.137E+00  1.121E+00  1.094E+00  1.057E+00  1.011E+00  9.542E-01  8.892E-01  8.161E-01  7.360E-01  6.499E-01  5.592E-01  4.657E-01  3.714E-01  2.792E-01  1.929E-01  1.172E-01  5.641E-02
  396.5000  6.708E-01  6.676E-01  6.582E-01  6.425E-01  6.208E-01  5.933E-01  5.603E-01  5.221E-01  4.793E-01  4.323E-01  3.818E-01  3.286E-01  2.736E-01  2.183E-01  1.641E-01  1.134E-01  6.888E-02  3.314E-02
  397.5000  7.739E-01  7.703E-01  7.593E-01  7.413E-01  7.163E-01  6.846E-01  6.465E-01  6.025E-01  5.531E-01  4.989E-01  4.407E-01  3.793E-01  3.160E-01  2.521E-01  1.896E-01  1.310E-01  7.954E-02  3.825E-02
  398.5000  1.329E+00  1.323E+00  1.305E+00  1.274E+00  1.231E+00  1.176E+00  1.111E+00  1.035E+00  9.506E-01  8.575E-01  7.575E-01  6.522E-01  5.433E-01  4.335E-01  3.261E-01  2.253E-01  1.368E-01  6.576E-02
  399.5000  1.383E+00  1.376E+00  1.357E+00  1.324E+00  1.280E+00  1.223E+00  1.155E+00  1.077E+00  9.888E-01  8.922E-01  7.882E-01  6.787E-01  5.655E-01  4.513E-01  3.395E-01  2.345E-01  1.424E-01  6.842E-02
  400.5000  1.453E+00  1.446E+00  1.426E+00  1.392E+00  1.345E+00  1.286E+00  1.215E+00  1.132E+00  1.040E+00  9.382E-01  8.290E-01  7.139E-01  5.949E-01  4.749E-01  3.572E-01  2.468E-01  1.498E-01  7.195E-02
  401.5000  1.495E+00  1.488E+00  1.467E+00  1.432E+00  1.384E+00  1.323E+00  1.250E+00  1.165E+00  1.070E+00  9.655E-01  8.532E-01  7.348E-01  6.125E-01  4.890E-01  3.679E-01  2.542E-01  1.542E-01  7.405E-02
  402.5000  1.551E+00  1.544E+00  1.522E+00  1.486E+00  1.437E+00  1.373E+00  1.297E+00  1.210E+00  1.111E+00  1.003E+00  8.861E-01  7.633E-01  6.363E-01  5.081E-01  3.823E-01  2.641E-01  1.602E-01  7.690E-02
  403.5000  1.420E+00  1.413E+00  1.393E+00  1.360E+00  1.315E+00  1.257E+00  1.187E+00  1.107E+00  1.017E+00  9.179E-01  8.113E-01  6.990E-01  5.828E-01  4.654E-01  3.503E-01  2.420E-01  1.467E-01  7.041E-02
  404.5000  1.392E+00  1.386E+00  1.366E+00  1.334E+00  1.289E+00  1.233E+00  1.165E+00  1.086E+00  9.975E-01  9.004E-01  7.960E-01  6.859E-01  5.720E-01  4.569E-01  3.439E-01  2.376E-01  1.440E-01  6.909E-02
  405.5000  1.446E+00  1.439E+00  1.419E+00  1.385E+00  1.339E+00  1.280E+00  1.210E+00  1.128E+00  1.036E+00  9.356E-01  8.272E-01  7.129E-01  5.946E-01  4.750E-01  3.576E-01  2.470E-01  1.497E-01  7.179E-02
  406.5000  1.362E+00  1.355E+00  1.336E+00  1.305E+00  1.261E+00  1.206E+00  1.139E+00  1.063E+00  9.763E-01  8.815E-01  7.795E-01  6.718E-01  5.604E-01  4.478E-01  3.371E-01  2.329E-01  1.411E-01  6.764E-02
  407.5000  1.372E+00  1.366E+00  1.347E+00  1.315E+00  1.271E+00  1.216E+00  1.149E+00  1.071E+00  9.844E-01  8.889E-01  7.861E-01  6.776E-01  5.654E-01  4.518E-01  3.402E-01  2.350E-01  1.424E-01  6.821E-02
  408.5000  1.528E+00  1.521E+00  1.500E+00  1.465E+00  1.416E+00  1.354E+00  1.279E+00  1.193E+00  1.096E+00  9.902E-01  8.758E-01  7.551E-01  6.301E-01  5.036E-01  3.792E-01  2.620E-01  1.587E-01  7.598E-02
  409.5000  1.498E+00  1.491E+00  1.470E+00  1.436E+00  1.388E+00  1.327E+00  1.254E+00  1.170E+00  1.075E+00  9.709E-01  8.589E-01  7.406E-01  6.181E-01  4.941E-01  3.721E-01  2.571E-01  1.556E-01  7.451E-02
  410.5000  1.299E+00  1.293E+00  1.275E+00  1.245E+00  1.203E+00  1.151E+00  1.088E+00  1.015E+00  9.324E-01  8.422E-01  7.451E-01  6.425E-01  5.364E-01  4.288E-01  3.230E-01  2.232E-01  1.351E-01  6.463E-02
  411.5000  1.561E+00  1.553E+00  1.532E+00  1.496E+00  1.446E+00  1.383E+00  1.307E+00  1.219E+00  1.121E+00  1.013E+00  8.959E-01  7.727E-01  6.451E-01  5.158E-01  3.886E-01  2.685E-01  1.625E-01  7.772E-02
  412.5000  1.547E+00  1.539E+00  1.518E+00  1.482E+00  1.433E+00  1.371E+00  1.296E+00  1.209E+00  1.111E+00  1.004E+00  8.883E-01  7.662E-01  6.398E-01  5.117E-01  3.855E-01  2.664E-01  1.612E-01  7.706E-02
  413.5000  1.500E+00  1.493E+00  1.472E+00  1.437E+00  1.390E+00  1.329E+00  1.257E+00  1.172E+00  1.078E+00  9.738E-01  8.618E-01  7.435E-01  6.209E-01  4.967E-01  3.743E-01  2.586E-01  1.564E-01  7.477E-02
  414.5000  1.541E+00  1.534E+00  1.513E+00  1.477E+00  1.428E+00  1.366E+00  1.291E+00  1.205E+00  1.108E+00  1.001E+00  8.861E-01  7.646E-01  6.386E-01  5.109E-01  3.850E-01  2.661E-01  1.609E-01  7.687E-02
  415.5000  1.474E+00  1.467E+00  1.446E+00  1.413E+00  1.366E+00  1.307E+00  1.235E+00  1.153E+00  1.060E+00  9.577E-01  8.478E-01  7.317E-01  6.112E-01  4.891E-01  3.686E-01  2.547E-01  1.540E-01  7.354E-02
  416.5000  1.604E+00  1.596E+00  1.574E+00  1.537E+00  1.486E+00  1.422E+00  1.344E+00  1.255E+00  1.154E+00  1.043E+00  9.231E-01  7.967E-01  6.656E-01  5.327E-01  4.016E-01  2.775E-01  1.677E-01  8.005E-02
  417.5000  1.466E+00  1.459E+00  1.439E+00  1.405E+00  1.359E+00  1.300E+00  1.229E+00  1.147E+00  1.055E+00  9.533E-01  8.441E-01  7.287E-01  6.089E-01  4.873E-01  3.674E-01  2.539E-01  1.534E-01  7.320E-02
  418.5000  1.477E+00  1.470E+00  1.450E+00  1.416E+00  1.369E+00  1.310E+00  1.239E+00  1.156E+00  1.063E+00  9.611E-01  8.511E-01  7.347E-01  6.141E-01  4.916E-01  3.707E-01  2.562E-01  1.548E-01  7.380E-02
  419.5000  1.525E+00  1.518E+00  1.497E+00  1.463E+00  1.414E+00  1.353E+00  1.279E+00  1.194E+00  1.098E+00  9.930E-01  8.794E-01  7.593E-01  6.347E-01  5.082E-01  3.833E-01  2.649E-01  1.600E-01  7.626E-02
------------------------------------------------------------
Dose rates, W m-2
   1 = UV-B, 280-315 nm                                  
   2 = UV-B*, 280-320 nm                                 
   3 = UV-A, 315-400 nm                                  
   4 = DNA damage, in vitro (Setlow, 1974)               
   5 = UV index (WMO, 1994; Webb et al., 2011)           
   6 = Plant damage (Caldwell, 1971)                     
   7 = Plant damage,Flint&Caldwell,2003,orig.            
   8 = Plant damage,Flint&Caldwell,2003,ext390           
values at z =      0.000 km
Columns: sza, weighting spectra
 sza, deg.          1          2          3          4          5          6          7          8
    0.0000  2.551E+00  4.385E+00  6.453E+01  1.188E-02  1.583E+01  5.443E-01  1.356E+00  1.809E+00
    5.0000  2.530E+00  4.352E+00  6.421E+01  1.172E-02  1.567E+01  5.382E-01  1.346E+00  1.797E+00
   10.0000  2.467E+00  4.257E+00  6.324E+01  1.126E-02  1.521E+01  5.203E-01  1.317E+00  1.761E+00
   15.0000  2.365E+00  4.099E+00  6.165E+01  1.051E-02  1.445E+01  4.913E-01  1.269E+00  1.702E+00
   20.0000  2.226E+00  3.885E+00  5.945E+01  9.538E-03  1.344E+01  4.526E-01  1.203E+00  1.622E+00
   25.0000  2.054E+00  3.617E+00  5.667E+01  8.388E-03  1.221E+01  4.057E-01  1.123E+00  1.522E+00
   30.0000  1.856E+00  3.307E+00  5.334E+01  7.150E-03  1.084E+01  3.541E-01  1.030E+00  1.407E+00
   35.0000  1.637E+00  2.960E+00  4.951E+01  5.872E-03  9.359E+00  2.988E-01  9.279E-01  1.279E+00
   40.0000  1.405E+00  2.588E+00  4.522E+01  4.645E-03  7.857E+00  2.433E-01  8.196E-01  1.141E+00
   45.0000  1.168E+00  2.201E+00  4.055E+01  3.514E-03  6.382E+00  1.897E-01  7.080E-01  9.970E-01
   50.0000  9.349E-01  1.811E+00  3.558E+01  2.528E-03  4.997E+00  1.406E-01  5.966E-01  8.512E-01
   55.0000  7.146E-01  1.433E+00  3.040E+01  1.719E-03  3.751E+00  9.805E-02  4.885E-01  7.069E-01
   60.0000  5.155E-01  1.080E+00  2.511E+01  1.094E-03  2.682E+00  6.339E-02  3.864E-01  5.678E-01
   65.0000  3.454E-01  7.648E-01  1.987E+01  6.477E-04  1.811E+00  3.735E-02  2.930E-01  4.372E-01
   70.0000  2.103E-01  4.992E-01  1.483E+01  3.547E-04  1.143E+00  1.970E-02  2.103E-01  3.185E-01
   75.0000  1.129E-01  2.914E-01  1.020E+01  1.811E-04  6.646E-01  9.285E-03  1.400E-01  2.148E-01
   80.0000  5.184E-02  1.448E-01  6.196E+00  8.826E-05  3.478E-01  4.150E-03  8.290E-02  1.286E-01
   85.0000  2.063E-02  5.678E-02  2.960E+00  4.102E-05  1.535E-01  1.958E-03  3.890E-02  6.100E-02
------------------------------------------------------------
