Spectral Irradiance, W m-2 nm-1
values at z =      0.000 km
Columns: wavelength (nm), solar zenith angles (deg.)
    wc, nm      0.000      5.000     10.000     15.000     20.000     25.000     30.000     35.000     40.000     45.000     50.000     55.000     60.000     65.000     70.000     75.000     80.000     85.000
  120.7000  0.000E+00  0.000E+00  0.000E+00  0.000E+00  0.000E+00  0.000E+00  0.000E+00  0.000E+00  0.000E+00  0.000E+00  0.000E+00  0.000E+00  0.000E+00  0.000E+00  0.000E+00  0.000E+00  0.000E+00  0.000E+00
  121.6500  0.000E+00  0.000E+00  0.000E+00  0.000E+00  0.000E+00  0.000E+00  0.000E+00  0.000E+00  0.000E+00  0.000E+00  0.000E+00  0.000E+00  0.000E+00  0.000E+00  0.000E+00  0.000E+00  0.000E+00  0.000E+00
  122.1000  0.000E+00  0.000E+00  0.000E+00  0.000E+00  0.000E+00  0.000E+00  0.000E+00  0.000E+00  0.000E+00  0.000E+00  0.000E+00  0.000E+00  0.000E+00  0.000E+00  0.000E+00  0.000E+00  0.000E+00  0.000E+00
  122.7000  0.000E+00  0.000E+00  0.000E+00  0.000E+00  0.000E+00  0.000E+00  0.000E+00  0.000E+00  0.000E+00  0.000E+00  0.000E+00  0.000E+00  0.000E+00  0.000E+00  0.000E+00  0.000E+00  0.000E+00  0.000E+00
  123.4500  0.000E+00  0.000E+00  0.000E+00  0.000E+00  0.000E+00  0.000E+00  0.000E+00  0.000E+00  0.000E+00  0.000E+00  0.000E+00  0.000E+00  0.000E+00  0.000E+00  0.000E+00  0.000E+00  0.000E+00  0.000E+00
  124.2000  0.000E+00  0.000E+00  0.000E+00  0.000E+00  0.000E+00  0.000E+00  0.000E+00  0.000E+00  0.000E+00  0.000E+00  0.000E+00  0.000E+00  0.000E+00  0.000E+00  0.000E+00  0.000E+00  0.000E+00  0.000E+00
  125.0000  0.000E+00  0.000E+00  0.000E+00  0.000E+00  0.000E+00  0.000E+00  0.000E+00  0.000E+00  0.000E+00  0.000E+00  0.000E+00  0.000E+00  0.000E+00  0.000E+00  0.000E+00  0.000E+00  0.000E+00  0.000E+00
  125.8000  0.000E+00  0.000E+00  0.000E+00  0.000E+00  0.000E+00  0.000E+00  0.000E+00  0.000E+00  0.000E+00  0.000E+00  0.000E+00  0.000E+00  0.000E+00  0.000E+00  0.000E+00  0.000E+00  0.000E+00  0.000E+00
  126.6000  0.000E+00  0.000E+00  0.000E+00  0.000E+00  0.000E+00  0.000E+00  0.000E+00  0.000E+00  0.000E+00  0.000E+00  0.000E+00  0.000E+00  0.000E+00  0.000E+00  0.000E+00  0.000E+00  0.000E+00  0.000E+00
  127.8000  0.000E+00  0.000E+00  0.000E+00  0.000E+00  0.000E+00  0.000E+00  0.000E+00  0.000E+00  0.000E+00  0.000E+00  0.000E+00  0.000E+00  0.000E+00  0.000E+00  0.000E+00  0.000E+00  0.000E+00  0.000E+00
  129.0000  0.000E+00  0.000E+00  0.000E+00  0.000E+00  0.000E+00  0.000E+00  0.000E+00  0.000E+00  0.000E+00  0.000E+00  0.000E+00  0.000E+00  0.000E+00  0.000E+00  0.000E+00  0.000E+00  0.000E+00  0.000E+00
  129.8500  0.000E+00  0.000E+00  0.000E+00  0.000E+00  0.000E+00  0.000E+00  0.000E+00  0.000E+00  0.000E+00  0.000E+00  0.000E+00  0.000E+00  0.000E+00  0.000E+00  0.000E+00  0.000E+00  0.000E+00  0.000E+00
  131.1500  0.000E+00  0.000E+00  0.000E+00  0.000E+00  0.000E+00  0.000E+00  0.000E+00  0.000E+00  0.000E+00  0.000E+00  0.000E+00  0.000E+00  0.000E+00  0.000E+00  0.000E+00  0.000E+00  0.000E+00  0.000E+00
  133.5000  0.000E+00  0.000E+00  0.000E+00  0.000E+00  0.000E+00  0.000E+00  0.000E+00  0.000E+00  0.000E+00  0.000E+00  0.000E+00  0.000E+00  0.000E+00  0.000E+00  0.000E+00  0.000E+00  0.000E+00  0.000E+00
  136.0000  0.000E+00  0.000E+00  0.000E+00  0.000E+00  0.000E+00  0.000E+00  0.000E+00  0.000E+00  0.000E+00  0.000E+00  0.000E+00  0.000E+00  0.000E+00  0.000E+00  0.000E+00  0.000E+00  0.000E+00  0.000E+00
  141.0000  0.000E+00  0.000E+00  0.000E+00  0.000E+00  0.000E+00  0.000E+00  0.000E+00  0.000E+00  0.000E+00  0.000E+00  0.000E+00  0.000E+00  0.000E+00  0.000E+00  0.000E+00  0.000E+00  0.000E+00  0.000E+00
  150.0000  0.000E+00  0.000E+00  0.000E+00  0.000E+00  0.000E+00  0.000E+00  0.000E+00  0.000E+00  0.000E+00  0.000E+00  0.000E+00  0.000E+00  0.000E+00  0.000E+00  0.000E+00  0.000E+00  0.000E+00  0.000E+00
  160.0000  0.000E+00  0.000E+00  0.000E+00  0.000E+00  0.000E+00  0.000E+00  0.000E+00  0.000E+00  0.000E+00  0.000E+00  0.000E+00  0.000E+00  0.000E+00  0.000E+00  0.000E+00  0.000E+00  0.000E+00  0.000E+00
  167.5000  0.000E+00  0.000E+00  0.000E+00  0.000E+00  0.000E+00  0.000E+00  0.000E+00  0.000E+00  0.000E+00  0.000E+00  0.000E+00  0.000E+00  0.000E+00  0.000E+00  0.000E+00  0.000E+00  0.000E+00  0.000E+00
  172.7000  0.000E+00  0.000E+00  0.000E+00  0.000E+00  0.000E+00  0.000E+00  0.000E+00  0.000E+00  0.000E+00  0.000E+00  0.000E+00  0.000E+00  0.000E+00  0.000E+00  0.000E+00  0.000E+00  0.000E+00  0.000E+00
  176.2000  0.000E+00  0.000E+00  0.000E+00  0.000E+00  0.000E+00  0.000E+00  0.000E+00  0.000E+00  0.000E+00  0.000E+00  0.000E+00  0.000E+00  0.000E+00  0.000E+00  0.000E+00  0.000E+00  0.000E+00  0.000E+00
  177.8000  0.000E+00  0.000E+00  0.000E+00  0.000E+00  0.000E+00  0.000E+00  0.000E+00  0.000E+00  0.000E+00  0.000E+00  0.000E+00  0.000E+00  0.000E+00  0.000E+00  0.000E+00  0.000E+00  0.000E+00  0.000E+00
  179.4000  0.000E+00  0.000E+00  0.000E+00  0.000E+00  0.000E+00  0.000E+00  0.000E+00  0.000E+00  0.000E+00  0.000E+00  0.000E+00  0.000E+00  0.000E+00  0.000E+00  0.000E+00  0.000E+00  0.000E+00  0.000E+00
  181.0000  0.000E+00  0.000E+00  0.000E+00  0.000E+00  0.000E+00  0.000E+00  0.000E+00  0.000E+00  0.000E+00  0.000E+00  0.000E+00  0.000E+00  0.000E+00  0.000E+00  0.000E+00  0.000E+00  0.000E+00  0.000E+00
  182.6500  0.000E+00  0.000E+00  0.000E+00  0.000E+00  0.000E+00  0.000E+00  0.000E+00  0.000E+00  0.000E+00  0.000E+00  0.000E+00  0.000E+00  0.000E+00  0.000E+00  0.000E+00  0.000E+00  0.000E+00  0.000E+00
  184.3500  0.000E+00  0.000E+00  0.000E+00  0.000E+00  0.000E+00  0.000E+00  0.000E+00  0.000E+00  0.000E+00  0.000E+00  0.000E+00  0.000E+00  0.000E+00  0.000E+00  0.000E+00  0.000E+00  0.000E+00  0.000E+00
  186.0500  0.000E+00  0.000E+00  0.000E+00  0.000E+00  0.000E+00  0.000E+00  0.000E+00  0.000E+00  0.000E+00  0.000E+00  0.000E+00  0.000E+00  0.000E+00  0.000E+00  0.000E+00  0.000E+00  0.000E+00  0.000E+00
  187.8000  0.000E+00  0.000E+00  0.000E+00  0.000E+00  0.000E+00  0.000E+00  0.000E+00  0.000E+00  0.000E+00  0.000E+00  0.000E+00  0.000E+00  0.000E+00  0.000E+00  0.000E+00  0.000E+00  0.000E+00  0.000E+00
  189.6000  0.000E+00  0.000E+00  0.000E+00  0.000E+00  0.000E+00  0.000E+00  0.000E+00  0.000E+00  0.000E+00  0.000E+00  0.000E+00  0.000E+00  0.000E+00  0.000E+00  0.000E+00  0.000E+00  0.000E+00  0.000E+00
  191.4000  0.000E+00  0.000E+00  0.000E+00  0.000E+00  0.000E+00  0.000E+00  0.000E+00  0.000E+00  0.000E+00  0.000E+00  0.000E+00  0.000E+00  0.000E+00  0.000E+00  0.000E+00  0.000E+00  0.000E+00  0.000E+00
  193.2500  0.000E+00  0.000E+00  0.000E+00  0.000E+00  0.000E+00  0.000E+00  0.000E+00  0.000E+00  0.000E+00  0.000E+00  0.000E+00  0.000E+00  0.000E+00  0.000E+00  0.000E+00  0.000E+00  0.000E+00  0.000E+00
  195.1500  0.000E+00  0.000E+00  0.000E+00  0.000E+00  0.000E+00  0.000E+00  0.000E+00  0.000E+00  0.000E+00  0.000E+00  0.000E+00  0.000E+00  0.000E+00  0.000E+00  0.000E+00  0.000E+00  0.000E+00  0.000E+00
  197.0500  0.000E+00  0.000E+00  0.000E+00  0.000E+00  0.000E+00  0.000E+00  0.000E+00  0.000E+00  0.000E+00  0.000E+00  0.000E+00  0.000E+00  0.000E+00  0.000E+00  0.000E+00  0.000E+00  0.000E+00  0.000E+00
  199.0000  0.000E+00  0.000E+00  0.000E+00  0.000E+00  0.000E+00  0.000E+00  0.000E+00  0.000E+00  0.000E+00  0.000E+00  0.000E+00  0.000E+00  0.000E+00  0.000E+00  0.000E+00  0.000E+00  0.000E+00  0.000E+00
  201.0000  0.000E+00  0.000E+00  0.000E+00  0.000E+00  0.000E+00  0.000E+00  0.000E+00  0.000E+00  0.000E+00  0.000E+00  0.000E+00  0.000E+00  0.000E+00  0.000E+00  0.000E+00  0.000E+00  0.000E+00  0.000E+00
  203.0500  0.000E+00  0.000E+00  0.000E+00  0.000E+00  0.000E+00  0.000E+00  0.000E+00  0.000E+00  0.000E+00  0.000E+00  0.000E+00  0.000E+00  0.000E+00  0.000E+00  0.000E+00  0.000E+00  0.000E+00  0.000E+00
  205.1500  0.000E+00  0.000E+00  0.000E+00  0.000E+00  0.000E+00  0.000E+00  0.000E+00  0.000E+00  0.000E+00  0.000E+00  0.000E+00  0.000E+00  0.000E+00  0.000E+00  0.000E+00  0.000E+00  0.000E+00  0.000E+00
  207.2665  2.245E-20  1.915E-20  1.182E-20  5.184E-21  1.565E-21  3.096E-22  3.746E-23  2.518E-24  8.284E-26  1.179E-27  1.004E-29  5.921E-31  1.780E-31  8.341E-32  4.797E-32  2.984E-32  1.820E-32  9.486E-33
  209.4295  1.474E-19  1.264E-19  7.927E-20  3.573E-20  1.123E-20  2.345E-21  3.047E-22  2.244E-23  8.305E-25  1.373E-26  1.380E-28  7.859E-30  2.193E-30  1.001E-30  5.779E-31  3.644E-31  2.262E-31  1.205E-31
  211.6460  1.060E-18  9.144E-19  5.838E-19  2.713E-19  8.908E-20  1.977E-20  2.779E-21  2.267E-22  9.564E-24  1.877E-25  2.298E-27  1.274E-28  3.225E-29  1.430E-29  8.340E-30  5.358E-30  3.397E-30  1.859E-30
  213.9100  2.480E-18  2.145E-18  1.381E-18  6.514E-19  2.185E-19  4.990E-20  7.288E-21  6.243E-22  2.806E-23  5.965E-25  7.829E-27  3.798E-28  8.395E-29  3.636E-29  2.164E-29  1.421E-29  9.216E-30  5.182E-30
  216.2225  4.009E-18  3.476E-18  2.253E-18  1.075E-18  3.667E-19  8.569E-20  1.290E-20  1.149E-21  5.436E-23  1.235E-24  1.710E-26  6.998E-28  1.308E-28  5.616E-29  3.438E-29  2.312E-29  1.535E-29  8.874E-30
  218.5855  8.602E-18  7.474E-18  4.878E-18  2.354E-18  8.166E-19  1.953E-19  3.030E-20  2.810E-21  1.402E-22  3.426E-24  5.044E-26  1.694E-27  2.597E-28  1.131E-28  7.161E-29  4.933E-29  3.351E-29  1.992E-29
  221.0010  6.278E-18  5.448E-18  3.542E-18  1.698E-18  5.839E-19  1.379E-19  2.107E-20  1.917E-21  9.340E-23  2.215E-24  3.000E-26  7.278E-28  8.930E-29  4.056E-29  2.650E-29  1.864E-29  1.291E-29  7.864E-30
  223.4705  3.085E-18  2.668E-18  1.716E-18  8.082E-19  2.706E-19  6.170E-20  9.003E-21  7.725E-22  3.498E-23  7.541E-25  8.657E-27  1.362E-28  1.326E-29  6.395E-30  4.294E-30  3.076E-30  2.166E-30  1.348E-30
  225.9960  6.954E-19  5.986E-19  3.798E-19  1.747E-19  5.653E-20  1.231E-20  1.692E-21  1.346E-22  5.546E-24  1.058E-25  9.856E-28  9.400E-30  7.316E-31  3.763E-31  2.584E-31  1.881E-31  1.344E-31  8.530E-32
  228.5790  7.438E-20  6.350E-20  3.927E-20  1.729E-20  5.251E-21  1.049E-21  1.290E-22  8.898E-24  3.054E-25  4.588E-27  2.971E-29  1.460E-31  9.211E-33  5.025E-33  3.517E-33  2.593E-33  1.875E-33  1.211E-33
  231.2215  3.419E-21  2.885E-21  1.722E-21  7.131E-22  1.982E-22  3.514E-23  3.694E-24  2.083E-25  5.520E-27  5.899E-29  2.334E-31  5.201E-34  2.734E-35  1.559E-35  1.108E-35  8.246E-36  6.021E-36  3.946E-36
  233.9260  5.935E-23  4.935E-23  2.819E-23  1.083E-23  2.701E-24  4.131E-25  3.579E-26  1.574E-27  3.028E-29  2.123E-31  4.641E-34  4.211E-37  1.888E-38  1.112E-38  7.991E-39  5.997E-39  4.414E-39  2.929E-39
  236.6945  9.610E-25  7.863E-25  4.275E-25  1.510E-25  3.329E-26  4.309E-27  3.003E-28  9.965E-30  1.335E-31  5.811E-34  6.564E-37  2.251E-40  8.778E-42  5.293E-42  3.838E-42  2.898E-42  2.147E-42  1.441E-42
  239.5295  2.637E-26  2.130E-26  1.115E-26  3.687E-27  7.387E-28  8.403E-29  4.942E-30  1.318E-31  1.329E-33  3.964E-36  2.595E-39  3.671E-43  1.261E-44  8.408E-45  5.605E-45  4.204E-45  2.803E-45  2.803E-45
  242.4330  2.487E-27  1.988E-27  1.008E-27  3.156E-28  5.842E-29  5.966E-30  3.044E-31  6.741E-33  5.322E-35  1.138E-37  4.572E-41  2.803E-45  0.000E+00  0.000E+00  0.000E+00  0.000E+00  0.000E+00  0.000E+00
  245.4080  9.156E-30  7.167E-30  3.406E-30  9.563E-31  1.508E-31  1.240E-32  4.757E-34  7.299E-36  3.598E-38  4.192E-41  7.006E-45  0.000E+00  0.000E+00  0.000E+00  0.000E+00  0.000E+00  0.000E+00  0.000E+00
  248.4570  8.026E-32  6.171E-32  2.777E-32  7.099E-33  9.769E-34  6.674E-35  2.010E-36  2.256E-38  7.445E-41  5.185E-44  0.000E+00  0.000E+00  0.000E+00  0.000E+00  0.000E+00  0.000E+00  0.000E+00  0.000E+00
  251.5825  5.391E-33  4.103E-33  1.790E-33  4.341E-34  5.534E-35  3.405E-36  8.943E-38  8.413E-40  2.211E-42  1.401E-45  0.000E+00  0.000E+00  0.000E+00  0.000E+00  0.000E+00  0.000E+00  0.000E+00  0.000E+00
  254.7875  2.359E-33  1.787E-33  7.693E-34  1.823E-34  2.246E-35  1.320E-36  3.261E-38  2.835E-40  6.726E-43  0.000E+00  0.000E+00  0.000E+00  0.000E+00  0.000E+00  0.000E+00  0.000E+00  0.000E+00  0.000E+00
  258.0750  2.962E-32  2.261E-32  9.949E-33  2.447E-33  3.185E-34  2.015E-35  5.483E-37  5.391E-39  1.496E-41  8.408E-45  0.000E+00  0.000E+00  0.000E+00  0.000E+00  0.000E+00  0.000E+00  0.000E+00  0.000E+00
  261.4490  8.955E-31  6.930E-31  3.182E-31  8.416E-32  1.217E-32  8.879E-34  2.912E-35  3.638E-37  1.369E-39  1.113E-42  0.000E+00  0.000E+00  0.000E+00  0.000E+00  0.000E+00  0.000E+00  0.000E+00  0.000E+00
  264.9125  9.027E-28  7.145E-28  3.513E-28  1.045E-28  1.791E-29  1.646E-30  7.300E-32  1.344E-33  8.291E-36  1.267E-38  3.149E-42  0.000E+00  0.000E+00  0.000E+00  0.000E+00  0.000E+00  0.000E+00  0.000E+00
  268.4685  2.860E-24  2.334E-24  1.258E-24  4.380E-25  9.445E-26  1.184E-26  7.884E-28  2.445E-29  2.938E-31  1.053E-33  7.837E-37  8.940E-41  1.788E-42  1.094E-42  8.001E-43  6.096E-43  4.568E-43  3.139E-43
  272.1215  1.924E-20  1.623E-20  9.699E-21  4.023E-21  1.120E-21  1.985E-22  2.076E-23  1.151E-24  2.906E-26  2.691E-28  6.796E-31  3.643E-34  7.599E-36  4.528E-36  3.283E-36  2.491E-36  1.863E-36  1.275E-36
  275.8755  2.209E-16  1.933E-16  1.288E-16  6.435E-17  2.349E-17  6.011E-18  1.016E-18  1.044E-19  5.796E-21  1.470E-22  1.357E-24  3.752E-27  8.701E-29  4.910E-29  3.511E-29  2.647E-29  1.972E-29  1.344E-29
  279.7340  9.329E-13  8.436E-13  6.216E-13  3.691E-13  1.731E-13  6.222E-14  1.641E-14  2.983E-15  3.428E-16  2.205E-17  6.722E-19  8.416E-21  2.460E-22  1.212E-22  8.475E-23  6.319E-23  4.682E-23  3.172E-23
  283.7020  3.879E-09  3.611E-09  2.906E-09  2.006E-09  1.171E-09  5.664E-10  2.201E-10  6.583E-11  1.428E-11  2.065E-12  1.779E-13  8.235E-15  3.923E-16  1.397E-16  9.381E-17  6.863E-17  5.030E-17  3.381E-17
  287.7845  2.422E-06  2.307E-06  1.992E-06  1.550E-06  1.077E-06  6.594E-07  3.487E-07  1.549E-07  5.558E-08  1.527E-08  2.989E-09  3.875E-10  3.848E-11  8.918E-12  5.327E-12  3.769E-12  2.709E-12  1.799E-12
  291.9865  3.480E-04  3.372E-04  3.064E-04  2.604E-04  2.056E-04  1.497E-04  9.924E-05  5.888E-05  3.003E-05  1.340E-05  4.762E-06  1.303E-06  2.721E-07  5.817E-08  2.443E-08  1.589E-08  1.101E-08  7.140E-09
  296.3090  6.255E-03  6.129E-03  5.763E-03  5.190E-03  4.461E-03  3.641E-03  2.802E-03  2.012E-03  1.329E-03  7.928E-04  4.158E-04  1.854E-04  6.789E-05  2.065E-05  6.554E-06  3.183E-06  2.022E-06  1.252E-06
  300.5000  3.081E-02  3.039E-02  2.914E-02  2.702E-02  2.449E-02  2.136E-02  1.791E-02  1.435E-02  1.089E-02  7.743E-03  5.071E-03  2.991E-03  1.543E-03  6.751E-04  2.507E-04  9.262E-05  4.554E-05  2.579E-05
  303.0000  8.327E-02  8.234E-02  7.959E-02  7.512E-02  6.913E-02  6.188E-02  5.369E-02  4.494E-02  3.605E-02  2.747E-02  1.964E-02  1.295E-02  7.685E-03  3.981E-03  1.744E-03  6.599E-04  2.666E-04  1.338E-04
  304.0000  9.095E-02  8.999E-02  8.714E-02  8.251E-02  7.629E-02  6.871E-02  6.010E-02  5.082E-02  4.130E-02  3.199E-02  2.335E-02  1.580E-02  9.697E-03  5.234E-03  2.400E-03  9.329E-04  3.619E-04  1.728E-04
  305.0000  1.242E-01  1.229E-01  1.193E-01  1.135E-01  1.055E-01  9.579E-02  8.465E-02  7.252E-02  5.992E-02  4.739E-02  3.551E-02  2.485E-02  1.591E-02  9.065E-03  4.428E-03  1.808E-03  6.772E-04  2.983E-04
  306.0000  1.167E-01  1.156E-01  1.124E-01  1.071E-01  1.000E-01  9.125E-02  8.116E-02  7.012E-02  5.855E-02  4.693E-02  3.576E-02  2.556E-02  1.682E-02  9.919E-03  5.051E-03  2.143E-03  7.945E-04  3.288E-04
  307.0000  1.503E-01  1.489E-01  1.450E-01  1.386E-01  1.299E-01  1.192E-01  1.068E-01  9.307E-02  7.859E-02  6.388E-02  4.956E-02  3.624E-02  2.456E-02  1.504E-02  8.023E-03  3.571E-03  1.330E-03  5.116E-04
  308.0000  1.760E-01  1.746E-01  1.702E-01  1.631E-01  1.534E-01  1.415E-01  1.275E-01  1.121E-01  9.560E-02  7.872E-02  6.206E-02  4.634E-02  3.224E-02  2.043E-02  1.139E-02  5.324E-03  2.024E-03  7.277E-04
  309.0000  1.827E-01  1.812E-01  1.769E-01  1.697E-01  1.600E-01  1.479E-01  1.338E-01  1.181E-01  1.013E-01  8.404E-02  6.686E-02  5.049E-02  3.566E-02  2.302E-02  1.315E-02  6.323E-03  2.445E-03  8.478E-04
  310.0000  1.796E-01  1.782E-01  1.742E-01  1.676E-01  1.585E-01  1.473E-01  1.341E-01  1.194E-01  1.035E-01  8.699E-02  7.038E-02  5.430E-02  3.942E-02  2.639E-02  1.580E-02  8.058E-03  3.272E-03  1.078E-03
  311.0000  3.020E-01  2.998E-01  2.932E-01  2.824E-01  2.676E-01  2.491E-01  2.275E-01  2.032E-01  1.769E-01  1.495E-01  1.218E-01  9.476E-02  6.955E-02  4.723E-02  2.882E-02  1.505E-02  6.255E-03  2.031E-03
  312.0000  2.695E-01  2.676E-01  2.619E-01  2.526E-01  2.399E-01  2.240E-01  2.053E-01  1.843E-01  1.614E-01  1.375E-01  1.131E-01  8.907E-02  6.643E-02  4.607E-02  2.890E-02  1.566E-02  6.770E-03  2.181E-03
  313.0000  3.010E-01  2.989E-01  2.929E-01  2.829E-01  2.692E-01  2.521E-01  2.319E-01  2.091E-01  1.843E-01  1.581E-01  1.312E-01  1.046E-01  7.925E-02  5.608E-02  3.615E-02  2.032E-02  9.181E-03  2.984E-03
  314.0000  3.288E-01  3.266E-01  3.201E-01  3.094E-01  2.947E-01  2.762E-01  2.545E-01  2.299E-01  2.031E-01  1.747E-01  1.456E-01  1.166E-01  8.884E-02  6.336E-02  4.126E-02  2.351E-02  1.081E-02  3.532E-03
  316.0000  3.364E-01  3.343E-01  3.281E-01  3.177E-01  3.035E-01  2.857E-01  2.646E-01  2.407E-01  2.144E-01  1.864E-01  1.574E-01  1.283E-01  9.989E-02  7.334E-02  4.968E-02  2.989E-02  1.479E-02  5.116E-03
  320.0000  4.311E-01  4.286E-01  4.211E-01  4.087E-01  3.918E-01  3.704E-01  3.450E-01  3.160E-01  2.841E-01  2.498E-01  2.140E-01  1.775E-01  1.415E-01  1.071E-01  7.562E-02  4.823E-02  2.600E-02  9.984E-03
  325.0000  5.511E-01  5.481E-01  5.391E-01  5.242E-01  5.037E-01  4.779E-01  4.466E-01  4.120E-01  3.730E-01  3.309E-01  2.866E-01  2.411E-01  1.957E-01  1.516E-01  1.105E-01  7.376E-02  4.269E-02  1.836E-02
  330.0000  6.853E-01  6.817E-01  6.709E-01  6.530E-01  6.283E-01  5.971E-01  5.599E-01  5.173E-01  4.699E-01  4.187E-01  3.645E-01  3.087E-01  2.525E-01  1.977E-01  1.461E-01  9.943E-02  5.939E-02  2.705E-02
  335.0000  6.534E-01  6.501E-01  6.400E-01  6.233E-01  6.002E-01  5.711E-01  5.363E-01  4.964E-01  4.520E-01  4.038E-01  3.528E-01  3.000E-01  2.467E-01  1.944E-01  1.448E-01  9.970E-02  6.069E-02  2.869E-02
  340.0000  7.112E-01  7.075E-01  6.967E-01  6.788E-01  6.540E-01  6.227E-01  5.853E-01  5.423E-01  4.944E-01  4.424E-01  3.872E-01  3.300E-01  2.720E-01  2.149E-01  1.606E-01  1.111E-01  6.812E-02  3.270E-02
  345.0000  7.020E-01  6.984E-01  6.878E-01  6.703E-01  6.461E-01  6.155E-01  5.789E-01  5.368E-01  4.899E-01  4.388E-01  3.846E-01  3.282E-01  2.710E-01  2.145E-01  1.605E-01  1.112E-01  6.838E-02  3.307E-02
  350.0000  7.348E-01  7.311E-01  7.201E-01  7.019E-01  6.767E-01  6.449E-01  6.068E-01  5.630E-01  5.141E-01  4.609E-01  4.042E-01  3.452E-01  2.852E-01  2.259E-01  1.691E-01  1.171E-01  7.188E-02  3.474E-02
  355.0000  7.777E-01  7.738E-01  7.622E-01  7.431E-01  7.167E-01  6.833E-01  6.432E-01  5.972E-01  5.457E-01  4.895E-01  4.297E-01  3.674E-01  3.039E-01  2.409E-01  1.804E-01  1.249E-01  7.670E-02  3.715E-02
  360.0000  7.116E-01  7.081E-01  6.976E-01  6.803E-01  6.562E-01  6.258E-01  5.894E-01  5.475E-01  5.006E-01  4.495E-01  3.949E-01  3.379E-01  2.797E-01  2.219E-01  1.663E-01  1.151E-01  7.061E-02  3.421E-02
  365.0000  9.055E-01  9.011E-01  8.878E-01  8.659E-01  8.355E-01  7.971E-01  7.510E-01  6.979E-01  6.386E-01  5.737E-01  5.044E-01  4.320E-01  3.579E-01  2.841E-01  2.130E-01  1.474E-01  9.033E-02  4.376E-02
  370.0000  9.421E-01  9.375E-01  9.238E-01  9.011E-01  8.697E-01  8.300E-01  7.823E-01  7.274E-01  6.659E-01  5.986E-01  5.267E-01  4.515E-01  3.744E-01  2.974E-01  2.230E-01  1.543E-01  9.443E-02  4.573E-02
  375.0000  8.516E-01  8.475E-01  8.352E-01  8.148E-01  7.866E-01  7.508E-01  7.080E-01  6.586E-01  6.032E-01  5.427E-01  4.778E-01  4.099E-01  3.402E-01  2.704E-01  2.029E-01  1.403E-01  8.575E-02  4.149E-02
  380.0000  9.795E-01  9.748E-01  9.607E-01  9.374E-01  9.052E-01  8.643E-01  8.153E-01  7.587E-01  6.953E-01  6.259E-01  5.515E-01  4.735E-01  3.933E-01  3.129E-01  2.348E-01  1.623E-01  9.908E-02  4.789E-02
  385.0000  7.388E-01  7.353E-01  7.248E-01  7.073E-01  6.831E-01  6.524E-01  6.157E-01  5.732E-01  5.255E-01  4.734E-01  4.174E-01  3.586E-01  2.981E-01  2.374E-01  1.782E-01  1.232E-01  7.508E-02  3.624E-02
  390.0000  9.652E-01  9.607E-01  9.469E-01  9.243E-01  8.928E-01  8.530E-01  8.052E-01  7.499E-01  6.879E-01  6.200E-01  5.471E-01  4.704E-01  3.914E-01  3.119E-01  2.343E-01  1.619E-01  9.853E-02  4.750E-02
  395.0000  7.491E-01  7.456E-01  7.350E-01  7.175E-01  6.932E-01  6.624E-01  6.255E-01  5.828E-01  5.349E-01  4.824E-01  4.259E-01  3.665E-01  3.052E-01  2.434E-01  1.829E-01  1.264E-01  7.682E-02  3.697E-02
  400.0000  1.391E+00  1.385E+00  1.365E+00  1.333E+00  1.288E+00  1.231E+00  1.163E+00  1.084E+00  9.953E-01  8.980E-01  7.934E-01  6.832E-01  5.693E-01  4.544E-01  3.418E-01  2.361E-01  1.433E-01  6.887E-02
  405.0000  1.419E+00  1.412E+00  1.392E+00  1.360E+00  1.314E+00  1.256E+00  1.187E+00  1.107E+00  1.017E+00  9.179E-01  8.116E-01  6.993E-01  5.833E-01  4.659E-01  3.507E-01  2.423E-01  1.468E-01  7.043E-02
  410.0000  1.464E+00  1.457E+00  1.436E+00  1.403E+00  1.356E+00  1.297E+00  1.226E+00  1.143E+00  1.051E+00  9.489E-01  8.395E-01  7.239E-01  6.042E-01  4.830E-01  3.638E-01  2.513E-01  1.522E-01  7.283E-02
  415.0000  1.525E+00  1.518E+00  1.497E+00  1.462E+00  1.414E+00  1.352E+00  1.278E+00  1.193E+00  1.097E+00  9.911E-01  8.773E-01  7.570E-01  6.323E-01  5.059E-01  3.813E-01  2.635E-01  1.593E-01  7.610E-02
  420.0000  1.540E+00  1.533E+00  1.511E+00  1.476E+00  1.428E+00  1.366E+00  1.292E+00  1.206E+00  1.109E+00  1.003E+00  8.880E-01  7.668E-01  6.410E-01  5.132E-01  3.871E-01  2.675E-01  1.616E-01  7.700E-02
  425.0000  1.470E+00  1.463E+00  1.443E+00  1.410E+00  1.364E+00  1.305E+00  1.234E+00  1.152E+00  1.060E+00  9.591E-01  8.499E-01  7.344E-01  6.143E-01  4.923E-01  3.715E-01  2.568E-01  1.549E-01  7.363E-02
  430.0000  1.356E+00  1.350E+00  1.332E+00  1.301E+00  1.258E+00  1.204E+00  1.140E+00  1.064E+00  9.797E-01  8.866E-01  7.861E-01  6.796E-01  5.690E-01  4.563E-01  3.447E-01  2.383E-01  1.436E-01  6.809E-02
  435.0000  1.575E+00  1.568E+00  1.546E+00  1.511E+00  1.461E+00  1.399E+00  1.324E+00  1.237E+00  1.139E+00  1.031E+00  9.147E-01  7.913E-01  6.630E-01  5.321E-01  4.022E-01  2.782E-01  1.675E-01  7.918E-02
  440.0000  1.620E+00  1.613E+00  1.591E+00  1.554E+00  1.504E+00  1.440E+00  1.363E+00  1.274E+00  1.173E+00  1.062E+00  9.430E-01  8.163E-01  6.843E-01  5.496E-01  4.157E-01  2.876E-01  1.729E-01  8.149E-02
  445.0000  1.740E+00  1.732E+00  1.709E+00  1.670E+00  1.616E+00  1.547E+00  1.465E+00  1.369E+00  1.262E+00  1.143E+00  1.015E+00  8.791E-01  7.375E-01  5.928E-01  4.486E-01  3.105E-01  1.865E-01  8.763E-02
  450.0000  1.850E+00  1.842E+00  1.817E+00  1.776E+00  1.719E+00  1.646E+00  1.559E+00  1.458E+00  1.343E+00  1.218E+00  1.082E+00  9.375E-01  7.870E-01  6.330E-01  4.795E-01  3.320E-01  1.992E-01  9.334E-02
  455.0000  1.811E+00  1.803E+00  1.779E+00  1.738E+00  1.683E+00  1.612E+00  1.526E+00  1.428E+00  1.316E+00  1.194E+00  1.061E+00  9.198E-01  7.726E-01  6.219E-01  4.713E-01  3.265E-01  1.958E-01  9.143E-02
  460.0000  1.863E+00  1.855E+00  1.830E+00  1.789E+00  1.731E+00  1.659E+00  1.571E+00  1.470E+00  1.355E+00  1.229E+00  1.093E+00  9.480E-01  7.967E-01  6.415E-01  4.864E-01  3.369E-01  2.017E-01  9.368E-02
  465.0000  1.842E+00  1.834E+00  1.809E+00  1.769E+00  1.712E+00  1.641E+00  1.554E+00  1.454E+00  1.342E+00  1.217E+00  1.083E+00  9.397E-01  7.901E-01  6.367E-01  4.832E-01  3.348E-01  2.003E-01  9.281E-02
  470.0000  1.832E+00  1.824E+00  1.799E+00  1.759E+00  1.703E+00  1.632E+00  1.547E+00  1.447E+00  1.336E+00  1.212E+00  1.079E+00  9.366E-01  7.880E-01  6.354E-01  4.825E-01  3.345E-01  2.000E-01  9.235E-02
  475.0000  1.853E+00  1.845E+00  1.820E+00  1.780E+00  1.723E+00  1.652E+00  1.565E+00  1.465E+00  1.352E+00  1.228E+00  1.093E+00  9.493E-01  7.991E-01  6.448E-01  4.899E-01  3.397E-01  2.030E-01  9.335E-02
  480.0000  1.905E+00  1.897E+00  1.871E+00  1.830E+00  1.772E+00  1.698E+00  1.609E+00  1.507E+00  1.391E+00  1.263E+00  1.124E+00  9.768E-01  8.224E-01  6.637E-01  5.042E-01  3.494E-01  2.082E-01  9.503E-02
  485.0000  1.730E+00  1.722E+00  1.700E+00  1.662E+00  1.609E+00  1.543E+00  1.462E+00  1.369E+00  1.264E+00  1.148E+00  1.023E+00  8.888E-01  7.487E-01  6.045E-01  4.595E-01  3.186E-01  1.897E-01  8.624E-02
  490.0000  1.802E+00  1.794E+00  1.770E+00  1.731E+00  1.676E+00  1.607E+00  1.524E+00  1.427E+00  1.318E+00  1.197E+00  1.067E+00  9.277E-01  7.819E-01  6.317E-01  4.806E-01  3.334E-01  1.985E-01  9.002E-02
  495.0000  1.835E+00  1.827E+00  1.803E+00  1.763E+00  1.708E+00  1.637E+00  1.553E+00  1.454E+00  1.343E+00  1.221E+00  1.088E+00  9.463E-01  7.979E-01  6.450E-01  4.909E-01  3.406E-01  2.026E-01  9.151E-02
  500.0000  1.749E+00  1.741E+00  1.718E+00  1.680E+00  1.628E+00  1.561E+00  1.480E+00  1.386E+00  1.281E+00  1.164E+00  1.037E+00  9.024E-01  7.609E-01  6.151E-01  4.681E-01  3.246E-01  1.926E-01  8.627E-02
  505.0000  1.774E+00  1.767E+00  1.744E+00  1.705E+00  1.652E+00  1.584E+00  1.502E+00  1.407E+00  1.300E+00  1.181E+00  1.053E+00  9.159E-01  7.723E-01  6.242E-01  4.747E-01  3.287E-01  1.944E-01  8.621E-02
  510.0000  1.760E+00  1.752E+00  1.729E+00  1.691E+00  1.638E+00  1.571E+00  1.490E+00  1.396E+00  1.290E+00  1.173E+00  1.046E+00  9.100E-01  7.677E-01  6.209E-01  4.726E-01  3.275E-01  1.937E-01  8.574E-02
  515.0000  1.631E+00  1.624E+00  1.603E+00  1.568E+00  1.519E+00  1.456E+00  1.382E+00  1.295E+00  1.196E+00  1.088E+00  9.702E-01  8.447E-01  7.129E-01  5.768E-01  4.393E-01  3.046E-01  1.800E-01  7.938E-02
  520.0000  1.676E+00  1.669E+00  1.647E+00  1.611E+00  1.561E+00  1.496E+00  1.420E+00  1.331E+00  1.230E+00  1.118E+00  9.977E-01  8.687E-01  7.333E-01  5.935E-01  4.521E-01  3.134E-01  1.850E-01  8.110E-02
  525.0000  1.680E+00  1.673E+00  1.651E+00  1.615E+00  1.564E+00  1.500E+00  1.423E+00  1.334E+00  1.233E+00  1.121E+00  1.000E+00  8.708E-01  7.350E-01  5.947E-01  4.528E-01  3.136E-01  1.846E-01  8.019E-02
  530.0000  1.767E+00  1.759E+00  1.736E+00  1.698E+00  1.645E+00  1.578E+00  1.497E+00  1.403E+00  1.296E+00  1.179E+00  1.051E+00  9.154E-01  7.724E-01  6.248E-01  4.753E-01  3.286E-01  1.926E-01  8.274E-02
  535.0000  1.711E+00  1.704E+00  1.682E+00  1.645E+00  1.594E+00  1.528E+00  1.450E+00  1.359E+00  1.256E+00  1.142E+00  1.019E+00  8.871E-01  7.487E-01  6.056E-01  4.607E-01  3.184E-01  1.863E-01  7.955E-02
  540.0000  1.712E+00  1.705E+00  1.683E+00  1.646E+00  1.595E+00  1.530E+00  1.451E+00  1.360E+00  1.257E+00  1.144E+00  1.020E+00  8.887E-01  7.503E-01  6.072E-01  4.621E-01  3.195E-01  1.869E-01  7.952E-02
  545.0000  1.736E+00  1.729E+00  1.706E+00  1.669E+00  1.617E+00  1.551E+00  1.472E+00  1.379E+00  1.275E+00  1.160E+00  1.035E+00  9.014E-01  7.610E-01  6.158E-01  4.687E-01  3.238E-01  1.891E-01  7.991E-02
  550.0000  1.741E+00  1.733E+00  1.710E+00  1.673E+00  1.621E+00  1.555E+00  1.475E+00  1.383E+00  1.279E+00  1.163E+00  1.038E+00  9.042E-01  7.634E-01  6.179E-01  4.702E-01  3.248E-01  1.895E-01  7.962E-02
  555.0000  1.726E+00  1.719E+00  1.697E+00  1.660E+00  1.608E+00  1.543E+00  1.464E+00  1.372E+00  1.269E+00  1.154E+00  1.030E+00  8.976E-01  7.581E-01  6.137E-01  4.671E-01  3.226E-01  1.879E-01  7.848E-02
  560.0000  1.681E+00  1.672E+00  1.652E+00  1.616E+00  1.565E+00  1.502E+00  1.425E+00  1.336E+00  1.235E+00  1.124E+00  1.003E+00  8.735E-01  7.375E-01  5.968E-01  4.540E-01  3.132E-01  1.818E-01  7.522E-02
  565.0000  1.681E+00  1.674E+00  1.652E+00  1.616E+00  1.566E+00  1.502E+00  1.425E+00  1.336E+00  1.235E+00  1.123E+00  1.002E+00  8.731E-01  7.370E-01  5.962E-01  4.531E-01  3.121E-01  1.806E-01  7.398E-02
  570.0000  1.670E+00  1.663E+00  1.641E+00  1.605E+00  1.555E+00  1.492E+00  1.416E+00  1.327E+00  1.227E+00  1.116E+00  9.958E-01  8.673E-01  7.321E-01  5.921E-01  4.499E-01  3.097E-01  1.788E-01  7.272E-02
  575.0000  1.698E+00  1.690E+00  1.668E+00  1.632E+00  1.581E+00  1.517E+00  1.439E+00  1.349E+00  1.247E+00  1.135E+00  1.013E+00  8.821E-01  7.447E-01  6.024E-01  4.578E-01  3.151E-01  1.818E-01  7.360E-02
  580.0000  1.671E+00  1.663E+00  1.642E+00  1.606E+00  1.556E+00  1.493E+00  1.417E+00  1.329E+00  1.229E+00  1.118E+00  9.981E-01  8.698E-01  7.347E-01  5.948E-01  4.525E-01  3.120E-01  1.803E-01  7.313E-02
  585.0000  1.672E+00  1.665E+00  1.643E+00  1.608E+00  1.558E+00  1.495E+00  1.419E+00  1.331E+00  1.231E+00  1.121E+00  1.001E+00  8.724E-01  7.374E-01  5.975E-01  4.551E-01  3.142E-01  1.820E-01  7.397E-02
  590.0000  1.613E+00  1.607E+00  1.586E+00  1.551E+00  1.503E+00  1.443E+00  1.369E+00  1.284E+00  1.188E+00  1.082E+00  9.663E-01  8.427E-01  7.125E-01  5.776E-01  4.402E-01  3.041E-01  1.763E-01  7.154E-02
  595.0000  1.644E+00  1.637E+00  1.616E+00  1.581E+00  1.532E+00  1.470E+00  1.396E+00  1.309E+00  1.211E+00  1.102E+00  9.846E-01  8.586E-01  7.259E-01  5.883E-01  4.482E-01  3.094E-01  1.790E-01  7.213E-02
  600.0000  1.603E+00  1.596E+00  1.575E+00  1.541E+00  1.493E+00  1.433E+00  1.360E+00  1.276E+00  1.180E+00  1.074E+00  9.593E-01  8.364E-01  7.069E-01  5.727E-01  4.360E-01  3.006E-01  1.734E-01  6.927E-02
  605.0000  1.621E+00  1.614E+00  1.593E+00  1.559E+00  1.511E+00  1.449E+00  1.376E+00  1.290E+00  1.194E+00  1.087E+00  9.709E-01  8.467E-01  7.158E-01  5.801E-01  4.418E-01  3.048E-01  1.759E-01  7.014E-02
  610.0000  1.602E+00  1.595E+00  1.574E+00  1.540E+00  1.493E+00  1.433E+00  1.360E+00  1.276E+00  1.181E+00  1.076E+00  9.612E-01  8.388E-01  7.098E-01  5.759E-01  4.393E-01  3.038E-01  1.760E-01  7.059E-02
  615.0000  1.565E+00  1.558E+00  1.538E+00  1.505E+00  1.459E+00  1.400E+00  1.330E+00  1.248E+00  1.155E+00  1.053E+00  9.413E-01  8.220E-01  6.962E-01  5.655E-01  4.322E-01  2.997E-01  1.744E-01  7.043E-02
  620.0000  1.589E+00  1.582E+00  1.562E+00  1.528E+00  1.482E+00  1.422E+00  1.351E+00  1.268E+00  1.174E+00  1.070E+00  9.573E-01  8.365E-01  7.090E-01  5.766E-01  4.413E-01  3.067E-01  1.791E-01  7.271E-02
  625.0000  1.555E+00  1.549E+00  1.529E+00  1.496E+00  1.451E+00  1.393E+00  1.323E+00  1.242E+00  1.150E+00  1.049E+00  9.387E-01  8.206E-01  6.960E-01  5.665E-01  4.342E-01  3.023E-01  1.770E-01  7.213E-02
  630.0000  1.558E+00  1.552E+00  1.532E+00  1.499E+00  1.454E+00  1.396E+00  1.326E+00  1.245E+00  1.154E+00  1.052E+00  9.419E-01  8.239E-01  6.993E-01  5.697E-01  4.372E-01  3.050E-01  1.791E-01  7.332E-02
  635.0000  1.548E+00  1.542E+00  1.522E+00  1.490E+00  1.445E+00  1.387E+00  1.318E+00  1.238E+00  1.147E+00  1.047E+00  9.375E-01  8.204E-01  6.968E-01  5.683E-01  4.367E-01  3.053E-01  1.799E-01  7.400E-02
  640.0000  1.531E+00  1.525E+00  1.506E+00  1.474E+00  1.429E+00  1.373E+00  1.305E+00  1.225E+00  1.136E+00  1.037E+00  9.288E-01  8.133E-01  6.913E-01  5.643E-01  4.343E-01  3.042E-01  1.798E-01  7.437E-02
  644.8000  1.523E+00  1.517E+00  1.498E+00  1.466E+00  1.422E+00  1.366E+00  1.298E+00  1.220E+00  1.131E+00  1.032E+00  9.253E-01  8.106E-01  6.894E-01  5.633E-01  4.340E-01  3.047E-01  1.806E-01  7.502E-02
  651.0500  1.505E+00  1.499E+00  1.480E+00  1.449E+00  1.405E+00  1.350E+00  1.283E+00  1.206E+00  1.118E+00  1.021E+00  9.157E-01  8.026E-01  6.831E-01  5.586E-01  4.310E-01  3.032E-01  1.803E-01  7.520E-02
  660.0000  1.429E+00  1.423E+00  1.405E+00  1.376E+00  1.335E+00  1.282E+00  1.219E+00  1.146E+00  1.063E+00  9.714E-01  8.715E-01  7.644E-01  6.513E-01  5.333E-01  4.123E-01  2.908E-01  1.737E-01  7.291E-02
  670.0000  1.468E+00  1.462E+00  1.444E+00  1.414E+00  1.371E+00  1.318E+00  1.254E+00  1.179E+00  1.094E+00  9.998E-01  8.975E-01  7.879E-01  6.720E-01  5.511E-01  4.270E-01  3.021E-01  1.814E-01  7.666E-02
  680.0000  1.443E+00  1.437E+00  1.419E+00  1.389E+00  1.348E+00  1.296E+00  1.232E+00  1.159E+00  1.076E+00  9.840E-01  8.838E-01  7.764E-01  6.628E-01  5.443E-01  4.224E-01  2.997E-01  1.807E-01  7.681E-02
  690.0000  1.423E+00  1.417E+00  1.399E+00  1.370E+00  1.329E+00  1.278E+00  1.216E+00  1.144E+00  1.062E+00  9.717E-01  8.732E-01  7.676E-01  6.558E-01  5.391E-01  4.191E-01  2.980E-01  1.803E-01  7.698E-02
  700.0000  1.399E+00  1.393E+00  1.376E+00  1.347E+00  1.307E+00  1.257E+00  1.196E+00  1.125E+00  1.045E+00  9.567E-01  8.601E-01  7.565E-01  6.469E-01  5.323E-01  4.145E-01  2.954E-01  1.794E-01  7.693E-02
  710.0000  1.366E+00  1.361E+00  1.344E+00  1.316E+00  1.277E+00  1.228E+00  1.169E+00  1.100E+00  1.022E+00  9.355E-01  8.414E-01  7.404E-01  6.334E-01  5.217E-01  4.067E-01  2.904E-01  1.768E-01  7.598E-02
  720.0000  1.322E+00  1.316E+00  1.300E+00  1.273E+00  1.236E+00  1.188E+00  1.131E+00  1.065E+00  9.893E-01  9.058E-01  8.149E-01  7.174E-01  6.141E-01  5.062E-01  3.949E-01  2.824E-01  1.723E-01  7.421E-02
  730.0000  1.291E+00  1.286E+00  1.270E+00  1.244E+00  1.208E+00  1.161E+00  1.106E+00  1.041E+00  9.673E-01  8.859E-01  7.973E-01  7.022E-01  6.014E-01  4.961E-01  3.875E-01  2.776E-01  1.698E-01  7.330E-02
------------------------------------------------------------
Dose rates, W m-2
   1 = UV-B, 280-315 nm                                  
   2 = UV-B*, 280-320 nm                                 
   3 = UV-A, 315-400 nm                                  
   4 = DNA damage, in vitro (Setlow, 1974)               
   5 = UV index (WMO, 1994; Webb et al., 2011)           
   6 = Plant damage (Caldwell, 1971)                     
   7 = Plant damage,Flint&Caldwell,2003,orig.            
   8 = Plant damage,Flint&Caldwell,2003,ext390           
values at z =      0.000 km
Columns: sza, weighting spectra
 sza, deg.          1          2          3          4          5          6          7          8
    0.0000  2.457E+00  3.466E+00  6.146E+01  1.275E-02  1.619E+01  5.602E-01  1.408E+00  1.878E+00
    5.0000  2.437E+00  3.440E+00  6.115E+01  1.258E-02  1.603E+01  5.539E-01  1.398E+00  1.865E+00
   10.0000  2.376E+00  3.360E+00  6.023E+01  1.208E-02  1.555E+01  5.355E-01  1.367E+00  1.828E+00
   15.0000  2.277E+00  3.230E+00  5.871E+01  1.126E-02  1.477E+01  5.054E-01  1.317E+00  1.766E+00
   20.0000  2.143E+00  3.053E+00  5.661E+01  1.023E-02  1.375E+01  4.663E-01  1.250E+00  1.684E+00
   25.0000  1.977E+00  2.834E+00  5.395E+01  8.999E-03  1.251E+01  4.188E-01  1.167E+00  1.581E+00
   30.0000  1.785E+00  2.579E+00  5.077E+01  7.662E-03  1.111E+01  3.655E-01  1.071E+00  1.462E+00
   35.0000  1.574E+00  2.296E+00  4.711E+01  6.296E-03  9.610E+00  3.089E-01  9.652E-01  1.329E+00
   40.0000  1.350E+00  1.993E+00  4.302E+01  4.974E-03  8.076E+00  2.519E-01  8.529E-01  1.186E+00
   45.0000  1.122E+00  1.681E+00  3.856E+01  3.760E-03  6.570E+00  1.969E-01  7.373E-01  1.037E+00
   50.0000  8.969E-01  1.369E+00  3.382E+01  2.704E-03  5.153E+00  1.463E-01  6.218E-01  8.861E-01
   55.0000  6.844E-01  1.069E+00  2.888E+01  1.837E-03  3.874E+00  1.024E-01  5.095E-01  7.364E-01
   60.0000  4.925E-01  7.922E-01  2.384E+01  1.167E-03  2.772E+00  6.638E-02  4.033E-01  5.918E-01
   65.0000  3.286E-01  5.486E-01  1.885E+01  6.868E-04  1.871E+00  3.913E-02  3.058E-01  4.558E-01
   70.0000  1.981E-01  3.472E-01  1.406E+01  3.702E-04  1.175E+00  2.043E-02  2.194E-01  3.319E-01
   75.0000  1.037E-01  1.934E-01  9.671E+00  1.815E-04  6.735E-01  9.200E-03  1.457E-01  2.235E-01
   80.0000  4.437E-02  8.875E-02  5.867E+00  8.113E-05  3.403E-01  3.611E-03  8.589E-02  1.334E-01
   85.0000  1.494E-02  3.029E-02  2.793E+00  3.297E-05  1.395E-01  1.410E-03  3.983E-02  6.278E-02
------------------------------------------------------------
