Spectral Irradiance, W m-2 nm-1
values at z =      0.000 km
Columns: wavelength (nm), solar zenith angles (deg.)
    wc, nm      0.000      5.000     10.000     15.000     20.000     25.000     30.000     35.000     40.000     45.000     50.000     55.000     60.000     65.000     70.000     75.000     80.000     85.000
  120.7000  0.000E+00  0.000E+00  0.000E+00  0.000E+00  0.000E+00  0.000E+00  0.000E+00  0.000E+00  0.000E+00  0.000E+00  0.000E+00  0.000E+00  0.000E+00  0.000E+00  0.000E+00  0.000E+00  0.000E+00  0.000E+00
  121.6500  0.000E+00  0.000E+00  0.000E+00  0.000E+00  0.000E+00  0.000E+00  0.000E+00  0.000E+00  0.000E+00  0.000E+00  0.000E+00  0.000E+00  0.000E+00  0.000E+00  0.000E+00  0.000E+00  0.000E+00  0.000E+00
  122.1000  0.000E+00  0.000E+00  0.000E+00  0.000E+00  0.000E+00  0.000E+00  0.000E+00  0.000E+00  0.000E+00  0.000E+00  0.000E+00  0.000E+00  0.000E+00  0.000E+00  0.000E+00  0.000E+00  0.000E+00  0.000E+00
  122.7000  0.000E+00  0.000E+00  0.000E+00  0.000E+00  0.000E+00  0.000E+00  0.000E+00  0.000E+00  0.000E+00  0.000E+00  0.000E+00  0.000E+00  0.000E+00  0.000E+00  0.000E+00  0.000E+00  0.000E+00  0.000E+00
  123.4500  0.000E+00  0.000E+00  0.000E+00  0.000E+00  0.000E+00  0.000E+00  0.000E+00  0.000E+00  0.000E+00  0.000E+00  0.000E+00  0.000E+00  0.000E+00  0.000E+00  0.000E+00  0.000E+00  0.000E+00  0.000E+00
  124.2000  0.000E+00  0.000E+00  0.000E+00  0.000E+00  0.000E+00  0.000E+00  0.000E+00  0.000E+00  0.000E+00  0.000E+00  0.000E+00  0.000E+00  0.000E+00  0.000E+00  0.000E+00  0.000E+00  0.000E+00  0.000E+00
  125.0000  0.000E+00  0.000E+00  0.000E+00  0.000E+00  0.000E+00  0.000E+00  0.000E+00  0.000E+00  0.000E+00  0.000E+00  0.000E+00  0.000E+00  0.000E+00  0.000E+00  0.000E+00  0.000E+00  0.000E+00  0.000E+00
  125.8000  0.000E+00  0.000E+00  0.000E+00  0.000E+00  0.000E+00  0.000E+00  0.000E+00  0.000E+00  0.000E+00  0.000E+00  0.000E+00  0.000E+00  0.000E+00  0.000E+00  0.000E+00  0.000E+00  0.000E+00  0.000E+00
  126.6000  0.000E+00  0.000E+00  0.000E+00  0.000E+00  0.000E+00  0.000E+00  0.000E+00  0.000E+00  0.000E+00  0.000E+00  0.000E+00  0.000E+00  0.000E+00  0.000E+00  0.000E+00  0.000E+00  0.000E+00  0.000E+00
  127.8000  0.000E+00  0.000E+00  0.000E+00  0.000E+00  0.000E+00  0.000E+00  0.000E+00  0.000E+00  0.000E+00  0.000E+00  0.000E+00  0.000E+00  0.000E+00  0.000E+00  0.000E+00  0.000E+00  0.000E+00  0.000E+00
  129.0000  0.000E+00  0.000E+00  0.000E+00  0.000E+00  0.000E+00  0.000E+00  0.000E+00  0.000E+00  0.000E+00  0.000E+00  0.000E+00  0.000E+00  0.000E+00  0.000E+00  0.000E+00  0.000E+00  0.000E+00  0.000E+00
  129.8500  0.000E+00  0.000E+00  0.000E+00  0.000E+00  0.000E+00  0.000E+00  0.000E+00  0.000E+00  0.000E+00  0.000E+00  0.000E+00  0.000E+00  0.000E+00  0.000E+00  0.000E+00  0.000E+00  0.000E+00  0.000E+00
  131.1500  0.000E+00  0.000E+00  0.000E+00  0.000E+00  0.000E+00  0.000E+00  0.000E+00  0.000E+00  0.000E+00  0.000E+00  0.000E+00  0.000E+00  0.000E+00  0.000E+00  0.000E+00  0.000E+00  0.000E+00  0.000E+00
  133.5000  0.000E+00  0.000E+00  0.000E+00  0.000E+00  0.000E+00  0.000E+00  0.000E+00  0.000E+00  0.000E+00  0.000E+00  0.000E+00  0.000E+00  0.000E+00  0.000E+00  0.000E+00  0.000E+00  0.000E+00  0.000E+00
  136.0000  0.000E+00  0.000E+00  0.000E+00  0.000E+00  0.000E+00  0.000E+00  0.000E+00  0.000E+00  0.000E+00  0.000E+00  0.000E+00  0.000E+00  0.000E+00  0.000E+00  0.000E+00  0.000E+00  0.000E+00  0.000E+00
  141.0000  0.000E+00  0.000E+00  0.000E+00  0.000E+00  0.000E+00  0.000E+00  0.000E+00  0.000E+00  0.000E+00  0.000E+00  0.000E+00  0.000E+00  0.000E+00  0.000E+00  0.000E+00  0.000E+00  0.000E+00  0.000E+00
  150.0000  0.000E+00  0.000E+00  0.000E+00  0.000E+00  0.000E+00  0.000E+00  0.000E+00  0.000E+00  0.000E+00  0.000E+00  0.000E+00  0.000E+00  0.000E+00  0.000E+00  0.000E+00  0.000E+00  0.000E+00  0.000E+00
  160.0000  0.000E+00  0.000E+00  0.000E+00  0.000E+00  0.000E+00  0.000E+00  0.000E+00  0.000E+00  0.000E+00  0.000E+00  0.000E+00  0.000E+00  0.000E+00  0.000E+00  0.000E+00  0.000E+00  0.000E+00  0.000E+00
  167.5000  0.000E+00  0.000E+00  0.000E+00  0.000E+00  0.000E+00  0.000E+00  0.000E+00  0.000E+00  0.000E+00  0.000E+00  0.000E+00  0.000E+00  0.000E+00  0.000E+00  0.000E+00  0.000E+00  0.000E+00  0.000E+00
  172.7000  0.000E+00  0.000E+00  0.000E+00  0.000E+00  0.000E+00  0.000E+00  0.000E+00  0.000E+00  0.000E+00  0.000E+00  0.000E+00  0.000E+00  0.000E+00  0.000E+00  0.000E+00  0.000E+00  0.000E+00  0.000E+00
  176.2000  0.000E+00  0.000E+00  0.000E+00  0.000E+00  0.000E+00  0.000E+00  0.000E+00  0.000E+00  0.000E+00  0.000E+00  0.000E+00  0.000E+00  0.000E+00  0.000E+00  0.000E+00  0.000E+00  0.000E+00  0.000E+00
  177.8000  0.000E+00  0.000E+00  0.000E+00  0.000E+00  0.000E+00  0.000E+00  0.000E+00  0.000E+00  0.000E+00  0.000E+00  0.000E+00  0.000E+00  0.000E+00  0.000E+00  0.000E+00  0.000E+00  0.000E+00  0.000E+00
  179.4000  0.000E+00  0.000E+00  0.000E+00  0.000E+00  0.000E+00  0.000E+00  0.000E+00  0.000E+00  0.000E+00  0.000E+00  0.000E+00  0.000E+00  0.000E+00  0.000E+00  0.000E+00  0.000E+00  0.000E+00  0.000E+00
  181.0000  0.000E+00  0.000E+00  0.000E+00  0.000E+00  0.000E+00  0.000E+00  0.000E+00  0.000E+00  0.000E+00  0.000E+00  0.000E+00  0.000E+00  0.000E+00  0.000E+00  0.000E+00  0.000E+00  0.000E+00  0.000E+00
  182.6500  0.000E+00  0.000E+00  0.000E+00  0.000E+00  0.000E+00  0.000E+00  0.000E+00  0.000E+00  0.000E+00  0.000E+00  0.000E+00  0.000E+00  0.000E+00  0.000E+00  0.000E+00  0.000E+00  0.000E+00  0.000E+00
  184.3500  0.000E+00  0.000E+00  0.000E+00  0.000E+00  0.000E+00  0.000E+00  0.000E+00  0.000E+00  0.000E+00  0.000E+00  0.000E+00  0.000E+00  0.000E+00  0.000E+00  0.000E+00  0.000E+00  0.000E+00  0.000E+00
  186.0500  0.000E+00  0.000E+00  0.000E+00  0.000E+00  0.000E+00  0.000E+00  0.000E+00  0.000E+00  0.000E+00  0.000E+00  0.000E+00  0.000E+00  0.000E+00  0.000E+00  0.000E+00  0.000E+00  0.000E+00  0.000E+00
  187.8000  0.000E+00  0.000E+00  0.000E+00  0.000E+00  0.000E+00  0.000E+00  0.000E+00  0.000E+00  0.000E+00  0.000E+00  0.000E+00  0.000E+00  0.000E+00  0.000E+00  0.000E+00  0.000E+00  0.000E+00  0.000E+00
  189.6000  0.000E+00  0.000E+00  0.000E+00  0.000E+00  0.000E+00  0.000E+00  0.000E+00  0.000E+00  0.000E+00  0.000E+00  0.000E+00  0.000E+00  0.000E+00  0.000E+00  0.000E+00  0.000E+00  0.000E+00  0.000E+00
  191.4000  0.000E+00  0.000E+00  0.000E+00  0.000E+00  0.000E+00  0.000E+00  0.000E+00  0.000E+00  0.000E+00  0.000E+00  0.000E+00  0.000E+00  0.000E+00  0.000E+00  0.000E+00  0.000E+00  0.000E+00  0.000E+00
  193.2500  0.000E+00  0.000E+00  0.000E+00  0.000E+00  0.000E+00  0.000E+00  0.000E+00  0.000E+00  0.000E+00  0.000E+00  0.000E+00  0.000E+00  0.000E+00  0.000E+00  0.000E+00  0.000E+00  0.000E+00  0.000E+00
  195.1500  0.000E+00  0.000E+00  0.000E+00  0.000E+00  0.000E+00  0.000E+00  0.000E+00  0.000E+00  0.000E+00  0.000E+00  0.000E+00  0.000E+00  0.000E+00  0.000E+00  0.000E+00  0.000E+00  0.000E+00  0.000E+00
  197.0500  0.000E+00  0.000E+00  0.000E+00  0.000E+00  0.000E+00  0.000E+00  0.000E+00  0.000E+00  0.000E+00  0.000E+00  0.000E+00  0.000E+00  0.000E+00  0.000E+00  0.000E+00  0.000E+00  0.000E+00  0.000E+00
  199.0000  0.000E+00  0.000E+00  0.000E+00  0.000E+00  0.000E+00  0.000E+00  0.000E+00  0.000E+00  0.000E+00  0.000E+00  0.000E+00  0.000E+00  0.000E+00  0.000E+00  0.000E+00  0.000E+00  0.000E+00  0.000E+00
  201.0000  0.000E+00  0.000E+00  0.000E+00  0.000E+00  0.000E+00  0.000E+00  0.000E+00  0.000E+00  0.000E+00  0.000E+00  0.000E+00  0.000E+00  0.000E+00  0.000E+00  0.000E+00  0.000E+00  0.000E+00  0.000E+00
  203.0500  0.000E+00  0.000E+00  0.000E+00  0.000E+00  0.000E+00  0.000E+00  0.000E+00  0.000E+00  0.000E+00  0.000E+00  0.000E+00  0.000E+00  0.000E+00  0.000E+00  0.000E+00  0.000E+00  0.000E+00  0.000E+00
  205.1500  0.000E+00  0.000E+00  0.000E+00  0.000E+00  0.000E+00  0.000E+00  0.000E+00  0.000E+00  0.000E+00  0.000E+00  0.000E+00  0.000E+00  0.000E+00  0.000E+00  0.000E+00  0.000E+00  0.000E+00  0.000E+00
  207.2665  1.838E-20  1.567E-20  9.649E-21  4.215E-21  1.265E-21  2.485E-22  2.977E-23  1.976E-24  6.400E-26  8.933E-28  7.516E-30  4.203E-31  1.060E-31  4.168E-32  2.186E-32  1.329E-32  8.195E-33  4.450E-33
  209.4295  1.148E-19  9.839E-20  6.154E-20  2.761E-20  8.613E-21  1.783E-21  2.288E-22  1.659E-23  6.020E-25  9.720E-27  9.608E-29  5.128E-30  1.153E-30  4.299E-31  2.272E-31  1.409E-31  8.839E-32  4.893E-32
  211.6460  7.635E-19  6.578E-19  4.184E-19  1.932E-19  6.288E-20  1.378E-20  1.907E-21  1.523E-22  6.264E-24  1.192E-25  1.429E-27  7.270E-29  1.400E-29  4.944E-30  2.676E-30  1.702E-30  1.088E-30  6.154E-31
  213.9100  1.606E-18  1.387E-18  8.886E-19  4.155E-19  1.377E-19  3.094E-20  4.423E-21  3.687E-22  1.602E-23  3.269E-25  4.166E-27  1.808E-28  2.822E-29  9.633E-30  5.440E-30  3.549E-30  2.312E-30  1.333E-30
  216.2225  2.270E-18  1.964E-18  1.265E-18  5.968E-19  2.004E-19  4.585E-20  6.711E-21  5.771E-22  2.611E-23  5.630E-25  7.494E-27  2.650E-28  3.200E-29  1.098E-29  6.515E-30  4.348E-30  2.879E-30  1.689E-30
  218.5855  4.120E-18  3.570E-18  2.311E-18  1.099E-18  3.737E-19  8.692E-20  1.301E-20  1.153E-21  5.433E-23  1.243E-24  1.741E-26  4.826E-28  4.327E-29  1.566E-29  9.723E-30  6.610E-30  4.443E-30  2.648E-30
  221.0010  2.448E-18  2.117E-18  1.362E-18  6.414E-19  2.148E-19  4.898E-20  7.148E-21  6.134E-22  2.781E-23  6.075E-25  7.734E-27  1.462E-28  9.503E-30  3.792E-30  2.431E-30  1.677E-30  1.140E-30  6.873E-31
  223.4705  9.584E-19  8.253E-19  5.240E-19  2.413E-19  7.822E-20  1.707E-20  2.354E-21  1.880E-22  7.793E-24  1.522E-25  1.608E-27  1.860E-29  8.830E-31  3.934E-31  2.578E-31  1.798E-31  1.233E-31  7.497E-32
  225.9960  1.635E-19  1.400E-19  8.740E-20  3.910E-20  1.216E-20  2.509E-21  3.217E-22  2.345E-23  8.682E-25  1.474E-26  1.232E-28  8.001E-31  2.854E-32  1.401E-32  9.325E-33  6.564E-33  4.536E-33  2.775E-33
  228.5790  1.223E-20  1.037E-20  6.287E-21  2.675E-21  7.730E-22  1.445E-22  1.631E-23  1.010E-24  3.046E-26  3.972E-28  2.223E-30  6.766E-33  1.874E-34  9.876E-35  6.659E-35  4.724E-35  3.282E-35  2.016E-35
  231.2215  3.580E-22  2.996E-22  1.744E-22  6.921E-23  1.809E-23  2.952E-24  2.790E-25  1.378E-26  3.116E-28  2.791E-30  9.036E-33  1.115E-35  2.495E-37  1.373E-37  9.342E-38  6.663E-38  4.645E-38  2.858E-38
  233.9260  3.700E-24  3.046E-24  1.688E-24  6.157E-25  1.423E-25  1.968E-26  1.498E-27  5.607E-29  8.894E-31  5.004E-33  8.364E-36  3.716E-39  6.914E-41  3.902E-41  2.675E-41  1.915E-41  1.338E-41  8.234E-42
  236.6945  3.581E-26  2.895E-26  1.519E-26  5.044E-27  1.018E-27  1.170E-28  7.006E-30  1.925E-31  2.054E-33  6.858E-36  5.512E-39  8.198E-43  1.261E-44  7.006E-45  5.605E-45  4.204E-45  2.803E-45  1.401E-45
  239.5295  5.975E-28  4.763E-28  2.393E-28  7.390E-29  1.341E-29  1.337E-30  6.640E-32  1.436E-33  1.122E-35  2.451E-38  1.045E-41  0.000E+00  0.000E+00  0.000E+00  0.000E+00  0.000E+00  0.000E+00  0.000E+00
  242.4330  4.108E-29  3.239E-29  1.574E-29  4.591E-30  7.668E-31  6.825E-32  2.919E-33  5.175E-35  3.025E-37  4.586E-40  1.079E-43  0.000E+00  0.000E+00  0.000E+00  0.000E+00  0.000E+00  0.000E+00  0.000E+00
  245.4080  1.055E-31  8.133E-32  3.690E-32  9.568E-33  1.347E-33  9.501E-35  2.998E-36  3.594E-38  1.300E-40  1.023E-43  0.000E+00  0.000E+00  0.000E+00  0.000E+00  0.000E+00  0.000E+00  0.000E+00  0.000E+00
  248.4570  6.421E-34  4.855E-34  2.076E-34  4.866E-35  5.908E-36  3.412E-37  8.280E-39  7.080E-41  1.668E-43  0.000E+00  0.000E+00  0.000E+00  0.000E+00  0.000E+00  0.000E+00  0.000E+00  0.000E+00  0.000E+00
  251.5825  3.402E-35  2.544E-35  1.052E-35  2.326E-36  2.596E-37  1.337E-38  2.791E-40  1.965E-42  4.204E-45  0.000E+00  0.000E+00  0.000E+00  0.000E+00  0.000E+00  0.000E+00  0.000E+00  0.000E+00  0.000E+00
  254.7875  1.238E-35  9.210E-36  3.748E-36  8.065E-37  8.649E-38  4.218E-39  8.198E-41  5.269E-43  1.401E-45  0.000E+00  0.000E+00  0.000E+00  0.000E+00  0.000E+00  0.000E+00  0.000E+00  0.000E+00  0.000E+00
  258.0750  1.656E-34  1.241E-34  5.164E-35  1.155E-35  1.310E-36  6.888E-38  1.477E-39  1.074E-41  2.102E-44 -0.000E+00  0.000E+00  0.000E+00  0.000E+00  0.000E+00  0.000E+00  0.000E+00  0.000E+00  0.000E+00
  261.4490  6.401E-33  4.868E-33  2.119E-33  5.119E-34  6.492E-35  3.972E-36  1.037E-37  9.715E-40  2.546E-42  1.401E-45  0.000E+00  0.000E+00  0.000E+00  0.000E+00  0.000E+00  0.000E+00  0.000E+00  0.000E+00
  264.9125  9.731E-30  7.580E-30  3.550E-30  9.715E-31  1.477E-31  1.156E-32  4.160E-34  5.879E-36  2.600E-38  2.599E-41  4.204E-45  0.000E+00  0.000E+00  0.000E+00  0.000E+00  0.000E+00  0.000E+00  0.000E+00
  268.4685  5.644E-26  4.542E-26  2.348E-26  7.609E-27  1.479E-27  1.614E-28  8.976E-30  2.215E-31  1.993E-33  4.828E-36  2.206E-39  9.949E-44  1.401E-45  0.000E+00  0.000E+00  0.000E+00  0.000E+00  0.000E+00
  272.1215  7.350E-22  6.133E-22  3.539E-22  1.384E-22  3.536E-23  5.585E-24  5.033E-25  2.308E-26  4.576E-28  3.098E-30  5.064E-33  1.239E-36  9.814E-39  5.575E-39  3.834E-39  2.754E-39  1.931E-39  1.197E-39
  275.8755  1.721E-17  1.493E-17  9.679E-18  4.620E-18  1.578E-18  3.691E-19  5.554E-20  4.917E-21  2.252E-22  4.446E-24  2.879E-26  4.226E-29  3.801E-31  2.072E-31  1.412E-31  1.011E-31  7.089E-32  4.409E-32
  279.7340  1.464E-13  1.315E-13  9.503E-14  5.458E-14  2.439E-14  8.214E-15  1.989E-15  3.241E-16  3.230E-17  1.719E-18  3.993E-20  3.089E-22  3.656E-24  1.720E-24  1.156E-24  8.216E-25  5.749E-25  3.587E-25
  283.7020  1.147E-09  1.063E-09  8.445E-10  5.702E-10  3.224E-10  1.493E-10  5.478E-11  1.521E-11  2.991E-12  3.787E-13  2.688E-14  8.872E-16  2.026E-17  5.981E-18  3.912E-18  2.746E-18  1.909E-18  1.192E-18
  287.7845  1.144E-06  1.087E-06  9.307E-07  7.141E-07  4.863E-07  2.895E-07  1.476E-07  6.242E-08  2.099E-08  5.272E-09  9.041E-10  9.363E-11  5.819E-12  8.799E-13  5.147E-13  3.536E-13  2.427E-13  1.507E-13
  291.9865  2.290E-04  2.215E-04  2.003E-04  1.688E-04  1.317E-04  9.428E-05  6.110E-05  3.518E-05  1.752E-05  7.265E-06  2.374E-06  5.660E-07  9.114E-08  1.247E-08  4.319E-09  2.774E-09  1.859E-09  1.137E-09
  296.3090  5.049E-03  4.943E-03  4.635E-03  4.155E-03  3.546E-03  2.867E-03  2.177E-03  1.536E-03  9.910E-04  5.715E-04  2.853E-04  1.176E-04  3.755E-05  8.845E-06  1.945E-06  8.270E-07  5.184E-07  3.074E-07
  300.5000  2.772E-02  2.733E-02  2.617E-02  2.430E-02  2.185E-02  1.895E-02  1.577E-02  1.251E-02  9.369E-03  6.533E-03  4.158E-03  2.348E-03  1.127E-03  4.325E-04  1.261E-04  3.361E-05  1.482E-05  8.227E-06
  303.0000  7.795E-02  7.705E-02  7.439E-02  7.009E-02  6.434E-02  5.737E-02  4.953E-02  4.117E-02  3.271E-02  2.460E-02  1.725E-02  1.104E-02  6.242E-03  2.969E-03  1.108E-03  3.149E-04  9.803E-05  4.761E-05
  304.0000  8.606E-02  8.513E-02  8.236E-02  7.787E-02  7.183E-02  6.449E-02  5.616E-02  4.721E-02  3.805E-02  2.913E-02  2.090E-02  1.378E-02  8.108E-03  4.064E-03  1.621E-03  4.855E-04  1.405E-04  6.364E-05
  305.0000  1.187E-01  1.175E-01  1.140E-01  1.082E-01  1.005E-01  9.095E-02  8.007E-02  6.826E-02  5.600E-02  4.386E-02  3.239E-02  2.218E-02  1.371E-02  7.339E-03  3.192E-03  1.041E-03  2.839E-04  1.133E-04
  306.0000  1.124E-01  1.113E-01  1.081E-01  1.029E-01  9.593E-02  8.732E-02  7.742E-02  6.659E-02  5.527E-02  4.391E-02  3.304E-02  2.317E-02  1.478E-02  8.260E-03  3.803E-03  1.323E-03  3.567E-04  1.282E-04
  307.0000  1.453E-01  1.440E-01  1.401E-01  1.338E-01  1.252E-01  1.146E-01  1.024E-01  8.890E-02  7.466E-02  6.023E-02  4.620E-02  3.322E-02  2.191E-02  1.280E-02  6.265E-03  2.348E-03  6.434E-04  2.034E-04
  308.0000  1.711E-01  1.697E-01  1.653E-01  1.583E-01  1.487E-01  1.368E-01  1.230E-01  1.078E-01  9.150E-02  7.484E-02  5.844E-02  4.301E-02  2.924E-02  1.780E-02  9.222E-03  3.723E-03  1.066E-03  2.982E-04
  309.0000  1.781E-01  1.766E-01  1.723E-01  1.652E-01  1.555E-01  1.435E-01  1.296E-01  1.140E-01  9.741E-02  8.030E-02  6.333E-02  4.721E-02  3.264E-02  2.034E-02  1.087E-02  4.583E-03  1.359E-03  3.557E-04
  310.0000  1.756E-01  1.743E-01  1.703E-01  1.637E-01  1.547E-01  1.435E-01  1.304E-01  1.158E-01  1.000E-01  8.363E-02  6.716E-02  5.124E-02  3.655E-02  2.376E-02  1.348E-02  6.171E-03  1.998E-03  4.761E-04
  311.0000  2.961E-01  2.939E-01  2.873E-01  2.765E-01  2.618E-01  2.434E-01  2.218E-01  1.977E-01  1.715E-01  1.443E-01  1.167E-01  8.993E-02  6.497E-02  4.296E-02  2.497E-02  1.184E-02  3.999E-03  9.306E-04
  312.0000  2.647E-01  2.628E-01  2.571E-01  2.479E-01  2.352E-01  2.193E-01  2.007E-01  1.798E-01  1.570E-01  1.331E-01  1.089E-01  8.501E-02  6.253E-02  4.237E-02  2.549E-02  1.271E-02  4.590E-03  1.058E-03
  313.0000  2.963E-01  2.943E-01  2.882E-01  2.783E-01  2.646E-01  2.475E-01  2.274E-01  2.047E-01  1.799E-01  1.538E-01  1.270E-01  1.005E-01  7.524E-02  5.222E-02  3.250E-02  1.704E-02  6.612E-03  1.562E-03
  314.0000  3.240E-01  3.218E-01  3.153E-01  3.046E-01  2.899E-01  2.715E-01  2.498E-01  2.253E-01  1.985E-01  1.702E-01  1.412E-01  1.123E-01  8.464E-02  5.928E-02  3.738E-02  1.998E-02  7.973E-03  1.915E-03
  316.0000  3.326E-01  3.305E-01  3.242E-01  3.139E-01  2.997E-01  2.819E-01  2.609E-01  2.369E-01  2.107E-01  1.827E-01  1.538E-01  1.247E-01  9.633E-02  6.982E-02  4.621E-02  2.657E-02  1.189E-02  3.210E-03
  320.0000  4.280E-01  4.255E-01  4.180E-01  4.057E-01  3.887E-01  3.673E-01  3.419E-01  3.130E-01  2.810E-01  2.468E-01  2.109E-01  1.745E-01  1.384E-01  1.040E-01  7.244E-02  4.503E-02  2.292E-02  7.543E-03
  325.0000  5.489E-01  5.459E-01  5.369E-01  5.220E-01  5.015E-01  4.757E-01  4.450E-01  4.098E-01  3.708E-01  3.287E-01  2.844E-01  2.389E-01  1.935E-01  1.494E-01  1.082E-01  7.135E-02  4.022E-02  1.608E-02
  330.0000  6.839E-01  6.802E-01  6.694E-01  6.515E-01  6.261E-01  5.956E-01  5.584E-01  5.158E-01  4.684E-01  4.172E-01  3.630E-01  3.072E-01  2.510E-01  1.962E-01  1.445E-01  9.778E-02  5.765E-02  2.533E-02
  335.0000  6.528E-01  6.494E-01  6.393E-01  6.226E-01  5.996E-01  5.704E-01  5.357E-01  4.958E-01  4.513E-01  4.032E-01  3.521E-01  2.993E-01  2.460E-01  1.937E-01  1.441E-01  9.900E-02  5.994E-02  2.792E-02
  340.0000  7.108E-01  7.072E-01  6.963E-01  6.784E-01  6.536E-01  6.223E-01  5.849E-01  5.420E-01  4.941E-01  4.421E-01  3.869E-01  3.296E-01  2.717E-01  2.146E-01  1.603E-01  1.107E-01  6.774E-02  3.231E-02
  345.0000  7.018E-01  6.983E-01  6.877E-01  6.702E-01  6.460E-01  6.154E-01  5.788E-01  5.367E-01  4.898E-01  4.387E-01  3.844E-01  3.281E-01  2.708E-01  2.143E-01  1.604E-01  1.111E-01  6.824E-02  3.293E-02
  350.0000  7.347E-01  7.311E-01  7.200E-01  7.018E-01  6.767E-01  6.448E-01  6.068E-01  5.630E-01  5.141E-01  4.608E-01  4.041E-01  3.451E-01  2.851E-01  2.258E-01  1.690E-01  1.170E-01  7.178E-02  3.463E-02
  355.0000  7.776E-01  7.738E-01  7.622E-01  7.431E-01  7.167E-01  6.832E-01  6.432E-01  5.971E-01  5.456E-01  4.895E-01  4.297E-01  3.674E-01  3.038E-01  2.408E-01  1.804E-01  1.249E-01  7.666E-02  3.709E-02
  360.0000  7.116E-01  7.081E-01  6.976E-01  6.803E-01  6.562E-01  6.258E-01  5.894E-01  5.475E-01  5.006E-01  4.494E-01  3.949E-01  3.379E-01  2.797E-01  2.219E-01  1.662E-01  1.151E-01  7.059E-02  3.419E-02
  365.0000  9.055E-01  9.011E-01  8.878E-01  8.659E-01  8.355E-01  7.971E-01  7.510E-01  6.979E-01  6.385E-01  5.737E-01  5.044E-01  4.320E-01  3.579E-01  2.841E-01  2.130E-01  1.474E-01  9.032E-02  4.375E-02
  370.0000  9.421E-01  9.375E-01  9.238E-01  9.011E-01  8.697E-01  8.300E-01  7.823E-01  7.274E-01  6.659E-01  5.986E-01  5.267E-01  4.515E-01  3.744E-01  2.974E-01  2.230E-01  1.543E-01  9.443E-02  4.572E-02
  375.0000  8.516E-01  8.475E-01  8.351E-01  8.148E-01  7.866E-01  7.508E-01  7.080E-01  6.586E-01  6.032E-01  5.427E-01  4.778E-01  4.099E-01  3.402E-01  2.704E-01  2.029E-01  1.403E-01  8.575E-02  4.148E-02
  380.0000  9.795E-01  9.748E-01  9.607E-01  9.374E-01  9.052E-01  8.643E-01  8.153E-01  7.587E-01  6.953E-01  6.259E-01  5.515E-01  4.735E-01  3.933E-01  3.129E-01  2.348E-01  1.623E-01  9.908E-02  4.788E-02
  385.0000  7.388E-01  7.353E-01  7.247E-01  7.073E-01  6.831E-01  6.524E-01  6.156E-01  5.732E-01  5.255E-01  4.733E-01  4.174E-01  3.586E-01  2.981E-01  2.374E-01  1.782E-01  1.232E-01  7.508E-02  3.624E-02
  390.0000  9.652E-01  9.606E-01  9.469E-01  9.242E-01  8.928E-01  8.530E-01  8.051E-01  7.499E-01  6.879E-01  6.200E-01  5.471E-01  4.704E-01  3.913E-01  3.118E-01  2.343E-01  1.619E-01  9.853E-02  4.749E-02
  395.0000  7.491E-01  7.456E-01  7.350E-01  7.175E-01  6.932E-01  6.624E-01  6.255E-01  5.828E-01  5.349E-01  4.824E-01  4.259E-01  3.665E-01  3.051E-01  2.434E-01  1.829E-01  1.264E-01  7.681E-02  3.697E-02
  400.0000  1.391E+00  1.385E+00  1.365E+00  1.333E+00  1.288E+00  1.231E+00  1.163E+00  1.084E+00  9.953E-01  8.980E-01  7.934E-01  6.832E-01  5.693E-01  4.544E-01  3.418E-01  2.361E-01  1.433E-01  6.886E-02
  405.0000  1.419E+00  1.412E+00  1.392E+00  1.360E+00  1.314E+00  1.256E+00  1.187E+00  1.107E+00  1.017E+00  9.179E-01  8.116E-01  6.993E-01  5.832E-01  4.659E-01  3.507E-01  2.423E-01  1.468E-01  7.042E-02
  410.0000  1.464E+00  1.457E+00  1.436E+00  1.403E+00  1.356E+00  1.297E+00  1.226E+00  1.143E+00  1.051E+00  9.489E-01  8.395E-01  7.239E-01  6.042E-01  4.830E-01  3.638E-01  2.513E-01  1.521E-01  7.281E-02
  415.0000  1.525E+00  1.518E+00  1.497E+00  1.462E+00  1.414E+00  1.352E+00  1.278E+00  1.193E+00  1.097E+00  9.911E-01  8.773E-01  7.570E-01  6.323E-01  5.059E-01  3.813E-01  2.635E-01  1.593E-01  7.608E-02
  420.0000  1.540E+00  1.533E+00  1.511E+00  1.476E+00  1.428E+00  1.366E+00  1.292E+00  1.206E+00  1.109E+00  1.003E+00  8.879E-01  7.667E-01  6.409E-01  5.132E-01  3.871E-01  2.675E-01  1.615E-01  7.697E-02
  425.0000  1.470E+00  1.463E+00  1.443E+00  1.410E+00  1.363E+00  1.305E+00  1.234E+00  1.152E+00  1.060E+00  9.590E-01  8.499E-01  7.343E-01  6.143E-01  4.922E-01  3.715E-01  2.568E-01  1.549E-01  7.359E-02
  430.0000  1.356E+00  1.350E+00  1.332E+00  1.301E+00  1.258E+00  1.204E+00  1.139E+00  1.064E+00  9.797E-01  8.865E-01  7.860E-01  6.796E-01  5.689E-01  4.563E-01  3.446E-01  2.383E-01  1.436E-01  6.806E-02
  435.0000  1.575E+00  1.567E+00  1.546E+00  1.511E+00  1.461E+00  1.399E+00  1.324E+00  1.237E+00  1.139E+00  1.031E+00  9.147E-01  7.913E-01  6.629E-01  5.320E-01  4.021E-01  2.781E-01  1.674E-01  7.913E-02
  440.0000  1.620E+00  1.612E+00  1.591E+00  1.554E+00  1.504E+00  1.440E+00  1.363E+00  1.274E+00  1.173E+00  1.062E+00  9.429E-01  8.162E-01  6.842E-01  5.495E-01  4.156E-01  2.875E-01  1.728E-01  8.142E-02
  445.0000  1.740E+00  1.732E+00  1.708E+00  1.670E+00  1.616E+00  1.547E+00  1.465E+00  1.369E+00  1.261E+00  1.143E+00  1.015E+00  8.790E-01  7.374E-01  5.926E-01  4.485E-01  3.104E-01  1.864E-01  8.753E-02
  450.0000  1.850E+00  1.842E+00  1.817E+00  1.776E+00  1.719E+00  1.646E+00  1.559E+00  1.457E+00  1.343E+00  1.218E+00  1.082E+00  9.374E-01  7.868E-01  6.329E-01  4.793E-01  3.318E-01  1.991E-01  9.323E-02
  455.0000  1.811E+00  1.803E+00  1.778E+00  1.738E+00  1.682E+00  1.612E+00  1.526E+00  1.427E+00  1.316E+00  1.193E+00  1.061E+00  9.196E-01  7.724E-01  6.217E-01  4.712E-01  3.263E-01  1.956E-01  9.130E-02
  460.0000  1.863E+00  1.854E+00  1.830E+00  1.788E+00  1.731E+00  1.658E+00  1.571E+00  1.469E+00  1.355E+00  1.229E+00  1.093E+00  9.478E-01  7.964E-01  6.413E-01  4.862E-01  3.366E-01  2.014E-01  9.346E-02
  465.0000  1.842E+00  1.834E+00  1.809E+00  1.768E+00  1.712E+00  1.640E+00  1.554E+00  1.454E+00  1.341E+00  1.217E+00  1.082E+00  9.394E-01  7.898E-01  6.365E-01  4.829E-01  3.346E-01  2.001E-01  9.260E-02
  470.0000  1.832E+00  1.823E+00  1.799E+00  1.759E+00  1.703E+00  1.632E+00  1.546E+00  1.447E+00  1.335E+00  1.212E+00  1.078E+00  9.363E-01  7.877E-01  6.351E-01  4.822E-01  3.342E-01  1.997E-01  9.212E-02
  475.0000  1.853E+00  1.845E+00  1.820E+00  1.779E+00  1.723E+00  1.651E+00  1.565E+00  1.465E+00  1.352E+00  1.227E+00  1.092E+00  9.490E-01  7.988E-01  6.444E-01  4.896E-01  3.394E-01  2.027E-01  9.308E-02
  480.0000  1.904E+00  1.896E+00  1.871E+00  1.829E+00  1.771E+00  1.697E+00  1.609E+00  1.506E+00  1.390E+00  1.262E+00  1.124E+00  9.762E-01  8.218E-01  6.631E-01  5.037E-01  3.489E-01  2.077E-01  9.461E-02
  485.0000  1.729E+00  1.722E+00  1.699E+00  1.661E+00  1.609E+00  1.542E+00  1.462E+00  1.369E+00  1.264E+00  1.148E+00  1.022E+00  8.883E-01  7.481E-01  6.040E-01  4.590E-01  3.180E-01  1.892E-01  8.583E-02
  490.0000  1.801E+00  1.793E+00  1.770E+00  1.730E+00  1.676E+00  1.607E+00  1.523E+00  1.426E+00  1.317E+00  1.197E+00  1.066E+00  9.271E-01  7.813E-01  6.312E-01  4.800E-01  3.329E-01  1.980E-01  8.961E-02
  495.0000  1.834E+00  1.826E+00  1.802E+00  1.762E+00  1.707E+00  1.637E+00  1.552E+00  1.453E+00  1.342E+00  1.220E+00  1.087E+00  9.456E-01  7.972E-01  6.443E-01  4.903E-01  3.400E-01  2.021E-01  9.105E-02
  500.0000  1.748E+00  1.740E+00  1.717E+00  1.679E+00  1.627E+00  1.560E+00  1.479E+00  1.385E+00  1.280E+00  1.163E+00  1.036E+00  9.015E-01  7.601E-01  6.143E-01  4.673E-01  3.238E-01  1.919E-01  8.571E-02
  505.0000  1.774E+00  1.766E+00  1.743E+00  1.704E+00  1.651E+00  1.583E+00  1.501E+00  1.406E+00  1.298E+00  1.180E+00  1.052E+00  9.147E-01  7.711E-01  6.230E-01  4.737E-01  3.277E-01  1.935E-01  8.547E-02
  510.0000  1.759E+00  1.751E+00  1.728E+00  1.690E+00  1.637E+00  1.570E+00  1.489E+00  1.395E+00  1.289E+00  1.172E+00  1.044E+00  9.088E-01  7.666E-01  6.198E-01  4.716E-01  3.266E-01  1.929E-01  8.503E-02
  515.0000  1.630E+00  1.623E+00  1.602E+00  1.566E+00  1.517E+00  1.455E+00  1.380E+00  1.293E+00  1.195E+00  1.087E+00  9.691E-01  8.435E-01  7.118E-01  5.757E-01  4.383E-01  3.036E-01  1.792E-01  7.870E-02
  520.0000  1.675E+00  1.668E+00  1.646E+00  1.609E+00  1.559E+00  1.495E+00  1.419E+00  1.329E+00  1.228E+00  1.117E+00  9.963E-01  8.674E-01  7.321E-01  5.923E-01  4.509E-01  3.123E-01  1.840E-01  8.035E-02
  525.0000  1.678E+00  1.671E+00  1.649E+00  1.613E+00  1.563E+00  1.499E+00  1.422E+00  1.332E+00  1.231E+00  1.120E+00  9.984E-01  8.692E-01  7.335E-01  5.933E-01  4.514E-01  3.123E-01  1.835E-01  7.932E-02
  530.0000  1.765E+00  1.757E+00  1.734E+00  1.696E+00  1.643E+00  1.576E+00  1.495E+00  1.401E+00  1.294E+00  1.177E+00  1.049E+00  9.134E-01  7.705E-01  6.229E-01  4.735E-01  3.269E-01  1.912E-01  8.167E-02
  535.0000  1.709E+00  1.702E+00  1.679E+00  1.643E+00  1.591E+00  1.526E+00  1.448E+00  1.357E+00  1.254E+00  1.140E+00  1.017E+00  8.850E-01  7.466E-01  6.036E-01  4.589E-01  3.167E-01  1.849E-01  7.845E-02
  540.0000  1.710E+00  1.703E+00  1.681E+00  1.644E+00  1.593E+00  1.527E+00  1.449E+00  1.358E+00  1.255E+00  1.142E+00  1.018E+00  8.866E-01  7.482E-01  6.052E-01  4.602E-01  3.177E-01  1.854E-01  7.842E-02
  545.0000  1.734E+00  1.726E+00  1.704E+00  1.666E+00  1.615E+00  1.549E+00  1.469E+00  1.377E+00  1.273E+00  1.158E+00  1.033E+00  8.991E-01  7.588E-01  6.136E-01  4.666E-01  3.219E-01  1.875E-01  7.873E-02
  550.0000  1.738E+00  1.730E+00  1.708E+00  1.670E+00  1.618E+00  1.552E+00  1.473E+00  1.380E+00  1.276E+00  1.161E+00  1.035E+00  9.017E-01  7.610E-01  6.155E-01  4.680E-01  3.228E-01  1.878E-01  7.840E-02
  555.0000  1.724E+00  1.716E+00  1.694E+00  1.657E+00  1.605E+00  1.540E+00  1.461E+00  1.369E+00  1.266E+00  1.152E+00  1.028E+00  8.950E-01  7.555E-01  6.112E-01  4.648E-01  3.206E-01  1.862E-01  7.723E-02
  560.0000  1.678E+00  1.670E+00  1.649E+00  1.613E+00  1.562E+00  1.499E+00  1.422E+00  1.333E+00  1.232E+00  1.121E+00  9.998E-01  8.707E-01  7.348E-01  5.942E-01  4.515E-01  3.110E-01  1.800E-01  7.392E-02
  565.0000  1.678E+00  1.670E+00  1.649E+00  1.613E+00  1.562E+00  1.499E+00  1.422E+00  1.333E+00  1.232E+00  1.120E+00  9.993E-01  8.700E-01  7.340E-01  5.932E-01  4.504E-01  3.097E-01  1.786E-01  7.259E-02
  570.0000  1.666E+00  1.659E+00  1.638E+00  1.602E+00  1.552E+00  1.488E+00  1.412E+00  1.324E+00  1.223E+00  1.113E+00  9.925E-01  8.640E-01  7.289E-01  5.890E-01  4.470E-01  3.071E-01  1.767E-01  7.128E-02
  575.0000  1.694E+00  1.686E+00  1.664E+00  1.628E+00  1.577E+00  1.513E+00  1.436E+00  1.346E+00  1.244E+00  1.131E+00  1.009E+00  8.787E-01  7.414E-01  5.992E-01  4.548E-01  3.124E-01  1.796E-01  7.214E-02
  580.0000  1.667E+00  1.660E+00  1.638E+00  1.602E+00  1.553E+00  1.490E+00  1.413E+00  1.325E+00  1.225E+00  1.115E+00  9.947E-01  8.665E-01  7.315E-01  5.917E-01  4.497E-01  3.094E-01  1.782E-01  7.174E-02
  585.0000  1.669E+00  1.662E+00  1.640E+00  1.604E+00  1.555E+00  1.492E+00  1.416E+00  1.327E+00  1.228E+00  1.117E+00  9.974E-01  8.692E-01  7.343E-01  5.945E-01  4.523E-01  3.117E-01  1.800E-01  7.264E-02
  590.0000  1.610E+00  1.603E+00  1.582E+00  1.548E+00  1.500E+00  1.439E+00  1.366E+00  1.281E+00  1.185E+00  1.079E+00  9.632E-01  8.396E-01  7.096E-01  5.747E-01  4.375E-01  3.017E-01  1.744E-01  7.028E-02
  595.0000  1.641E+00  1.634E+00  1.612E+00  1.577E+00  1.529E+00  1.467E+00  1.392E+00  1.305E+00  1.207E+00  1.099E+00  9.812E-01  8.553E-01  7.227E-01  5.852E-01  4.453E-01  3.068E-01  1.769E-01  7.080E-02
  600.0000  1.599E+00  1.592E+00  1.571E+00  1.537E+00  1.490E+00  1.429E+00  1.356E+00  1.272E+00  1.176E+00  1.071E+00  9.557E-01  8.329E-01  7.035E-01  5.694E-01  4.330E-01  2.979E-01  1.712E-01  6.791E-02
  605.0000  1.617E+00  1.610E+00  1.589E+00  1.555E+00  1.507E+00  1.446E+00  1.372E+00  1.287E+00  1.190E+00  1.083E+00  9.672E-01  8.431E-01  7.124E-01  5.768E-01  4.388E-01  3.021E-01  1.737E-01  6.877E-02
  610.0000  1.598E+00  1.591E+00  1.571E+00  1.537E+00  1.489E+00  1.429E+00  1.357E+00  1.273E+00  1.178E+00  1.072E+00  9.579E-01  8.355E-01  7.066E-01  5.728E-01  4.365E-01  3.013E-01  1.739E-01  6.933E-02
  615.0000  1.562E+00  1.555E+00  1.535E+00  1.502E+00  1.456E+00  1.397E+00  1.327E+00  1.245E+00  1.152E+00  1.050E+00  9.383E-01  8.190E-01  6.933E-01  5.628E-01  4.297E-01  2.974E-01  1.725E-01  6.930E-02
  620.0000  1.586E+00  1.579E+00  1.559E+00  1.525E+00  1.479E+00  1.419E+00  1.348E+00  1.265E+00  1.171E+00  1.067E+00  9.544E-01  8.337E-01  7.063E-01  5.740E-01  4.389E-01  3.046E-01  1.773E-01  7.164E-02
  625.0000  1.553E+00  1.546E+00  1.526E+00  1.494E+00  1.448E+00  1.390E+00  1.320E+00  1.239E+00  1.148E+00  1.046E+00  9.360E-01  8.180E-01  6.935E-01  5.641E-01  4.319E-01  3.003E-01  1.754E-01  7.115E-02
  630.0000  1.556E+00  1.549E+00  1.529E+00  1.497E+00  1.451E+00  1.393E+00  1.324E+00  1.243E+00  1.151E+00  1.050E+00  9.395E-01  8.215E-01  6.969E-01  5.674E-01  4.351E-01  3.031E-01  1.776E-01  7.240E-02
  635.0000  1.546E+00  1.540E+00  1.520E+00  1.487E+00  1.442E+00  1.385E+00  1.316E+00  1.236E+00  1.145E+00  1.045E+00  9.352E-01  8.182E-01  6.947E-01  5.662E-01  4.348E-01  3.036E-01  1.785E-01  7.316E-02
  640.0000  1.529E+00  1.523E+00  1.504E+00  1.472E+00  1.427E+00  1.371E+00  1.302E+00  1.223E+00  1.134E+00  1.035E+00  9.268E-01  8.113E-01  6.893E-01  5.624E-01  4.325E-01  3.027E-01  1.786E-01  7.362E-02
  644.8000  1.521E+00  1.515E+00  1.496E+00  1.464E+00  1.420E+00  1.364E+00  1.296E+00  1.218E+00  1.129E+00  1.031E+00  9.235E-01  8.088E-01  6.877E-01  5.616E-01  4.324E-01  3.032E-01  1.795E-01  7.433E-02
  651.0500  1.503E+00  1.497E+00  1.478E+00  1.447E+00  1.403E+00  1.348E+00  1.282E+00  1.204E+00  1.117E+00  1.020E+00  9.140E-01  8.009E-01  6.815E-01  5.571E-01  4.296E-01  3.019E-01  1.793E-01  7.458E-02
  660.0000  1.428E+00  1.422E+00  1.404E+00  1.374E+00  1.333E+00  1.281E+00  1.218E+00  1.145E+00  1.062E+00  9.700E-01  8.701E-01  7.631E-01  6.500E-01  5.321E-01  4.111E-01  2.898E-01  1.729E-01  7.241E-02
  670.0000  1.467E+00  1.461E+00  1.443E+00  1.412E+00  1.370E+00  1.317E+00  1.252E+00  1.177E+00  1.093E+00  9.986E-01  8.964E-01  7.868E-01  6.709E-01  5.501E-01  4.260E-01  3.012E-01  1.807E-01  7.625E-02
  680.0000  1.442E+00  1.436E+00  1.418E+00  1.388E+00  1.347E+00  1.295E+00  1.231E+00  1.158E+00  1.075E+00  9.831E-01  8.829E-01  7.755E-01  6.620E-01  5.435E-01  4.217E-01  2.990E-01  1.801E-01  7.648E-02
  690.0000  1.422E+00  1.416E+00  1.398E+00  1.369E+00  1.329E+00  1.277E+00  1.215E+00  1.143E+00  1.061E+00  9.710E-01  8.725E-01  7.668E-01  6.551E-01  5.384E-01  4.184E-01  2.975E-01  1.799E-01  7.672E-02
  700.0000  1.398E+00  1.392E+00  1.375E+00  1.347E+00  1.307E+00  1.256E+00  1.196E+00  1.125E+00  1.045E+00  9.561E-01  8.596E-01  7.560E-01  6.463E-01  5.318E-01  4.140E-01  2.950E-01  1.790E-01  7.674E-02
  710.0000  1.366E+00  1.360E+00  1.343E+00  1.316E+00  1.277E+00  1.228E+00  1.168E+00  1.100E+00  1.022E+00  9.351E-01  8.409E-01  7.399E-01  6.330E-01  5.213E-01  4.063E-01  2.900E-01  1.765E-01  7.583E-02
  720.0000  1.321E+00  1.316E+00  1.300E+00  1.273E+00  1.235E+00  1.188E+00  1.131E+00  1.064E+00  9.889E-01  9.054E-01  8.145E-01  7.170E-01  6.137E-01  5.058E-01  3.946E-01  2.821E-01  1.721E-01  7.408E-02
  730.0000  1.291E+00  1.286E+00  1.270E+00  1.244E+00  1.207E+00  1.161E+00  1.105E+00  1.040E+00  9.670E-01  8.857E-01  7.970E-01  7.019E-01  6.011E-01  4.958E-01  3.873E-01  2.773E-01  1.696E-01  7.321E-02
------------------------------------------------------------
Dose rates, W m-2
   1 = UV-B, 280-315 nm                                  
   2 = UV-B*, 280-320 nm                                 
   3 = UV-A, 315-400 nm                                  
   4 = DNA damage, in vitro (Setlow, 1974)               
   5 = UV index (WMO, 1994; Webb et al., 2011)           
   6 = Plant damage (Caldwell, 1971)                     
   7 = Plant damage,Flint&Caldwell,2003,orig.            
   8 = Plant damage,Flint&Caldwell,2003,ext390           
values at z =      0.000 km
Columns: sza, weighting spectra
 sza, deg.          1          2          3          4          5          6          7          8
    0.0000  2.380E+00  3.378E+00  6.141E+01  1.150E-02  1.533E+01  5.238E-01  1.373E+00  1.843E+00
    5.0000  2.360E+00  3.352E+00  6.110E+01  1.135E-02  1.518E+01  5.179E-01  1.363E+00  1.830E+00
   10.0000  2.301E+00  3.273E+00  6.018E+01  1.090E-02  1.473E+01  5.006E-01  1.333E+00  1.794E+00
   15.0000  2.204E+00  3.145E+00  5.866E+01  1.017E-02  1.400E+01  4.725E-01  1.285E+00  1.735E+00
   20.0000  2.072E+00  2.971E+00  5.655E+01  9.225E-03  1.302E+01  4.351E-01  1.220E+00  1.654E+00
   25.0000  1.909E+00  2.755E+00  5.390E+01  8.112E-03  1.184E+01  3.901E-01  1.139E+00  1.554E+00
   30.0000  1.721E+00  2.504E+00  5.072E+01  6.901E-03  1.051E+01  3.397E-01  1.046E+00  1.437E+00
   35.0000  1.514E+00  2.225E+00  4.706E+01  5.662E-03  9.079E+00  2.862E-01  9.435E-01  1.307E+00
   40.0000  1.295E+00  1.927E+00  4.297E+01  4.462E-03  7.618E+00  2.323E-01  8.341E-01  1.167E+00
   45.0000  1.071E+00  1.619E+00  3.851E+01  3.359E-03  6.184E+00  1.803E-01  7.214E-01  1.021E+00
   50.0000  8.504E-01  1.312E+00  3.377E+01  2.400E-03  4.832E+00  1.327E-01  6.085E-01  8.729E-01
   55.0000  6.425E-01  1.017E+00  2.883E+01  1.612E-03  3.613E+00  9.134E-02  4.986E-01  7.255E-01
   60.0000  4.552E-01  7.442E-01  2.379E+01  1.005E-03  2.563E+00  5.773E-02  3.944E-01  5.829E-01
   65.0000  2.960E-01  5.054E-01  1.880E+01  5.735E-04  1.706E+00  3.256E-02  2.987E-01  4.487E-01
   70.0000  1.704E-01  3.090E-01  1.401E+01  2.936E-04  1.048E+00  1.569E-02  2.137E-01  3.263E-01
   75.0000  8.170E-02  1.614E-01  9.618E+00  1.324E-04  5.804E-01  6.073E-03  1.413E-01  2.191E-01
   80.0000  2.918E-02  6.485E-02  5.814E+00  5.213E-05  2.781E-01  1.828E-03  8.263E-02  1.301E-01
   85.0000  7.186E-03  1.682E-02  2.747E+00  1.800E-05  1.049E-01  5.632E-04  3.766E-02  6.061E-02
------------------------------------------------------------
