Spectral Irradiance, W m-2 nm-1
values at z =      0.000 km
Columns: wavelength (nm), solar zenith angles (deg.)
    wc, nm      0.000      5.000     10.000     15.000     20.000     25.000     30.000     35.000     40.000     45.000     50.000     55.000     60.000     65.000     70.000     75.000     80.000     85.000
  120.7000  0.000E+00  0.000E+00  0.000E+00  0.000E+00  0.000E+00  0.000E+00  0.000E+00  0.000E+00  0.000E+00  0.000E+00  0.000E+00  0.000E+00  0.000E+00  0.000E+00  0.000E+00  0.000E+00  0.000E+00  0.000E+00
  121.6500  0.000E+00  0.000E+00  0.000E+00  0.000E+00  0.000E+00  0.000E+00  0.000E+00  0.000E+00  0.000E+00  0.000E+00  0.000E+00  0.000E+00  0.000E+00  0.000E+00  0.000E+00  0.000E+00  0.000E+00  0.000E+00
  122.1000  0.000E+00  0.000E+00  0.000E+00  0.000E+00  0.000E+00  0.000E+00  0.000E+00  0.000E+00  0.000E+00  0.000E+00  0.000E+00  0.000E+00  0.000E+00  0.000E+00  0.000E+00  0.000E+00  0.000E+00  0.000E+00
  122.7000  0.000E+00  0.000E+00  0.000E+00  0.000E+00  0.000E+00  0.000E+00  0.000E+00  0.000E+00  0.000E+00  0.000E+00  0.000E+00  0.000E+00  0.000E+00  0.000E+00  0.000E+00  0.000E+00  0.000E+00  0.000E+00
  123.4500  0.000E+00  0.000E+00  0.000E+00  0.000E+00  0.000E+00  0.000E+00  0.000E+00  0.000E+00  0.000E+00  0.000E+00  0.000E+00  0.000E+00  0.000E+00  0.000E+00  0.000E+00  0.000E+00  0.000E+00  0.000E+00
  124.2000  0.000E+00  0.000E+00  0.000E+00  0.000E+00  0.000E+00  0.000E+00  0.000E+00  0.000E+00  0.000E+00  0.000E+00  0.000E+00  0.000E+00  0.000E+00  0.000E+00  0.000E+00  0.000E+00  0.000E+00  0.000E+00
  125.0000  0.000E+00  0.000E+00  0.000E+00  0.000E+00  0.000E+00  0.000E+00  0.000E+00  0.000E+00  0.000E+00  0.000E+00  0.000E+00  0.000E+00  0.000E+00  0.000E+00  0.000E+00  0.000E+00  0.000E+00  0.000E+00
  125.8000  0.000E+00  0.000E+00  0.000E+00  0.000E+00  0.000E+00  0.000E+00  0.000E+00  0.000E+00  0.000E+00  0.000E+00  0.000E+00  0.000E+00  0.000E+00  0.000E+00  0.000E+00  0.000E+00  0.000E+00  0.000E+00
  126.6000  0.000E+00  0.000E+00  0.000E+00  0.000E+00  0.000E+00  0.000E+00  0.000E+00  0.000E+00  0.000E+00  0.000E+00  0.000E+00  0.000E+00  0.000E+00  0.000E+00  0.000E+00  0.000E+00  0.000E+00  0.000E+00
  127.8000  0.000E+00  0.000E+00  0.000E+00  0.000E+00  0.000E+00  0.000E+00  0.000E+00  0.000E+00  0.000E+00  0.000E+00  0.000E+00  0.000E+00  0.000E+00  0.000E+00  0.000E+00  0.000E+00  0.000E+00  0.000E+00
  129.0000  0.000E+00  0.000E+00  0.000E+00  0.000E+00  0.000E+00  0.000E+00  0.000E+00  0.000E+00  0.000E+00  0.000E+00  0.000E+00  0.000E+00  0.000E+00  0.000E+00  0.000E+00  0.000E+00  0.000E+00  0.000E+00
  129.8500  0.000E+00  0.000E+00  0.000E+00  0.000E+00  0.000E+00  0.000E+00  0.000E+00  0.000E+00  0.000E+00  0.000E+00  0.000E+00  0.000E+00  0.000E+00  0.000E+00  0.000E+00  0.000E+00  0.000E+00  0.000E+00
  131.1500  0.000E+00  0.000E+00  0.000E+00  0.000E+00  0.000E+00  0.000E+00  0.000E+00  0.000E+00  0.000E+00  0.000E+00  0.000E+00  0.000E+00  0.000E+00  0.000E+00  0.000E+00  0.000E+00  0.000E+00  0.000E+00
  133.5000  0.000E+00  0.000E+00  0.000E+00  0.000E+00  0.000E+00  0.000E+00  0.000E+00  0.000E+00  0.000E+00  0.000E+00  0.000E+00  0.000E+00  0.000E+00  0.000E+00  0.000E+00  0.000E+00  0.000E+00  0.000E+00
  136.0000  0.000E+00  0.000E+00  0.000E+00  0.000E+00  0.000E+00  0.000E+00  0.000E+00  0.000E+00  0.000E+00  0.000E+00  0.000E+00  0.000E+00  0.000E+00  0.000E+00  0.000E+00  0.000E+00  0.000E+00  0.000E+00
  141.0000  0.000E+00  0.000E+00  0.000E+00  0.000E+00  0.000E+00  0.000E+00  0.000E+00  0.000E+00  0.000E+00  0.000E+00  0.000E+00  0.000E+00  0.000E+00  0.000E+00  0.000E+00  0.000E+00  0.000E+00  0.000E+00
  150.0000  0.000E+00  0.000E+00  0.000E+00  0.000E+00  0.000E+00  0.000E+00  0.000E+00  0.000E+00  0.000E+00  0.000E+00  0.000E+00  0.000E+00  0.000E+00  0.000E+00  0.000E+00  0.000E+00  0.000E+00  0.000E+00
  160.0000  0.000E+00  0.000E+00  0.000E+00  0.000E+00  0.000E+00  0.000E+00  0.000E+00  0.000E+00  0.000E+00  0.000E+00  0.000E+00  0.000E+00  0.000E+00  0.000E+00  0.000E+00  0.000E+00  0.000E+00  0.000E+00
  167.5000  0.000E+00  0.000E+00  0.000E+00  0.000E+00  0.000E+00  0.000E+00  0.000E+00  0.000E+00  0.000E+00  0.000E+00  0.000E+00  0.000E+00  0.000E+00  0.000E+00  0.000E+00  0.000E+00  0.000E+00  0.000E+00
  172.7000  0.000E+00  0.000E+00  0.000E+00  0.000E+00  0.000E+00  0.000E+00  0.000E+00  0.000E+00  0.000E+00  0.000E+00  0.000E+00  0.000E+00  0.000E+00  0.000E+00  0.000E+00  0.000E+00  0.000E+00  0.000E+00
  176.2000  0.000E+00  0.000E+00  0.000E+00  0.000E+00  0.000E+00  0.000E+00  0.000E+00  0.000E+00  0.000E+00  0.000E+00  0.000E+00  0.000E+00  0.000E+00  0.000E+00  0.000E+00  0.000E+00  0.000E+00  0.000E+00
  177.8000  0.000E+00  0.000E+00  0.000E+00  0.000E+00  0.000E+00  0.000E+00  0.000E+00  0.000E+00  0.000E+00  0.000E+00  0.000E+00  0.000E+00  0.000E+00  0.000E+00  0.000E+00  0.000E+00  0.000E+00  0.000E+00
  179.4000  0.000E+00  0.000E+00  0.000E+00  0.000E+00  0.000E+00  0.000E+00  0.000E+00  0.000E+00  0.000E+00  0.000E+00  0.000E+00  0.000E+00  0.000E+00  0.000E+00  0.000E+00  0.000E+00  0.000E+00  0.000E+00
  181.0000  0.000E+00  0.000E+00  0.000E+00  0.000E+00  0.000E+00  0.000E+00  0.000E+00  0.000E+00  0.000E+00  0.000E+00  0.000E+00  0.000E+00  0.000E+00  0.000E+00  0.000E+00  0.000E+00  0.000E+00  0.000E+00
  182.6500  0.000E+00  0.000E+00  0.000E+00  0.000E+00  0.000E+00  0.000E+00  0.000E+00  0.000E+00  0.000E+00  0.000E+00  0.000E+00  0.000E+00  0.000E+00  0.000E+00  0.000E+00  0.000E+00  0.000E+00  0.000E+00
  184.3500  0.000E+00  0.000E+00  0.000E+00  0.000E+00  0.000E+00  0.000E+00  0.000E+00  0.000E+00  0.000E+00  0.000E+00  0.000E+00  0.000E+00  0.000E+00  0.000E+00  0.000E+00  0.000E+00  0.000E+00  0.000E+00
  186.0500  0.000E+00  0.000E+00  0.000E+00  0.000E+00  0.000E+00  0.000E+00  0.000E+00  0.000E+00  0.000E+00  0.000E+00  0.000E+00  0.000E+00  0.000E+00  0.000E+00  0.000E+00  0.000E+00  0.000E+00  0.000E+00
  187.8000  0.000E+00  0.000E+00  0.000E+00  0.000E+00  0.000E+00  0.000E+00  0.000E+00  0.000E+00  0.000E+00  0.000E+00  0.000E+00  0.000E+00  0.000E+00  0.000E+00  0.000E+00  0.000E+00  0.000E+00  0.000E+00
  189.6000  0.000E+00  0.000E+00  0.000E+00  0.000E+00  0.000E+00  0.000E+00  0.000E+00  0.000E+00  0.000E+00  0.000E+00  0.000E+00  0.000E+00  0.000E+00  0.000E+00  0.000E+00  0.000E+00  0.000E+00  0.000E+00
  191.4000  0.000E+00  0.000E+00  0.000E+00  0.000E+00  0.000E+00  0.000E+00  0.000E+00  0.000E+00  0.000E+00  0.000E+00  0.000E+00  0.000E+00  0.000E+00  0.000E+00  0.000E+00  0.000E+00  0.000E+00  0.000E+00
  193.2500  0.000E+00  0.000E+00  0.000E+00  0.000E+00  0.000E+00  0.000E+00  0.000E+00  0.000E+00  0.000E+00  0.000E+00  0.000E+00  0.000E+00  0.000E+00  0.000E+00  0.000E+00  0.000E+00  0.000E+00  0.000E+00
  195.1500  0.000E+00  0.000E+00  0.000E+00  0.000E+00  0.000E+00  0.000E+00  0.000E+00  0.000E+00  0.000E+00  0.000E+00  0.000E+00  0.000E+00  0.000E+00  0.000E+00  0.000E+00  0.000E+00  0.000E+00  0.000E+00
  197.0500  0.000E+00  0.000E+00  0.000E+00  0.000E+00  0.000E+00  0.000E+00  0.000E+00  0.000E+00  0.000E+00  0.000E+00  0.000E+00  0.000E+00  0.000E+00  0.000E+00  0.000E+00  0.000E+00  0.000E+00  0.000E+00
  199.0000  0.000E+00  0.000E+00  0.000E+00  0.000E+00  0.000E+00  0.000E+00  0.000E+00  0.000E+00  0.000E+00  0.000E+00  0.000E+00  0.000E+00  0.000E+00  0.000E+00  0.000E+00  0.000E+00  0.000E+00  0.000E+00
  201.0000  0.000E+00  0.000E+00  0.000E+00  0.000E+00  0.000E+00  0.000E+00  0.000E+00  0.000E+00  0.000E+00  0.000E+00  0.000E+00  0.000E+00  0.000E+00  0.000E+00  0.000E+00  0.000E+00  0.000E+00  0.000E+00
  203.0500  0.000E+00  0.000E+00  0.000E+00  0.000E+00  0.000E+00  0.000E+00  0.000E+00  0.000E+00  0.000E+00  0.000E+00  0.000E+00  0.000E+00  0.000E+00  0.000E+00  0.000E+00  0.000E+00  0.000E+00  0.000E+00
  205.1500  0.000E+00  0.000E+00  0.000E+00  0.000E+00  0.000E+00  0.000E+00  0.000E+00  0.000E+00  0.000E+00  0.000E+00  0.000E+00  0.000E+00  0.000E+00  0.000E+00  0.000E+00  0.000E+00  0.000E+00  0.000E+00
  207.2665  1.553E-20  1.323E-20  8.131E-21  3.540E-21  1.057E-21  2.062E-22  2.448E-23  1.606E-24  5.123E-26  7.003E-28  5.657E-30  3.119E-31  9.311E-32  4.480E-32  2.585E-32  1.561E-32  9.023E-33  4.435E-33
  209.4295  9.294E-20  7.957E-20  4.964E-20  2.217E-20  6.874E-21  1.411E-21  1.790E-22  1.279E-23  4.552E-25  7.161E-27  6.729E-29  3.525E-30  9.756E-31  4.598E-31  2.654E-31  1.611E-31  9.374E-32  4.669E-32
  211.6460  5.866E-19  5.049E-19  3.202E-19  1.470E-19  4.747E-20  1.029E-20  1.404E-21  1.101E-22  4.421E-24  8.136E-26  9.151E-28  4.554E-29  1.141E-29  5.265E-30  3.049E-30  1.862E-30  1.093E-30  5.545E-31
  213.9100  1.148E-18  9.903E-19  6.320E-19  2.935E-19  9.630E-20  2.134E-20  2.996E-21  2.440E-22  1.028E-23  2.010E-25  2.362E-27  9.965E-29  2.180E-29  9.888E-30  5.763E-30  3.541E-30  2.101E-30  1.090E-30
  216.2225  1.462E-18  1.263E-18  8.093E-19  3.784E-19  1.254E-19  2.817E-20  4.027E-21  3.357E-22  1.459E-23  2.973E-25  3.565E-27  1.215E-28  2.253E-29  1.015E-29  5.967E-30  3.693E-30  2.218E-30  1.181E-30
  218.5855  2.294E-18  1.983E-18  1.275E-18  5.991E-19  2.001E-19  4.544E-20  6.590E-21  5.602E-22  2.501E-23  5.299E-25  6.474E-27  1.709E-28  2.619E-29  1.188E-29  7.049E-30  4.396E-30  2.681E-30  1.470E-30
  221.0010  1.135E-18  9.782E-19  6.235E-19  2.890E-19  9.457E-20  2.090E-20  2.925E-21  2.377E-22  1.003E-23  1.980E-25  2.117E-27  3.746E-29  4.654E-30  2.152E-30  1.287E-30  8.088E-31  5.017E-31  2.834E-31
  223.4705  3.457E-19  2.965E-19  1.860E-19  8.385E-20  2.636E-20  5.518E-21  7.199E-22  5.348E-23  2.015E-24  3.438E-26  2.905E-28  3.068E-30  3.076E-31  1.458E-31  8.765E-32  5.561E-32  3.516E-32  2.044E-32
  225.9960  4.391E-20  3.741E-20  2.299E-20  1.001E-20  2.991E-21  5.847E-22  6.980E-23  4.632E-24  1.514E-25  2.152E-27  1.368E-29  7.861E-32  6.399E-33  3.100E-33  1.874E-33  1.203E-33  7.763E-34  4.638E-34
  228.5790  2.364E-21  1.992E-21  1.184E-21  4.866E-22  1.338E-22  2.338E-23  2.410E-24  1.326E-25  3.412E-27  3.556E-29  1.433E-31  3.733E-34  2.486E-35  1.224E-35  7.444E-36  4.844E-36  3.193E-36  1.954E-36
  231.2215  5.084E-23  4.221E-23  2.400E-23  9.145E-24  2.252E-24  3.388E-25  2.873E-26  1.230E-27  2.297E-29  1.575E-31  3.502E-34  3.588E-37  1.990E-38  9.891E-39  6.058E-39  4.001E-39  2.688E-39  1.677E-39
  233.9260  3.844E-25  3.136E-25  1.690E-25  5.879E-26  1.268E-26  1.593E-27  1.068E-28  3.381E-30  4.282E-32  1.767E-34  1.942E-37  6.936E-41  3.251E-42  1.626E-42  1.005E-42  6.740E-43  4.596E-43  2.915E-43
  236.6945  2.559E-27  2.047E-27  1.039E-27  3.266E-28  6.072E-29  6.242E-30  3.218E-31  7.260E-33  5.953E-35  1.391E-37  7.010E-41  8.408E-45  0.000E+00  0.000E+00  0.000E+00  0.000E+00  0.000E+00  0.000E+00
  239.5295  2.754E-29  2.168E-29  1.048E-29  3.029E-30  4.987E-31  4.350E-32  1.809E-33  3.095E-35  1.776E-37  2.589E-40  6.726E-44  0.000E+00  0.000E+00  0.000E+00  0.000E+00  0.000E+00  0.000E+00  0.000E+00
  242.4330  1.021E-30  7.926E-31  3.675E-31  9.889E-32  1.468E-32  1.112E-33  3.842E-35  5.170E-37  2.167E-39  2.064E-42  0.000E+00  0.000E+00  0.000E+00  0.000E+00  0.000E+00  0.000E+00  0.000E+00  0.000E+00
  245.4080  1.706E-33  1.293E-33  5.570E-34  1.322E-34  1.633E-35  9.646E-37  2.406E-38  2.128E-40  5.199E-43  0.000E+00  0.000E+00  0.000E+00  0.000E+00  0.000E+00  0.000E+00  0.000E+00  0.000E+00  0.000E+00
  248.4570  7.660E-36  5.687E-36  2.302E-36  4.907E-37  5.189E-38  2.481E-39  4.690E-41  2.901E-43  0.000E+00  0.000E+00  0.000E+00  0.000E+00  0.000E+00  0.000E+00  0.000E+00  0.000E+00  0.000E+00  0.000E+00
  251.5825  3.527E-37  2.588E-37  1.011E-37  2.030E-38  1.966E-39  8.338E-41  1.348E-42  5.605E-45 -0.000E+00  0.000E+00  0.000E+00  0.000E+00  0.000E+00  0.000E+00  0.000E+00  0.000E+00  0.000E+00  0.000E+00
  254.7875  1.310E-37  9.565E-38  3.679E-38  7.191E-39  6.698E-40  2.695E-41  4.064E-43  2.803E-45  0.000E+00  0.000E+00  0.000E+00  0.000E+00  0.000E+00  0.000E+00  0.000E+00  0.000E+00  0.000E+00  0.000E+00
  258.0750  2.140E-36  1.576E-36  6.215E-37  1.268E-37  1.257E-38  5.500E-40  9.251E-42  4.905E-44  0.000E+00  0.000E+00  0.000E+00  0.000E+00  0.000E+00  0.000E+00  0.000E+00  0.000E+00  0.000E+00  0.000E+00
  261.4490  1.073E-34  8.022E-35  3.320E-35  7.356E-36  8.221E-37  4.233E-38  8.804E-40  6.133E-42  1.121E-44  0.000E+00  0.000E+00  0.000E+00  0.000E+00  0.000E+00  0.000E+00  0.000E+00  0.000E+00  0.000E+00
  264.9125  2.450E-31  1.880E-31  8.413E-32  2.130E-32  2.889E-33  1.935E-34  5.673E-36  6.143E-38  1.929E-40  1.247E-43  0.000E+00  0.000E+00  0.000E+00  0.000E+00  0.000E+00  0.000E+00  0.000E+00  0.000E+00
  268.4685  2.328E-27  1.850E-27  9.192E-28  2.784E-28  4.903E-29  4.676E-30  2.177E-31  4.268E-33  2.859E-35  4.852E-38  1.362E-41  0.000E+00  0.000E+00  0.000E+00  0.000E+00  0.000E+00  0.000E+00  0.000E+00
  272.1215  5.336E-23  4.405E-23  2.461E-23  9.099E-24  2.143E-24  3.030E-25  2.359E-26  8.959E-28  1.395E-29  6.959E-32  7.809E-35  1.414E-38  3.051E-40  1.507E-40  9.340E-41  6.336E-41  4.396E-41  2.849E-41
  275.8755  2.253E-18  1.937E-18  1.225E-18  5.599E-19  1.795E-19  3.854E-20  5.182E-21  3.967E-22  1.512E-23  2.365E-25  1.156E-27  1.375E-30  3.350E-32  1.630E-32  9.941E-33  6.596E-33  4.482E-33  2.859E-33
  279.7340  3.158E-14  2.820E-14  1.999E-14  1.112E-14  4.739E-15  1.497E-15  3.332E-16  4.874E-17  4.242E-18  1.905E-19  3.619E-21  2.437E-23  7.277E-25  3.383E-25  2.035E-25  1.318E-25  8.704E-26  5.419E-26
  283.7020  3.726E-10  3.439E-10  2.694E-10  1.777E-10  9.712E-11  4.294E-11  1.484E-11  3.816E-12  6.818E-13  7.671E-14  4.750E-15  1.438E-16  6.316E-18  2.491E-18  1.481E-18  9.381E-19  5.979E-19  3.585E-19
  287.7845  5.335E-07  5.054E-07  4.288E-07  3.239E-07  2.157E-07  1.246E-07  6.105E-08  2.458E-08  7.770E-09  1.812E-09  2.865E-10  2.834E-11  2.390E-12  6.697E-13  3.844E-13  2.399E-13  1.479E-13  8.414E-14
  291.9865  1.404E-04  1.356E-04  1.219E-04  1.018E-04  7.833E-05  5.505E-05  3.484E-05  1.948E-05  9.357E-06  3.721E-06  1.164E-06  2.717E-07  4.881E-08  1.109E-08  5.273E-09  3.219E-09  1.941E-09  1.042E-09
  296.3090  3.748E-03  3.665E-03  3.426E-03  3.054E-03  2.587E-03  2.070E-03  1.551E-03  1.077E-03  6.817E-04  3.848E-04  1.881E-04  7.677E-05  2.544E-05  7.317E-06  2.573E-06  1.367E-06  8.058E-07  4.156E-07
  300.5000  2.311E-02  2.277E-02  2.176E-02  2.015E-02  1.804E-02  1.555E-02  1.285E-02  1.011E-02  7.491E-03  5.166E-03  3.254E-03  1.827E-03  8.881E-04  3.655E-04  1.338E-04  5.495E-05  2.891E-05  1.453E-05
  303.0000  6.821E-02  6.740E-02  6.499E-02  6.111E-02  5.592E-02  4.967E-02  4.266E-02  3.525E-02  2.781E-02  2.076E-02  1.445E-02  9.208E-03  5.239E-03  2.585E-03  1.091E-03  4.289E-04  1.953E-04  9.440E-05
  304.0000  7.602E-02  7.516E-02  7.263E-02  6.854E-02  6.304E-02  5.639E-02  4.888E-02  4.086E-02  3.272E-02  2.488E-02  1.773E-02  1.164E-02  6.874E-03  3.546E-03  1.565E-03  6.209E-04  2.711E-04  1.284E-04
  305.0000  1.065E-01  1.054E-01  1.022E-01  9.684E-02  8.967E-02  8.093E-02  7.097E-02  6.021E-02  4.913E-02  3.824E-02  2.808E-02  1.915E-02  1.187E-02  6.496E-03  3.053E-03  1.249E-03  5.191E-04  2.366E-04
  306.0000  1.018E-01  1.008E-01  9.784E-02  9.301E-02  8.649E-02  7.851E-02  6.936E-02  5.940E-02  4.905E-02  3.876E-02  2.901E-02  2.026E-02  1.295E-02  7.364E-03  3.612E-03  1.519E-03  6.156E-04  2.712E-04
  307.0000  1.335E-01  1.323E-01  1.286E-01  1.226E-01  1.146E-01  1.046E-01  9.316E-02  8.059E-02  6.740E-02  5.413E-02  4.134E-02  2.964E-02  1.957E-02  1.161E-02  5.979E-03  2.616E-03  1.043E-03  4.387E-04
  308.0000  1.589E-01  1.575E-01  1.534E-01  1.467E-01  1.376E-01  1.264E-01  1.134E-01  9.897E-02  8.373E-02  6.823E-02  5.308E-02  3.895E-02  2.651E-02  1.633E-02  8.814E-03  4.030E-03  1.604E-03  6.424E-04
  309.0000  1.664E-01  1.650E-01  1.609E-01  1.541E-01  1.448E-01  1.334E-01  1.201E-01  1.054E-01  8.978E-02  7.374E-02  5.796E-02  4.309E-02  2.982E-02  1.876E-02  1.039E-02  4.878E-03  1.951E-03  7.579E-04
  310.0000  1.663E-01  1.650E-01  1.612E-01  1.548E-01  1.461E-01  1.354E-01  1.228E-01  1.088E-01  9.375E-02  7.817E-02  6.260E-02  4.769E-02  3.405E-02  2.231E-02  1.301E-02  6.470E-03  2.662E-03  9.806E-04
  311.0000  2.816E-01  2.795E-01  2.731E-01  2.627E-01  2.484E-01  2.306E-01  2.099E-01  1.866E-01  1.616E-01  1.356E-01  1.094E-01  8.416E-02  6.084E-02  4.051E-02  2.411E-02  1.228E-02  5.134E-03  1.853E-03
  312.0000  2.537E-01  2.519E-01  2.464E-01  2.373E-01  2.250E-01  2.096E-01  1.915E-01  1.713E-01  1.493E-01  1.263E-01  1.031E-01  8.042E-02  5.920E-02  4.035E-02  2.477E-02  1.310E-02  5.649E-03  1.995E-03
  313.0000  2.860E-01  2.840E-01  2.781E-01  2.683E-01  2.550E-01  2.383E-01  2.176E-01  1.965E-01  1.725E-01  1.472E-01  1.214E-01  9.598E-02  7.189E-02  5.014E-02  3.172E-02  1.744E-02  7.808E-03  2.732E-03
  314.0000  3.136E-01  3.114E-01  3.050E-01  2.945E-01  2.801E-01  2.622E-01  2.410E-01  2.170E-01  1.910E-01  1.635E-01  1.354E-01  1.076E-01  8.114E-02  5.708E-02  3.652E-02  2.037E-02  9.261E-03  3.232E-03
  316.0000  3.251E-01  3.230E-01  3.169E-01  3.067E-01  2.927E-01  2.751E-01  2.544E-01  2.309E-01  2.051E-01  1.777E-01  1.494E-01  1.211E-01  9.359E-02  6.804E-02  4.548E-02  2.691E-02  1.313E-02  4.698E-03
  320.0000  4.224E-01  4.199E-01  4.125E-01  4.003E-01  3.834E-01  3.622E-01  3.371E-01  3.084E-01  2.768E-01  2.429E-01  2.075E-01  1.716E-01  1.362E-01  1.025E-01  7.176E-02  4.528E-02  2.410E-02  9.314E-03
  325.0000  5.459E-01  5.430E-01  5.337E-01  5.188E-01  4.983E-01  4.730E-01  4.424E-01  4.073E-01  3.685E-01  3.266E-01  2.826E-01  2.374E-01  1.922E-01  1.485E-01  1.078E-01  7.160E-02  4.114E-02  1.763E-02
  330.0000  6.821E-01  6.785E-01  6.677E-01  6.498E-01  6.251E-01  5.940E-01  5.569E-01  5.143E-01  4.671E-01  4.159E-01  3.619E-01  3.062E-01  2.503E-01  1.957E-01  1.443E-01  9.794E-02  5.826E-02  2.644E-02
  335.0000  6.522E-01  6.488E-01  6.387E-01  6.220E-01  5.990E-01  5.699E-01  5.351E-01  4.953E-01  4.509E-01  4.027E-01  3.518E-01  2.990E-01  2.458E-01  1.935E-01  1.440E-01  9.908E-02  6.021E-02  2.840E-02
  340.0000  7.106E-01  7.070E-01  6.961E-01  6.782E-01  6.534E-01  6.221E-01  5.848E-01  5.418E-01  4.939E-01  4.419E-01  3.868E-01  3.295E-01  2.716E-01  2.146E-01  1.603E-01  1.108E-01  6.789E-02  3.256E-02
  345.0000  7.018E-01  6.982E-01  6.876E-01  6.701E-01  6.459E-01  6.153E-01  5.787E-01  5.366E-01  4.897E-01  4.387E-01  3.844E-01  3.280E-01  2.708E-01  2.143E-01  1.604E-01  1.111E-01  6.830E-02  3.301E-02
  350.0000  7.346E-01  7.309E-01  7.199E-01  7.017E-01  6.765E-01  6.447E-01  6.066E-01  5.628E-01  5.139E-01  4.607E-01  4.040E-01  3.450E-01  2.851E-01  2.257E-01  1.689E-01  1.169E-01  7.178E-02  3.468E-02
  355.0000  7.776E-01  7.737E-01  7.621E-01  7.430E-01  7.166E-01  6.832E-01  6.431E-01  5.971E-01  5.456E-01  4.895E-01  4.297E-01  3.673E-01  3.038E-01  2.408E-01  1.803E-01  1.249E-01  7.666E-02  3.712E-02
  360.0000  7.116E-01  7.081E-01  6.976E-01  6.802E-01  6.562E-01  6.258E-01  5.894E-01  5.475E-01  5.006E-01  4.494E-01  3.948E-01  3.378E-01  2.797E-01  2.218E-01  1.662E-01  1.151E-01  7.059E-02  3.420E-02
  365.0000  9.055E-01  9.011E-01  8.878E-01  8.659E-01  8.355E-01  7.971E-01  7.510E-01  6.979E-01  6.385E-01  5.737E-01  5.044E-01  4.320E-01  3.579E-01  2.841E-01  2.130E-01  1.474E-01  9.032E-02  4.376E-02
  370.0000  9.421E-01  9.375E-01  9.238E-01  9.011E-01  8.697E-01  8.300E-01  7.823E-01  7.274E-01  6.659E-01  5.986E-01  5.267E-01  4.515E-01  3.744E-01  2.974E-01  2.230E-01  1.543E-01  9.443E-02  4.572E-02
  375.0000  8.516E-01  8.475E-01  8.352E-01  8.148E-01  7.866E-01  7.508E-01  7.080E-01  6.586E-01  6.032E-01  5.427E-01  4.778E-01  4.099E-01  3.402E-01  2.704E-01  2.029E-01  1.403E-01  8.575E-02  4.149E-02
  380.0000  9.795E-01  9.748E-01  9.607E-01  9.374E-01  9.052E-01  8.643E-01  8.153E-01  7.587E-01  6.953E-01  6.259E-01  5.515E-01  4.735E-01  3.933E-01  3.129E-01  2.348E-01  1.623E-01  9.908E-02  4.789E-02
  385.0000  7.388E-01  7.353E-01  7.247E-01  7.073E-01  6.831E-01  6.524E-01  6.156E-01  5.732E-01  5.255E-01  4.734E-01  4.174E-01  3.586E-01  2.981E-01  2.374E-01  1.782E-01  1.232E-01  7.508E-02  3.624E-02
  390.0000  9.652E-01  9.606E-01  9.469E-01  9.242E-01  8.928E-01  8.530E-01  8.051E-01  7.499E-01  6.879E-01  6.200E-01  5.471E-01  4.704E-01  3.913E-01  3.118E-01  2.343E-01  1.619E-01  9.853E-02  4.750E-02
  395.0000  7.491E-01  7.456E-01  7.350E-01  7.175E-01  6.932E-01  6.624E-01  6.255E-01  5.828E-01  5.349E-01  4.824E-01  4.259E-01  3.665E-01  3.052E-01  2.434E-01  1.829E-01  1.264E-01  7.681E-02  3.697E-02
  400.0000  1.391E+00  1.385E+00  1.365E+00  1.333E+00  1.288E+00  1.231E+00  1.163E+00  1.084E+00  9.953E-01  8.980E-01  7.934E-01  6.832E-01  5.693E-01  4.544E-01  3.418E-01  2.361E-01  1.433E-01  6.887E-02
  405.0000  1.419E+00  1.412E+00  1.392E+00  1.360E+00  1.314E+00  1.256E+00  1.187E+00  1.107E+00  1.017E+00  9.179E-01  8.116E-01  6.993E-01  5.832E-01  4.659E-01  3.507E-01  2.423E-01  1.468E-01  7.043E-02
  410.0000  1.464E+00  1.457E+00  1.436E+00  1.403E+00  1.356E+00  1.297E+00  1.226E+00  1.143E+00  1.051E+00  9.489E-01  8.395E-01  7.239E-01  6.042E-01  4.830E-01  3.638E-01  2.513E-01  1.521E-01  7.282E-02
  415.0000  1.525E+00  1.518E+00  1.497E+00  1.462E+00  1.414E+00  1.352E+00  1.278E+00  1.193E+00  1.097E+00  9.910E-01  8.773E-01  7.570E-01  6.323E-01  5.059E-01  3.813E-01  2.635E-01  1.593E-01  7.608E-02
  420.0000  1.540E+00  1.533E+00  1.511E+00  1.476E+00  1.428E+00  1.366E+00  1.292E+00  1.206E+00  1.109E+00  1.003E+00  8.879E-01  7.667E-01  6.409E-01  5.132E-01  3.871E-01  2.675E-01  1.615E-01  7.698E-02
  425.0000  1.470E+00  1.463E+00  1.443E+00  1.410E+00  1.363E+00  1.305E+00  1.234E+00  1.152E+00  1.060E+00  9.590E-01  8.498E-01  7.343E-01  6.143E-01  4.922E-01  3.715E-01  2.568E-01  1.549E-01  7.359E-02
  430.0000  1.356E+00  1.350E+00  1.332E+00  1.301E+00  1.258E+00  1.204E+00  1.139E+00  1.064E+00  9.796E-01  8.865E-01  7.860E-01  6.796E-01  5.689E-01  4.563E-01  3.446E-01  2.383E-01  1.436E-01  6.806E-02
  435.0000  1.575E+00  1.567E+00  1.546E+00  1.510E+00  1.461E+00  1.399E+00  1.324E+00  1.237E+00  1.139E+00  1.031E+00  9.146E-01  7.912E-01  6.629E-01  5.320E-01  4.021E-01  2.781E-01  1.674E-01  7.913E-02
  440.0000  1.620E+00  1.612E+00  1.590E+00  1.554E+00  1.504E+00  1.440E+00  1.363E+00  1.273E+00  1.173E+00  1.062E+00  9.428E-01  8.161E-01  6.842E-01  5.495E-01  4.156E-01  2.875E-01  1.728E-01  8.142E-02
  445.0000  1.740E+00  1.732E+00  1.708E+00  1.669E+00  1.615E+00  1.547E+00  1.464E+00  1.369E+00  1.261E+00  1.143E+00  1.015E+00  8.789E-01  7.373E-01  5.925E-01  4.484E-01  3.103E-01  1.864E-01  8.752E-02
  450.0000  1.850E+00  1.842E+00  1.817E+00  1.776E+00  1.719E+00  1.646E+00  1.559E+00  1.457E+00  1.343E+00  1.217E+00  1.082E+00  9.372E-01  7.867E-01  6.328E-01  4.792E-01  3.318E-01  1.991E-01  9.322E-02
  455.0000  1.811E+00  1.802E+00  1.778E+00  1.738E+00  1.682E+00  1.611E+00  1.526E+00  1.427E+00  1.316E+00  1.193E+00  1.060E+00  9.195E-01  7.723E-01  6.216E-01  4.711E-01  3.262E-01  1.956E-01  9.129E-02
  460.0000  1.862E+00  1.854E+00  1.829E+00  1.788E+00  1.731E+00  1.658E+00  1.571E+00  1.469E+00  1.355E+00  1.229E+00  1.092E+00  9.475E-01  7.961E-01  6.411E-01  4.860E-01  3.365E-01  2.013E-01  9.344E-02
  465.0000  1.841E+00  1.833E+00  1.809E+00  1.768E+00  1.712E+00  1.640E+00  1.554E+00  1.454E+00  1.341E+00  1.217E+00  1.082E+00  9.391E-01  7.896E-01  6.363E-01  4.827E-01  3.344E-01  2.000E-01  9.257E-02
  470.0000  1.831E+00  1.823E+00  1.799E+00  1.758E+00  1.703E+00  1.631E+00  1.546E+00  1.447E+00  1.335E+00  1.212E+00  1.078E+00  9.360E-01  7.874E-01  6.349E-01  4.820E-01  3.340E-01  1.996E-01  9.208E-02
  475.0000  1.852E+00  1.844E+00  1.820E+00  1.779E+00  1.722E+00  1.651E+00  1.565E+00  1.464E+00  1.352E+00  1.227E+00  1.092E+00  9.486E-01  7.984E-01  6.442E-01  4.893E-01  3.392E-01  2.025E-01  9.302E-02
  480.0000  1.904E+00  1.895E+00  1.870E+00  1.828E+00  1.770E+00  1.697E+00  1.608E+00  1.505E+00  1.390E+00  1.262E+00  1.123E+00  9.757E-01  8.213E-01  6.627E-01  5.033E-01  3.486E-01  2.075E-01  9.452E-02
  485.0000  1.729E+00  1.721E+00  1.698E+00  1.661E+00  1.608E+00  1.541E+00  1.461E+00  1.368E+00  1.263E+00  1.147E+00  1.021E+00  8.877E-01  7.476E-01  6.035E-01  4.586E-01  3.177E-01  1.890E-01  8.572E-02
  490.0000  1.801E+00  1.793E+00  1.769E+00  1.730E+00  1.675E+00  1.606E+00  1.523E+00  1.426E+00  1.317E+00  1.196E+00  1.066E+00  9.265E-01  7.807E-01  6.307E-01  4.796E-01  3.325E-01  1.978E-01  8.949E-02
  495.0000  1.834E+00  1.826E+00  1.801E+00  1.762E+00  1.706E+00  1.636E+00  1.551E+00  1.453E+00  1.342E+00  1.219E+00  1.086E+00  9.450E-01  7.966E-01  6.438E-01  4.898E-01  3.396E-01  2.018E-01  9.090E-02
  500.0000  1.747E+00  1.739E+00  1.716E+00  1.678E+00  1.626E+00  1.559E+00  1.478E+00  1.384E+00  1.279E+00  1.162E+00  1.036E+00  9.007E-01  7.593E-01  6.136E-01  4.667E-01  3.233E-01  1.915E-01  8.551E-02
  505.0000  1.772E+00  1.765E+00  1.741E+00  1.703E+00  1.649E+00  1.581E+00  1.499E+00  1.404E+00  1.297E+00  1.179E+00  1.051E+00  9.137E-01  7.701E-01  6.221E-01  4.728E-01  3.270E-01  1.930E-01  8.520E-02
  510.0000  1.757E+00  1.750E+00  1.727E+00  1.689E+00  1.636E+00  1.569E+00  1.488E+00  1.394E+00  1.288E+00  1.170E+00  1.043E+00  9.078E-01  7.656E-01  6.189E-01  4.707E-01  3.259E-01  1.923E-01  8.475E-02
  515.0000  1.629E+00  1.622E+00  1.600E+00  1.565E+00  1.516E+00  1.454E+00  1.379E+00  1.292E+00  1.194E+00  1.086E+00  9.680E-01  8.425E-01  7.108E-01  5.748E-01  4.375E-01  3.029E-01  1.787E-01  7.842E-02
  520.0000  1.673E+00  1.666E+00  1.644E+00  1.608E+00  1.558E+00  1.494E+00  1.417E+00  1.328E+00  1.227E+00  1.116E+00  9.951E-01  8.663E-01  7.310E-01  5.913E-01  4.500E-01  3.115E-01  1.835E-01  8.001E-02
  525.0000  1.677E+00  1.669E+00  1.648E+00  1.611E+00  1.561E+00  1.497E+00  1.420E+00  1.331E+00  1.230E+00  1.118E+00  9.970E-01  8.679E-01  7.322E-01  5.921E-01  4.503E-01  3.114E-01  1.827E-01  7.890E-02
  530.0000  1.763E+00  1.755E+00  1.732E+00  1.694E+00  1.641E+00  1.574E+00  1.493E+00  1.399E+00  1.292E+00  1.175E+00  1.048E+00  9.117E-01  7.689E-01  6.214E-01  4.721E-01  3.258E-01  1.903E-01  8.113E-02
  535.0000  1.707E+00  1.700E+00  1.677E+00  1.640E+00  1.588E+00  1.524E+00  1.446E+00  1.355E+00  1.252E+00  1.138E+00  1.015E+00  8.832E-01  7.449E-01  6.020E-01  4.574E-01  3.154E-01  1.839E-01  7.787E-02
  540.0000  1.708E+00  1.701E+00  1.678E+00  1.641E+00  1.590E+00  1.525E+00  1.447E+00  1.356E+00  1.253E+00  1.140E+00  1.016E+00  8.847E-01  7.464E-01  6.035E-01  4.587E-01  3.164E-01  1.844E-01  7.780E-02
  545.0000  1.731E+00  1.724E+00  1.701E+00  1.664E+00  1.612E+00  1.546E+00  1.467E+00  1.374E+00  1.270E+00  1.155E+00  1.030E+00  8.970E-01  7.568E-01  6.118E-01  4.649E-01  3.205E-01  1.864E-01  7.804E-02
  550.0000  1.735E+00  1.728E+00  1.705E+00  1.668E+00  1.616E+00  1.550E+00  1.470E+00  1.378E+00  1.274E+00  1.158E+00  1.033E+00  8.995E-01  7.590E-01  6.136E-01  4.663E-01  3.213E-01  1.866E-01  7.765E-02
  555.0000  1.721E+00  1.713E+00  1.691E+00  1.654E+00  1.603E+00  1.537E+00  1.458E+00  1.367E+00  1.264E+00  1.149E+00  1.025E+00  8.927E-01  7.534E-01  6.092E-01  4.629E-01  3.190E-01  1.849E-01  7.642E-02
  560.0000  1.675E+00  1.668E+00  1.646E+00  1.610E+00  1.560E+00  1.496E+00  1.419E+00  1.330E+00  1.229E+00  1.118E+00  9.973E-01  8.682E-01  7.325E-01  5.920E-01  4.495E-01  3.092E-01  1.786E-01  7.304E-02
  565.0000  1.675E+00  1.667E+00  1.645E+00  1.609E+00  1.559E+00  1.495E+00  1.419E+00  1.329E+00  1.229E+00  1.117E+00  9.964E-01  8.673E-01  7.314E-01  5.908E-01  4.482E-01  3.078E-01  1.771E-01  7.160E-02
  570.0000  1.663E+00  1.656E+00  1.634E+00  1.598E+00  1.549E+00  1.485E+00  1.409E+00  1.320E+00  1.220E+00  1.110E+00  9.895E-01  8.612E-01  7.262E-01  5.864E-01  4.447E-01  3.051E-01  1.751E-01  7.023E-02
  575.0000  1.690E+00  1.683E+00  1.661E+00  1.625E+00  1.574E+00  1.510E+00  1.432E+00  1.342E+00  1.241E+00  1.128E+00  1.006E+00  8.757E-01  7.385E-01  5.965E-01  4.523E-01  3.103E-01  1.779E-01  7.101E-02
  580.0000  1.664E+00  1.656E+00  1.635E+00  1.599E+00  1.549E+00  1.486E+00  1.410E+00  1.322E+00  1.222E+00  1.112E+00  9.918E-01  8.637E-01  7.288E-01  5.892E-01  4.473E-01  3.073E-01  1.766E-01  7.064E-02
  585.0000  1.665E+00  1.658E+00  1.637E+00  1.601E+00  1.552E+00  1.488E+00  1.413E+00  1.324E+00  1.225E+00  1.114E+00  9.945E-01  8.665E-01  7.317E-01  5.920E-01  4.500E-01  3.097E-01  1.784E-01  7.154E-02
  590.0000  1.607E+00  1.600E+00  1.579E+00  1.545E+00  1.497E+00  1.436E+00  1.363E+00  1.278E+00  1.182E+00  1.076E+00  9.604E-01  8.370E-01  7.070E-01  5.723E-01  4.353E-01  2.998E-01  1.728E-01  6.919E-02
  595.0000  1.637E+00  1.630E+00  1.609E+00  1.574E+00  1.525E+00  1.463E+00  1.389E+00  1.302E+00  1.204E+00  1.096E+00  9.782E-01  8.524E-01  7.199E-01  5.826E-01  4.429E-01  3.047E-01  1.752E-01  6.961E-02
  600.0000  1.595E+00  1.588E+00  1.568E+00  1.534E+00  1.486E+00  1.426E+00  1.353E+00  1.268E+00  1.173E+00  1.067E+00  9.526E-01  8.299E-01  7.007E-01  5.667E-01  4.305E-01  2.957E-01  1.694E-01  6.667E-02
  605.0000  1.614E+00  1.607E+00  1.586E+00  1.551E+00  1.503E+00  1.442E+00  1.369E+00  1.283E+00  1.187E+00  1.080E+00  9.641E-01  8.401E-01  7.095E-01  5.740E-01  4.362E-01  2.998E-01  1.718E-01  6.748E-02
  610.0000  1.595E+00  1.588E+00  1.568E+00  1.533E+00  1.486E+00  1.426E+00  1.354E+00  1.270E+00  1.174E+00  1.069E+00  9.550E-01  8.327E-01  7.039E-01  5.702E-01  4.341E-01  2.992E-01  1.722E-01  6.809E-02
  615.0000  1.559E+00  1.552E+00  1.532E+00  1.499E+00  1.453E+00  1.395E+00  1.324E+00  1.242E+00  1.150E+00  1.047E+00  9.357E-01  8.165E-01  6.909E-01  5.605E-01  4.275E-01  2.955E-01  1.709E-01  6.814E-02
  620.0000  1.583E+00  1.576E+00  1.556E+00  1.522E+00  1.476E+00  1.417E+00  1.345E+00  1.262E+00  1.169E+00  1.065E+00  9.520E-01  8.313E-01  7.040E-01  5.718E-01  4.369E-01  3.027E-01  1.758E-01  7.051E-02
  625.0000  1.550E+00  1.544E+00  1.524E+00  1.491E+00  1.446E+00  1.388E+00  1.318E+00  1.237E+00  1.145E+00  1.044E+00  9.338E-01  8.158E-01  6.914E-01  5.621E-01  4.300E-01  2.986E-01  1.739E-01  7.008E-02
  630.0000  1.553E+00  1.547E+00  1.527E+00  1.494E+00  1.449E+00  1.390E+00  1.321E+00  1.240E+00  1.149E+00  1.048E+00  9.374E-01  8.194E-01  6.949E-01  5.655E-01  4.333E-01  3.015E-01  1.762E-01  7.137E-02
  635.0000  1.544E+00  1.537E+00  1.518E+00  1.485E+00  1.440E+00  1.383E+00  1.314E+00  1.234E+00  1.143E+00  1.043E+00  9.333E-01  8.163E-01  6.929E-01  5.645E-01  4.332E-01  3.021E-01  1.772E-01  7.219E-02
  640.0000  1.527E+00  1.521E+00  1.502E+00  1.470E+00  1.425E+00  1.369E+00  1.301E+00  1.221E+00  1.132E+00  1.033E+00  9.250E-01  8.096E-01  6.877E-01  5.608E-01  4.310E-01  3.013E-01  1.774E-01  7.272E-02
  644.8000  1.520E+00  1.513E+00  1.494E+00  1.462E+00  1.418E+00  1.362E+00  1.295E+00  1.216E+00  1.126E+00  1.029E+00  9.219E-01  8.072E-01  6.862E-01  5.601E-01  4.311E-01  3.020E-01  1.784E-01  7.349E-02
  651.0500  1.502E+00  1.495E+00  1.477E+00  1.445E+00  1.402E+00  1.347E+00  1.280E+00  1.203E+00  1.115E+00  1.018E+00  9.126E-01  7.995E-01  6.801E-01  5.558E-01  4.284E-01  3.008E-01  1.783E-01  7.380E-02
  660.0000  1.426E+00  1.421E+00  1.403E+00  1.373E+00  1.332E+00  1.280E+00  1.217E+00  1.144E+00  1.061E+00  9.689E-01  8.690E-01  7.620E-01  6.489E-01  5.310E-01  4.101E-01  2.889E-01  1.721E-01  7.175E-02
  670.0000  1.466E+00  1.460E+00  1.442E+00  1.411E+00  1.369E+00  1.316E+00  1.251E+00  1.176E+00  1.092E+00  9.977E-01  8.955E-01  7.859E-01  6.700E-01  5.492E-01  4.252E-01  3.005E-01  1.800E-01  7.567E-02
  680.0000  1.441E+00  1.435E+00  1.417E+00  1.387E+00  1.346E+00  1.294E+00  1.231E+00  1.157E+00  1.074E+00  9.823E-01  8.822E-01  7.748E-01  6.612E-01  5.427E-01  4.210E-01  2.984E-01  1.796E-01  7.601E-02
  690.0000  1.421E+00  1.415E+00  1.398E+00  1.369E+00  1.328E+00  1.277E+00  1.215E+00  1.142E+00  1.061E+00  9.703E-01  8.719E-01  7.662E-01  6.545E-01  5.379E-01  4.179E-01  2.970E-01  1.794E-01  7.631E-02
  700.0000  1.397E+00  1.392E+00  1.375E+00  1.346E+00  1.306E+00  1.256E+00  1.195E+00  1.124E+00  1.044E+00  9.557E-01  8.591E-01  7.555E-01  6.459E-01  5.314E-01  4.136E-01  2.946E-01  1.787E-01  7.642E-02
  710.0000  1.365E+00  1.360E+00  1.343E+00  1.315E+00  1.276E+00  1.227E+00  1.168E+00  1.099E+00  1.021E+00  9.347E-01  8.405E-01  7.395E-01  6.326E-01  5.209E-01  4.059E-01  2.897E-01  1.762E-01  7.556E-02
  720.0000  1.321E+00  1.315E+00  1.299E+00  1.272E+00  1.235E+00  1.188E+00  1.130E+00  1.064E+00  9.886E-01  9.051E-01  8.142E-01  7.167E-01  6.134E-01  5.055E-01  3.943E-01  2.819E-01  1.718E-01  7.385E-02
  730.0000  1.291E+00  1.285E+00  1.270E+00  1.243E+00  1.207E+00  1.161E+00  1.105E+00  1.040E+00  9.668E-01  8.854E-01  7.968E-01  7.016E-01  6.009E-01  4.956E-01  3.870E-01  2.771E-01  1.694E-01  7.303E-02
------------------------------------------------------------
Dose rates, W m-2
   1 = UV-B, 280-315 nm                                  
   2 = UV-B*, 280-320 nm                                 
   3 = UV-A, 315-400 nm                                  
   4 = DNA damage, in vitro (Setlow, 1974)               
   5 = UV index (WMO, 1994; Webb et al., 2011)           
   6 = Plant damage (Caldwell, 1971)                     
   7 = Plant damage,Flint&Caldwell,2003,orig.            
   8 = Plant damage,Flint&Caldwell,2003,ext390           
values at z =      0.000 km
Columns: sza, weighting spectra
 sza, deg.          1          2          3          4          5          6          7          8
    0.0000  2.222E+00  3.197E+00  6.133E+01  9.799E-03  1.392E+01  4.624E-01  1.316E+00  1.786E+00
    5.0000  2.203E+00  3.172E+00  6.102E+01  9.667E-03  1.379E+01  4.571E-01  1.307E+00  1.774E+00
   10.0000  2.147E+00  3.097E+00  6.010E+01  9.279E-03  1.338E+01  4.416E-01  1.279E+00  1.740E+00
   15.0000  2.055E+00  2.975E+00  5.858E+01  8.662E-03  1.272E+01  4.165E-01  1.234E+00  1.683E+00
   20.0000  1.931E+00  2.809E+00  5.648E+01  7.853E-03  1.183E+01  3.830E-01  1.172E+00  1.606E+00
   25.0000  1.778E+00  2.603E+00  5.383E+01  6.905E-03  1.076E+01  3.429E-01  1.096E+00  1.510E+00
   30.0000  1.600E+00  2.363E+00  5.065E+01  5.875E-03  9.556E+00  2.981E-01  1.008E+00  1.399E+00
   35.0000  1.406E+00  2.099E+00  4.699E+01  4.823E-03  8.269E+00  2.507E-01  9.110E-01  1.275E+00
   40.0000  1.201E+00  1.816E+00  4.291E+01  3.807E-03  6.952E+00  2.030E-01  8.074E-01  1.141E+00
   45.0000  9.919E-01  1.525E+00  3.846E+01  2.875E-03  5.660E+00  1.573E-01  7.004E-01  1.000E+00
   50.0000  7.874E-01  1.236E+00  3.372E+01  2.065E-03  4.443E+00  1.157E-01  5.929E-01  8.572E-01
   55.0000  5.954E-01  9.586E-01  2.878E+01  1.401E-03  3.346E+00  7.987E-02  4.878E-01  7.147E-01
   60.0000  4.236E-01  7.044E-01  2.376E+01  8.908E-04  2.401E+00  5.095E-02  3.878E-01  5.763E-01
   65.0000  2.786E-01  4.827E-01  1.878E+01  5.260E-04  1.627E+00  2.946E-02  2.954E-01  4.454E-01
   70.0000  1.652E-01  3.016E-01  1.400E+01  2.866E-04  1.030E+00  1.511E-02  2.129E-01  3.255E-01
   75.0000  8.523E-02  1.660E-01  9.623E+00  1.442E-04  5.981E-01  6.803E-03  1.421E-01  2.199E-01
   80.0000  3.683E-02  7.622E-02  5.834E+00  6.727E-05  3.091E-01  2.816E-03  8.413E-02  1.316E-01
   85.0000  1.342E-02  2.752E-02  2.779E+00  2.793E-05  1.304E-01  1.163E-03  3.919E-02  6.214E-02
------------------------------------------------------------
