Spectral Irradiance, W m-2 nm-1
values at z =      0.000 km
Columns: wavelength (nm), solar zenith angles (deg.)
    wc, nm      0.000      5.000     10.000     15.000     20.000     25.000     30.000     35.000     40.000     45.000     50.000     55.000     60.000     65.000     70.000     75.000     80.000     85.000
  120.7000  0.000E+00  0.000E+00  0.000E+00  0.000E+00  0.000E+00  0.000E+00  0.000E+00  0.000E+00  0.000E+00  0.000E+00  0.000E+00  0.000E+00  0.000E+00  0.000E+00  0.000E+00  0.000E+00  0.000E+00  0.000E+00
  121.6500  0.000E+00  0.000E+00  0.000E+00  0.000E+00  0.000E+00  0.000E+00  0.000E+00  0.000E+00  0.000E+00  0.000E+00  0.000E+00  0.000E+00  0.000E+00  0.000E+00  0.000E+00  0.000E+00  0.000E+00  0.000E+00
  122.1000  0.000E+00  0.000E+00  0.000E+00  0.000E+00  0.000E+00  0.000E+00  0.000E+00  0.000E+00  0.000E+00  0.000E+00  0.000E+00  0.000E+00  0.000E+00  0.000E+00  0.000E+00  0.000E+00  0.000E+00  0.000E+00
  122.7000  0.000E+00  0.000E+00  0.000E+00  0.000E+00  0.000E+00  0.000E+00  0.000E+00  0.000E+00  0.000E+00  0.000E+00  0.000E+00  0.000E+00  0.000E+00  0.000E+00  0.000E+00  0.000E+00  0.000E+00  0.000E+00
  123.4500  0.000E+00  0.000E+00  0.000E+00  0.000E+00  0.000E+00  0.000E+00  0.000E+00  0.000E+00  0.000E+00  0.000E+00  0.000E+00  0.000E+00  0.000E+00  0.000E+00  0.000E+00  0.000E+00  0.000E+00  0.000E+00
  124.2000  0.000E+00  0.000E+00  0.000E+00  0.000E+00  0.000E+00  0.000E+00  0.000E+00  0.000E+00  0.000E+00  0.000E+00  0.000E+00  0.000E+00  0.000E+00  0.000E+00  0.000E+00  0.000E+00  0.000E+00  0.000E+00
  125.0000  0.000E+00  0.000E+00  0.000E+00  0.000E+00  0.000E+00  0.000E+00  0.000E+00  0.000E+00  0.000E+00  0.000E+00  0.000E+00  0.000E+00  0.000E+00  0.000E+00  0.000E+00  0.000E+00  0.000E+00  0.000E+00
  125.8000  0.000E+00  0.000E+00  0.000E+00  0.000E+00  0.000E+00  0.000E+00  0.000E+00  0.000E+00  0.000E+00  0.000E+00  0.000E+00  0.000E+00  0.000E+00  0.000E+00  0.000E+00  0.000E+00  0.000E+00  0.000E+00
  126.6000  0.000E+00  0.000E+00  0.000E+00  0.000E+00  0.000E+00  0.000E+00  0.000E+00  0.000E+00  0.000E+00  0.000E+00  0.000E+00  0.000E+00  0.000E+00  0.000E+00  0.000E+00  0.000E+00  0.000E+00  0.000E+00
  127.8000  0.000E+00  0.000E+00  0.000E+00  0.000E+00  0.000E+00  0.000E+00  0.000E+00  0.000E+00  0.000E+00  0.000E+00  0.000E+00  0.000E+00  0.000E+00  0.000E+00  0.000E+00  0.000E+00  0.000E+00  0.000E+00
  129.0000  0.000E+00  0.000E+00  0.000E+00  0.000E+00  0.000E+00  0.000E+00  0.000E+00  0.000E+00  0.000E+00  0.000E+00  0.000E+00  0.000E+00  0.000E+00  0.000E+00  0.000E+00  0.000E+00  0.000E+00  0.000E+00
  129.8500  0.000E+00  0.000E+00  0.000E+00  0.000E+00  0.000E+00  0.000E+00  0.000E+00  0.000E+00  0.000E+00  0.000E+00  0.000E+00  0.000E+00  0.000E+00  0.000E+00  0.000E+00  0.000E+00  0.000E+00  0.000E+00
  131.1500  0.000E+00  0.000E+00  0.000E+00  0.000E+00  0.000E+00  0.000E+00  0.000E+00  0.000E+00  0.000E+00  0.000E+00  0.000E+00  0.000E+00  0.000E+00  0.000E+00  0.000E+00  0.000E+00  0.000E+00  0.000E+00
  133.5000  0.000E+00  0.000E+00  0.000E+00  0.000E+00  0.000E+00  0.000E+00  0.000E+00  0.000E+00  0.000E+00  0.000E+00  0.000E+00  0.000E+00  0.000E+00  0.000E+00  0.000E+00  0.000E+00  0.000E+00  0.000E+00
  136.0000  0.000E+00  0.000E+00  0.000E+00  0.000E+00  0.000E+00  0.000E+00  0.000E+00  0.000E+00  0.000E+00  0.000E+00  0.000E+00  0.000E+00  0.000E+00  0.000E+00  0.000E+00  0.000E+00  0.000E+00  0.000E+00
  141.0000  0.000E+00  0.000E+00  0.000E+00  0.000E+00  0.000E+00  0.000E+00  0.000E+00  0.000E+00  0.000E+00  0.000E+00  0.000E+00  0.000E+00  0.000E+00  0.000E+00  0.000E+00  0.000E+00  0.000E+00  0.000E+00
  150.0000  0.000E+00  0.000E+00  0.000E+00  0.000E+00  0.000E+00  0.000E+00  0.000E+00  0.000E+00  0.000E+00  0.000E+00  0.000E+00  0.000E+00  0.000E+00  0.000E+00  0.000E+00  0.000E+00  0.000E+00  0.000E+00
  160.0000  0.000E+00  0.000E+00  0.000E+00  0.000E+00  0.000E+00  0.000E+00  0.000E+00  0.000E+00  0.000E+00  0.000E+00  0.000E+00  0.000E+00  0.000E+00  0.000E+00  0.000E+00  0.000E+00  0.000E+00  0.000E+00
  167.5000  0.000E+00  0.000E+00  0.000E+00  0.000E+00  0.000E+00  0.000E+00  0.000E+00  0.000E+00  0.000E+00  0.000E+00  0.000E+00  0.000E+00  0.000E+00  0.000E+00  0.000E+00  0.000E+00  0.000E+00  0.000E+00
  172.7000  0.000E+00  0.000E+00  0.000E+00  0.000E+00  0.000E+00  0.000E+00  0.000E+00  0.000E+00  0.000E+00  0.000E+00  0.000E+00  0.000E+00  0.000E+00  0.000E+00  0.000E+00  0.000E+00  0.000E+00  0.000E+00
  176.2000  0.000E+00  0.000E+00  0.000E+00  0.000E+00  0.000E+00  0.000E+00  0.000E+00  0.000E+00  0.000E+00  0.000E+00  0.000E+00  0.000E+00  0.000E+00  0.000E+00  0.000E+00  0.000E+00  0.000E+00  0.000E+00
  177.8000  0.000E+00  0.000E+00  0.000E+00  0.000E+00  0.000E+00  0.000E+00  0.000E+00  0.000E+00  0.000E+00  0.000E+00  0.000E+00  0.000E+00  0.000E+00  0.000E+00  0.000E+00  0.000E+00  0.000E+00  0.000E+00
  179.4000  0.000E+00  0.000E+00  0.000E+00  0.000E+00  0.000E+00  0.000E+00  0.000E+00  0.000E+00  0.000E+00  0.000E+00  0.000E+00  0.000E+00  0.000E+00  0.000E+00  0.000E+00  0.000E+00  0.000E+00  0.000E+00
  181.0000  0.000E+00  0.000E+00  0.000E+00  0.000E+00  0.000E+00  0.000E+00  0.000E+00  0.000E+00  0.000E+00  0.000E+00  0.000E+00  0.000E+00  0.000E+00  0.000E+00  0.000E+00  0.000E+00  0.000E+00  0.000E+00
  182.6500  0.000E+00  0.000E+00  0.000E+00  0.000E+00  0.000E+00  0.000E+00  0.000E+00  0.000E+00  0.000E+00  0.000E+00  0.000E+00  0.000E+00  0.000E+00  0.000E+00  0.000E+00  0.000E+00  0.000E+00  0.000E+00
  184.3500  0.000E+00  0.000E+00  0.000E+00  0.000E+00  0.000E+00  0.000E+00  0.000E+00  0.000E+00  0.000E+00  0.000E+00  0.000E+00  0.000E+00  0.000E+00  0.000E+00  0.000E+00  0.000E+00  0.000E+00  0.000E+00
  186.0500  0.000E+00  0.000E+00  0.000E+00  0.000E+00  0.000E+00  0.000E+00  0.000E+00  0.000E+00  0.000E+00  0.000E+00  0.000E+00  0.000E+00  0.000E+00  0.000E+00  0.000E+00  0.000E+00  0.000E+00  0.000E+00
  187.8000  0.000E+00  0.000E+00  0.000E+00  0.000E+00  0.000E+00  0.000E+00  0.000E+00  0.000E+00  0.000E+00  0.000E+00  0.000E+00  0.000E+00  0.000E+00  0.000E+00  0.000E+00  0.000E+00  0.000E+00  0.000E+00
  189.6000  0.000E+00  0.000E+00  0.000E+00  0.000E+00  0.000E+00  0.000E+00  0.000E+00  0.000E+00  0.000E+00  0.000E+00  0.000E+00  0.000E+00  0.000E+00  0.000E+00  0.000E+00  0.000E+00  0.000E+00  0.000E+00
  191.4000  0.000E+00  0.000E+00  0.000E+00  0.000E+00  0.000E+00  0.000E+00  0.000E+00  0.000E+00  0.000E+00  0.000E+00  0.000E+00  0.000E+00  0.000E+00  0.000E+00  0.000E+00  0.000E+00  0.000E+00  0.000E+00
  193.2500  0.000E+00  0.000E+00  0.000E+00  0.000E+00  0.000E+00  0.000E+00  0.000E+00  0.000E+00  0.000E+00  0.000E+00  0.000E+00  0.000E+00  0.000E+00  0.000E+00  0.000E+00  0.000E+00  0.000E+00  0.000E+00
  195.1500  0.000E+00  0.000E+00  0.000E+00  0.000E+00  0.000E+00  0.000E+00  0.000E+00  0.000E+00  0.000E+00  0.000E+00  0.000E+00  0.000E+00  0.000E+00  0.000E+00  0.000E+00  0.000E+00  0.000E+00  0.000E+00
  197.0500  0.000E+00  0.000E+00  0.000E+00  0.000E+00  0.000E+00  0.000E+00  0.000E+00  0.000E+00  0.000E+00  0.000E+00  0.000E+00  0.000E+00  0.000E+00  0.000E+00  0.000E+00  0.000E+00  0.000E+00  0.000E+00
  199.0000  0.000E+00  0.000E+00  0.000E+00  0.000E+00  0.000E+00  0.000E+00  0.000E+00  0.000E+00  0.000E+00  0.000E+00  0.000E+00  0.000E+00  0.000E+00  0.000E+00  0.000E+00  0.000E+00  0.000E+00  0.000E+00
  201.0000  0.000E+00  0.000E+00  0.000E+00  0.000E+00  0.000E+00  0.000E+00  0.000E+00  0.000E+00  0.000E+00  0.000E+00  0.000E+00  0.000E+00  0.000E+00  0.000E+00  0.000E+00  0.000E+00  0.000E+00  0.000E+00
  203.0500  0.000E+00  0.000E+00  0.000E+00  0.000E+00  0.000E+00  0.000E+00  0.000E+00  0.000E+00  0.000E+00  0.000E+00  0.000E+00  0.000E+00  0.000E+00  0.000E+00  0.000E+00  0.000E+00  0.000E+00  0.000E+00
  205.1500  0.000E+00  0.000E+00  0.000E+00  0.000E+00  0.000E+00  0.000E+00  0.000E+00  0.000E+00  0.000E+00  0.000E+00  0.000E+00  0.000E+00  0.000E+00  0.000E+00  0.000E+00  0.000E+00  0.000E+00  0.000E+00
  207.2665  2.018E-20  1.721E-20  1.061E-20  4.642E-21  1.397E-21  2.752E-22  3.312E-23  2.210E-24  7.206E-26  1.014E-27  8.501E-30  4.912E-31  1.544E-31  7.771E-32  4.680E-32  2.955E-32  1.779E-32  8.841E-33
  209.4295  1.289E-19  1.105E-19  6.922E-20  3.112E-20  9.738E-21  2.024E-21  2.612E-22  1.907E-23  6.975E-25  1.137E-26  1.120E-28  6.219E-30  1.834E-30  9.132E-31  5.552E-31  3.556E-31  2.174E-31  1.098E-31
  211.6460  8.940E-19  7.707E-19  4.911E-19  2.274E-19  7.432E-20  1.638E-20  2.283E-21  1.841E-22  7.657E-24  1.476E-25  1.762E-27  9.453E-29  2.568E-29  1.267E-29  7.817E-30  5.100E-30  3.180E-30  1.641E-30
  213.9100  1.989E-18  1.720E-18  1.104E-18  5.185E-19  1.728E-19  3.913E-20  5.650E-21  4.769E-22  2.104E-23  4.371E-25  5.553E-27  2.582E-28  6.262E-29  3.078E-29  1.939E-29  1.290E-29  8.206E-30  4.333E-30
  216.2225  3.004E-18  2.601E-18  1.681E-18  7.971E-19  2.697E-19  6.230E-20  9.240E-21  8.076E-22  3.729E-23  8.221E-25  1.091E-26  4.221E-28  8.920E-29  4.424E-29  2.856E-29  1.942E-29  1.261E-29  6.828E-30
  218.5855  5.884E-18  5.106E-18  3.317E-18  1.589E-18  5.451E-19  1.284E-19  1.954E-20  1.768E-21  8.545E-23  2.007E-24  2.797E-26  8.716E-28  1.572E-28  7.988E-29  5.301E-29  3.683E-29  2.444E-29  1.360E-29
  221.0010  3.836E-18  3.323E-18  2.148E-18  1.020E-18  3.457E-19  8.009E-20  1.193E-20  1.051E-21  4.915E-23  1.108E-24  1.404E-26  3.077E-28  4.661E-29  2.461E-29  1.674E-29  1.185E-29  8.004E-30  4.567E-30
  223.4705  1.637E-18  1.413E-18  9.021E-19  4.194E-19  1.379E-19  3.067E-20  4.333E-21  3.567E-22  1.533E-23  3.098E-25  3.250E-27  4.503E-29  5.715E-30  3.158E-30  2.195E-30  1.577E-30  1.082E-30  6.322E-31
  225.9960  3.115E-19  2.674E-19  1.681E-19  7.607E-20  2.406E-20  5.077E-21  6.700E-22  5.060E-23  1.952E-24  3.434E-26  2.858E-28  2.311E-30  2.478E-31  1.432E-31  1.014E-31  7.379E-32  5.139E-32  3.073E-32
  228.5790  2.727E-20  2.319E-20  1.418E-20  6.118E-21  1.805E-21  3.470E-22  4.056E-23  2.622E-24  8.301E-26  1.128E-27  6.343E-30  2.528E-32  2.313E-33  1.390E-33  9.975E-34  7.335E-34  5.169E-34  3.157E-34
  231.2215  1.014E-21  8.513E-22  5.010E-22  2.026E-22  5.439E-23  9.199E-24  9.097E-25  4.746E-26  1.141E-27  1.080E-29  3.603E-32  6.203E-35  4.934E-36  3.051E-36  2.212E-36  1.638E-36  1.165E-36  7.247E-37
  233.9260  1.402E-23  1.159E-23  6.514E-24  2.434E-24  5.822E-25  8.424E-26  6.792E-27  2.725E-28  4.675E-30  2.837E-32  5.061E-35  3.366E-38  2.363E-39  1.492E-39  1.089E-39  8.107E-40  5.810E-40  3.674E-40
  236.6945  1.775E-25  1.443E-25  7.696E-26  2.630E-26  5.527E-27  6.708E-28  4.298E-29  1.282E-30  1.501E-32  5.511E-35  4.900E-38  1.164E-41  7.315E-43  4.680E-43  3.433E-43  2.564E-43  1.850E-43  1.191E-43
  239.5295  3.793E-27  3.042E-27  1.557E-27  4.961E-28  9.415E-29  9.953E-30  5.321E-31  1.257E-32  1.086E-34  2.655E-37  1.309E-40  1.261E-44  0.000E+00  0.000E+00  0.000E+00  0.000E+00  0.000E+00  0.000E+00
  242.4330  2.835E-28  2.248E-28  1.112E-28  3.342E-29  5.823E-30  5.480E-31  2.513E-32  4.852E-34  3.211E-36  5.435E-39  1.561E-42  0.000E+00  0.000E+00  0.000E+00  0.000E+00  0.000E+00  0.000E+00  0.000E+00
  245.4080  8.119E-31  6.298E-31  2.914E-31  7.803E-32  1.150E-32  8.622E-34  2.935E-35  3.861E-37  1.562E-39  1.404E-42  0.000E+00  0.000E+00  0.000E+00  0.000E+00  0.000E+00  0.000E+00  0.000E+00  0.000E+00
  248.4570  5.804E-33  4.419E-33  1.930E-33  4.689E-34  5.993E-35  3.703E-36  9.785E-38  9.286E-40  2.470E-42  1.401E-45  0.000E+00  0.000E+00  0.000E+00  0.000E+00  0.000E+00  0.000E+00  0.000E+00  0.000E+00
  251.5825  3.492E-34  2.631E-34  1.113E-34  2.558E-35  3.018E-36  1.672E-37  3.830E-39  3.022E-41  6.306E-44  0.000E+00  0.000E+00  0.000E+00  0.000E+00  0.000E+00  0.000E+00  0.000E+00  0.000E+00  0.000E+00
  254.7875  1.474E-34  1.105E-34  4.609E-35  1.034E-35  1.178E-36  6.222E-38  1.338E-39  9.719E-42  1.822E-44  0.000E+00  0.000E+00  0.000E+00  0.000E+00  0.000E+00  0.000E+00  0.000E+00  0.000E+00  0.000E+00
  258.0750  2.015E-33  1.522E-33  6.497E-34  1.516E-34  1.828E-35  1.043E-36  2.480E-38  2.050E-40  4.554E-43  0.000E+00  0.000E+00  0.000E+00  0.000E+00  0.000E+00  0.000E+00  0.000E+00  0.000E+00  0.000E+00
  261.4490  7.096E-32  5.440E-32  2.426E-32  6.107E-33  8.216E-34  5.438E-35  1.570E-36  1.664E-38  5.079E-41  3.083E-44  0.000E+00  0.000E+00  0.000E+00  0.000E+00  0.000E+00  0.000E+00  0.000E+00  0.000E+00
  264.9125  9.091E-29  7.135E-29  3.417E-29  9.715E-30  1.561E-30  1.313E-31  5.188E-33  8.231E-35  4.198E-37  4.824E-40  8.828E-44  0.000E+00  0.000E+00  0.000E+00  0.000E+00  0.000E+00  0.000E+00  0.000E+00
  268.4685  3.958E-25  3.206E-25  1.690E-25  5.433E-26  1.154E-26  1.341E-27  8.081E-29  2.205E-30  2.247E-32  6.490E-35  3.580E-38  2.648E-42  8.968E-44  5.745E-44  4.204E-44  3.223E-44  2.382E-44  1.541E-44
  272.1215  3.800E-21  3.188E-21  1.870E-21  7.515E-22  1.998E-22  3.326E-23  3.207E-24  1.600E-25  3.525E-27  2.727E-29  5.355E-32  2.008E-35  6.888E-37  4.386E-37  3.233E-37  2.441E-37  1.791E-37  1.185E-37
  275.8755  6.361E-17  5.539E-17  3.638E-17  1.774E-17  6.251E-18  1.525E-18  2.421E-19  2.292E-20  1.143E-21  2.517E-23  1.900E-25  3.992E-28  1.457E-29  8.992E-30  6.596E-30  4.983E-30  3.658E-30  2.410E-30
  279.7340  3.777E-13  3.404E-13  2.482E-13  1.448E-13  6.617E-14  2.296E-14  5.778E-15  9.886E-16  1.049E-16  5.897E-18  1.587E-19  1.627E-21  6.860E-23  3.921E-23  2.846E-23  2.147E-23  1.578E-23  1.037E-23
  283.7020  2.097E-09  1.947E-09  1.556E-09  1.061E-09  6.082E-10  2.869E-10  1.079E-10  3.091E-11  6.332E-12  8.475E-13  6.553E-14  2.654E-15  1.555E-16  7.213E-17  5.117E-17  3.836E-17  2.821E-17  1.853E-17
  287.7845  1.646E-06  1.566E-06  1.345E-06  1.038E-06  7.132E-07  4.297E-07  2.223E-07  9.597E-08  3.315E-08  8.652E-09  1.579E-09  1.887E-10  1.982E-11  6.360E-12  4.219E-12  3.108E-12  2.275E-12  1.497E-12
  291.9865  2.784E-04  2.695E-04  2.442E-04  2.064E-04  1.619E-04  1.167E-04  7.632E-05  4.449E-05  2.255E-05  9.594E-06  3.276E-06  8.560E-07  1.776E-07  4.598E-08  2.419E-08  1.696E-08  1.220E-08  8.000E-09
  296.3090  5.538E-03  5.424E-03  5.091E-03  4.572E-03  3.914E-03  3.176E-03  2.426E-03  1.725E-03  1.125E-03  6.599E-04  3.389E-04  1.475E-04  5.315E-05  1.693E-05  6.522E-06  3.808E-06  2.600E-06  1.672E-06
  300.5000  2.880E-02  2.839E-02  2.720E-02  2.529E-02  2.278E-02  1.972E-02  1.653E-02  1.317E-02  9.933E-03  6.998E-03  4.532E-03  2.638E-03  1.345E-03  5.894E-04  2.334E-04  1.037E-04  6.042E-05  3.681E-05
  303.0000  7.943E-02  7.852E-02  7.585E-02  7.151E-02  6.571E-02  5.869E-02  5.022E-02  4.234E-02  3.381E-02  2.560E-02  1.817E-02  1.187E-02  6.979E-03  3.600E-03  1.615E-03  6.834E-04  3.386E-04  1.917E-04
  304.0000  8.709E-02  8.615E-02  8.338E-02  7.887E-02  7.282E-02  6.546E-02  5.711E-02  4.813E-02  3.895E-02  3.001E-02  2.175E-02  1.460E-02  8.881E-03  4.770E-03  2.224E-03  9.474E-04  4.488E-04  2.463E-04
  305.0000  1.196E-01  1.184E-01  1.149E-01  1.091E-01  1.014E-01  9.188E-02  8.101E-02  6.921E-02  5.698E-02  4.486E-02  3.339E-02  2.322E-02  1.476E-02  8.360E-03  4.122E-03  1.799E-03  8.091E-04  4.210E-04
  306.0000  1.128E-01  1.118E-01  1.086E-01  1.034E-01  9.644E-02  8.786E-02  7.800E-02  6.722E-02  5.595E-02  4.466E-02  3.385E-02  2.405E-02  1.571E-02  9.214E-03  4.719E-03  2.109E-03  9.220E-04  4.592E-04
  307.0000  1.459E-01  1.446E-01  1.408E-01  1.345E-01  1.259E-01  1.154E-01  1.032E-01  8.973E-02  7.556E-02  6.120E-02  4.727E-02  3.438E-02  2.315E-02  1.410E-02  7.542E-03  3.486E-03  1.495E-03  7.035E-04
  308.0000  1.716E-01  1.702E-01  1.659E-01  1.589E-01  1.493E-01  1.375E-01  1.238E-01  1.086E-01  9.239E-02  7.584E-02  5.957E-02  4.427E-02  3.063E-02  1.931E-02  1.077E-02  5.169E-03  2.204E-03  9.789E-04
  309.0000  1.784E-01  1.770E-01  1.727E-01  1.656E-01  1.560E-01  1.440E-01  1.301E-01  1.147E-01  9.819E-02  8.120E-02  6.438E-02  4.841E-02  3.401E-02  2.185E-02  1.247E-02  6.126E-03  2.617E-03  1.122E-03
  310.0000  1.762E-01  1.748E-01  1.708E-01  1.643E-01  1.553E-01  1.442E-01  1.312E-01  1.166E-01  1.009E-01  8.460E-02  6.825E-02  5.248E-02  3.793E-02  2.528E-02  1.511E-02  7.807E-03  3.406E-03  1.373E-03
  311.0000  2.967E-01  2.945E-01  2.880E-01  2.772E-01  2.625E-01  2.442E-01  2.228E-01  1.987E-01  1.728E-01  1.457E-01  1.182E-01  9.181E-02  6.712E-02  4.540E-02  2.764E-02  1.458E-02  6.441E-03  2.534E-03
  312.0000  2.654E-01  2.635E-01  2.579E-01  2.487E-01  2.360E-01  2.202E-01  2.017E-01  1.808E-01  1.582E-01  1.344E-01  1.103E-01  8.669E-02  6.443E-02  4.452E-02  2.786E-02  1.519E-02  6.884E-03  2.635E-03
  313.0000  2.971E-01  2.951E-01  2.890E-01  2.791E-01  2.655E-01  2.484E-01  2.284E-01  2.058E-01  1.811E-01  1.551E-01  1.286E-01  1.023E-01  7.723E-02  5.448E-02  3.503E-02  1.976E-02  9.243E-03  3.481E-03
  314.0000  3.248E-01  3.227E-01  3.162E-01  3.055E-01  2.909E-01  2.725E-01  2.509E-01  2.265E-01  1.998E-01  1.717E-01  1.428E-01  1.141E-01  8.672E-02  6.166E-02  4.006E-02  2.289E-02  1.084E-02  4.062E-03
  316.0000  3.335E-01  3.314E-01  3.252E-01  3.149E-01  3.007E-01  2.829E-01  2.619E-01  2.381E-01  2.119E-01  1.841E-01  1.553E-01  1.263E-01  9.818E-02  7.192E-02  4.861E-02  2.927E-02  1.472E-02  5.579E-03
  320.0000  4.288E-01  4.263E-01  4.189E-01  4.065E-01  3.896E-01  3.682E-01  3.429E-01  3.140E-01  2.822E-01  2.480E-01  2.123E-01  1.759E-01  1.401E-01  1.059E-01  7.463E-02  4.757E-02  2.579E-02  1.035E-02
  325.0000  5.498E-01  5.468E-01  5.378E-01  5.230E-01  5.025E-01  4.767E-01  4.460E-01  4.108E-01  3.718E-01  3.298E-01  2.856E-01  2.402E-01  1.948E-01  1.508E-01  1.098E-01  7.327E-02  4.246E-02  1.855E-02
  330.0000  6.845E-01  6.809E-01  6.701E-01  6.522E-01  6.275E-01  5.963E-01  5.591E-01  5.165E-01  4.692E-01  4.180E-01  3.639E-01  3.080E-01  2.519E-01  1.972E-01  1.456E-01  9.909E-02  5.920E-02  2.713E-02
  335.0000  6.532E-01  6.498E-01  6.397E-01  6.230E-01  5.999E-01  5.708E-01  5.360E-01  4.961E-01  4.517E-01  4.036E-01  3.525E-01  2.997E-01  2.464E-01  1.942E-01  1.446E-01  9.956E-02  6.060E-02  2.870E-02
  340.0000  7.111E-01  7.074E-01  6.966E-01  6.787E-01  6.539E-01  6.226E-01  5.852E-01  5.422E-01  4.943E-01  4.423E-01  3.871E-01  3.299E-01  2.719E-01  2.149E-01  1.606E-01  1.110E-01  6.808E-02  3.270E-02
  345.0000  7.019E-01  6.984E-01  6.878E-01  6.703E-01  6.461E-01  6.155E-01  5.789E-01  5.368E-01  4.899E-01  4.388E-01  3.846E-01  3.282E-01  2.709E-01  2.144E-01  1.605E-01  1.112E-01  6.837E-02  3.307E-02
  350.0000  7.347E-01  7.311E-01  7.200E-01  7.018E-01  6.767E-01  6.448E-01  6.068E-01  5.630E-01  5.141E-01  4.608E-01  4.041E-01  3.452E-01  2.852E-01  2.258E-01  1.690E-01  1.170E-01  7.185E-02  3.473E-02
  355.0000  7.776E-01  7.738E-01  7.622E-01  7.431E-01  7.167E-01  6.832E-01  6.432E-01  5.971E-01  5.456E-01  4.895E-01  4.297E-01  3.674E-01  3.038E-01  2.408E-01  1.804E-01  1.249E-01  7.669E-02  3.714E-02
  360.0000  7.116E-01  7.081E-01  6.976E-01  6.803E-01  6.562E-01  6.258E-01  5.894E-01  5.475E-01  5.006E-01  4.494E-01  3.949E-01  3.379E-01  2.797E-01  2.219E-01  1.663E-01  1.151E-01  7.061E-02  3.421E-02
  365.0000  9.055E-01  9.011E-01  8.878E-01  8.659E-01  8.355E-01  7.971E-01  7.510E-01  6.979E-01  6.385E-01  5.737E-01  5.044E-01  4.320E-01  3.579E-01  2.841E-01  2.130E-01  1.474E-01  9.033E-02  4.376E-02
  370.0000  9.421E-01  9.375E-01  9.238E-01  9.011E-01  8.697E-01  8.300E-01  7.823E-01  7.274E-01  6.659E-01  5.986E-01  5.268E-01  4.515E-01  3.744E-01  2.974E-01  2.230E-01  1.543E-01  9.443E-02  4.573E-02
  375.0000  8.516E-01  8.475E-01  8.352E-01  8.148E-01  7.866E-01  7.509E-01  7.080E-01  6.586E-01  6.032E-01  5.427E-01  4.778E-01  4.099E-01  3.402E-01  2.704E-01  2.029E-01  1.403E-01  8.575E-02  4.149E-02
  380.0000  9.795E-01  9.748E-01  9.607E-01  9.374E-01  9.052E-01  8.643E-01  8.153E-01  7.587E-01  6.953E-01  6.259E-01  5.515E-01  4.735E-01  3.933E-01  3.129E-01  2.348E-01  1.623E-01  9.909E-02  4.789E-02
  385.0000  7.389E-01  7.353E-01  7.248E-01  7.073E-01  6.831E-01  6.524E-01  6.157E-01  5.732E-01  5.255E-01  4.734E-01  4.174E-01  3.586E-01  2.981E-01  2.374E-01  1.782E-01  1.232E-01  7.508E-02  3.624E-02
  390.0000  9.653E-01  9.607E-01  9.470E-01  9.243E-01  8.928E-01  8.530E-01  8.052E-01  7.499E-01  6.879E-01  6.200E-01  5.471E-01  4.704E-01  3.914E-01  3.119E-01  2.343E-01  1.619E-01  9.853E-02  4.750E-02
  395.0000  7.491E-01  7.456E-01  7.350E-01  7.175E-01  6.932E-01  6.624E-01  6.255E-01  5.828E-01  5.349E-01  4.824E-01  4.259E-01  3.665E-01  3.052E-01  2.434E-01  1.829E-01  1.264E-01  7.682E-02  3.697E-02
  400.0000  1.391E+00  1.385E+00  1.365E+00  1.333E+00  1.288E+00  1.231E+00  1.163E+00  1.084E+00  9.953E-01  8.980E-01  7.934E-01  6.832E-01  5.694E-01  4.544E-01  3.418E-01  2.361E-01  1.433E-01  6.887E-02
  405.0000  1.419E+00  1.412E+00  1.392E+00  1.360E+00  1.314E+00  1.256E+00  1.187E+00  1.107E+00  1.017E+00  9.180E-01  8.116E-01  6.994E-01  5.833E-01  4.659E-01  3.507E-01  2.423E-01  1.469E-01  7.043E-02
  410.0000  1.464E+00  1.457E+00  1.436E+00  1.403E+00  1.356E+00  1.297E+00  1.226E+00  1.143E+00  1.051E+00  9.489E-01  8.395E-01  7.239E-01  6.042E-01  4.830E-01  3.638E-01  2.513E-01  1.522E-01  7.282E-02
  415.0000  1.525E+00  1.518E+00  1.497E+00  1.462E+00  1.414E+00  1.352E+00  1.278E+00  1.193E+00  1.097E+00  9.911E-01  8.773E-01  7.570E-01  6.323E-01  5.059E-01  3.813E-01  2.635E-01  1.593E-01  7.609E-02
  420.0000  1.540E+00  1.533E+00  1.511E+00  1.476E+00  1.428E+00  1.366E+00  1.292E+00  1.206E+00  1.109E+00  1.003E+00  8.880E-01  7.667E-01  6.410E-01  5.132E-01  3.871E-01  2.675E-01  1.616E-01  7.699E-02
  425.0000  1.470E+00  1.463E+00  1.443E+00  1.410E+00  1.364E+00  1.305E+00  1.234E+00  1.152E+00  1.060E+00  9.590E-01  8.499E-01  7.343E-01  6.143E-01  4.923E-01  3.715E-01  2.568E-01  1.549E-01  7.362E-02
  430.0000  1.356E+00  1.350E+00  1.332E+00  1.301E+00  1.258E+00  1.204E+00  1.139E+00  1.064E+00  9.797E-01  8.865E-01  7.861E-01  6.796E-01  5.690E-01  4.563E-01  3.446E-01  2.383E-01  1.436E-01  6.808E-02
  435.0000  1.575E+00  1.567E+00  1.546E+00  1.511E+00  1.461E+00  1.399E+00  1.324E+00  1.237E+00  1.139E+00  1.031E+00  9.147E-01  7.913E-01  6.629E-01  5.321E-01  4.022E-01  2.782E-01  1.674E-01  7.917E-02
  440.0000  1.620E+00  1.613E+00  1.591E+00  1.554E+00  1.504E+00  1.440E+00  1.363E+00  1.274E+00  1.173E+00  1.062E+00  9.430E-01  8.162E-01  6.843E-01  5.496E-01  4.157E-01  2.876E-01  1.729E-01  8.147E-02
  445.0000  1.740E+00  1.732E+00  1.708E+00  1.670E+00  1.616E+00  1.547E+00  1.465E+00  1.369E+00  1.262E+00  1.143E+00  1.015E+00  8.791E-01  7.374E-01  5.927E-01  4.486E-01  3.104E-01  1.864E-01  8.760E-02
  450.0000  1.850E+00  1.842E+00  1.817E+00  1.776E+00  1.719E+00  1.646E+00  1.559E+00  1.457E+00  1.343E+00  1.218E+00  1.082E+00  9.374E-01  7.869E-01  6.329E-01  4.794E-01  3.319E-01  1.992E-01  9.331E-02
  455.0000  1.811E+00  1.803E+00  1.778E+00  1.738E+00  1.682E+00  1.612E+00  1.526E+00  1.428E+00  1.316E+00  1.193E+00  1.061E+00  9.197E-01  7.725E-01  6.218E-01  4.713E-01  3.264E-01  1.957E-01  9.139E-02
  460.0000  1.863E+00  1.855E+00  1.830E+00  1.788E+00  1.731E+00  1.658E+00  1.571E+00  1.470E+00  1.355E+00  1.229E+00  1.093E+00  9.479E-01  7.965E-01  6.414E-01  4.863E-01  3.367E-01  2.016E-01  9.361E-02
  465.0000  1.842E+00  1.834E+00  1.809E+00  1.768E+00  1.712E+00  1.640E+00  1.554E+00  1.454E+00  1.341E+00  1.217E+00  1.083E+00  9.395E-01  7.900E-01  6.366E-01  4.830E-01  3.347E-01  2.002E-01  9.274E-02
  470.0000  1.832E+00  1.824E+00  1.799E+00  1.759E+00  1.703E+00  1.632E+00  1.546E+00  1.447E+00  1.335E+00  1.212E+00  1.078E+00  9.364E-01  7.878E-01  6.353E-01  4.824E-01  3.344E-01  1.999E-01  9.226E-02
  475.0000  1.853E+00  1.845E+00  1.820E+00  1.779E+00  1.723E+00  1.651E+00  1.565E+00  1.465E+00  1.352E+00  1.228E+00  1.093E+00  9.491E-01  7.989E-01  6.446E-01  4.897E-01  3.396E-01  2.028E-01  9.324E-02
  480.0000  1.905E+00  1.896E+00  1.871E+00  1.829E+00  1.771E+00  1.698E+00  1.609E+00  1.506E+00  1.390E+00  1.263E+00  1.124E+00  9.765E-01  8.221E-01  6.634E-01  5.039E-01  3.492E-01  2.080E-01  9.487E-02
  485.0000  1.730E+00  1.722E+00  1.699E+00  1.661E+00  1.609E+00  1.542E+00  1.462E+00  1.369E+00  1.264E+00  1.148E+00  1.022E+00  8.885E-01  7.484E-01  6.042E-01  4.592E-01  3.183E-01  1.895E-01  8.607E-02
  490.0000  1.801E+00  1.794E+00  1.770E+00  1.731E+00  1.676E+00  1.607E+00  1.523E+00  1.427E+00  1.318E+00  1.197E+00  1.066E+00  9.273E-01  7.815E-01  6.314E-01  4.803E-01  3.331E-01  1.983E-01  8.985E-02
  495.0000  1.835E+00  1.827E+00  1.802E+00  1.763E+00  1.707E+00  1.637E+00  1.552E+00  1.454E+00  1.343E+00  1.220E+00  1.087E+00  9.459E-01  7.975E-01  6.446E-01  4.906E-01  3.403E-01  2.024E-01  9.131E-02
  500.0000  1.748E+00  1.741E+00  1.718E+00  1.680E+00  1.627E+00  1.560E+00  1.479E+00  1.386E+00  1.280E+00  1.163E+00  1.037E+00  9.019E-01  7.605E-01  6.147E-01  4.677E-01  3.242E-01  1.923E-01  8.602E-02
  505.0000  1.774E+00  1.766E+00  1.743E+00  1.705E+00  1.651E+00  1.583E+00  1.501E+00  1.406E+00  1.299E+00  1.181E+00  1.052E+00  9.152E-01  7.716E-01  6.235E-01  4.742E-01  3.282E-01  1.939E-01  8.587E-02
  510.0000  1.759E+00  1.752E+00  1.729E+00  1.690E+00  1.638E+00  1.570E+00  1.489E+00  1.395E+00  1.289E+00  1.172E+00  1.045E+00  9.093E-01  7.671E-01  6.203E-01  4.721E-01  3.270E-01  1.933E-01  8.541E-02
  515.0000  1.631E+00  1.623E+00  1.602E+00  1.567E+00  1.518E+00  1.456E+00  1.381E+00  1.294E+00  1.196E+00  1.087E+00  9.696E-01  8.440E-01  7.123E-01  5.762E-01  4.387E-01  3.041E-01  1.796E-01  7.905E-02
  520.0000  1.675E+00  1.668E+00  1.646E+00  1.610E+00  1.560E+00  1.496E+00  1.419E+00  1.330E+00  1.229E+00  1.118E+00  9.969E-01  8.680E-01  7.326E-01  5.928E-01  4.514E-01  3.128E-01  1.845E-01  8.073E-02
  525.0000  1.679E+00  1.672E+00  1.650E+00  1.614E+00  1.563E+00  1.499E+00  1.422E+00  1.333E+00  1.232E+00  1.120E+00  9.991E-01  8.699E-01  7.342E-01  5.939E-01  4.521E-01  3.129E-01  1.840E-01  7.975E-02
  530.0000  1.766E+00  1.758E+00  1.735E+00  1.697E+00  1.644E+00  1.577E+00  1.496E+00  1.402E+00  1.295E+00  1.178E+00  1.050E+00  9.143E-01  7.714E-01  6.238E-01  4.743E-01  3.277E-01  1.919E-01  8.219E-02
  535.0000  1.710E+00  1.703E+00  1.680E+00  1.643E+00  1.592E+00  1.527E+00  1.449E+00  1.358E+00  1.255E+00  1.141E+00  1.018E+00  8.860E-01  7.476E-01  6.045E-01  4.597E-01  3.175E-01  1.856E-01  7.897E-02
  540.0000  1.711E+00  1.704E+00  1.682E+00  1.645E+00  1.593E+00  1.528E+00  1.450E+00  1.359E+00  1.256E+00  1.143E+00  1.019E+00  8.876E-01  7.492E-01  6.061E-01  4.611E-01  3.185E-01  1.861E-01  7.893E-02
  545.0000  1.735E+00  1.727E+00  1.705E+00  1.667E+00  1.616E+00  1.550E+00  1.470E+00  1.378E+00  1.274E+00  1.159E+00  1.034E+00  9.001E-01  7.598E-01  6.147E-01  4.675E-01  3.228E-01  1.883E-01  7.926E-02
  550.0000  1.739E+00  1.731E+00  1.709E+00  1.671E+00  1.620E+00  1.553E+00  1.474E+00  1.382E+00  1.277E+00  1.162E+00  1.037E+00  9.028E-01  7.621E-01  6.166E-01  4.691E-01  3.238E-01  1.886E-01  7.894E-02
  555.0000  1.725E+00  1.717E+00  1.695E+00  1.658E+00  1.606E+00  1.541E+00  1.462E+00  1.371E+00  1.267E+00  1.153E+00  1.029E+00  8.962E-01  7.567E-01  6.123E-01  4.659E-01  3.215E-01  1.870E-01  7.776E-02
  560.0000  1.679E+00  1.672E+00  1.650E+00  1.614E+00  1.564E+00  1.500E+00  1.423E+00  1.334E+00  1.233E+00  1.122E+00  1.001E+00  8.719E-01  7.360E-01  5.954E-01  4.527E-01  3.120E-01  1.808E-01  7.446E-02
  565.0000  1.679E+00  1.672E+00  1.650E+00  1.614E+00  1.564E+00  1.500E+00  1.423E+00  1.334E+00  1.233E+00  1.122E+00  1.001E+00  8.714E-01  7.354E-01  5.946E-01  4.517E-01  3.108E-01  1.795E-01  7.315E-02
  570.0000  1.665E+00  1.661E+00  1.639E+00  1.603E+00  1.553E+00  1.490E+00  1.414E+00  1.325E+00  1.225E+00  1.114E+00  9.940E-01  8.655E-01  7.304E-01  5.904E-01  4.484E-01  3.083E-01  1.776E-01  7.185E-02
  575.0000  1.695E+00  1.688E+00  1.666E+00  1.630E+00  1.579E+00  1.515E+00  1.437E+00  1.347E+00  1.245E+00  1.133E+00  1.011E+00  8.803E-01  7.429E-01  6.006E-01  4.562E-01  3.136E-01  1.806E-01  7.269E-02
  580.0000  1.669E+00  1.661E+00  1.640E+00  1.604E+00  1.554E+00  1.491E+00  1.415E+00  1.327E+00  1.227E+00  1.116E+00  9.963E-01  8.680E-01  7.330E-01  5.931E-01  4.510E-01  3.105E-01  1.791E-01  7.225E-02
  585.0000  1.670E+00  1.663E+00  1.642E+00  1.606E+00  1.556E+00  1.493E+00  1.417E+00  1.329E+00  1.229E+00  1.119E+00  9.988E-01  8.707E-01  7.357E-01  5.959E-01  4.536E-01  3.128E-01  1.809E-01  7.311E-02
  590.0000  1.612E+00  1.605E+00  1.584E+00  1.549E+00  1.499E+00  1.441E+00  1.368E+00  1.283E+00  1.186E+00  1.080E+00  9.646E-01  8.410E-01  7.109E-01  5.760E-01  4.387E-01  3.028E-01  1.752E-01  7.070E-02
  595.0000  1.642E+00  1.635E+00  1.614E+00  1.579E+00  1.530E+00  1.468E+00  1.394E+00  1.307E+00  1.209E+00  1.100E+00  9.827E-01  8.568E-01  7.241E-01  5.866E-01  4.466E-01  3.080E-01  1.778E-01  7.123E-02
  600.0000  1.601E+00  1.594E+00  1.573E+00  1.539E+00  1.491E+00  1.431E+00  1.358E+00  1.273E+00  1.178E+00  1.072E+00  9.573E-01  8.345E-01  7.051E-01  5.709E-01  4.343E-01  2.991E-01  1.721E-01  6.835E-02
  605.0000  1.619E+00  1.612E+00  1.591E+00  1.556E+00  1.508E+00  1.447E+00  1.374E+00  1.288E+00  1.192E+00  1.085E+00  9.689E-01  8.448E-01  7.140E-01  5.783E-01  4.402E-01  3.033E-01  1.746E-01  6.919E-02
  610.0000  1.600E+00  1.593E+00  1.572E+00  1.538E+00  1.491E+00  1.431E+00  1.358E+00  1.274E+00  1.179E+00  1.074E+00  9.594E-01  8.370E-01  7.081E-01  5.742E-01  4.378E-01  3.024E-01  1.748E-01  6.970E-02
  615.0000  1.563E+00  1.557E+00  1.537E+00  1.503E+00  1.457E+00  1.399E+00  1.328E+00  1.246E+00  1.154E+00  1.051E+00  9.396E-01  8.204E-01  6.946E-01  5.640E-01  4.308E-01  2.984E-01  1.733E-01  6.961E-02
  620.0000  1.587E+00  1.580E+00  1.560E+00  1.526E+00  1.480E+00  1.421E+00  1.349E+00  1.266E+00  1.172E+00  1.069E+00  9.557E-01  8.349E-01  7.075E-01  5.751E-01  4.400E-01  3.055E-01  1.780E-01  7.192E-02
  625.0000  1.554E+00  1.547E+00  1.528E+00  1.495E+00  1.449E+00  1.391E+00  1.322E+00  1.241E+00  1.149E+00  1.048E+00  9.372E-01  8.192E-01  6.946E-01  5.652E-01  4.329E-01  3.012E-01  1.760E-01  7.139E-02
  630.0000  1.557E+00  1.550E+00  1.531E+00  1.498E+00  1.452E+00  1.395E+00  1.325E+00  1.244E+00  1.152E+00  1.051E+00  9.406E-01  8.226E-01  6.980E-01  5.685E-01  4.360E-01  3.039E-01  1.782E-01  7.262E-02
  635.0000  1.547E+00  1.541E+00  1.521E+00  1.488E+00  1.443E+00  1.386E+00  1.317E+00  1.237E+00  1.146E+00  1.046E+00  9.363E-01  8.192E-01  6.957E-01  5.671E-01  4.357E-01  3.043E-01  1.790E-01  7.334E-02
  640.0000  1.530E+00  1.524E+00  1.505E+00  1.473E+00  1.428E+00  1.372E+00  1.303E+00  1.224E+00  1.135E+00  1.036E+00  9.277E-01  8.122E-01  6.902E-01  5.633E-01  4.333E-01  3.034E-01  1.791E-01  7.377E-02
  644.8000  1.522E+00  1.516E+00  1.497E+00  1.465E+00  1.421E+00  1.365E+00  1.297E+00  1.219E+00  1.130E+00  1.031E+00  9.243E-01  8.096E-01  6.885E-01  5.623E-01  4.332E-01  3.038E-01  1.799E-01  7.446E-02
  651.0500  1.504E+00  1.498E+00  1.479E+00  1.448E+00  1.404E+00  1.349E+00  1.282E+00  1.205E+00  1.117E+00  1.020E+00  9.148E-01  8.017E-01  6.822E-01  5.578E-01  4.302E-01  3.024E-01  1.796E-01  7.469E-02
  660.0000  1.428E+00  1.422E+00  1.405E+00  1.375E+00  1.334E+00  1.282E+00  1.219E+00  1.145E+00  1.062E+00  9.707E-01  8.708E-01  7.637E-01  6.506E-01  5.326E-01  4.117E-01  2.902E-01  1.732E-01  7.249E-02
  670.0000  1.468E+00  1.461E+00  1.443E+00  1.413E+00  1.371E+00  1.317E+00  1.253E+00  1.178E+00  1.093E+00  9.992E-01  8.969E-01  7.873E-01  6.714E-01  5.505E-01  4.264E-01  3.016E-01  1.809E-01  7.630E-02
  680.0000  1.442E+00  1.436E+00  1.418E+00  1.389E+00  1.347E+00  1.295E+00  1.232E+00  1.159E+00  1.075E+00  9.835E-01  8.833E-01  7.759E-01  6.623E-01  5.438E-01  4.220E-01  2.993E-01  1.803E-01  7.651E-02
  690.0000  1.422E+00  1.416E+00  1.399E+00  1.370E+00  1.329E+00  1.278E+00  1.216E+00  1.143E+00  1.062E+00  9.713E-01  8.728E-01  7.672E-01  6.554E-01  5.387E-01  4.187E-01  2.977E-01  1.800E-01  7.673E-02
  700.0000  1.398E+00  1.393E+00  1.375E+00  1.347E+00  1.307E+00  1.257E+00  1.196E+00  1.125E+00  1.045E+00  9.564E-01  8.598E-01  7.562E-01  6.466E-01  5.321E-01  4.142E-01  2.952E-01  1.792E-01  7.674E-02
  710.0000  1.366E+00  1.360E+00  1.344E+00  1.316E+00  1.277E+00  1.228E+00  1.169E+00  1.100E+00  1.022E+00  9.353E-01  8.411E-01  7.401E-01  6.332E-01  5.215E-01  4.064E-01  2.902E-01  1.766E-01  7.583E-02
  720.0000  1.321E+00  1.316E+00  1.300E+00  1.273E+00  1.236E+00  1.188E+00  1.131E+00  1.064E+00  9.891E-01  9.056E-01  8.147E-01  7.172E-01  6.139E-01  5.060E-01  3.948E-01  2.822E-01  1.721E-01  7.408E-02
  730.0000  1.291E+00  1.286E+00  1.270E+00  1.244E+00  1.207E+00  1.161E+00  1.105E+00  1.041E+00  9.672E-01  8.858E-01  7.971E-01  7.020E-01  6.013E-01  4.960E-01  3.874E-01  2.774E-01  1.696E-01  7.320E-02
------------------------------------------------------------
Dose rates, W m-2
   1 = UV-B, 280-315 nm                                  
   2 = UV-B*, 280-320 nm                                 
   3 = UV-A, 315-400 nm                                  
   4 = DNA damage, in vitro (Setlow, 1974)               
   5 = UV index (WMO, 1994; Webb et al., 2011)           
   6 = Plant damage (Caldwell, 1971)                     
   7 = Plant damage,Flint&Caldwell,2003,orig.            
   8 = Plant damage,Flint&Caldwell,2003,ext390           
values at z =      0.000 km
Columns: sza, weighting spectra
 sza, deg.          1          2          3          4          5          6          7          8
    0.0000  2.396E+00  3.396E+00  6.143E+01  1.194E-02  1.559E+01  5.342E-01  1.384E+00  1.853E+00
    5.0000  2.376E+00  3.370E+00  6.112E+01  1.178E-02  1.543E+01  5.283E-01  1.373E+00  1.841E+00
   10.0000  2.316E+00  3.292E+00  6.020E+01  1.131E-02  1.497E+01  5.106E-01  1.344E+00  1.804E+00
   15.0000  2.219E+00  3.163E+00  5.868E+01  1.055E-02  1.423E+01  4.820E-01  1.295E+00  1.744E+00
   20.0000  2.087E+00  2.989E+00  5.658E+01  9.569E-03  1.324E+01  4.440E-01  1.229E+00  1.663E+00
   25.0000  1.924E+00  2.772E+00  5.392E+01  8.404E-03  1.203E+01  3.980E-01  1.147E+00  1.562E+00
   30.0000  1.735E+00  2.521E+00  5.074E+01  7.152E-03  1.068E+01  3.467E-01  1.053E+00  1.444E+00
   35.0000  1.529E+00  2.243E+00  4.708E+01  5.877E-03  9.240E+00  2.929E-01  9.503E-01  1.314E+00
   40.0000  1.309E+00  1.945E+00  4.299E+01  4.638E-03  7.762E+00  2.382E-01  8.402E-01  1.174E+00
   45.0000  1.086E+00  1.638E+00  3.854E+01  3.502E-03  6.313E+00  1.857E-01  7.269E-01  1.027E+00
   50.0000  8.661E-01  1.332E+00  3.379E+01  2.515E-03  4.949E+00  1.375E-01  6.135E-01  8.779E-01
   55.0000  6.594E-01  1.038E+00  2.885E+01  1.707E-03  3.722E+00  9.584E-02  5.032E-01  7.302E-01
   60.0000  4.732E-01  7.677E-01  2.382E+01  1.086E-03  2.666E+00  6.193E-02  3.989E-01  5.873E-01
   65.0000  3.150E-01  5.308E-01  1.883E+01  6.427E-04  1.804E+00  3.648E-02  3.030E-01  4.530E-01
   70.0000  1.901E-01  3.360E-01  1.405E+01  3.526E-04  1.141E+00  1.925E-02  2.179E-01  3.304E-01
   75.0000  1.010E-01  1.888E-01  9.660E+00  1.806E-04  6.653E-01  9.076E-03  1.453E-01  2.231E-01
   80.0000  4.590E-02  9.005E-02  5.863E+00  8.822E-05  3.487E-01  4.059E-03  8.612E-02  1.336E-01
   85.0000  1.836E-02  3.510E-02  2.798E+00  4.093E-05  1.537E-01  1.914E-03  4.042E-02  6.337E-02
------------------------------------------------------------
