Spectral Irradiance, W m-2 nm-1
values at z =      0.000 km
Columns: wavelength (nm), solar zenith angles (deg.)
    wc, nm      0.000      5.000     10.000     15.000     20.000     25.000     30.000     35.000     40.000     45.000     50.000     55.000     60.000     65.000     70.000     75.000     80.000     85.000
  280.5000  1.042E-04  1.012E-04  9.269E-05  7.981E-05  6.428E-05  4.808E-05  3.304E-05  2.056E-05  1.137E-05  5.451E-06  2.212E-06  7.545E-07  2.367E-07  9.102E-08  5.092E-08  3.406E-08  2.330E-08  1.456E-08
  281.5000  4.257E-04  4.145E-04  3.820E-04  3.326E-04  2.722E-04  2.081E-04  1.471E-04  9.491E-05  5.494E-05  2.792E-05  1.217E-05  4.515E-06  1.523E-06  5.915E-07  3.219E-07  2.124E-07  1.441E-07  8.968E-08
  282.5000  9.759E-04  9.518E-04  8.823E-04  7.754E-04  6.436E-04  5.012E-04  3.630E-04  2.417E-04  1.455E-04  7.772E-05  3.511E-05  1.436E-05  5.166E-06  2.037E-06  1.081E-06  7.025E-07  4.732E-07  2.929E-07
  283.5000  1.515E-03  1.479E-03  1.376E-03  1.217E-03  1.019E-03  8.035E-04  5.914E-04  4.018E-04  2.482E-04  1.369E-04  6.602E-05  2.754E-05  1.033E-05  4.122E-06  2.150E-06  1.381E-06  9.248E-07  5.703E-07
  284.5000  2.046E-03  2.002E-03  1.875E-03  1.677E-03  1.428E-03  1.151E-03  8.718E-04  5.978E-04  3.980E-04  2.328E-04  1.207E-04  5.488E-05  2.237E-05  9.243E-06  4.695E-06  2.940E-06  1.944E-06  1.188E-06
  285.5000  1.597E-03  1.565E-03  1.473E-03  1.329E-03  1.145E-03  9.383E-04  7.263E-04  5.262E-04  3.527E-04  2.154E-04  1.179E-04  5.705E-05  2.476E-05  1.057E-05  5.278E-06  3.228E-06  2.109E-06  1.278E-06
  286.5000  5.951E-03  5.841E-03  5.518E-03  5.010E-03  4.358E-03  3.617E-03  2.847E-03  2.106E-03  1.450E-03  9.153E-04  5.217E-04  2.649E-04  1.207E-04  5.302E-05  2.622E-05  1.571E-05  1.015E-05  6.103E-06
  287.5000  9.500E-03  9.336E-03  8.857E-03  8.100E-03  6.934E-03  5.994E-03  4.804E-03  3.639E-03  2.580E-03  1.690E-03  1.008E-03  5.398E-04  2.602E-04  1.187E-04  5.841E-05  3.411E-05  2.171E-05  1.292E-05
  288.5000  1.186E-02  1.167E-02  1.113E-02  1.025E-02  9.117E-03  7.793E-03  6.371E-03  4.950E-03  3.622E-03  2.468E-03  1.546E-03  8.779E-04  4.506E-04  2.157E-04  1.065E-04  6.038E-05  3.764E-05  2.208E-05
  289.5000  2.406E-02  2.371E-02  2.267E-02  2.101E-02  1.884E-02  1.628E-02  1.350E-02  1.068E-02  7.995E-03  5.605E-03  3.634E-03  2.151E-03  1.155E-03  5.742E-04  2.857E-04  1.587E-04  9.708E-05  5.625E-05
  290.5000  4.170E-02  4.112E-02  3.943E-02  3.672E-02  3.315E-02  2.891E-02  2.427E-02  1.949E-02  1.487E-02  1.068E-02  7.127E-03  4.369E-03  2.439E-03  1.254E-03  6.312E-04  3.447E-04  2.069E-04  1.184E-04
  291.5000  5.084E-02  5.020E-02  4.828E-02  4.520E-02  4.112E-02  3.624E-02  3.083E-02  2.520E-02  1.964E-02  1.449E-02  9.995E-03  6.375E-03  3.722E-03  1.997E-03  1.026E-03  5.518E-04  3.231E-04  1.818E-04
  292.5000  5.585E-02  5.519E-02  5.322E-02  5.005E-02  4.582E-02  4.073E-02  3.504E-02  2.904E-02  2.304E-02  1.737E-02  1.231E-02  8.113E-03  4.916E-03  2.735E-03  1.436E-03  7.662E-04  4.384E-04  2.424E-04
  293.5000  7.701E-02  7.615E-02  7.362E-02  6.952E-02  6.402E-02  5.738E-02  4.988E-02  4.189E-02  3.380E-02  2.601E-02  1.891E-02  1.285E-02  8.069E-03  4.657E-03  2.509E-03  1.335E-03  7.463E-04  4.046E-04
  294.5000  8.192E-02  8.106E-02  7.851E-02  7.438E-02  6.882E-02  6.207E-02  5.441E-02  4.617E-02  3.773E-02  2.950E-02  2.188E-02  1.523E-02  9.835E-03  5.846E-03  3.222E-03  1.719E-03  9.426E-04  5.017E-04
  295.5000  1.112E-01  1.101E-01  1.069E-01  1.016E-01  9.451E-02  8.581E-02  7.588E-02  6.511E-02  5.395E-02  4.292E-02  3.251E-02  2.322E-02  1.546E-02  9.501E-03  5.389E-03  2.899E-03  1.561E-03  8.113E-04
  296.5000  1.164E-01  1.153E-01  1.121E-01  1.069E-01  9.979E-02  9.112E-02  8.116E-02  7.028E-02  5.891E-02  4.753E-02  3.664E-02  2.674E-02  1.826E-02  1.154E-02  6.721E-03  3.658E-03  1.943E-03  9.879E-04
  297.5000  1.424E-01  1.412E-01  1.375E-01  1.314E-01  1.232E-01  1.130E-01  1.013E-01  8.844E-02  7.489E-02  6.118E-02  4.790E-02  3.561E-02  2.488E-02  1.614E-02  9.636E-03  5.322E-03  2.803E-03  1.393E-03
  298.5000  1.164E-01  1.154E-01  1.125E-01  1.078E-01  1.013E-01  9.337E-02  8.415E-02  7.396E-02  6.317E-02  5.215E-02  4.136E-02  3.125E-02  2.225E-02  1.476E-02  9.011E-03  5.054E-03  2.651E-03  1.291E-03
  299.5000  1.818E-01  1.804E-01  1.761E-01  1.690E-01  1.594E-01  1.474E-01  1.336E-01  1.182E-01  1.017E-01  8.485E-02  6.813E-02  5.226E-02  3.791E-02  2.569E-02  1.605E-02  9.167E-03  4.810E-03  2.295E-03
  300.5000  1.297E-01  1.287E-01  1.258E-01  1.209E-01  1.143E-01  1.061E-01  9.646E-02  8.576E-02  7.430E-02  6.244E-02  5.061E-02  3.927E-02  2.889E-02  1.990E-02  1.266E-02  7.341E-03  3.862E-03  1.814E-03
  301.5000  1.918E-01  1.904E-01  1.862E-01  1.793E-01  1.699E-01  1.582E-01  1.445E-01  1.292E-01  1.126E-01  9.546E-02  7.818E-02  6.145E-02  4.591E-02  3.222E-02  2.093E-02  1.237E-02  6.557E-03  3.032E-03
  302.5000  1.970E-01  1.956E-01  1.914E-01  1.846E-01  1.742E-01  1.635E-01  1.497E-01  1.343E-01  1.177E-01  1.003E-01  8.269E-02  6.553E-02  4.947E-02  3.515E-02  2.315E-02  1.387E-02  7.395E-03  3.386E-03
  303.5000  2.677E-01  2.659E-01  2.604E-01  2.514E-01  2.390E-01  2.225E-01  2.056E-01  1.852E-01  1.631E-01  1.399E-01  1.163E-01  9.310E-02  7.114E-02  5.130E-02  3.437E-02  2.096E-02  1.130E-02  5.129E-03
  304.5000  2.568E-01  2.551E-01  2.500E-01  2.415E-01  2.299E-01  2.155E-01  1.984E-01  1.781E-01  1.583E-01  1.363E-01  1.138E-01  9.166E-02  7.053E-02  5.129E-02  3.471E-02  2.138E-02  1.161E-02  5.243E-03
  305.5000  2.795E-01  2.777E-01  2.722E-01  2.633E-01  2.511E-01  2.358E-01  2.178E-01  1.975E-01  1.752E-01  1.518E-01  1.276E-01  1.037E-01  8.062E-02  5.940E-02  4.083E-02  2.559E-02  1.409E-02  6.345E-03
  306.5000  2.685E-01  2.667E-01  2.616E-01  2.532E-01  2.417E-01  2.272E-01  2.101E-01  1.908E-01  1.697E-01  1.473E-01  1.243E-01  1.013E-01  7.914E-02  5.863E-02  4.057E-02  2.561E-02  1.418E-02  6.378E-03
  307.5000  3.302E-01  3.282E-01  3.221E-01  3.120E-01  2.982E-01  2.809E-01  2.604E-01  2.372E-01  2.117E-01  1.847E-01  1.567E-01  1.287E-01  1.014E-01  7.600E-02  5.330E-02  3.418E-02  1.922E-02  8.661E-03
  308.5000  3.477E-01  3.455E-01  3.392E-01  3.287E-01  3.144E-01  2.963E-01  2.750E-01  2.508E-01  2.242E-01  1.959E-01  1.666E-01  1.372E-01  1.085E-01  8.165E-02  5.755E-02  3.711E-02  2.097E-02  9.459E-03
  309.5000  2.758E-01  2.742E-01  2.685E-01  2.611E-01  2.499E-01  2.359E-01  2.192E-01  2.003E-01  1.796E-01  1.574E-01  1.344E-01  1.112E-01  8.852E-02  6.709E-02  4.772E-02  3.111E-02  1.778E-02  8.054E-03
  310.5000  3.482E-01  3.462E-01  3.401E-01  3.300E-01  3.160E-01  2.986E-01  2.779E-01  2.543E-01  2.284E-01  2.007E-01  1.718E-01  1.427E-01  1.140E-01  8.687E-02  6.219E-02  4.086E-02  2.355E-02  1.071E-02
  311.5000  4.264E-01  4.239E-01  4.165E-01  4.042E-01  3.874E-01  3.662E-01  3.411E-01  3.125E-01  2.810E-01  2.473E-01  2.121E-01  1.765E-01  1.415E-01  1.082E-01  7.777E-02  5.136E-02  2.976E-02  1.358E-02
  312.5000  3.806E-01  3.784E-01  3.719E-01  3.612E-01  3.464E-01  3.278E-01  3.058E-01  2.806E-01  2.529E-01  2.231E-01  1.921E-01  1.605E-01  1.293E-01  9.949E-02  7.209E-02  4.807E-02  2.818E-02  1.295E-02
  313.5000  4.225E-01  4.201E-01  4.129E-01  4.010E-01  3.847E-01  3.642E-01  3.398E-01  3.120E-01  2.813E-01  2.484E-01  2.140E-01  1.790E-01  1.444E-01  1.113E-01  8.075E-02  5.395E-02  3.169E-02  1.458E-02
  314.5000  3.913E-01  3.891E-01  3.825E-01  3.717E-01  3.568E-01  3.381E-01  3.159E-01  2.905E-01  2.624E-01  2.323E-01  2.007E-01  1.684E-01  1.365E-01  1.057E-01  7.726E-02  5.207E-02  3.090E-02  1.435E-02
  315.5000  3.987E-01  3.965E-01  3.899E-01  3.789E-01  3.638E-01  3.448E-01  3.222E-01  2.964E-01  2.678E-01  2.372E-01  2.050E-01  1.722E-01  1.396E-01  1.083E-01  7.919E-02  5.342E-02  3.174E-02  1.475E-02
  316.5000  3.743E-01  3.722E-01  3.660E-01  3.559E-01  3.419E-01  3.242E-01  3.033E-01  2.793E-01  2.528E-01  2.243E-01  1.943E-01  1.637E-01  1.331E-01  1.037E-01  7.622E-02  5.177E-02  3.102E-02  1.453E-02
  317.5000  5.286E-01  5.257E-01  5.170E-01  5.027E-01  4.830E-01  4.581E-01  4.285E-01  3.947E-01  3.573E-01  3.170E-01  2.747E-01  2.314E-01  1.882E-01  1.466E-01  1.078E-01  7.316E-02  4.381E-02  2.050E-02
  318.5000  3.937E-01  3.916E-01  3.852E-01  3.746E-01  3.601E-01  3.418E-01  3.200E-01  2.951E-01  2.675E-01  2.377E-01  2.064E-01  1.743E-01  1.422E-01  1.112E-01  8.215E-02  5.613E-02  3.389E-02  1.600E-02
  319.5000  4.751E-01  4.725E-01  4.649E-01  4.522E-01  4.347E-01  4.127E-01  3.864E-01  3.564E-01  3.232E-01  2.874E-01  2.496E-01  2.109E-01  1.722E-01  1.347E-01  9.963E-02  6.813E-02  4.118E-02  1.946E-02
  320.5000  5.706E-01  5.675E-01  5.584E-01  5.432E-01  5.223E-01  4.959E-01  4.645E-01  4.286E-01  3.888E-01  3.458E-01  3.006E-01  2.542E-01  2.077E-01  1.626E-01  1.204E-01  8.243E-02  4.990E-02  2.362E-02
  321.5000  4.607E-01  4.583E-01  4.509E-01  4.388E-01  4.221E-01  4.011E-01  3.760E-01  3.472E-01  3.154E-01  2.809E-01  2.447E-01  2.073E-01  1.699E-01  1.335E-01  9.928E-02  6.838E-02  4.172E-02  1.993E-02
  322.5000  4.817E-01  4.791E-01  4.714E-01  4.587E-01  4.411E-01  4.190E-01  3.926E-01  3.624E-01  3.289E-01  2.927E-01  2.546E-01  2.155E-01  1.762E-01  1.381E-01  1.023E-01  7.010E-02  4.248E-02  2.013E-02
  323.5000  4.668E-01  4.643E-01  4.569E-01  4.447E-01  4.279E-01  4.067E-01  3.815E-01  3.526E-01  3.204E-01  2.857E-01  2.491E-01  2.113E-01  1.734E-01  1.365E-01  1.017E-01  7.020E-02  4.297E-02  2.060E-02
  324.5000  5.487E-01  5.458E-01  5.371E-01  5.228E-01  5.031E-01  4.782E-01  4.486E-01  4.146E-01  3.768E-01  3.360E-01  2.929E-01  2.486E-01  2.040E-01  1.605E-01  1.195E-01  8.248E-02  5.044E-02  2.416E-02
  325.5000  6.197E-01  6.164E-01  6.066E-01  5.905E-01  5.682E-01  5.401E-01  5.066E-01  4.682E-01  4.255E-01  3.794E-01  3.308E-01  2.806E-01  2.302E-01  1.811E-01  1.347E-01  9.284E-02  5.669E-02  2.710E-02
  326.5000  7.189E-01  7.151E-01  7.039E-01  6.853E-01  6.597E-01  6.274E-01  5.889E-01  5.447E-01  4.956E-01  4.424E-01  3.863E-01  3.283E-01  2.700E-01  2.129E-01  1.591E-01  1.102E-01  6.772E-02  3.266E-02
  327.5000  6.783E-01  6.747E-01  6.641E-01  6.466E-01  6.224E-01  5.919E-01  5.555E-01  5.137E-01  4.673E-01  4.171E-01  3.641E-01  3.093E-01  2.542E-01  2.003E-01  1.494E-01  1.033E-01  6.333E-02  3.044E-02
  328.5000  6.258E-01  6.225E-01  6.128E-01  5.966E-01  5.743E-01  5.462E-01  5.127E-01  4.742E-01  4.315E-01  3.852E-01  3.362E-01  2.857E-01  2.348E-01  1.851E-01  1.381E-01  9.543E-02  5.850E-02  2.812E-02
  329.5000  7.856E-01  7.815E-01  7.693E-01  7.492E-01  7.215E-01  6.864E-01  6.446E-01  5.966E-01  5.432E-01  4.854E-01  4.242E-01  3.610E-01  2.972E-01  2.348E-01  1.756E-01  1.218E-01  7.507E-02  3.633E-02
  330.5000  7.234E-01  7.196E-01  7.084E-01  6.899E-01  6.643E-01  6.320E-01  5.934E-01  5.492E-01  5.000E-01  4.467E-01  3.903E-01  3.320E-01  2.732E-01  2.156E-01  1.611E-01  1.115E-01  6.856E-02  3.307E-02
  331.5000  7.165E-01  7.128E-01  7.017E-01  6.834E-01  6.580E-01  6.261E-01  5.879E-01  5.441E-01  4.954E-01  4.426E-01  3.868E-01  3.290E-01  2.708E-01  2.137E-01  1.596E-01  1.105E-01  6.784E-02  3.271E-02
  332.5000  6.892E-01  6.856E-01  6.750E-01  6.575E-01  6.333E-01  6.027E-01  5.662E-01  5.242E-01  4.776E-01  4.270E-01  3.734E-01  3.180E-01  2.621E-01  2.071E-01  1.550E-01  1.076E-01  6.632E-02  3.214E-02
  333.5000  6.538E-01  6.504E-01  6.404E-01  6.237E-01  6.007E-01  5.717E-01  5.371E-01  4.973E-01  4.530E-01  4.050E-01  3.541E-01  3.015E-01  2.483E-01  1.962E-01  1.467E-01  1.016E-01  6.254E-02  3.023E-02
  334.5000  7.265E-01  7.228E-01  7.116E-01  6.932E-01  6.677E-01  6.355E-01  5.971E-01  5.529E-01  5.038E-01  4.506E-01  3.941E-01  3.356E-01  2.766E-01  2.186E-01  1.635E-01  1.134E-01  6.980E-02  3.378E-02
  335.5000  7.279E-01  7.242E-01  7.131E-01  6.946E-01  6.692E-01  6.371E-01  5.987E-01  5.546E-01  5.055E-01  4.522E-01  3.958E-01  3.373E-01  2.781E-01  2.200E-01  1.647E-01  1.143E-01  7.051E-02  3.421E-02
  336.5000  5.707E-01  5.678E-01  5.591E-01  5.447E-01  5.247E-01  4.995E-01  4.695E-01  4.349E-01  3.965E-01  3.547E-01  3.104E-01  2.645E-01  2.181E-01  1.725E-01  1.291E-01  8.958E-02  5.521E-02  2.676E-02
  337.5000  6.311E-01  6.279E-01  6.183E-01  6.023E-01  5.803E-01  5.524E-01  5.192E-01  4.810E-01  4.384E-01  3.922E-01  3.432E-01  2.925E-01  2.411E-01  1.906E-01  1.426E-01  9.879E-02  6.078E-02  2.940E-02
  338.5000  6.582E-01  6.548E-01  6.448E-01  6.282E-01  6.053E-01  5.764E-01  5.418E-01  5.021E-01  4.578E-01  4.098E-01  3.588E-01  3.059E-01  2.523E-01  1.996E-01  1.495E-01  1.037E-01  6.394E-02  3.102E-02
  339.5000  7.141E-01  7.105E-01  6.996E-01  6.817E-01  6.569E-01  6.255E-01  5.881E-01  5.450E-01  4.971E-01  4.450E-01  3.897E-01  3.323E-01  2.742E-01  2.170E-01  1.625E-01  1.128E-01  6.951E-02  3.373E-02
  340.5000  7.664E-01  7.625E-01  7.509E-01  7.316E-01  7.050E-01  6.714E-01  6.312E-01  5.851E-01  5.336E-01  4.777E-01  4.183E-01  3.567E-01  2.943E-01  2.329E-01  1.743E-01  1.209E-01  7.445E-02  3.609E-02
  341.5000  6.764E-01  6.729E-01  6.627E-01  6.457E-01  6.223E-01  5.927E-01  5.573E-01  5.167E-01  4.713E-01  4.221E-01  3.698E-01  3.154E-01  2.604E-01  2.061E-01  1.544E-01  1.071E-01  6.602E-02  3.205E-02
  342.5000  7.482E-01  7.444E-01  7.331E-01  7.144E-01  6.885E-01  6.558E-01  6.167E-01  5.718E-01  5.217E-01  4.673E-01  4.094E-01  3.493E-01  2.884E-01  2.283E-01  1.710E-01  1.187E-01  7.315E-02  3.552E-02
  343.5000  7.784E-01  7.745E-01  7.627E-01  7.433E-01  7.164E-01  6.824E-01  6.418E-01  5.951E-01  5.430E-01  4.864E-01  4.262E-01  3.637E-01  3.003E-01  2.377E-01  1.780E-01  1.235E-01  7.607E-02  3.691E-02
  344.5000  5.466E-01  5.438E-01  5.356E-01  5.220E-01  5.031E-01  4.793E-01  4.508E-01  4.180E-01  3.814E-01  3.417E-01  2.994E-01  2.555E-01  2.110E-01  1.670E-01  1.251E-01  8.671E-02  5.338E-02  2.588E-02
  345.5000  7.443E-01  7.406E-01  7.294E-01  7.108E-01  6.852E-01  6.528E-01  6.141E-01  5.696E-01  5.199E-01  4.658E-01  4.084E-01  3.486E-01  2.880E-01  2.281E-01  1.709E-01  1.185E-01  7.303E-02  3.547E-02
  346.5000  6.984E-01  6.949E-01  6.844E-01  6.670E-01  6.430E-01  6.126E-01  5.763E-01  5.345E-01  4.879E-01  4.372E-01  3.833E-01  3.273E-01  2.703E-01  2.141E-01  1.603E-01  1.112E-01  6.842E-02  3.319E-02
  347.5000  6.818E-01  6.784E-01  6.681E-01  6.512E-01  6.278E-01  5.982E-01  5.628E-01  5.221E-01  4.766E-01  4.272E-01  3.746E-01  3.198E-01  2.642E-01  2.093E-01  1.567E-01  1.087E-01  6.687E-02  3.244E-02
  348.5000  7.481E-01  7.443E-01  7.331E-01  7.145E-01  6.889E-01  6.565E-01  6.177E-01  5.731E-01  5.233E-01  4.690E-01  4.114E-01  3.513E-01  2.903E-01  2.300E-01  1.723E-01  1.194E-01  7.350E-02  3.567E-02
  349.5000  6.268E-01  6.236E-01  6.142E-01  5.987E-01  5.773E-01  5.501E-01  5.177E-01  4.803E-01  4.386E-01  3.932E-01  3.449E-01  2.946E-01  2.435E-01  1.929E-01  1.445E-01  1.002E-01  6.163E-02  2.990E-02
  350.5000  8.769E-01  8.725E-01  8.594E-01  8.378E-01  8.078E-01  7.699E-01  7.245E-01  6.723E-01  6.140E-01  5.506E-01  4.830E-01  4.127E-01  3.411E-01  2.703E-01  2.025E-01  1.403E-01  8.632E-02  4.189E-02
  351.5000  7.559E-01  7.521E-01  7.408E-01  7.221E-01  6.963E-01  6.637E-01  6.246E-01  5.797E-01  5.295E-01  4.748E-01  4.166E-01  3.560E-01  2.943E-01  2.332E-01  1.747E-01  1.211E-01  7.444E-02  3.611E-02
  352.5000  6.811E-01  6.777E-01  6.676E-01  6.508E-01  6.276E-01  5.982E-01  5.630E-01  5.226E-01  4.774E-01  4.282E-01  3.757E-01  3.211E-01  2.655E-01  2.104E-01  1.576E-01  1.092E-01  6.716E-02  3.258E-02
  353.5000  8.190E-01  8.150E-01  8.028E-01  7.826E-01  7.547E-01  7.194E-01  6.772E-01  6.286E-01  5.744E-01  5.152E-01  4.522E-01  3.866E-01  3.197E-01  2.534E-01  1.899E-01  1.315E-01  8.087E-02  3.924E-02
  354.5000  8.856E-01  8.812E-01  8.680E-01  8.463E-01  8.161E-01  7.781E-01  7.325E-01  6.800E-01  6.214E-01  5.575E-01  4.894E-01  4.184E-01  3.461E-01  2.744E-01  2.056E-01  1.424E-01  8.755E-02  4.248E-02
  355.5000  8.272E-01  8.231E-01  8.109E-01  7.906E-01  7.625E-01  7.269E-01  6.844E-01  6.354E-01  5.807E-01  5.211E-01  4.575E-01  3.912E-01  3.236E-01  2.566E-01  1.923E-01  1.332E-01  8.185E-02  3.971E-02
  356.5000  7.674E-01  7.636E-01  7.522E-01  7.334E-01  7.074E-01  6.745E-01  6.351E-01  5.897E-01  5.390E-01  4.837E-01  4.247E-01  3.632E-01  3.006E-01  2.383E-01  1.786E-01  1.237E-01  7.600E-02  3.687E-02
  357.5000  6.524E-01  6.491E-01  6.395E-01  6.235E-01  6.014E-01  5.735E-01  5.400E-01  5.015E-01  4.584E-01  4.114E-01  3.613E-01  3.091E-01  2.558E-01  2.029E-01  1.520E-01  1.053E-01  6.466E-02  3.136E-02
  358.5000  5.031E-01  5.006E-01  4.932E-01  4.809E-01  4.638E-01  4.423E-01  4.165E-01  3.869E-01  3.537E-01  3.175E-01  2.789E-01  2.386E-01  1.975E-01  1.566E-01  1.174E-01  8.129E-02  4.991E-02  2.421E-02
  359.5000  8.463E-01  8.421E-01  8.297E-01  8.090E-01  7.804E-01  7.442E-01  7.009E-01  6.510E-01  5.953E-01  5.344E-01  4.695E-01  4.017E-01  3.326E-01  2.638E-01  1.977E-01  1.369E-01  8.404E-02  4.076E-02
  360.5000  7.841E-01  7.802E-01  7.687E-01  7.496E-01  7.231E-01  6.897E-01  6.496E-01  6.034E-01  5.518E-01  4.954E-01  4.353E-01  3.726E-01  3.085E-01  2.447E-01  1.834E-01  1.270E-01  7.794E-02  3.779E-02
  361.5000  7.065E-01  7.030E-01  6.926E-01  6.754E-01  6.516E-01  6.215E-01  5.855E-01  5.439E-01  4.974E-01  4.467E-01  3.926E-01  3.360E-01  2.782E-01  2.208E-01  1.655E-01  1.146E-01  7.029E-02  3.409E-02
  362.5000  8.293E-01  8.252E-01  8.130E-01  7.928E-01  7.649E-01  7.296E-01  6.873E-01  6.386E-01  5.841E-01  5.246E-01  4.611E-01  3.947E-01  3.269E-01  2.595E-01  1.945E-01  1.346E-01  8.259E-02  4.004E-02
  363.5000  7.374E-01  7.337E-01  7.229E-01  7.050E-01  6.802E-01  6.489E-01  6.113E-01  5.680E-01  5.196E-01  4.668E-01  4.103E-01  3.513E-01  2.910E-01  2.310E-01  1.732E-01  1.199E-01  7.350E-02  3.563E-02
  364.5000  8.041E-01  8.002E-01  7.884E-01  7.689E-01  7.419E-01  7.077E-01  6.668E-01  6.197E-01  5.669E-01  5.093E-01  4.478E-01  3.835E-01  3.177E-01  2.522E-01  1.891E-01  1.309E-01  8.022E-02  3.888E-02
  365.5000  9.795E-01  9.747E-01  9.604E-01  9.367E-01  9.038E-01  8.623E-01  8.125E-01  7.551E-01  6.909E-01  6.208E-01  5.459E-01  4.675E-01  3.874E-01  3.076E-01  2.306E-01  1.596E-01  9.780E-02  4.740E-02
  366.5000  1.036E+00  1.031E+00  1.016E+00  9.909E-01  9.562E-01  9.123E-01  8.597E-01  7.991E-01  7.312E-01  6.571E-01  5.779E-01  4.950E-01  4.103E-01  3.258E-01  2.442E-01  1.690E-01  1.036E-01  5.018E-02
  367.5000  9.833E-01  9.785E-01  9.642E-01  9.404E-01  9.075E-01  8.659E-01  8.161E-01  7.586E-01  6.942E-01  6.239E-01  5.488E-01  4.702E-01  3.898E-01  3.095E-01  2.321E-01  1.606E-01  9.837E-02  4.766E-02
  368.5000  8.635E-01  8.593E-01  8.467E-01  8.259E-01  7.970E-01  7.605E-01  7.168E-01  6.664E-01  6.099E-01  5.482E-01  4.823E-01  4.133E-01  3.426E-01  2.721E-01  2.041E-01  1.412E-01  8.646E-02  4.188E-02
  369.5000  1.035E+00  1.030E+00  1.015E+00  9.903E-01  9.558E-01  9.121E-01  8.597E-01  7.993E-01  7.316E-01  6.577E-01  5.787E-01  4.960E-01  4.113E-01  3.267E-01  2.450E-01  1.695E-01  1.038E-01  5.026E-02
  370.5000  9.390E-01  9.344E-01  9.208E-01  8.982E-01  8.669E-01  8.273E-01  7.799E-01  7.251E-01  6.638E-01  5.969E-01  5.252E-01  4.502E-01  3.734E-01  2.966E-01  2.225E-01  1.539E-01  9.419E-02  4.561E-02
  371.5000  1.074E+00  1.069E+00  1.053E+00  1.027E+00  9.917E-01  9.464E-01  8.922E-01  8.297E-01  7.596E-01  6.831E-01  6.012E-01  5.154E-01  4.275E-01  3.397E-01  2.548E-01  1.762E-01  1.078E-01  5.221E-02
  372.5000  7.930E-01  7.892E-01  7.777E-01  7.586E-01  7.323E-01  6.989E-01  6.589E-01  6.128E-01  5.611E-01  5.046E-01  4.442E-01  3.809E-01  3.160E-01  2.511E-01  1.884E-01  1.303E-01  7.969E-02  3.858E-02
  373.5000  7.166E-01  7.131E-01  7.027E-01  6.855E-01  6.618E-01  6.316E-01  5.955E-01  5.539E-01  5.072E-01  4.562E-01  4.017E-01  3.445E-01  2.858E-01  2.272E-01  1.704E-01  1.179E-01  7.207E-02  3.488E-02
  374.5000  7.862E-01  7.824E-01  7.710E-01  7.522E-01  7.261E-01  6.931E-01  6.536E-01  6.079E-01  5.568E-01  5.009E-01  4.410E-01  3.783E-01  3.139E-01  2.495E-01  1.872E-01  1.295E-01  7.914E-02  3.830E-02
  375.5000  8.867E-01  8.824E-01  8.696E-01  8.484E-01  8.190E-01  7.819E-01  7.373E-01  6.859E-01  6.282E-01  5.652E-01  4.977E-01  4.270E-01  3.544E-01  2.818E-01  2.114E-01  1.462E-01  8.934E-02  4.322E-02
  376.5000  8.851E-01  8.808E-01  8.681E-01  8.469E-01  8.177E-01  7.806E-01  7.362E-01  6.849E-01  6.274E-01  5.645E-01  4.972E-01  4.266E-01  3.541E-01  2.816E-01  2.113E-01  1.461E-01  8.926E-02  4.318E-02
  377.5000  1.054E+00  1.049E+00  1.033E+00  1.008E+00  9.734E-01  9.294E-01  8.765E-01  8.155E-01  7.471E-01  6.724E-01  5.923E-01  5.082E-01  4.220E-01  3.356E-01  2.518E-01  1.741E-01  1.064E-01  5.143E-02
  378.5000  1.148E+00  1.142E+00  1.126E+00  1.099E+00  1.061E+00  1.013E+00  9.552E-01  8.888E-01  8.144E-01  7.330E-01  6.457E-01  5.542E-01  4.602E-01  3.661E-01  2.747E-01  1.899E-01  1.160E-01  5.608E-02
  379.5000  8.491E-01  8.450E-01  8.328E-01  8.126E-01  7.846E-01  7.491E-01  7.066E-01  6.576E-01  6.026E-01  5.424E-01  4.779E-01  4.102E-01  3.407E-01  2.711E-01  2.034E-01  1.406E-01  8.586E-02  4.150E-02
  380.5000  1.021E+00  1.016E+00  1.001E+00  9.769E-01  9.433E-01  9.008E-01  8.497E-01  7.908E-01  7.247E-01  6.524E-01  5.750E-01  4.936E-01  4.100E-01  3.263E-01  2.449E-01  1.693E-01  1.033E-01  4.993E-02
  381.5000  9.589E-01  9.543E-01  9.405E-01  9.178E-01  8.862E-01  8.463E-01  7.984E-01  7.431E-01  6.811E-01  6.132E-01  5.405E-01  4.641E-01  3.856E-01  3.068E-01  2.303E-01  1.592E-01  9.714E-02  4.694E-02
  382.5000  6.387E-01  6.357E-01  6.265E-01  6.114E-01  5.904E-01  5.638E-01  5.319E-01  4.951E-01  4.539E-01  4.087E-01  3.603E-01  3.094E-01  2.571E-01  2.046E-01  1.536E-01  1.062E-01  6.477E-02  3.129E-02
  383.5000  5.607E-01  5.580E-01  5.500E-01  5.367E-01  5.183E-01  4.950E-01  4.671E-01  4.348E-01  3.986E-01  3.590E-01  3.165E-01  2.718E-01  2.259E-01  1.798E-01  1.350E-01  9.332E-02  5.691E-02  2.748E-02
  384.5000  8.412E-01  8.372E-01  8.251E-01  8.052E-01  7.777E-01  7.428E-01  7.009E-01  6.525E-01  5.982E-01  5.388E-01  4.751E-01  4.081E-01  3.393E-01  2.701E-01  2.028E-01  1.402E-01  8.545E-02  4.126E-02
  385.5000  8.320E-01  8.280E-01  8.161E-01  7.965E-01  7.692E-01  7.347E-01  6.933E-01  6.455E-01  5.919E-01  5.332E-01  4.702E-01  4.040E-01  3.359E-01  2.675E-01  2.009E-01  1.388E-01  8.459E-02  4.083E-02
  386.5000  8.478E-01  8.438E-01  8.317E-01  8.117E-01  7.840E-01  7.488E-01  7.067E-01  6.580E-01  6.034E-01  5.436E-01  4.795E-01  4.120E-01  3.426E-01  2.729E-01  2.049E-01  1.416E-01  8.628E-02  4.164E-02
  387.5000  7.877E-01  7.840E-01  7.727E-01  7.542E-01  7.284E-01  6.958E-01  6.567E-01  6.115E-01  5.609E-01  5.053E-01  4.458E-01  3.831E-01  3.186E-01  2.538E-01  1.906E-01  1.317E-01  8.024E-02  3.871E-02
  388.5000  7.893E-01  7.856E-01  7.743E-01  7.558E-01  7.300E-01  6.974E-01  6.582E-01  6.130E-01  5.622E-01  5.066E-01  4.470E-01  3.842E-01  3.196E-01  2.546E-01  1.913E-01  1.322E-01  8.047E-02  3.881E-02
  389.5000  9.951E-01  9.904E-01  9.762E-01  9.528E-01  9.204E-01  8.793E-01  8.300E-01  7.730E-01  7.091E-01  6.390E-01  5.639E-01  4.848E-01  4.033E-01  3.213E-01  2.414E-01  1.668E-01  1.015E-01  4.896E-02
  390.5000  9.772E-01  9.725E-01  9.586E-01  9.357E-01  9.039E-01  8.636E-01  8.152E-01  7.593E-01  6.966E-01  6.278E-01  5.540E-01  4.764E-01  3.964E-01  3.159E-01  2.374E-01  1.640E-01  9.981E-02  4.811E-02
  391.5000  1.159E+00  1.153E+00  1.137E+00  1.110E+00  1.072E+00  1.024E+00  9.670E-01  9.008E-01  8.265E-01  7.450E-01  6.575E-01  5.655E-01  4.706E-01  3.751E-01  2.819E-01  1.947E-01  1.185E-01  5.710E-02
  392.5000  8.688E-01  8.647E-01  8.524E-01  8.320E-01  8.038E-01  7.680E-01  7.251E-01  6.755E-01  6.198E-01  5.588E-01  4.932E-01  4.242E-01  3.531E-01  2.815E-01  2.116E-01  1.462E-01  8.891E-02  4.283E-02
  393.5000  3.776E-01  3.758E-01  3.705E-01  3.617E-01  3.494E-01  3.339E-01  3.152E-01  2.937E-01  2.695E-01  2.430E-01  2.145E-01  1.845E-01  1.536E-01  1.225E-01  9.206E-02  6.361E-02  3.868E-02  1.863E-02
  394.5000  8.884E-01  8.842E-01  8.716E-01  8.508E-01  8.220E-01  7.855E-01  7.417E-01  6.911E-01  6.342E-01  5.719E-01  5.050E-01  4.345E-01  3.617E-01  2.885E-01  2.168E-01  1.498E-01  9.107E-02  4.385E-02
  395.5000  1.143E+00  1.137E+00  1.121E+00  1.094E+00  1.057E+00  1.011E+00  9.543E-01  8.892E-01  8.161E-01  7.360E-01  6.499E-01  5.593E-01  4.657E-01  3.715E-01  2.793E-01  1.929E-01  1.173E-01  5.644E-02
  396.5000  6.708E-01  6.677E-01  6.582E-01  6.426E-01  6.209E-01  5.933E-01  5.603E-01  5.222E-01  4.793E-01  4.323E-01  3.818E-01  3.286E-01  2.737E-01  2.183E-01  1.641E-01  1.134E-01  6.890E-02  3.315E-02
  397.5000  7.739E-01  7.703E-01  7.594E-01  7.413E-01  7.163E-01  6.846E-01  6.465E-01  6.026E-01  5.531E-01  4.989E-01  4.407E-01  3.794E-01  3.160E-01  2.521E-01  1.896E-01  1.310E-01  7.956E-02  3.827E-02
  398.5000  1.330E+00  1.323E+00  1.305E+00  1.274E+00  1.231E+00  1.176E+00  1.111E+00  1.035E+00  9.506E-01  8.576E-01  7.576E-01  6.522E-01  5.434E-01  4.336E-01  3.261E-01  2.253E-01  1.368E-01  6.578E-02
  399.5000  1.383E+00  1.376E+00  1.357E+00  1.324E+00  1.280E+00  1.223E+00  1.155E+00  1.077E+00  9.889E-01  8.922E-01  7.883E-01  6.787E-01  5.656E-01  4.514E-01  3.395E-01  2.346E-01  1.424E-01  6.845E-02
  400.5000  1.453E+00  1.446E+00  1.426E+00  1.392E+00  1.345E+00  1.286E+00  1.215E+00  1.132E+00  1.040E+00  9.382E-01  8.290E-01  7.139E-01  5.950E-01  4.749E-01  3.573E-01  2.468E-01  1.498E-01  7.198E-02
  401.5000  1.495E+00  1.488E+00  1.467E+00  1.432E+00  1.384E+00  1.323E+00  1.250E+00  1.165E+00  1.070E+00  9.655E-01  8.533E-01  7.349E-01  6.126E-01  4.891E-01  3.680E-01  2.542E-01  1.542E-01  7.409E-02
  402.5000  1.552E+00  1.544E+00  1.522E+00  1.487E+00  1.437E+00  1.373E+00  1.297E+00  1.210E+00  1.111E+00  1.003E+00  8.862E-01  7.633E-01  6.364E-01  5.081E-01  3.824E-01  2.642E-01  1.602E-01  7.694E-02
  403.5000  1.420E+00  1.413E+00  1.393E+00  1.360E+00  1.315E+00  1.257E+00  1.188E+00  1.107E+00  1.017E+00  9.179E-01  8.114E-01  6.991E-01  5.829E-01  4.655E-01  3.503E-01  2.420E-01  1.468E-01  7.045E-02
  404.5000  1.392E+00  1.386E+00  1.366E+00  1.334E+00  1.289E+00  1.233E+00  1.165E+00  1.086E+00  9.976E-01  9.005E-01  7.961E-01  6.860E-01  5.721E-01  4.569E-01  3.439E-01  2.376E-01  1.441E-01  6.913E-02
  405.5000  1.446E+00  1.439E+00  1.419E+00  1.386E+00  1.339E+00  1.280E+00  1.210E+00  1.128E+00  1.036E+00  9.357E-01  8.273E-01  7.130E-01  5.947E-01  4.751E-01  3.576E-01  2.471E-01  1.498E-01  7.183E-02
  406.5000  1.362E+00  1.355E+00  1.336E+00  1.305E+00  1.261E+00  1.206E+00  1.140E+00  1.063E+00  9.764E-01  8.815E-01  7.795E-01  6.719E-01  5.605E-01  4.478E-01  3.372E-01  2.330E-01  1.412E-01  6.768E-02
  407.5000  1.373E+00  1.366E+00  1.347E+00  1.315E+00  1.271E+00  1.216E+00  1.149E+00  1.071E+00  9.845E-01  8.890E-01  7.862E-01  6.778E-01  5.655E-01  4.519E-01  3.403E-01  2.351E-01  1.424E-01  6.826E-02
  408.5000  1.528E+00  1.521E+00  1.500E+00  1.465E+00  1.416E+00  1.354E+00  1.279E+00  1.193E+00  1.097E+00  9.904E-01  8.760E-01  7.552E-01  6.302E-01  5.037E-01  3.793E-01  2.621E-01  1.587E-01  7.605E-02
  409.5000  1.498E+00  1.491E+00  1.470E+00  1.436E+00  1.388E+00  1.327E+00  1.254E+00  1.170E+00  1.075E+00  9.711E-01  8.591E-01  7.407E-01  6.182E-01  4.942E-01  3.722E-01  2.572E-01  1.557E-01  7.458E-02
  410.5000  1.299E+00  1.293E+00  1.275E+00  1.245E+00  1.203E+00  1.151E+00  1.088E+00  1.015E+00  9.326E-01  8.424E-01  7.453E-01  6.427E-01  5.365E-01  4.289E-01  3.231E-01  2.233E-01  1.352E-01  6.470E-02
  411.5000  1.561E+00  1.554E+00  1.532E+00  1.496E+00  1.446E+00  1.383E+00  1.307E+00  1.220E+00  1.121E+00  1.013E+00  8.961E-01  7.729E-01  6.453E-01  5.160E-01  3.887E-01  2.686E-01  1.626E-01  7.780E-02
  412.5000  1.547E+00  1.540E+00  1.518E+00  1.483E+00  1.433E+00  1.371E+00  1.296E+00  1.209E+00  1.111E+00  1.004E+00  8.885E-01  7.664E-01  6.400E-01  5.118E-01  3.857E-01  2.665E-01  1.613E-01  7.714E-02
  413.5000  1.500E+00  1.493E+00  1.472E+00  1.438E+00  1.390E+00  1.329E+00  1.257E+00  1.173E+00  1.078E+00  9.740E-01  8.620E-01  7.437E-01  6.211E-01  4.968E-01  3.744E-01  2.587E-01  1.565E-01  7.484E-02
  414.5000  1.541E+00  1.534E+00  1.513E+00  1.477E+00  1.428E+00  1.366E+00  1.292E+00  1.205E+00  1.108E+00  1.001E+00  8.863E-01  7.648E-01  6.388E-01  5.111E-01  3.852E-01  2.662E-01  1.610E-01  7.695E-02
  415.5000  1.474E+00  1.467E+00  1.447E+00  1.413E+00  1.366E+00  1.307E+00  1.235E+00  1.153E+00  1.060E+00  9.580E-01  8.480E-01  7.318E-01  6.114E-01  4.892E-01  3.688E-01  2.549E-01  1.541E-01  7.363E-02
  416.5000  1.604E+00  1.596E+00  1.574E+00  1.538E+00  1.487E+00  1.422E+00  1.345E+00  1.255E+00  1.154E+00  1.043E+00  9.233E-01  7.969E-01  6.659E-01  5.329E-01  4.018E-01  2.777E-01  1.679E-01  8.016E-02
  417.5000  1.466E+00  1.459E+00  1.439E+00  1.405E+00  1.359E+00  1.300E+00  1.229E+00  1.147E+00  1.055E+00  9.536E-01  8.444E-01  7.289E-01  6.091E-01  4.876E-01  3.676E-01  2.541E-01  1.536E-01  7.331E-02
  418.5000  1.477E+00  1.470E+00  1.450E+00  1.416E+00  1.370E+00  1.310E+00  1.239E+00  1.156E+00  1.063E+00  9.613E-01  8.513E-01  7.350E-01  6.143E-01  4.918E-01  3.709E-01  2.563E-01  1.549E-01  7.391E-02
  419.5000  1.526E+00  1.519E+00  1.498E+00  1.463E+00  1.415E+00  1.353E+00  1.280E+00  1.194E+00  1.099E+00  9.933E-01  8.797E-01  7.596E-01  6.350E-01  5.084E-01  3.835E-01  2.651E-01  1.601E-01  7.637E-02
------------------------------------------------------------
Dose rates, W m-2
   1 = UV-B, 280-315 nm                                  
   2 = UV-B*, 280-320 nm                                 
   3 = UV-A, 315-400 nm                                  
   4 = DNA damage, in vitro (Setlow, 1974)               
   5 = UV index (WMO, 1994; Webb et al., 2011)           
   6 = Plant damage (Caldwell, 1971)                     
   7 = Plant damage,Flint&Caldwell,2003,orig.            
   8 = Plant damage,Flint&Caldwell,2003,ext390           
values at z =      0.000 km
Columns: sza, weighting spectra
 sza, deg.          1          2          3          4          5          6          7          8
    0.0000  5.547E+00  7.718E+00  6.530E+01  1.533E-01  6.893E+01  2.849E+00  3.703E+00  4.156E+00
    5.0000  5.509E+00  7.667E+00  6.498E+01  1.516E-01  6.834E+01  2.823E+00  3.673E+00  4.123E+00
   10.0000  5.394E+00  7.517E+00  6.401E+01  1.465E-01  6.657E+01  2.747E+00  3.582E+00  4.026E+00
   15.0000  5.206E+00  7.271E+00  6.241E+01  1.383E-01  6.370E+01  2.623E+00  3.434E+00  3.867E+00
   20.0000  4.949E+00  6.932E+00  6.020E+01  1.274E-01  5.980E+01  2.455E+00  3.233E+00  3.651E+00
   25.0000  4.630E+00  6.512E+00  5.741E+01  1.144E-01  5.504E+01  2.252E+00  2.988E+00  3.388E+00
   30.0000  4.258E+00  6.019E+00  5.406E+01  9.987E-02  4.959E+01  2.020E+00  2.707E+00  3.084E+00
   35.0000  3.840E+00  5.462E+00  5.020E+01  8.449E-02  4.359E+01  1.766E+00  2.398E+00  2.748E+00
   40.0000  3.391E+00  4.860E+00  4.589E+01  6.908E-02  3.733E+01  1.503E+00  2.075E+00  2.396E+00
   45.0000  2.921E+00  4.225E+00  4.119E+01  5.431E-02  3.101E+01  1.239E+00  1.747E+00  2.036E+00
   50.0000  2.446E+00  3.576E+00  3.619E+01  4.087E-02  2.488E+01  9.859E-01  1.427E+00  1.682E+00
   55.0000  1.980E+00  2.933E+00  3.096E+01  2.927E-02  1.917E+01  7.527E-01  1.127E+00  1.345E+00
   60.0000  1.540E+00  2.315E+00  2.562E+01  1.985E-02  1.410E+01  5.478E-01  8.552E-01  1.037E+00
   65.0000  1.139E+00  1.744E+00  2.033E+01  1.269E-02  9.826E+00  3.770E-01  6.201E-01  7.644E-01
   70.0000  7.920E-01  1.237E+00  1.523E+01  7.661E-03  6.430E+00  2.432E-01  4.258E-01  5.341E-01
   75.0000  5.069E-01  8.095E-01  1.053E+01  4.391E-03  3.911E+00  1.455E-01  2.730E-01  3.479E-01
   80.0000  2.876E-01  4.693E-01  6.442E+00  2.397E-03  2.167E+00  7.932E-02  1.585E-01  2.042E-01
   85.0000  1.320E-01  2.172E-01  3.111E+00  1.184E-03  1.023E+00  3.725E-02  7.585E-02  9.796E-02
------------------------------------------------------------
