Spectral Irradiance, W m-2 nm-1
values at z =      0.000 km
Columns: wavelength (nm), solar zenith angles (deg.)
    wc, nm      0.000      5.000     10.000     15.000     20.000     25.000     30.000     35.000     40.000     45.000     50.000     55.000     60.000     65.000     70.000     75.000     80.000     85.000
  120.7000  0.000E+00  0.000E+00  0.000E+00  0.000E+00  0.000E+00  0.000E+00  0.000E+00  0.000E+00  0.000E+00  0.000E+00  0.000E+00  0.000E+00  0.000E+00  0.000E+00  0.000E+00  0.000E+00  0.000E+00  0.000E+00
  121.6500  0.000E+00  0.000E+00  0.000E+00  0.000E+00  0.000E+00  0.000E+00  0.000E+00  0.000E+00  0.000E+00  0.000E+00  0.000E+00  0.000E+00  0.000E+00  0.000E+00  0.000E+00  0.000E+00  0.000E+00  0.000E+00
  122.1000  0.000E+00  0.000E+00  0.000E+00  0.000E+00  0.000E+00  0.000E+00  0.000E+00  0.000E+00  0.000E+00  0.000E+00  0.000E+00  0.000E+00  0.000E+00  0.000E+00  0.000E+00  0.000E+00  0.000E+00  0.000E+00
  122.7000  0.000E+00  0.000E+00  0.000E+00  0.000E+00  0.000E+00  0.000E+00  0.000E+00  0.000E+00  0.000E+00  0.000E+00  0.000E+00  0.000E+00  0.000E+00  0.000E+00  0.000E+00  0.000E+00  0.000E+00  0.000E+00
  123.4500  0.000E+00  0.000E+00  0.000E+00  0.000E+00  0.000E+00  0.000E+00  0.000E+00  0.000E+00  0.000E+00  0.000E+00  0.000E+00  0.000E+00  0.000E+00  0.000E+00  0.000E+00  0.000E+00  0.000E+00  0.000E+00
  124.2000  0.000E+00  0.000E+00  0.000E+00  0.000E+00  0.000E+00  0.000E+00  0.000E+00  0.000E+00  0.000E+00  0.000E+00  0.000E+00  0.000E+00  0.000E+00  0.000E+00  0.000E+00  0.000E+00  0.000E+00  0.000E+00
  125.0000  0.000E+00  0.000E+00  0.000E+00  0.000E+00  0.000E+00  0.000E+00  0.000E+00  0.000E+00  0.000E+00  0.000E+00  0.000E+00  0.000E+00  0.000E+00  0.000E+00  0.000E+00  0.000E+00  0.000E+00  0.000E+00
  125.8000  0.000E+00  0.000E+00  0.000E+00  0.000E+00  0.000E+00  0.000E+00  0.000E+00  0.000E+00  0.000E+00  0.000E+00  0.000E+00  0.000E+00  0.000E+00  0.000E+00  0.000E+00  0.000E+00  0.000E+00  0.000E+00
  126.6000  0.000E+00  0.000E+00  0.000E+00  0.000E+00  0.000E+00  0.000E+00  0.000E+00  0.000E+00  0.000E+00  0.000E+00  0.000E+00  0.000E+00  0.000E+00  0.000E+00  0.000E+00  0.000E+00  0.000E+00  0.000E+00
  127.8000  0.000E+00  0.000E+00  0.000E+00  0.000E+00  0.000E+00  0.000E+00  0.000E+00  0.000E+00  0.000E+00  0.000E+00  0.000E+00  0.000E+00  0.000E+00  0.000E+00  0.000E+00  0.000E+00  0.000E+00  0.000E+00
  129.0000  0.000E+00  0.000E+00  0.000E+00  0.000E+00  0.000E+00  0.000E+00  0.000E+00  0.000E+00  0.000E+00  0.000E+00  0.000E+00  0.000E+00  0.000E+00  0.000E+00  0.000E+00  0.000E+00  0.000E+00  0.000E+00
  129.8500  0.000E+00  0.000E+00  0.000E+00  0.000E+00  0.000E+00  0.000E+00  0.000E+00  0.000E+00  0.000E+00  0.000E+00  0.000E+00  0.000E+00  0.000E+00  0.000E+00  0.000E+00  0.000E+00  0.000E+00  0.000E+00
  131.1500  0.000E+00  0.000E+00  0.000E+00  0.000E+00  0.000E+00  0.000E+00  0.000E+00  0.000E+00  0.000E+00  0.000E+00  0.000E+00  0.000E+00  0.000E+00  0.000E+00  0.000E+00  0.000E+00  0.000E+00  0.000E+00
  133.5000  0.000E+00  0.000E+00  0.000E+00  0.000E+00  0.000E+00  0.000E+00  0.000E+00  0.000E+00  0.000E+00  0.000E+00  0.000E+00  0.000E+00  0.000E+00  0.000E+00  0.000E+00  0.000E+00  0.000E+00  0.000E+00
  136.0000  0.000E+00  0.000E+00  0.000E+00  0.000E+00  0.000E+00  0.000E+00  0.000E+00  0.000E+00  0.000E+00  0.000E+00  0.000E+00  0.000E+00  0.000E+00  0.000E+00  0.000E+00  0.000E+00  0.000E+00  0.000E+00
  141.0000  0.000E+00  0.000E+00  0.000E+00  0.000E+00  0.000E+00  0.000E+00  0.000E+00  0.000E+00  0.000E+00  0.000E+00  0.000E+00  0.000E+00  0.000E+00  0.000E+00  0.000E+00  0.000E+00  0.000E+00  0.000E+00
  150.0000  0.000E+00  0.000E+00  0.000E+00  0.000E+00  0.000E+00  0.000E+00  0.000E+00  0.000E+00  0.000E+00  0.000E+00  0.000E+00  0.000E+00  0.000E+00  0.000E+00  0.000E+00  0.000E+00  0.000E+00  0.000E+00
  160.0000  0.000E+00  0.000E+00  0.000E+00  0.000E+00  0.000E+00  0.000E+00  0.000E+00  0.000E+00  0.000E+00  0.000E+00  0.000E+00  0.000E+00  0.000E+00  0.000E+00  0.000E+00  0.000E+00  0.000E+00  0.000E+00
  167.5000  0.000E+00  0.000E+00  0.000E+00  0.000E+00  0.000E+00  0.000E+00  0.000E+00  0.000E+00  0.000E+00  0.000E+00  0.000E+00  0.000E+00  0.000E+00  0.000E+00  0.000E+00  0.000E+00  0.000E+00  0.000E+00
  172.7000  0.000E+00  0.000E+00  0.000E+00  0.000E+00  0.000E+00  0.000E+00  0.000E+00  0.000E+00  0.000E+00  0.000E+00  0.000E+00  0.000E+00  0.000E+00  0.000E+00  0.000E+00  0.000E+00  0.000E+00  0.000E+00
  176.2000  0.000E+00  0.000E+00  0.000E+00  0.000E+00  0.000E+00  0.000E+00  0.000E+00  0.000E+00  0.000E+00  0.000E+00  0.000E+00  0.000E+00  0.000E+00  0.000E+00  0.000E+00  0.000E+00  0.000E+00  0.000E+00
  177.8000  0.000E+00  0.000E+00  0.000E+00  0.000E+00  0.000E+00  0.000E+00  0.000E+00  0.000E+00  0.000E+00  0.000E+00  0.000E+00  0.000E+00  0.000E+00  0.000E+00  0.000E+00  0.000E+00  0.000E+00  0.000E+00
  179.4000  0.000E+00  0.000E+00  0.000E+00  0.000E+00  0.000E+00  0.000E+00  0.000E+00  0.000E+00  0.000E+00  0.000E+00  0.000E+00  0.000E+00  0.000E+00  0.000E+00  0.000E+00  0.000E+00  0.000E+00  0.000E+00
  181.0000  0.000E+00  0.000E+00  0.000E+00  0.000E+00  0.000E+00  0.000E+00  0.000E+00  0.000E+00  0.000E+00  0.000E+00  0.000E+00  0.000E+00  0.000E+00  0.000E+00  0.000E+00  0.000E+00  0.000E+00  0.000E+00
  182.6500  0.000E+00  0.000E+00  0.000E+00  0.000E+00  0.000E+00  0.000E+00  0.000E+00  0.000E+00  0.000E+00  0.000E+00  0.000E+00  0.000E+00  0.000E+00  0.000E+00  0.000E+00  0.000E+00  0.000E+00  0.000E+00
  184.3500  0.000E+00  0.000E+00  0.000E+00  0.000E+00  0.000E+00  0.000E+00  0.000E+00  0.000E+00  0.000E+00  0.000E+00  0.000E+00  0.000E+00  0.000E+00  0.000E+00  0.000E+00  0.000E+00  0.000E+00  0.000E+00
  186.0500  0.000E+00  0.000E+00  0.000E+00  0.000E+00  0.000E+00  0.000E+00  0.000E+00  0.000E+00  0.000E+00  0.000E+00  0.000E+00  0.000E+00  0.000E+00  0.000E+00  0.000E+00  0.000E+00  0.000E+00  0.000E+00
  187.8000  0.000E+00  0.000E+00  0.000E+00  0.000E+00  0.000E+00  0.000E+00  0.000E+00  0.000E+00  0.000E+00  0.000E+00  0.000E+00  0.000E+00  0.000E+00  0.000E+00  0.000E+00  0.000E+00  0.000E+00  0.000E+00
  189.6000  0.000E+00  0.000E+00  0.000E+00  0.000E+00  0.000E+00  0.000E+00  0.000E+00  0.000E+00  0.000E+00  0.000E+00  0.000E+00  0.000E+00  0.000E+00  0.000E+00  0.000E+00  0.000E+00  0.000E+00  0.000E+00
  191.4000  0.000E+00  0.000E+00  0.000E+00  0.000E+00  0.000E+00  0.000E+00  0.000E+00  0.000E+00  0.000E+00  0.000E+00  0.000E+00  0.000E+00  0.000E+00  0.000E+00  0.000E+00  0.000E+00  0.000E+00  0.000E+00
  193.2500  0.000E+00  0.000E+00  0.000E+00  0.000E+00  0.000E+00  0.000E+00  0.000E+00  0.000E+00  0.000E+00  0.000E+00  0.000E+00  0.000E+00  0.000E+00  0.000E+00  0.000E+00  0.000E+00  0.000E+00  0.000E+00
  195.1500  0.000E+00  0.000E+00  0.000E+00  0.000E+00  0.000E+00  0.000E+00  0.000E+00  0.000E+00  0.000E+00  0.000E+00  0.000E+00  0.000E+00  0.000E+00  0.000E+00  0.000E+00  0.000E+00  0.000E+00  0.000E+00
  197.0500  0.000E+00  0.000E+00  0.000E+00  0.000E+00  0.000E+00  0.000E+00  0.000E+00  0.000E+00  0.000E+00  0.000E+00  0.000E+00  0.000E+00  0.000E+00  0.000E+00  0.000E+00  0.000E+00  0.000E+00  0.000E+00
  199.0000  0.000E+00  0.000E+00  0.000E+00  0.000E+00  0.000E+00  0.000E+00  0.000E+00  0.000E+00  0.000E+00  0.000E+00  0.000E+00  0.000E+00  0.000E+00  0.000E+00  0.000E+00  0.000E+00  0.000E+00  0.000E+00
  201.0000  0.000E+00  0.000E+00  0.000E+00  0.000E+00  0.000E+00  0.000E+00  0.000E+00  0.000E+00  0.000E+00  0.000E+00  0.000E+00  0.000E+00  0.000E+00  0.000E+00  0.000E+00  0.000E+00  0.000E+00  0.000E+00
  203.0500  0.000E+00  0.000E+00  0.000E+00  0.000E+00  0.000E+00  0.000E+00  0.000E+00  0.000E+00  0.000E+00  0.000E+00  0.000E+00  0.000E+00  0.000E+00  0.000E+00  0.000E+00  0.000E+00  0.000E+00  0.000E+00
  205.1500  0.000E+00  0.000E+00  0.000E+00  0.000E+00  0.000E+00  0.000E+00  0.000E+00  0.000E+00  0.000E+00  0.000E+00  0.000E+00  0.000E+00  0.000E+00  0.000E+00  0.000E+00  0.000E+00  0.000E+00  0.000E+00
  207.2665  8.355E-20  7.164E-20  4.489E-20  2.020E-20  6.332E-21  1.319E-21  1.706E-22  1.250E-23  4.591E-25  7.534E-27  7.815E-29  5.823E-30  2.103E-30  1.101E-30  6.570E-31  4.027E-31  2.330E-31  1.109E-31
  209.4295  7.625E-19  6.580E-19  4.206E-19  1.959E-19  6.450E-20  1.437E-20  2.029E-21  1.665E-22  7.070E-24  1.398E-25  1.795E-27  1.369E-28  4.804E-29  2.499E-29  1.498E-29  9.266E-30  5.417E-30  2.603E-30
  211.6460  8.773E-18  7.629E-18  4.991E-18  2.418E-18  8.436E-19  2.032E-19  3.182E-20  2.981E-21  1.502E-22  3.710E-24  6.227E-26  5.016E-27  1.700E-27  8.772E-28  5.300E-28  3.323E-28  1.972E-28  9.609E-29
  213.9100  3.897E-17  3.407E-17  2.265E-17  1.127E-17  4.093E-18  1.041E-18  1.749E-19  1.794E-20  1.016E-21  2.918E-23  5.767E-25  4.551E-26  1.458E-26  7.451E-27  4.551E-27  2.899E-27  1.750E-27  8.671E-28
  216.2225  1.477E-16  1.298E-16  8.771E-17  4.492E-17  1.700E-17  4.571E-18  8.267E-19  9.331E-20  5.978E-21  2.015E-22  4.758E-24  3.675E-25  1.097E-25  5.560E-26  3.449E-26  2.241E-26  1.381E-26  6.992E-27
  218.5855  9.656E-16  8.541E-16  5.886E-16  3.118E-16  1.239E-16  3.560E-17  7.027E-18  8.884E-19  6.599E-20  2.705E-21  7.998E-23  6.145E-24  1.686E-24  8.512E-25  5.394E-25  3.588E-25  2.265E-25  1.179E-25
  221.0010  2.809E-15  2.495E-15  1.741E-15  9.414E-16  3.856E-16  1.156E-16  2.410E-17  3.274E-18  2.671E-19  1.239E-20  4.128E-22  2.906E-23  7.158E-24  3.626E-24  2.354E-24  1.602E-24  1.036E-24  5.548E-25
  223.4705  7.457E-15  6.642E-15  4.675E-15  2.567E-15  1.076E-15  3.322E-16  7.216E-17  1.034E-17  9.048E-19  4.600E-20  1.648E-21  1.013E-22  2.200E-23  1.131E-23  7.532E-24  5.240E-24  3.468E-24  1.915E-24
  225.9960  1.272E-14  1.136E-14  8.076E-15  4.509E-15  1.935E-15  6.181E-16  1.404E-16  2.133E-17  2.021E-18  1.063E-19  4.406E-21  2.327E-22  4.420E-23  2.329E-23  1.593E-23  1.133E-23  7.678E-24  4.383E-24
  228.5790  1.551E-14  1.388E-14  9.888E-15  5.546E-15  2.397E-15  7.734E-16  1.781E-16  2.761E-17  2.687E-18  1.561E-19  5.890E-21  2.443E-22  4.002E-23  2.187E-23  1.531E-23  1.109E-23  7.686E-24  4.532E-24
  231.2215  1.091E-14  9.743E-15  6.916E-15  3.854E-15  1.650E-15  5.258E-16  1.192E-16  1.813E-17  1.723E-18  9.604E-20  3.219E-21  9.718E-23  1.375E-23  7.812E-24  5.576E-24  4.102E-24  2.894E-24  1.756E-24
  233.9260  3.808E-15  3.392E-15  2.387E-15  1.310E-15  5.490E-16  1.699E-16  3.711E-17  5.378E-18  4.793E-19  2.428E-20  6.760E-22  1.398E-23  1.720E-24  1.015E-24  7.355E-25  5.479E-25  3.925E-25  2.444E-25
  236.6945  1.506E-15  1.336E-15  9.290E-16  4.996E-16  2.032E-16  6.042E-17  1.252E-17  1.693E-18  1.376E-19  6.090E-21  1.345E-22  1.830E-24  1.980E-25  1.207E-25  8.854E-26  6.664E-26  4.839E-26  3.086E-26
  239.5295  1.229E-15  1.091E-15  7.598E-16  4.097E-16  1.673E-16  5.002E-17  1.042E-17  1.417E-18  1.147E-19  4.910E-21  9.612E-23  9.442E-25  9.137E-26  5.726E-26  4.254E-26  3.243E-26  2.397E-26  1.578E-26
  242.4330  3.922E-15  3.490E-15  2.448E-15  1.337E-15  5.556E-16  1.696E-16  3.620E-17  5.028E-18  4.113E-19  1.721E-20  3.043E-22  2.265E-24  1.986E-25  1.273E-25  9.571E-26  7.391E-26  5.563E-26  3.785E-26
  245.4080  2.233E-16  1.966E-16  1.335E-16  6.895E-17  2.641E-17  7.223E-18  1.334E-18  1.539E-19  9.915E-21  3.052E-22  3.620E-24  1.594E-26  1.270E-27  8.232E-28  6.200E-28  4.791E-28  3.610E-28  2.466E-28
  248.4570  2.049E-17  1.788E-17  1.181E-17  5.817E-18  2.080E-18  5.180E-19  8.463E-20  8.332E-21  4.384E-22  1.039E-23  8.767E-26  2.453E-28  1.795E-29  1.172E-29  8.839E-30  6.832E-30  5.153E-30  3.531E-30
  251.5825  5.260E-18  4.566E-18  2.970E-18  1.425E-18  4.901E-19  1.158E-19  1.766E-20  1.591E-21  7.464E-23  1.526E-24  1.059E-26  2.265E-29  1.546E-30  1.012E-30  7.634E-31  5.901E-31  4.453E-31  3.058E-31
  254.7875  4.265E-18  3.693E-18  2.386E-18  1.132E-18  3.830E-19  8.849E-20  1.310E-20  1.135E-21  5.061E-23  9.683E-25  6.149E-27  1.151E-29  7.390E-31  4.841E-31  3.650E-31  2.821E-31  2.130E-31  1.464E-31
  258.0750  2.167E-17  1.884E-17  1.231E-17  5.955E-18  2.073E-18  4.974E-19  7.736E-20  7.139E-21  3.449E-22  7.300E-24  5.264E-26  1.138E-28  7.001E-30  4.567E-30  3.440E-30  2.658E-30  2.006E-30  1.379E-30
  261.4490  1.103E-16  9.654E-17  6.448E-17  3.236E-17  1.189E-17  3.069E-18  5.249E-19  5.470E-20  3.085E-21  7.950E-23  7.374E-25  2.164E-27  1.290E-28  8.349E-29  6.279E-29  4.849E-29  3.658E-29  2.512E-29
  264.9125  6.127E-15  5.426E-15  3.753E-15  2.000E-15  8.009E-16  2.325E-16  4.634E-17  5.878E-18  4.258E-19  1.510E-20  2.077E-22  1.031E-24  6.091E-26  3.880E-26  2.910E-26  2.245E-26  1.693E-26  1.160E-26
  268.4685  3.881E-13  3.491E-13  2.530E-13  1.460E-13  6.571E-14  2.233E-14  5.468E-15  9.033E-16  9.165E-17  4.996E-18  1.215E-19  1.188E-21  7.212E-23  4.451E-23  3.323E-23  2.560E-23  1.928E-23  1.317E-23
  272.1215  3.341E-11  3.057E-11  2.334E-11  1.472E-11  7.542E-12  3.054E-12  9.406E-13  2.085E-13  3.078E-14  2.710E-15  1.222E-16  2.595E-18  1.709E-19  9.896E-20  7.330E-20  5.633E-20  4.237E-20  2.884E-20
  275.8755  3.731E-09  3.486E-09  2.813E-09  1.951E-09  1.146E-09  5.592E-10  2.196E-10  6.652E-11  1.462E-11  2.142E-12  1.863E-13  9.001E-15  7.133E-16  3.619E-16  2.640E-16  2.019E-16  1.515E-16  1.028E-16
  279.7340  2.168E-07  2.055E-07  1.745E-07  1.320E-07  8.810E-08  5.104E-08  2.510E-08  1.014E-08  3.222E-09  7.555E-10  1.205E-10  1.239E-11  1.355E-12  5.517E-13  3.892E-13  2.949E-13  2.204E-13  1.489E-13
  283.7020  2.117E-05  2.036E-05  1.808E-05  1.476E-05  1.101E-05  7.410E-06  4.433E-06  2.305E-06  1.010E-06  3.570E-07  9.640E-08  1.905E-08  3.252E-09  1.046E-09  6.710E-10  4.980E-10  3.693E-10  2.483E-10
  287.7845  6.675E-04  6.494E-04  5.976E-04  5.186E-04  4.224E-04  3.205E-04  2.243E-04  1.425E-04  8.064E-05  3.950E-05  1.617E-05  5.343E-06  1.460E-06  4.435E-07  2.289E-07  1.606E-07  1.169E-07  7.786E-08
  291.9865  1.066E-02  1.046E-02  9.878E-03  8.965E-03  7.794E-03  6.459E-03  5.070E-03  3.734E-03  2.548E-03  1.584E-03  8.762E-04  4.204E-04  1.719E-04  6.313E-05  2.650E-05  1.567E-05  1.084E-05  7.074E-06
  296.3090  4.450E-02  4.392E-02  4.222E-02  3.947E-02  3.583E-02  3.148E-02  2.666E-02  2.164E-02  1.670E-02  1.212E-02  8.162E-03  4.999E-03  2.727E-03  1.307E-03  5.731E-04  2.728E-04  1.622E-04  1.003E-04
  300.5000  9.385E-02  9.293E-02  9.023E-02  8.583E-02  7.988E-02  7.259E-02  6.423E-02  5.513E-02  4.566E-02  3.623E-02  2.728E-02  1.924E-02  1.248E-02  7.295E-03  3.777E-03  1.776E-03  8.662E-04  4.715E-04
  303.0000  1.807E-01  1.792E-01  1.747E-01  1.673E-01  1.573E-01  1.449E-01  1.305E-01  1.145E-01  9.754E-02  8.019E-02  6.297E-02  4.710E-02  3.281E-02  2.092E-02  1.193E-02  5.988E-03  2.774E-03  1.341E-03
  304.0000  1.820E-01  1.806E-01  1.762E-01  1.690E-01  1.593E-01  1.472E-01  1.331E-01  1.174E-01  1.007E-01  8.351E-02  6.644E-02  5.023E-02  3.558E-02  2.317E-02  1.354E-02  6.947E-03  3.210E-03  1.498E-03
  305.0000  2.245E-01  2.228E-01  2.176E-01  2.092E-01  1.978E-01  1.835E-01  1.668E-01  1.468E-01  1.282E-01  1.074E-01  8.662E-02  6.661E-02  4.822E-02  3.228E-02  1.950E-02  1.034E-02  4.810E-03  2.145E-03
  306.0000  1.977E-01  1.962E-01  1.918E-01  1.847E-01  1.749E-01  1.627E-01  1.484E-01  1.324E-01  1.152E-01  9.717E-02  7.905E-02  6.145E-02  4.511E-02  3.073E-02  1.897E-02  1.029E-02  4.831E-03  2.092E-03
  307.0000  2.376E-01  2.359E-01  2.309E-01  2.226E-01  2.112E-01  1.971E-01  1.804E-01  1.617E-01  1.415E-01  1.203E-01  9.873E-02  7.766E-02  5.786E-02  4.018E-02  2.540E-02  1.416E-02  6.754E-03  2.844E-03
  308.0000  2.615E-01  2.597E-01  2.543E-01  2.455E-01  2.334E-01  2.183E-01  2.006E-01  1.805E-01  1.587E-01  1.359E-01  1.125E-01  8.943E-02  6.754E-02  4.773E-02  3.085E-02  1.766E-02  8.587E-03  3.544E-03
  309.0000  2.620E-01  2.603E-01  2.550E-01  2.464E-01  2.345E-01  2.197E-01  2.022E-01  1.824E-01  1.609E-01  1.382E-01  1.150E-01  9.195E-02  6.997E-02  4.992E-02  3.267E-02  1.897E-02  9.338E-03  3.817E-03
  310.0000  2.416E-01  2.400E-01  2.353E-01  2.277E-01  2.171E-01  2.039E-01  1.883E-01  1.707E-01  1.514E-01  1.309E-01  1.099E-01  8.884E-02  6.857E-02  4.983E-02  3.340E-02  1.998E-02  1.013E-02  4.113E-03
  311.0000  3.958E-01  3.932E-01  3.857E-01  3.734E-01  3.564E-01  3.351E-01  3.099E-01  2.814E-01  2.501E-01  2.170E-01  1.827E-01  1.484E-01  1.152E-01  8.432E-02  5.705E-02  3.454E-02  1.773E-02  7.191E-03
  312.0000  3.402E-01  3.381E-01  3.318E-01  3.214E-01  3.072E-01  2.893E-01  2.681E-01  2.440E-01  2.176E-01  1.895E-01  1.604E-01  1.311E-01  1.026E-01  7.593E-02  5.209E-02  3.212E-02  1.683E-02  6.855E-03
  313.0000  3.666E-01  3.643E-01  3.577E-01  3.466E-01  3.318E-01  3.129E-01  2.906E-01  2.651E-01  2.372E-01  2.074E-01  1.764E-01  1.451E-01  1.144E-01  8.555E-02  5.950E-02  3.735E-02  2.000E-02  8.227E-03
  314.0000  3.949E-01  3.925E-01  3.855E-01  3.738E-01  3.578E-01  3.376E-01  3.138E-01  2.866E-01  2.568E-01  2.248E-01  1.916E-01  1.580E-01  1.250E-01  9.381E-02  6.557E-02  4.143E-02  2.237E-02  9.235E-03
  316.0000  3.838E-01  3.815E-01  3.749E-01  3.640E-01  3.465E-01  3.300E-01  3.076E-01  2.820E-01  2.537E-01  2.234E-01  1.917E-01  1.595E-01  1.277E-01  9.722E-02  6.930E-02  4.497E-02  2.513E-02  1.067E-02
  320.0000  4.657E-01  4.631E-01  4.554E-01  4.427E-01  4.252E-01  4.031E-01  3.769E-01  3.468E-01  3.136E-01  2.778E-01  2.403E-01  2.018E-01  1.634E-01  1.264E-01  9.198E-02  6.137E-02  3.566E-02  1.579E-02
  325.0000  5.713E-01  5.682E-01  5.591E-01  5.441E-01  5.233E-01  4.971E-01  4.659E-01  4.302E-01  3.905E-01  3.477E-01  3.025E-01  2.559E-01  2.092E-01  1.638E-01  1.210E-01  8.254E-02  4.951E-02  2.292E-02
  330.0000  6.978E-01  6.941E-01  6.832E-01  6.652E-01  6.403E-01  6.090E-01  5.715E-01  5.286E-01  4.808E-01  4.291E-01  3.745E-01  3.180E-01  2.611E-01  2.055E-01  1.529E-01  1.052E-01  6.401E-02  3.030E-02
  335.0000  6.583E-01  6.549E-01  6.448E-01  6.280E-01  6.049E-01  5.757E-01  5.409E-01  5.008E-01  4.563E-01  4.079E-01  3.567E-01  3.037E-01  2.501E-01  1.975E-01  1.475E-01  1.021E-01  6.260E-02  3.007E-02
  340.0000  7.134E-01  7.098E-01  6.989E-01  6.810E-01  6.562E-01  6.248E-01  5.874E-01  5.444E-01  4.964E-01  4.443E-01  3.891E-01  3.317E-01  2.736E-01  2.164E-01  1.619E-01  1.122E-01  6.902E-02  3.336E-02
  345.0000  7.028E-01  6.992E-01  6.886E-01  6.711E-01  6.469E-01  6.163E-01  5.797E-01  5.376E-01  4.906E-01  4.395E-01  3.852E-01  3.288E-01  2.715E-01  2.150E-01  1.610E-01  1.116E-01  6.870E-02  3.331E-02
  350.0000  7.356E-01  7.319E-01  7.209E-01  7.027E-01  6.775E-01  6.457E-01  6.076E-01  5.638E-01  5.148E-01  4.616E-01  4.049E-01  3.458E-01  2.858E-01  2.264E-01  1.696E-01  1.175E-01  7.222E-02  3.499E-02
  355.0000  7.780E-01  7.742E-01  7.626E-01  7.435E-01  7.171E-01  6.836E-01  6.436E-01  5.975E-01  5.460E-01  4.899E-01  4.301E-01  3.677E-01  3.041E-01  2.411E-01  1.806E-01  1.251E-01  7.687E-02  3.727E-02
  360.0000  7.118E-01  7.083E-01  6.978E-01  6.805E-01  6.564E-01  6.260E-01  5.896E-01  5.477E-01  5.008E-01  4.496E-01  3.950E-01  3.380E-01  2.798E-01  2.220E-01  1.664E-01  1.152E-01  7.069E-02  3.427E-02
  365.0000  9.057E-01  9.012E-01  8.880E-01  8.660E-01  8.357E-01  7.972E-01  7.512E-01  6.981E-01  6.387E-01  5.738E-01  5.045E-01  4.321E-01  3.580E-01  2.842E-01  2.131E-01  1.474E-01  9.038E-02  4.380E-02
  370.0000  9.422E-01  9.376E-01  9.239E-01  9.012E-01  8.698E-01  8.301E-01  7.824E-01  7.275E-01  6.660E-01  5.987E-01  5.268E-01  4.515E-01  3.744E-01  2.975E-01  2.231E-01  1.543E-01  9.446E-02  4.574E-02
  375.0000  8.517E-01  8.475E-01  8.352E-01  8.149E-01  7.866E-01  7.509E-01  7.081E-01  6.587E-01  6.033E-01  5.427E-01  4.779E-01  4.099E-01  3.402E-01  2.705E-01  2.029E-01  1.403E-01  8.577E-02  4.150E-02
  380.0000  9.796E-01  9.749E-01  9.608E-01  9.375E-01  9.053E-01  8.644E-01  8.154E-01  7.588E-01  6.954E-01  6.260E-01  5.516E-01  4.735E-01  3.933E-01  3.129E-01  2.349E-01  1.624E-01  9.910E-02  4.790E-02
  385.0000  7.389E-01  7.354E-01  7.248E-01  7.073E-01  6.831E-01  6.525E-01  6.157E-01  5.732E-01  5.256E-01  4.734E-01  4.174E-01  3.586E-01  2.981E-01  2.374E-01  1.783E-01  1.232E-01  7.509E-02  3.625E-02
  390.0000  9.653E-01  9.607E-01  9.470E-01  9.243E-01  8.929E-01  8.531E-01  8.052E-01  7.500E-01  6.880E-01  6.201E-01  5.471E-01  4.704E-01  3.914E-01  3.119E-01  2.343E-01  1.619E-01  9.855E-02  4.751E-02
  395.0000  7.492E-01  7.456E-01  7.351E-01  7.175E-01  6.933E-01  6.625E-01  6.256E-01  5.829E-01  5.350E-01  4.824E-01  4.260E-01  3.665E-01  3.052E-01  2.434E-01  1.830E-01  1.264E-01  7.683E-02  3.698E-02
  400.0000  1.391E+00  1.385E+00  1.365E+00  1.333E+00  1.288E+00  1.231E+00  1.163E+00  1.084E+00  9.954E-01  8.981E-01  7.935E-01  6.833E-01  5.694E-01  4.545E-01  3.419E-01  2.362E-01  1.434E-01  6.889E-02
  405.0000  1.419E+00  1.412E+00  1.393E+00  1.360E+00  1.314E+00  1.257E+00  1.187E+00  1.107E+00  1.017E+00  9.181E-01  8.117E-01  6.994E-01  5.833E-01  4.660E-01  3.507E-01  2.423E-01  1.469E-01  7.046E-02
  410.0000  1.464E+00  1.457E+00  1.437E+00  1.403E+00  1.356E+00  1.297E+00  1.226E+00  1.143E+00  1.051E+00  9.491E-01  8.396E-01  7.240E-01  6.043E-01  4.831E-01  3.639E-01  2.514E-01  1.522E-01  7.288E-02
  415.0000  1.526E+00  1.518E+00  1.497E+00  1.462E+00  1.414E+00  1.352E+00  1.279E+00  1.193E+00  1.097E+00  9.912E-01  8.775E-01  7.572E-01  6.325E-01  5.061E-01  3.814E-01  2.636E-01  1.594E-01  7.616E-02
  420.0000  1.540E+00  1.533E+00  1.512E+00  1.477E+00  1.428E+00  1.366E+00  1.292E+00  1.206E+00  1.109E+00  1.003E+00  8.882E-01  7.670E-01  6.412E-01  5.134E-01  3.873E-01  2.677E-01  1.617E-01  7.707E-02
  425.0000  1.470E+00  1.464E+00  1.444E+00  1.410E+00  1.364E+00  1.305E+00  1.234E+00  1.153E+00  1.061E+00  9.594E-01  8.502E-01  7.346E-01  6.146E-01  4.925E-01  3.718E-01  2.570E-01  1.551E-01  7.374E-02
  430.0000  1.357E+00  1.351E+00  1.332E+00  1.301E+00  1.259E+00  1.205E+00  1.140E+00  1.065E+00  9.800E-01  8.869E-01  7.864E-01  6.799E-01  5.692E-01  4.566E-01  3.449E-01  2.385E-01  1.438E-01  6.821E-02
  435.0000  1.575E+00  1.568E+00  1.547E+00  1.511E+00  1.462E+00  1.399E+00  1.324E+00  1.237E+00  1.139E+00  1.032E+00  9.151E-01  7.917E-01  6.633E-01  5.325E-01  4.025E-01  2.785E-01  1.677E-01  7.936E-02
  440.0000  1.621E+00  1.613E+00  1.591E+00  1.555E+00  1.505E+00  1.441E+00  1.364E+00  1.274E+00  1.174E+00  1.063E+00  9.437E-01  8.169E-01  6.849E-01  5.502E-01  4.162E-01  2.880E-01  1.733E-01  8.177E-02
  445.0000  1.741E+00  1.733E+00  1.709E+00  1.671E+00  1.617E+00  1.548E+00  1.466E+00  1.370E+00  1.262E+00  1.144E+00  1.016E+00  8.799E-01  7.383E-01  5.935E-01  4.493E-01  3.111E-01  1.870E-01  8.799E-02
  450.0000  1.852E+00  1.843E+00  1.818E+00  1.777E+00  1.720E+00  1.647E+00  1.560E+00  1.459E+00  1.345E+00  1.219E+00  1.083E+00  9.385E-01  7.879E-01  6.339E-01  4.802E-01  3.327E-01  1.998E-01  9.377E-02
  455.0000  1.812E+00  1.804E+00  1.780E+00  1.740E+00  1.684E+00  1.613E+00  1.528E+00  1.429E+00  1.317E+00  1.195E+00  1.062E+00  9.209E-01  7.736E-01  6.229E-01  4.723E-01  3.273E-01  1.964E-01  9.192E-02
  460.0000  1.865E+00  1.857E+00  1.832E+00  1.791E+00  1.733E+00  1.661E+00  1.573E+00  1.472E+00  1.357E+00  1.231E+00  1.095E+00  9.499E-01  7.985E-01  6.433E-01  4.880E-01  3.383E-01  2.028E-01  9.453E-02
  465.0000  1.844E+00  1.836E+00  1.812E+00  1.771E+00  1.714E+00  1.643E+00  1.556E+00  1.456E+00  1.344E+00  1.219E+00  1.085E+00  9.416E-01  7.920E-01  6.385E-01  4.848E-01  3.362E-01  2.015E-01  9.367E-02
  470.0000  1.834E+00  1.826E+00  1.802E+00  1.762E+00  1.706E+00  1.635E+00  1.549E+00  1.450E+00  1.338E+00  1.214E+00  1.081E+00  9.387E-01  7.900E-01  6.373E-01  4.843E-01  3.360E-01  2.013E-01  9.329E-02
  475.0000  1.856E+00  1.848E+00  1.823E+00  1.783E+00  1.726E+00  1.654E+00  1.568E+00  1.468E+00  1.355E+00  1.230E+00  1.095E+00  9.518E-01  8.015E-01  6.471E-01  4.920E-01  3.416E-01  2.045E-01  9.446E-02
  480.0000  1.910E+00  1.901E+00  1.876E+00  1.834E+00  1.776E+00  1.703E+00  1.614E+00  1.511E+00  1.395E+00  1.267E+00  1.129E+00  9.809E-01  8.263E-01  6.673E-01  5.076E-01  3.524E-01  2.107E-01  9.682E-02
  485.0000  1.735E+00  1.727E+00  1.704E+00  1.666E+00  1.614E+00  1.547E+00  1.467E+00  1.374E+00  1.269E+00  1.153E+00  1.027E+00  8.929E-01  7.525E-01  6.082E-01  4.629E-01  3.215E-01  1.921E-01  8.802E-02
  490.0000  1.807E+00  1.799E+00  1.775E+00  1.736E+00  1.681E+00  1.612E+00  1.528E+00  1.432E+00  1.322E+00  1.202E+00  1.071E+00  9.318E-01  7.859E-01  6.355E-01  4.841E-01  3.365E-01  2.011E-01  9.188E-02
  495.0000  1.840E+00  1.832E+00  1.808E+00  1.768E+00  1.713E+00  1.643E+00  1.558E+00  1.459E+00  1.348E+00  1.226E+00  1.093E+00  9.510E-01  8.024E-01  6.493E-01  4.949E-01  3.442E-01  2.056E-01  9.361E-02
  500.0000  1.756E+00  1.748E+00  1.725E+00  1.687E+00  1.634E+00  1.567E+00  1.486E+00  1.393E+00  1.287E+00  1.170E+00  1.043E+00  9.084E-01  7.667E-01  6.206E-01  4.731E-01  3.290E-01  1.963E-01  8.890E-02
  505.0000  1.784E+00  1.776E+00  1.753E+00  1.714E+00  1.661E+00  1.593E+00  1.511E+00  1.416E+00  1.308E+00  1.190E+00  1.061E+00  9.240E-01  7.800E-01  6.315E-01  4.815E-01  3.348E-01  1.993E-01  8.973E-02
  510.0000  1.769E+00  1.761E+00  1.738E+00  1.700E+00  1.647E+00  1.580E+00  1.499E+00  1.405E+00  1.298E+00  1.181E+00  1.054E+00  9.179E-01  7.753E-01  6.281E-01  4.793E-01  3.335E-01  1.986E-01  8.921E-02
  515.0000  1.640E+00  1.633E+00  1.612E+00  1.576E+00  1.527E+00  1.465E+00  1.390E+00  1.303E+00  1.205E+00  1.096E+00  9.782E-01  8.524E-01  7.203E-01  5.838E-01  4.458E-01  3.103E-01  1.848E-01  8.275E-02
  520.0000  1.686E+00  1.679E+00  1.657E+00  1.621E+00  1.570E+00  1.507E+00  1.430E+00  1.340E+00  1.239E+00  1.128E+00  1.007E+00  8.775E-01  7.418E-01  6.015E-01  4.595E-01  3.200E-01  1.904E-01  8.492E-02
  525.0000  1.692E+00  1.684E+00  1.663E+00  1.626E+00  1.576E+00  1.512E+00  1.435E+00  1.345E+00  1.244E+00  1.132E+00  1.011E+00  8.813E-01  7.451E-01  6.043E-01  4.617E-01  3.215E-01  1.910E-01  8.471E-02
  530.0000  1.782E+00  1.775E+00  1.751E+00  1.713E+00  1.660E+00  1.593E+00  1.512E+00  1.417E+00  1.311E+00  1.193E+00  1.065E+00  9.288E-01  7.854E-01  6.370E-01  4.867E-01  3.387E-01  2.009E-01  8.847E-02
  535.0000  1.727E+00  1.720E+00  1.697E+00  1.661E+00  1.609E+00  1.544E+00  1.465E+00  1.374E+00  1.271E+00  1.157E+00  1.033E+00  9.012E-01  7.622E-01  6.184E-01  4.726E-01  3.290E-01  1.950E-01  8.551E-02
  540.0000  1.729E+00  1.721E+00  1.699E+00  1.662E+00  1.611E+00  1.546E+00  1.467E+00  1.376E+00  1.273E+00  1.159E+00  1.035E+00  9.032E-01  7.642E-01  6.204E-01  4.743E-01  3.303E-01  1.958E-01  8.564E-02
  545.0000  1.754E+00  1.747E+00  1.724E+00  1.687E+00  1.635E+00  1.569E+00  1.489E+00  1.397E+00  1.292E+00  1.177E+00  1.051E+00  9.173E-01  7.763E-01  6.304E-01  4.821E-01  3.358E-01  1.989E-01  8.660E-02
  550.0000  1.759E+00  1.752E+00  1.729E+00  1.692E+00  1.640E+00  1.574E+00  1.494E+00  1.401E+00  1.297E+00  1.181E+00  1.055E+00  9.210E-01  7.797E-01  6.333E-01  4.845E-01  3.376E-01  1.999E-01  8.669E-02
  555.0000  1.746E+00  1.739E+00  1.716E+00  1.679E+00  1.628E+00  1.562E+00  1.483E+00  1.391E+00  1.288E+00  1.173E+00  1.048E+00  9.153E-01  7.751E-01  6.299E-01  4.822E-01  3.360E-01  1.989E-01  8.589E-02
  560.0000  1.702E+00  1.695E+00  1.673E+00  1.637E+00  1.587E+00  1.523E+00  1.446E+00  1.356E+00  1.255E+00  1.144E+00  1.022E+00  8.926E-01  7.560E-01  6.143E-01  4.703E-01  3.277E-01  1.937E-01  8.315E-02
  565.0000  1.705E+00  1.698E+00  1.676E+00  1.639E+00  1.588E+00  1.525E+00  1.448E+00  1.359E+00  1.258E+00  1.146E+00  1.024E+00  8.943E-01  7.574E-01  6.155E-01  4.711E-01  3.281E-01  1.936E-01  8.266E-02
  570.0000  1.695E+00  1.688E+00  1.666E+00  1.630E+00  1.580E+00  1.517E+00  1.440E+00  1.351E+00  1.251E+00  1.140E+00  1.019E+00  8.897E-01  7.537E-01  6.126E-01  4.689E-01  3.266E-01  1.926E-01  8.183E-02
  575.0000  1.724E+00  1.716E+00  1.694E+00  1.658E+00  1.607E+00  1.543E+00  1.465E+00  1.375E+00  1.272E+00  1.160E+00  1.037E+00  9.056E-01  7.673E-01  6.239E-01  4.778E-01  3.329E-01  1.962E-01  8.313E-02
  580.0000  1.696E+00  1.688E+00  1.667E+00  1.631E+00  1.581E+00  1.518E+00  1.441E+00  1.353E+00  1.252E+00  1.142E+00  1.021E+00  8.921E-01  7.563E-01  6.153E-01  4.716E-01  3.289E-01  1.942E-01  8.226E-02
  585.0000  1.696E+00  1.689E+00  1.667E+00  1.632E+00  1.582E+00  1.519E+00  1.442E+00  1.354E+00  1.254E+00  1.143E+00  1.023E+00  8.940E-01  7.582E-01  6.172E-01  4.735E-01  3.306E-01  1.954E-01  8.284E-02
  590.0000  1.637E+00  1.630E+00  1.609E+00  1.574E+00  1.526E+00  1.465E+00  1.392E+00  1.307E+00  1.210E+00  1.104E+00  9.876E-01  8.635E-01  7.326E-01  5.967E-01  4.580E-01  3.200E-01  1.893E-01  8.011E-02
  595.0000  1.668E+00  1.662E+00  1.641E+00  1.606E+00  1.557E+00  1.495E+00  1.420E+00  1.333E+00  1.235E+00  1.126E+00  1.008E+00  8.811E-01  7.476E-01  6.090E-01  4.675E-01  3.266E-01  1.930E-01  8.136E-02
  600.0000  1.629E+00  1.622E+00  1.601E+00  1.567E+00  1.519E+00  1.459E+00  1.386E+00  1.301E+00  1.205E+00  1.099E+00  9.836E-01  8.601E-01  7.298E-01  5.944E-01  4.563E-01  3.187E-01  1.881E-01  7.889E-02
  605.0000  1.648E+00  1.641E+00  1.620E+00  1.585E+00  1.537E+00  1.476E+00  1.402E+00  1.316E+00  1.219E+00  1.112E+00  9.956E-01  8.708E-01  7.391E-01  6.023E-01  4.625E-01  3.232E-01  1.909E-01  7.993E-02
  610.0000  1.626E+00  1.619E+00  1.599E+00  1.565E+00  1.517E+00  1.457E+00  1.384E+00  1.300E+00  1.205E+00  1.099E+00  9.840E-01  8.610E-01  7.312E-01  5.963E-01  4.584E-01  3.209E-01  1.899E-01  7.973E-02
  615.0000  1.587E+00  1.580E+00  1.560E+00  1.527E+00  1.481E+00  1.421E+00  1.352E+00  1.269E+00  1.176E+00  1.074E+00  9.617E-01  8.419E-01  7.154E-01  5.839E-01  4.494E-01  3.151E-01  1.870E-01  7.874E-02
  620.0000  1.609E+00  1.603E+00  1.582E+00  1.549E+00  1.502E+00  1.443E+00  1.371E+00  1.288E+00  1.194E+00  1.090E+00  9.765E-01  8.552E-01  7.271E-01  5.939E-01  4.575E-01  3.213E-01  1.910E-01  8.064E-02
  625.0000  1.574E+00  1.568E+00  1.548E+00  1.515E+00  1.470E+00  1.412E+00  1.342E+00  1.261E+00  1.169E+00  1.067E+00  9.564E-01  8.379E-01  7.128E-01  5.825E-01  4.492E-01  3.158E-01  1.881E-01  7.952E-02
  630.0000  1.576E+00  1.570E+00  1.550E+00  1.517E+00  1.471E+00  1.413E+00  1.344E+00  1.262E+00  1.171E+00  1.069E+00  9.585E-01  8.400E-01  7.149E-01  5.847E-01  4.512E-01  3.177E-01  1.896E-01  8.029E-02
  635.0000  1.565E+00  1.558E+00  1.538E+00  1.506E+00  1.461E+00  1.403E+00  1.334E+00  1.254E+00  1.163E+00  1.062E+00  9.526E-01  8.352E-01  7.111E-01  5.820E-01  4.496E-01  3.169E-01  1.895E-01  8.044E-02
  640.0000  1.546E+00  1.540E+00  1.520E+00  1.488E+00  1.444E+00  1.387E+00  1.319E+00  1.240E+00  1.150E+00  1.050E+00  9.424E-01  8.265E-01  7.041E-01  5.766E-01  4.459E-01  3.148E-01  1.886E-01  8.024E-02
  644.8000  1.537E+00  1.530E+00  1.511E+00  1.479E+00  1.435E+00  1.379E+00  1.311E+00  1.233E+00  1.144E+00  1.045E+00  9.377E-01  8.227E-01  7.012E-01  5.745E-01  4.446E-01  3.143E-01  1.886E-01  8.042E-02
  651.0500  1.517E+00  1.511E+00  1.492E+00  1.460E+00  1.417E+00  1.362E+00  1.295E+00  1.217E+00  1.130E+00  1.032E+00  9.268E-01  8.134E-01  6.936E-01  5.687E-01  4.406E-01  3.118E-01  1.875E-01  8.009E-02
  660.0000  1.439E+00  1.433E+00  1.415E+00  1.385E+00  1.344E+00  1.292E+00  1.229E+00  1.155E+00  1.072E+00  9.805E-01  8.805E-01  7.732E-01  6.598E-01  5.416E-01  4.201E-01  2.979E-01  1.797E-01  7.695E-02
  670.0000  1.476E+00  1.470E+00  1.452E+00  1.421E+00  1.379E+00  1.326E+00  1.261E+00  1.186E+00  1.101E+00  1.007E+00  9.050E-01  7.953E-01  6.791E-01  5.580E-01  4.335E-01  3.081E-01  1.864E-01  8.008E-02
  680.0000  1.449E+00  1.443E+00  1.425E+00  1.395E+00  1.354E+00  1.302E+00  1.239E+00  1.165E+00  1.082E+00  9.900E-01  8.898E-01  7.823E-01  6.685E-01  5.498E-01  4.277E-01  3.045E-01  1.847E-01  7.957E-02
  690.0000  1.428E+00  1.422E+00  1.404E+00  1.375E+00  1.335E+00  1.283E+00  1.221E+00  1.149E+00  1.067E+00  9.766E-01  8.780E-01  7.723E-01  6.604E-01  5.436E-01  4.233E-01  3.019E-01  1.836E-01  7.924E-02
  700.0000  1.403E+00  1.397E+00  1.380E+00  1.351E+00  1.311E+00  1.261E+00  1.200E+00  1.129E+00  1.049E+00  9.604E-01  8.638E-01  7.601E-01  6.504E-01  5.357E-01  4.177E-01  2.984E-01  1.819E-01  7.868E-02
  710.0000  1.369E+00  1.364E+00  1.347E+00  1.319E+00  1.281E+00  1.231E+00  1.172E+00  1.103E+00  1.025E+00  9.386E-01  8.444E-01  7.433E-01  6.363E-01  5.245E-01  4.093E-01  2.928E-01  1.788E-01  7.743E-02
  720.0000  1.324E+00  1.319E+00  1.303E+00  1.276E+00  1.238E+00  1.191E+00  1.134E+00  1.067E+00  9.918E-01  9.083E-01  8.174E-01  7.198E-01  6.165E-01  5.085E-01  3.971E-01  2.844E-01  1.740E-01  7.541E-02
  730.0000  1.293E+00  1.288E+00  1.272E+00  1.246E+00  1.210E+00  1.163E+00  1.108E+00  1.043E+00  9.693E-01  8.879E-01  7.992E-01  7.040E-01  6.032E-01  4.978E-01  3.892E-01  2.791E-01  1.711E-01  7.422E-02
------------------------------------------------------------
Dose rates, W m-2
   1 = UV-B, 280-315 nm                                  
   2 = UV-B*, 280-320 nm                                 
   3 = UV-A, 315-400 nm                                  
   4 = DNA damage, in vitro (Setlow, 1974)               
   5 = UV index (WMO, 1994; Webb et al., 2011)           
   6 = Plant damage (Caldwell, 1971)                     
   7 = Plant damage,Flint&Caldwell,2003,orig.            
   8 = Plant damage,Flint&Caldwell,2003,ext390           
values at z =      0.000 km
Columns: sza, weighting spectra
 sza, deg.          1          2          3          4          5          6          7          8
    0.0000  3.904E+00  5.055E+00  6.199E+01  5.208E-02  3.651E+01  1.427E+00  2.259E+00  2.729E+00
    5.0000  3.874E+00  5.019E+00  6.168E+01  5.142E-02  3.616E+01  1.413E+00  2.241E+00  2.708E+00
   10.0000  3.787E+00  4.912E+00  6.076E+01  4.948E-02  3.513E+01  1.371E+00  2.186E+00  2.646E+00
   15.0000  3.644E+00  4.736E+00  5.923E+01  4.637E-02  3.345E+01  1.303E+00  2.096E+00  2.546E+00
   20.0000  3.450E+00  4.490E+00  5.711E+01  4.228E-02  3.120E+01  1.211E+00  1.975E+00  2.409E+00
   25.0000  3.209E+00  4.199E+00  5.445E+01  3.743E-02  2.847E+01  1.100E+00  1.828E+00  2.242E+00
   30.0000  2.929E+00  3.852E+00  5.126E+01  3.210E-02  2.536E+01  9.743E-01  1.659E+00  2.050E+00
   35.0000  2.616E+00  3.462E+00  4.758E+01  2.658E-02  2.199E+01  8.385E-01  1.474E+00  1.838E+00
   40.0000  2.283E+00  3.044E+00  4.347E+01  2.119E-02  1.854E+01  7.004E-01  1.281E+00  1.614E+00
   45.0000  1.937E+00  2.607E+00  3.899E+01  1.616E-02  1.511E+01  5.640E-01  1.085E+00  1.385E+00
   50.0000  1.591E+00  2.166E+00  3.422E+01  1.172E-02  1.186E+01  4.353E-01  8.941E-01  1.158E+00
   55.0000  1.257E+00  1.735E+00  2.925E+01  8.041E-03  8.909E+00  3.198E-01  7.135E-01  9.404E-01
   60.0000  9.456E-01  1.329E+00  2.418E+01  5.170E-03  6.356E+00  2.212E-01  5.487E-01  7.371E-01
   65.0000  6.695E-01  9.612E-01  1.915E+01  3.095E-03  4.271E+00  1.422E-01  4.037E-01  5.537E-01
   70.0000  4.382E-01  6.461E-01  1.432E+01  1.723E-03  2.675E+00  8.377E-02  2.813E-01  3.939E-01
   75.0000  2.581E-01  3.930E-01  9.879E+00  9.010E-04  1.545E+00  4.462E-02  1.825E-01  2.603E-01
   80.0000  1.316E-01  2.070E-01  6.023E+00  4.567E-04  8.098E-01  2.165E-02  1.064E-01  1.539E-01
   85.0000  5.526E-02  8.726E-02  2.892E+00  2.264E-04  3.697E-01  9.955E-03  5.040E-02  7.336E-02
------------------------------------------------------------
