Spectral Irradiance, W m-2 nm-1
values at z =      0.000 km
Columns: wavelength (nm), solar zenith angles (deg.)
    wc, nm      0.000      5.000     10.000     15.000     20.000     25.000     30.000     35.000     40.000     45.000     50.000     55.000     60.000     65.000     70.000     75.000     80.000     85.000
  280.5000  4.507E-08  4.253E-08  3.564E-08  2.636E-08  1.703E-08  9.438E-09  4.384E-09  1.648E-09  4.781E-10  9.994E-11  1.371E-11  1.123E-12  7.918E-14  2.564E-14  1.740E-14  1.289E-14  9.523E-15  6.447E-15
  281.5000  3.772E-07  3.576E-07  3.041E-07  2.307E-07  1.545E-07  8.998E-08  4.457E-08  1.820E-08  5.864E-09  1.401E-09  2.283E-10  2.323E-11  1.917E-12  5.612E-13  3.730E-13  2.746E-13  2.023E-13  1.367E-13
  282.5000  1.601E-06  1.524E-06  1.312E-06  1.017E-06  7.030E-07  4.272E-07  2.236E-07  9.804E-08  3.457E-08  9.270E-09  1.750E-09  2.144E-10  2.052E-11  5.505E-12  3.563E-12  2.608E-12  1.915E-12  1.291E-12
  283.5000  3.701E-06  3.533E-06  3.068E-06  2.411E-06  1.701E-06  1.062E-06  5.766E-07  2.647E-07  9.896E-08  2.859E-08  5.936E-09  8.200E-10  8.676E-11  2.200E-11  1.390E-11  1.013E-11  7.421E-12  4.993E-12
  284.5000  1.043E-05  1.001E-05  8.820E-06  7.113E-06  5.208E-06  3.422E-06  1.984E-06  9.911E-07  4.127E-07  1.368E-07  3.386E-08  5.843E-09  7.586E-10  1.769E-10  1.052E-10  7.580E-11  5.521E-11  3.702E-11
  285.5000  1.399E-05  1.347E-05  1.200E-05  9.867E-06  7.426E-06  5.065E-06  3.083E-06  1.639E-06  7.390E-07  2.710E-07  7.635E-08  1.550E-08  2.361E-09  5.276E-10  2.936E-10  2.093E-10  1.516E-10  1.013E-10
  286.5000  7.899E-05  7.626E-05  6.856E-05  5.718E-05  4.396E-05  3.085E-05  1.949E-05  1.088E-05  5.211E-06  2.065E-06  6.425E-07  1.478E-07  2.556E-08  5.620E-09  2.927E-09  2.061E-09  1.486E-09  9.897E-10
  287.5000  2.002E-04  1.939E-04  1.760E-04  1.492E-04  1.174E-04  8.510E-05  5.606E-05  3.299E-05  1.692E-05  7.310E-06  2.539E-06  6.715E-07  1.346E-07  2.980E-08  1.419E-08  9.797E-09  7.012E-09  4.651E-09
  288.5000  4.126E-04  4.009E-04  3.676E-04  3.172E-04  2.561E-04  1.921E-04  1.324E-04  8.257E-05  4.558E-05  2.163E-05  8.466E-06  2.603E-06  6.163E-07  1.424E-07  6.054E-08  4.041E-08  2.864E-08  1.888E-08
  289.5000  1.197E-03  1.166E-03  1.077E-03  9.410E-04  7.740E-04  5.952E-04  4.237E-04  2.753E-04  1.602E-04  8.127E-05  3.464E-05  1.186E-05  3.170E-06  7.726E-07  3.014E-07  1.935E-07  1.358E-07  8.904E-08
  290.5000  2.800E-03  2.733E-03  2.541E-03  2.243E-03  1.859E-03  1.471E-03  1.076E-03  7.242E-04  4.404E-04  2.363E-04  1.082E-04  4.052E-05  1.202E-05  3.113E-06  1.134E-06  6.946E-07  4.824E-07  3.143E-07
  291.5000  4.799E-03  4.695E-03  4.395E-03  3.928E-03  3.339E-03  2.656E-03  2.025E-03  1.418E-03  9.065E-04  5.183E-04  2.573E-04  1.068E-04  3.573E-05  1.011E-05  3.459E-06  1.968E-06  1.343E-06  8.675E-07
  292.5000  6.963E-03  6.826E-03  6.426E-03  5.800E-03  5.001E-03  4.099E-03  3.172E-03  2.293E-03  1.528E-03  9.202E-04  4.880E-04  2.201E-04  8.142E-05  2.508E-05  8.322E-06  4.370E-06  2.918E-06  1.867E-06
  293.5000  1.248E-02  1.225E-02  1.160E-02  1.057E-02  9.234E-03  7.709E-03  6.108E-03  4.523E-03  3.153E-03  1.994E-03  1.126E-03  5.492E-04  2.236E-04  7.542E-05  2.493E-05  1.196E-05  7.728E-06  4.889E-06
  294.5000  1.626E-02  1.599E-02  1.520E-02  1.395E-02  1.232E-02  1.043E-02  8.422E-03  6.427E-03  4.573E-03  2.977E-03  1.785E-03  9.258E-04  4.061E-04  1.479E-04  4.971E-05  2.209E-05  1.375E-05  8.596E-06
  295.5000  2.745E-02  2.704E-02  2.582E-02  2.388E-02  2.133E-02  1.834E-02  1.510E-02  1.182E-02  8.710E-03  5.961E-03  3.718E-03  2.059E-03  9.798E-04  3.899E-04  1.365E-04  5.613E-05  3.286E-05  2.020E-05
  296.5000  3.435E-02  3.387E-02  3.247E-02  3.022E-02  2.725E-02  2.372E-02  1.985E-02  1.587E-02  1.201E-02  8.500E-03  5.531E-03  3.233E-03  1.646E-03  7.073E-04  2.605E-04  1.018E-04  5.557E-05  3.346E-05
  297.5000  4.918E-02  4.856E-02  4.670E-02  4.371E-02  3.973E-02  3.498E-02  2.970E-02  2.419E-02  1.873E-02  1.365E-02  9.224E-03  5.654E-03  3.056E-03  1.409E-03  5.498E-04  2.092E-04  1.055E-04  6.185E-05
  298.5000  4.582E-02  4.527E-02  4.366E-02  4.106E-02  3.759E-02  3.340E-02  2.870E-02  2.374E-02  1.875E-02  1.401E-02  9.762E-03  6.226E-03  3.539E-03  1.734E-03  7.165E-04  2.715E-04  1.269E-04  7.196E-05
  299.5000  8.108E-02  8.019E-02  7.754E-02  7.325E-02  6.749E-02  6.051E-02  5.260E-02  4.414E-02  3.552E-02  2.716E-02  1.950E-02  1.292E-02  7.708E-03  4.008E-03  1.762E-03  6.786E-04  2.938E-04  1.591E-04
  300.5000  6.352E-02  6.286E-02  6.091E-02  5.774E-02  5.346E-02  4.825E-02  4.231E-02  3.590E-02  2.930E-02  2.281E-02  1.675E-02  1.142E-02  7.063E-03  3.845E-03  1.778E-03  7.021E-04  2.882E-04  1.486E-04
  301.5000  1.040E-01  1.030E-01  1.000E-01  9.516E-02  8.860E-02  8.055E-02  7.132E-02  6.125E-02  5.076E-02  4.029E-02  3.032E-02  2.133E-02  1.374E-02  7.869E-03  3.864E-03  1.593E-03  6.247E-04  2.997E-04
  302.5000  1.142E-01  1.131E-01  1.100E-01  1.049E-01  9.803E-02  8.955E-02  7.978E-02  6.907E-02  5.781E-02  4.647E-02  3.554E-02  2.551E-02  1.687E-02  9.995E-03  5.110E-03  2.182E-03  8.397E-04  3.799E-04
  303.5000  1.678E-01  1.664E-01  1.621E-01  1.550E-01  1.455E-01  1.337E-01  1.200E-01  1.048E-01  8.880E-02  7.246E-02  5.648E-02  4.154E-02  2.835E-02  1.749E-02  9.407E-03  4.226E-03  1.620E-03  6.759E-04
  304.5000  1.684E-01  1.670E-01  1.628E-01  1.560E-01  1.468E-01  1.353E-01  1.219E-01  1.071E-01  9.137E-02  7.521E-02  5.926E-02  4.420E-02  3.070E-02  1.939E-02  1.074E-02  4.980E-03  1.920E-03  7.621E-04
  305.5000  1.961E-01  1.946E-01  1.900E-01  1.825E-01  1.723E-01  1.596E-01  1.448E-01  1.282E-01  1.105E-01  9.202E-02  7.380E-02  5.622E-02  4.013E-02  2.626E-02  1.524E-02  7.461E-03  2.958E-03  1.091E-03
  306.5000  1.939E-01  1.924E-01  1.880E-01  1.808E-01  1.710E-01  1.587E-01  1.444E-01  1.283E-01  1.111E-01  9.314E-02  7.514E-02  5.775E-02  4.170E-02  2.770E-02  1.639E-02  8.221E-03  3.312E-03  1.184E-03
  307.5000  2.524E-01  2.505E-01  2.451E-01  2.362E-01  2.240E-01  2.088E-01  1.910E-01  1.709E-01  1.492E-01  1.265E-01  1.034E-01  8.091E-02  5.977E-02  4.092E-02  2.521E-02  1.331E-02  5.616E-03  1.923E-03
  308.5000  2.714E-01  2.695E-01  2.638E-01  2.544E-01  2.415E-01  2.255E-01  2.066E-01  1.854E-01  1.624E-01  1.382E-01  1.137E-01  8.950E-02  6.669E-02  4.617E-02  2.887E-02  1.554E-02  6.683E-03  2.260E-03
  309.5000  2.235E-01  2.220E-01  2.175E-01  2.100E-01  1.998E-01  1.871E-01  1.720E-01  1.551E-01  1.366E-01  1.171E-01  9.717E-02  7.741E-02  5.856E-02  4.137E-02  2.657E-02  1.483E-02  6.651E-03  2.233E-03
  310.5000  2.898E-01  2.879E-01  2.822E-01  2.728E-01  2.600E-01  2.438E-01  2.248E-01  2.033E-01  1.798E-01  1.550E-01  1.294E-01  1.040E-01  7.949E-02  5.696E-02  3.729E-02  2.137E-02  9.898E-03  3.341E-03
  311.5000  3.611E-01  3.588E-01  3.518E-01  3.404E-01  3.246E-01  3.049E-01  2.816E-01  2.552E-01  2.264E-01  1.958E-01  1.642E-01  1.326E-01  1.021E-01  7.387E-02  4.899E-02  2.857E-02  1.353E-02  4.605E-03
  312.5000  3.327E-01  3.306E-01  3.244E-01  3.142E-01  3.002E-01  2.826E-01  2.618E-01  2.382E-01  2.123E-01  1.847E-01  1.561E-01  1.273E-01  9.932E-02  7.306E-02  4.959E-02  2.989E-02  1.481E-02  5.200E-03
  313.5000  3.720E-01  3.697E-01  3.628E-01  3.515E-01  3.360E-01  3.165E-01  2.934E-01  2.672E-01  2.384E-01  2.077E-01  1.759E-01  1.438E-01  1.125E-01  8.307E-02  5.667E-02  3.439E-02  1.720E-02  6.082E-03
  314.5000  3.540E-01  3.519E-01  3.455E-01  3.351E-01  3.208E-01  3.028E-01  2.814E-01  2.571E-01  2.304E-01  2.018E-01  1.720E-01  1.418E-01  1.122E-01  8.404E-02  5.850E-02  3.655E-02  1.908E-02  7.055E-03
  315.5000  3.622E-01  3.601E-01  3.537E-01  3.431E-01  3.285E-01  3.102E-01  2.884E-01  2.637E-01  2.364E-01  2.073E-01  1.769E-01  1.460E-01  1.157E-01  8.688E-02  6.065E-02  3.804E-02  1.996E-02  7.423E-03
  316.5000  3.472E-01  3.452E-01  3.392E-01  3.293E-01  3.157E-01  2.985E-01  2.782E-01  2.549E-01  2.293E-01  2.018E-01  1.731E-01  1.439E-01  1.150E-01  8.730E-02  6.190E-02  3.972E-02  2.157E-02  8.398E-03
  317.5000  4.904E-01  4.875E-01  4.791E-01  4.651E-01  4.459E-01  4.217E-01  3.930E-01  3.602E-01  3.241E-01  2.853E-01  2.447E-01  2.034E-01  1.625E-01  1.234E-01  8.747E-02  5.608E-02  3.042E-02  1.181E-02
  318.5000  3.723E-01  3.683E-01  3.640E-01  3.536E-01  3.393E-01  3.214E-01  3.001E-01  2.757E-01  2.487E-01  2.198E-01  1.894E-01  1.584E-01  1.275E-01  9.785E-02  7.037E-02  4.608E-02  2.583E-02  1.054E-02
  319.5000  4.509E-01  4.483E-01  4.408E-01  4.283E-01  4.112E-01  3.895E-01  3.638E-01  3.344E-01  3.019E-01  2.670E-01  2.303E-01  1.928E-01  1.555E-01  1.195E-01  8.615E-02  5.661E-02  3.190E-02  1.312E-02
  320.5000  5.439E-01  5.409E-01  5.318E-01  5.169E-01  4.963E-01  4.704E-01  4.395E-01  4.038E-01  3.653E-01  3.233E-01  2.792E-01  2.341E-01  1.891E-01  1.457E-01  1.054E-01  6.956E-02  3.949E-02  1.643E-02
  321.5000  4.468E-01  4.443E-01  4.371E-01  4.252E-01  4.086E-01  3.878E-01  3.629E-01  3.346E-01  3.031E-01  2.691E-01  2.334E-01  1.967E-01  1.601E-01  1.245E-01  9.122E-02  6.138E-02  3.594E-02  1.577E-02
  322.5000  4.609E-01  4.584E-01  4.508E-01  4.382E-01  4.209E-01  3.991E-01  3.731E-01  3.435E-01  3.106E-01  2.752E-01  2.379E-01  1.997E-01  1.617E-01  1.248E-01  9.050E-02  5.995E-02  3.423E-02  1.437E-02
  323.5000  4.562E-01  4.537E-01  4.464E-01  4.343E-01  4.176E-01  3.966E-01  3.716E-01  3.429E-01  3.111E-01  2.767E-01  2.405E-01  2.032E-01  1.659E-01  1.296E-01  9.545E-02  6.476E-02  3.843E-02  1.727E-02
  324.5000  5.358E-01  5.329E-01  5.243E-01  5.101E-01  4.905E-01  4.658E-01  4.364E-01  4.027E-01  3.654E-01  3.250E-01  2.824E-01  2.386E-01  1.947E-01  1.520E-01  1.119E-01  7.581E-02  4.488E-02  2.008E-02
  325.5000  6.034E-01  6.002E-01  5.905E-01  5.745E-01  5.524E-01  5.245E-01  4.913E-01  4.533E-01  4.111E-01  3.655E-01  3.175E-01  2.681E-01  2.186E-01  1.704E-01  1.251E-01  8.450E-02  4.975E-02  2.204E-02
  326.5000  7.100E-01  7.063E-01  6.951E-01  6.766E-01  6.511E-01  6.189E-01  5.805E-01  5.365E-01  4.877E-01  4.348E-01  3.790E-01  3.214E-01  2.635E-01  2.070E-01  1.537E-01  1.055E-01  6.375E-02  2.966E-02
  327.5000  6.668E-01  6.632E-01  6.527E-01  6.353E-01  6.112E-01  5.808E-01  5.446E-01  5.032E-01  4.571E-01  4.072E-01  3.546E-01  3.004E-01  2.459E-01  1.927E-01  1.425E-01  9.722E-02  5.822E-02  2.662E-02
  328.5000  6.154E-01  6.121E-01  6.024E-01  5.863E-01  5.642E-01  5.362E-01  5.028E-01  4.646E-01  4.221E-01  3.762E-01  3.276E-01  2.776E-01  2.272E-01  1.781E-01  1.318E-01  8.991E-02  5.386E-02  2.464E-02
  329.5000  7.805E-01  7.765E-01  7.643E-01  7.443E-01  7.165E-01  6.816E-01  6.398E-01  5.919E-01  5.387E-01  4.810E-01  4.200E-01  3.570E-01  2.935E-01  2.314E-01  1.725E-01  1.191E-01  7.276E-02  3.456E-02
  330.5000  7.156E-01  7.119E-01  7.007E-01  6.822E-01  6.567E-01  6.245E-01  5.861E-01  5.420E-01  4.930E-01  4.400E-01  3.838E-01  3.259E-01  2.675E-01  2.104E-01  1.563E-01  1.074E-01  6.500E-02  3.036E-02
  331.5000  7.082E-01  7.045E-01  6.935E-01  6.752E-01  6.499E-01  6.181E-01  5.801E-01  5.365E-01  4.880E-01  4.355E-01  3.799E-01  3.225E-01  2.647E-01  2.080E-01  1.545E-01  1.060E-01  6.405E-02  2.981E-02
  332.5000  6.863E-01  6.828E-01  6.722E-01  6.547E-01  6.305E-01  5.999E-01  5.634E-01  5.216E-01  4.750E-01  4.245E-01  3.711E-01  3.158E-01  2.599E-01  2.052E-01  1.533E-01  1.060E-01  6.498E-02  3.110E-02
  333.5000  6.490E-01  6.456E-01  6.356E-01  6.190E-01  5.960E-01  5.671E-01  5.325E-01  4.928E-01  4.487E-01  4.008E-01  3.501E-01  2.977E-01  2.448E-01  1.929E-01  1.437E-01  9.901E-02  6.030E-02  2.850E-02
  334.5000  7.224E-01  7.186E-01  7.075E-01  6.891E-01  6.636E-01  6.315E-01  5.931E-01  5.491E-01  5.001E-01  4.470E-01  3.906E-01  3.324E-01  2.735E-01  2.157E-01  1.609E-01  1.111E-01  6.786E-02  3.228E-02
  335.5000  7.263E-01  7.226E-01  7.115E-01  6.931E-01  6.676E-01  6.355E-01  5.972E-01  5.531E-01  5.041E-01  4.509E-01  3.944E-01  3.360E-01  2.769E-01  2.189E-01  1.637E-01  1.135E-01  6.976E-02  3.363E-02
  336.5000  5.689E-01  5.660E-01  5.573E-01  5.428E-01  5.229E-01  4.978E-01  4.677E-01  4.332E-01  3.948E-01  3.531E-01  3.089E-01  2.631E-01  2.168E-01  1.712E-01  1.280E-01  8.857E-02  5.434E-02  2.608E-02
  337.5000  6.275E-01  6.243E-01  6.147E-01  5.988E-01  5.767E-01  5.490E-01  5.158E-01  4.776E-01  4.352E-01  3.891E-01  3.402E-01  2.896E-01  2.384E-01  1.881E-01  1.403E-01  9.679E-02  5.908E-02  2.808E-02
  338.5000  6.569E-01  6.535E-01  6.435E-01  6.269E-01  6.040E-01  5.751E-01  5.406E-01  5.009E-01  4.567E-01  4.086E-01  3.577E-01  3.049E-01  2.514E-01  1.988E-01  1.487E-01  1.030E-01  6.332E-02  3.054E-02
  339.5000  7.131E-01  7.094E-01  6.986E-01  6.806E-01  6.558E-01  6.245E-01  5.871E-01  5.441E-01  4.961E-01  4.441E-01  3.888E-01  3.315E-01  2.734E-01  2.163E-01  1.618E-01  1.122E-01  6.902E-02  3.335E-02
  340.5000  7.643E-01  7.604E-01  7.487E-01  7.295E-01  7.029E-01  6.693E-01  6.292E-01  5.830E-01  5.316E-01  4.758E-01  4.165E-01  3.550E-01  2.927E-01  2.314E-01  1.730E-01  1.197E-01  7.341E-02  3.527E-02
  341.5000  6.757E-01  6.723E-01  6.621E-01  6.451E-01  6.217E-01  5.921E-01  5.567E-01  5.161E-01  4.708E-01  4.215E-01  3.692E-01  3.149E-01  2.599E-01  2.057E-01  1.540E-01  1.068E-01  6.572E-02  3.181E-02
  342.5000  7.478E-01  7.440E-01  7.326E-01  7.139E-01  6.881E-01  6.554E-01  6.163E-01  5.714E-01  5.213E-01  4.669E-01  4.091E-01  3.490E-01  2.881E-01  2.280E-01  1.708E-01  1.184E-01  7.295E-02  3.536E-02
  343.5000  7.775E-01  7.735E-01  7.618E-01  7.423E-01  7.155E-01  6.815E-01  6.409E-01  5.942E-01  5.422E-01  4.856E-01  4.254E-01  3.629E-01  2.996E-01  2.371E-01  1.774E-01  1.230E-01  7.561E-02  3.655E-02
  344.5000  5.456E-01  5.428E-01  5.345E-01  5.209E-01  5.021E-01  4.782E-01  4.498E-01  4.170E-01  3.805E-01  3.408E-01  2.986E-01  2.547E-01  2.102E-01  1.663E-01  1.244E-01  8.611E-02  5.286E-02  2.548E-02
  345.5000  7.442E-01  7.405E-01  7.293E-01  7.107E-01  6.851E-01  6.527E-01  6.140E-01  5.695E-01  5.198E-01  4.658E-01  4.083E-01  3.486E-01  2.879E-01  2.280E-01  1.708E-01  1.185E-01  7.299E-02  3.544E-02
  346.5000  6.975E-01  6.940E-01  6.835E-01  6.662E-01  6.421E-01  6.118E-01  5.755E-01  5.337E-01  4.872E-01  4.365E-01  3.826E-01  3.266E-01  2.697E-01  2.135E-01  1.598E-01  1.107E-01  6.801E-02  3.287E-02
  347.5000  6.811E-01  6.777E-01  6.674E-01  6.505E-01  6.271E-01  5.975E-01  5.621E-01  5.214E-01  4.760E-01  4.265E-01  3.739E-01  3.192E-01  2.637E-01  2.088E-01  1.563E-01  1.082E-01  6.652E-02  3.216E-02
  348.5000  7.476E-01  7.438E-01  7.326E-01  7.141E-01  6.884E-01  6.560E-01  6.172E-01  5.726E-01  5.228E-01  4.686E-01  4.109E-01  3.509E-01  2.899E-01  2.296E-01  1.720E-01  1.191E-01  7.326E-02  3.547E-02
  349.5000  6.263E-01  6.232E-01  6.138E-01  5.983E-01  5.768E-01  5.497E-01  5.172E-01  4.799E-01  4.382E-01  3.928E-01  3.445E-01  2.943E-01  2.432E-01  1.926E-01  1.442E-01  9.991E-02  6.141E-02  2.973E-02
  350.5000  8.764E-01  8.720E-01  8.589E-01  8.372E-01  8.072E-01  7.693E-01  7.240E-01  6.718E-01  6.135E-01  5.501E-01  4.825E-01  4.122E-01  3.407E-01  2.699E-01  2.021E-01  1.400E-01  8.605E-02  4.167E-02
  351.5000  7.553E-01  7.515E-01  7.402E-01  7.216E-01  6.958E-01  6.631E-01  6.241E-01  5.792E-01  5.290E-01  4.743E-01  4.161E-01  3.555E-01  2.939E-01  2.328E-01  1.743E-01  1.207E-01  7.416E-02  3.589E-02
  352.5000  6.807E-01  6.773E-01  6.671E-01  6.504E-01  6.271E-01  5.978E-01  5.626E-01  5.222E-01  4.770E-01  4.278E-01  3.754E-01  3.208E-01  2.652E-01  2.101E-01  1.574E-01  1.090E-01  6.695E-02  3.241E-02
  353.5000  8.187E-01  8.146E-01  8.024E-01  7.823E-01  7.544E-01  7.191E-01  6.769E-01  6.283E-01  5.741E-01  5.149E-01  4.519E-01  3.863E-01  3.194E-01  2.532E-01  1.896E-01  1.313E-01  8.070E-02  3.910E-02
  354.5000  8.854E-01  8.810E-01  8.678E-01  8.460E-01  8.159E-01  7.778E-01  7.323E-01  6.798E-01  6.212E-01  5.573E-01  4.892E-01  4.182E-01  3.459E-01  2.742E-01  2.054E-01  1.423E-01  8.744E-02  4.239E-02
  355.5000  8.271E-01  8.229E-01  8.107E-01  7.904E-01  7.623E-01  7.267E-01  6.842E-01  6.353E-01  5.805E-01  5.209E-01  4.573E-01  3.910E-01  3.235E-01  2.565E-01  1.922E-01  1.331E-01  8.176E-02  3.964E-02
  356.5000  7.672E-01  7.634E-01  7.520E-01  7.332E-01  7.072E-01  6.743E-01  6.349E-01  5.895E-01  5.388E-01  4.835E-01  4.246E-01  3.631E-01  3.004E-01  2.382E-01  1.785E-01  1.236E-01  7.591E-02  3.679E-02
  357.5000  6.522E-01  6.490E-01  6.393E-01  6.233E-01  6.013E-01  5.733E-01  5.398E-01  5.013E-01  4.582E-01  4.113E-01  3.612E-01  3.089E-01  2.556E-01  2.027E-01  1.519E-01  1.052E-01  6.457E-02  3.129E-02
  358.5000  5.030E-01  5.005E-01  4.931E-01  4.808E-01  4.638E-01  4.422E-01  4.165E-01  3.868E-01  3.536E-01  3.174E-01  2.788E-01  2.385E-01  1.974E-01  1.566E-01  1.173E-01  8.123E-02  4.987E-02  2.417E-02
  359.5000  8.462E-01  8.420E-01  8.295E-01  8.088E-01  7.803E-01  7.441E-01  7.008E-01  6.509E-01  5.951E-01  5.343E-01  4.694E-01  4.016E-01  3.324E-01  2.637E-01  1.976E-01  1.368E-01  8.397E-02  4.070E-02
  360.5000  7.840E-01  7.801E-01  7.686E-01  7.494E-01  7.230E-01  6.895E-01  6.495E-01  6.033E-01  5.517E-01  4.953E-01  4.352E-01  3.724E-01  3.084E-01  2.446E-01  1.833E-01  1.269E-01  7.787E-02  3.774E-02
  361.5000  7.064E-01  7.030E-01  6.926E-01  6.754E-01  6.516E-01  6.215E-01  5.854E-01  5.438E-01  4.973E-01  4.466E-01  3.925E-01  3.359E-01  2.782E-01  2.207E-01  1.654E-01  1.145E-01  7.026E-02  3.405E-02
  362.5000  8.292E-01  8.251E-01  8.129E-01  7.928E-01  7.649E-01  7.296E-01  6.873E-01  6.386E-01  5.841E-01  5.246E-01  4.611E-01  3.947E-01  3.269E-01  2.594E-01  1.944E-01  1.346E-01  8.255E-02  4.002E-02
  363.5000  7.373E-01  7.337E-01  7.229E-01  7.050E-01  6.802E-01  6.488E-01  6.113E-01  5.680E-01  5.196E-01  4.667E-01  4.103E-01  3.513E-01  2.910E-01  2.310E-01  1.731E-01  1.198E-01  7.348E-02  3.561E-02
  364.5000  8.040E-01  8.001E-01  7.883E-01  7.688E-01  7.418E-01  7.077E-01  6.668E-01  6.196E-01  5.669E-01  5.093E-01  4.477E-01  3.834E-01  3.177E-01  2.522E-01  1.890E-01  1.308E-01  8.019E-02  3.886E-02
  365.5000  9.794E-01  9.746E-01  9.603E-01  9.366E-01  9.037E-01  8.622E-01  8.124E-01  7.550E-01  6.908E-01  6.207E-01  5.458E-01  4.674E-01  3.873E-01  3.075E-01  2.305E-01  1.595E-01  9.775E-02  4.736E-02
  366.5000  1.036E+00  1.031E+00  1.016E+00  9.908E-01  9.561E-01  9.122E-01  8.596E-01  7.990E-01  7.311E-01  6.570E-01  5.778E-01  4.950E-01  4.102E-01  3.257E-01  2.442E-01  1.690E-01  1.035E-01  5.015E-02
  367.5000  9.833E-01  9.785E-01  9.641E-01  9.404E-01  9.075E-01  8.659E-01  8.160E-01  7.585E-01  6.942E-01  6.239E-01  5.488E-01  4.702E-01  3.897E-01  3.095E-01  2.321E-01  1.606E-01  9.835E-02  4.765E-02
  368.5000  8.635E-01  8.593E-01  8.467E-01  8.258E-01  7.970E-01  7.605E-01  7.168E-01  6.663E-01  6.099E-01  5.482E-01  4.823E-01  4.132E-01  3.426E-01  2.721E-01  2.040E-01  1.412E-01  8.644E-02  4.187E-02
  369.5000  1.035E+00  1.030E+00  1.015E+00  9.903E-01  9.557E-01  9.120E-01  8.596E-01  7.992E-01  7.316E-01  6.577E-01  5.787E-01  4.959E-01  4.112E-01  3.267E-01  2.450E-01  1.695E-01  1.037E-01  5.024E-02
  370.5000  9.390E-01  9.344E-01  9.208E-01  8.982E-01  8.669E-01  8.273E-01  7.798E-01  7.251E-01  6.638E-01  5.968E-01  5.252E-01  4.502E-01  3.733E-01  2.966E-01  2.225E-01  1.539E-01  9.417E-02  4.560E-02
  371.5000  1.074E+00  1.069E+00  1.053E+00  1.027E+00  9.916E-01  9.464E-01  8.922E-01  8.296E-01  7.596E-01  6.830E-01  6.011E-01  5.154E-01  4.275E-01  3.397E-01  2.548E-01  1.762E-01  1.078E-01  5.220E-02
  372.5000  7.930E-01  7.892E-01  7.777E-01  7.586E-01  7.323E-01  6.989E-01  6.589E-01  6.128E-01  5.611E-01  5.046E-01  4.442E-01  3.809E-01  3.160E-01  2.511E-01  1.884E-01  1.303E-01  7.968E-02  3.857E-02
  373.5000  7.165E-01  7.131E-01  7.027E-01  6.855E-01  6.617E-01  6.316E-01  5.955E-01  5.539E-01  5.072E-01  4.562E-01  4.016E-01  3.444E-01  2.858E-01  2.272E-01  1.704E-01  1.178E-01  7.206E-02  3.487E-02
  374.5000  7.862E-01  7.824E-01  7.710E-01  7.522E-01  7.261E-01  6.931E-01  6.535E-01  6.079E-01  5.568E-01  5.008E-01  4.410E-01  3.782E-01  3.139E-01  2.495E-01  1.872E-01  1.294E-01  7.913E-02  3.829E-02
  375.5000  8.867E-01  8.824E-01  8.696E-01  8.484E-01  8.190E-01  7.818E-01  7.373E-01  6.858E-01  6.282E-01  5.652E-01  4.977E-01  4.270E-01  3.544E-01  2.818E-01  2.114E-01  1.462E-01  8.933E-02  4.322E-02
  376.5000  8.851E-01  8.808E-01  8.681E-01  8.469E-01  8.177E-01  7.806E-01  7.361E-01  6.848E-01  6.274E-01  5.645E-01  4.972E-01  4.266E-01  3.541E-01  2.816E-01  2.113E-01  1.461E-01  8.926E-02  4.317E-02
  377.5000  1.054E+00  1.049E+00  1.033E+00  1.008E+00  9.734E-01  9.293E-01  8.765E-01  8.155E-01  7.471E-01  6.723E-01  5.922E-01  5.082E-01  4.220E-01  3.356E-01  2.518E-01  1.741E-01  1.063E-01  5.143E-02
  378.5000  1.148E+00  1.142E+00  1.126E+00  1.099E+00  1.061E+00  1.013E+00  9.552E-01  8.888E-01  8.144E-01  7.329E-01  6.457E-01  5.542E-01  4.602E-01  3.661E-01  2.747E-01  1.899E-01  1.160E-01  5.607E-02
  379.5000  8.490E-01  8.449E-01  8.327E-01  8.125E-01  7.846E-01  7.491E-01  7.066E-01  6.576E-01  6.026E-01  5.424E-01  4.779E-01  4.102E-01  3.407E-01  2.711E-01  2.034E-01  1.406E-01  8.585E-02  4.150E-02
  380.5000  1.021E+00  1.016E+00  1.001E+00  9.769E-01  9.433E-01  9.008E-01  8.497E-01  7.908E-01  7.247E-01  6.524E-01  5.749E-01  4.936E-01  4.100E-01  3.263E-01  2.449E-01  1.693E-01  1.033E-01  4.992E-02
  381.5000  9.589E-01  9.543E-01  9.405E-01  9.177E-01  8.862E-01  8.463E-01  7.984E-01  7.431E-01  6.811E-01  6.132E-01  5.405E-01  4.641E-01  3.856E-01  3.068E-01  2.303E-01  1.592E-01  9.713E-02  4.693E-02
  382.5000  6.387E-01  6.357E-01  6.265E-01  6.114E-01  5.904E-01  5.638E-01  5.319E-01  4.951E-01  4.539E-01  4.087E-01  3.603E-01  3.094E-01  2.571E-01  2.046E-01  1.536E-01  1.062E-01  6.476E-02  3.128E-02
  383.5000  5.607E-01  5.580E-01  5.500E-01  5.367E-01  5.183E-01  4.950E-01  4.671E-01  4.348E-01  3.986E-01  3.589E-01  3.165E-01  2.718E-01  2.259E-01  1.798E-01  1.350E-01  9.332E-02  5.690E-02  2.748E-02
  384.5000  8.412E-01  8.371E-01  8.251E-01  8.052E-01  7.777E-01  7.427E-01  7.008E-01  6.525E-01  5.982E-01  5.388E-01  4.751E-01  4.081E-01  3.392E-01  2.701E-01  2.028E-01  1.402E-01  8.544E-02  4.125E-02
  385.5000  8.320E-01  8.280E-01  8.161E-01  7.965E-01  7.692E-01  7.347E-01  6.933E-01  6.455E-01  5.919E-01  5.332E-01  4.702E-01  4.040E-01  3.359E-01  2.674E-01  2.008E-01  1.388E-01  8.459E-02  4.083E-02
  386.5000  8.478E-01  8.438E-01  8.317E-01  8.117E-01  7.839E-01  7.488E-01  7.067E-01  6.580E-01  6.034E-01  5.436E-01  4.794E-01  4.120E-01  3.426E-01  2.728E-01  2.049E-01  1.416E-01  8.627E-02  4.163E-02
  387.5000  7.877E-01  7.839E-01  7.727E-01  7.541E-01  7.284E-01  6.958E-01  6.567E-01  6.115E-01  5.608E-01  5.053E-01  4.457E-01  3.831E-01  3.186E-01  2.538E-01  1.906E-01  1.317E-01  8.023E-02  3.870E-02
  388.5000  7.893E-01  7.856E-01  7.743E-01  7.557E-01  7.300E-01  6.974E-01  6.582E-01  6.130E-01  5.622E-01  5.066E-01  4.469E-01  3.842E-01  3.196E-01  2.546E-01  1.912E-01  1.322E-01  8.047E-02  3.881E-02
  389.5000  9.951E-01  9.904E-01  9.762E-01  9.528E-01  9.204E-01  8.793E-01  8.300E-01  7.730E-01  7.091E-01  6.390E-01  5.638E-01  4.847E-01  4.033E-01  3.213E-01  2.414E-01  1.668E-01  1.015E-01  4.896E-02
  390.5000  9.771E-01  9.725E-01  9.586E-01  9.357E-01  9.039E-01  8.635E-01  8.152E-01  7.593E-01  6.966E-01  6.278E-01  5.540E-01  4.764E-01  3.964E-01  3.159E-01  2.373E-01  1.640E-01  9.980E-02  4.810E-02
  391.5000  1.159E+00  1.153E+00  1.137E+00  1.110E+00  1.072E+00  1.024E+00  9.670E-01  9.008E-01  8.264E-01  7.450E-01  6.575E-01  5.654E-01  4.706E-01  3.751E-01  2.818E-01  1.947E-01  1.185E-01  5.709E-02
  392.5000  8.688E-01  8.647E-01  8.524E-01  8.320E-01  8.038E-01  7.680E-01  7.251E-01  6.755E-01  6.198E-01  5.588E-01  4.932E-01  4.242E-01  3.531E-01  2.815E-01  2.115E-01  1.462E-01  8.890E-02  4.282E-02
  393.5000  3.776E-01  3.758E-01  3.705E-01  3.616E-01  3.494E-01  3.339E-01  3.152E-01  2.937E-01  2.695E-01  2.430E-01  2.145E-01  1.845E-01  1.536E-01  1.225E-01  9.206E-02  6.360E-02  3.867E-02  1.862E-02
  394.5000  8.883E-01  8.841E-01  8.716E-01  8.508E-01  8.220E-01  7.855E-01  7.417E-01  6.911E-01  6.342E-01  5.719E-01  5.049E-01  4.344E-01  3.617E-01  2.884E-01  2.168E-01  1.498E-01  9.106E-02  4.384E-02
  395.5000  1.143E+00  1.137E+00  1.121E+00  1.094E+00  1.057E+00  1.011E+00  9.543E-01  8.892E-01  8.161E-01  7.360E-01  6.499E-01  5.593E-01  4.657E-01  3.714E-01  2.792E-01  1.929E-01  1.172E-01  5.642E-02
  396.5000  6.708E-01  6.677E-01  6.582E-01  6.425E-01  6.208E-01  5.933E-01  5.603E-01  5.221E-01  4.793E-01  4.323E-01  3.818E-01  3.286E-01  2.737E-01  2.183E-01  1.641E-01  1.134E-01  6.889E-02  3.314E-02
  397.5000  7.739E-01  7.702E-01  7.593E-01  7.413E-01  7.163E-01  6.846E-01  6.465E-01  6.025E-01  5.531E-01  4.989E-01  4.407E-01  3.793E-01  3.160E-01  2.521E-01  1.896E-01  1.310E-01  7.955E-02  3.826E-02
  398.5000  1.329E+00  1.323E+00  1.305E+00  1.274E+00  1.231E+00  1.176E+00  1.111E+00  1.035E+00  9.506E-01  8.575E-01  7.575E-01  6.522E-01  5.433E-01  4.336E-01  3.261E-01  2.253E-01  1.368E-01  6.577E-02
  399.5000  1.383E+00  1.376E+00  1.357E+00  1.324E+00  1.280E+00  1.223E+00  1.155E+00  1.077E+00  9.889E-01  8.922E-01  7.882E-01  6.787E-01  5.655E-01  4.513E-01  3.395E-01  2.345E-01  1.424E-01  6.843E-02
  400.5000  1.453E+00  1.446E+00  1.426E+00  1.392E+00  1.345E+00  1.286E+00  1.215E+00  1.132E+00  1.040E+00  9.382E-01  8.290E-01  7.139E-01  5.950E-01  4.749E-01  3.573E-01  2.468E-01  1.498E-01  7.197E-02
  401.5000  1.495E+00  1.488E+00  1.467E+00  1.432E+00  1.384E+00  1.323E+00  1.250E+00  1.165E+00  1.070E+00  9.655E-01  8.532E-01  7.349E-01  6.125E-01  4.890E-01  3.679E-01  2.542E-01  1.542E-01  7.407E-02
  402.5000  1.551E+00  1.544E+00  1.522E+00  1.486E+00  1.437E+00  1.373E+00  1.297E+00  1.210E+00  1.111E+00  1.003E+00  8.861E-01  7.633E-01  6.364E-01  5.081E-01  3.823E-01  2.641E-01  1.602E-01  7.692E-02
  403.5000  1.420E+00  1.413E+00  1.393E+00  1.360E+00  1.315E+00  1.257E+00  1.187E+00  1.107E+00  1.017E+00  9.179E-01  8.114E-01  6.990E-01  5.829E-01  4.655E-01  3.503E-01  2.420E-01  1.468E-01  7.043E-02
  404.5000  1.392E+00  1.386E+00  1.366E+00  1.334E+00  1.289E+00  1.233E+00  1.165E+00  1.086E+00  9.975E-01  9.005E-01  7.961E-01  6.859E-01  5.720E-01  4.569E-01  3.439E-01  2.376E-01  1.440E-01  6.911E-02
  405.5000  1.446E+00  1.439E+00  1.419E+00  1.386E+00  1.339E+00  1.280E+00  1.210E+00  1.128E+00  1.036E+00  9.356E-01  8.273E-01  7.129E-01  5.946E-01  4.750E-01  3.576E-01  2.471E-01  1.497E-01  7.181E-02
  406.5000  1.362E+00  1.355E+00  1.336E+00  1.305E+00  1.261E+00  1.206E+00  1.139E+00  1.063E+00  9.763E-01  8.815E-01  7.795E-01  6.719E-01  5.605E-01  4.478E-01  3.371E-01  2.329E-01  1.411E-01  6.766E-02
  407.5000  1.373E+00  1.366E+00  1.347E+00  1.315E+00  1.271E+00  1.216E+00  1.149E+00  1.071E+00  9.844E-01  8.889E-01  7.862E-01  6.777E-01  5.654E-01  4.518E-01  3.402E-01  2.351E-01  1.424E-01  6.824E-02
  408.5000  1.528E+00  1.521E+00  1.500E+00  1.465E+00  1.416E+00  1.354E+00  1.279E+00  1.193E+00  1.097E+00  9.903E-01  8.759E-01  7.552E-01  6.302E-01  5.037E-01  3.793E-01  2.620E-01  1.587E-01  7.602E-02
  409.5000  1.498E+00  1.491E+00  1.470E+00  1.436E+00  1.388E+00  1.327E+00  1.254E+00  1.170E+00  1.075E+00  9.710E-01  8.590E-01  7.407E-01  6.182E-01  4.941E-01  3.722E-01  2.571E-01  1.557E-01  7.455E-02
  410.5000  1.299E+00  1.293E+00  1.275E+00  1.245E+00  1.203E+00  1.151E+00  1.088E+00  1.015E+00  9.325E-01  8.423E-01  7.452E-01  6.426E-01  5.364E-01  4.289E-01  3.231E-01  2.232E-01  1.351E-01  6.467E-02
  411.5000  1.561E+00  1.554E+00  1.532E+00  1.496E+00  1.446E+00  1.383E+00  1.307E+00  1.220E+00  1.121E+00  1.013E+00  8.960E-01  7.728E-01  6.452E-01  5.159E-01  3.887E-01  2.686E-01  1.625E-01  7.776E-02
  412.5000  1.547E+00  1.539E+00  1.518E+00  1.482E+00  1.433E+00  1.371E+00  1.296E+00  1.209E+00  1.111E+00  1.004E+00  8.884E-01  7.663E-01  6.399E-01  5.118E-01  3.856E-01  2.664E-01  1.612E-01  7.710E-02
  413.5000  1.500E+00  1.493E+00  1.472E+00  1.438E+00  1.390E+00  1.329E+00  1.257E+00  1.172E+00  1.078E+00  9.739E-01  8.619E-01  7.436E-01  6.210E-01  4.968E-01  3.743E-01  2.587E-01  1.565E-01  7.480E-02
  414.5000  1.541E+00  1.534E+00  1.513E+00  1.477E+00  1.428E+00  1.366E+00  1.292E+00  1.205E+00  1.108E+00  1.001E+00  8.862E-01  7.647E-01  6.387E-01  5.110E-01  3.851E-01  2.661E-01  1.609E-01  7.691E-02
  415.5000  1.474E+00  1.467E+00  1.447E+00  1.413E+00  1.366E+00  1.307E+00  1.235E+00  1.153E+00  1.060E+00  9.579E-01  8.479E-01  7.318E-01  6.113E-01  4.891E-01  3.687E-01  2.548E-01  1.541E-01  7.358E-02
  416.5000  1.604E+00  1.596E+00  1.574E+00  1.537E+00  1.487E+00  1.422E+00  1.344E+00  1.255E+00  1.154E+00  1.043E+00  9.232E-01  7.968E-01  6.658E-01  5.328E-01  4.017E-01  2.776E-01  1.678E-01  8.011E-02
  417.5000  1.466E+00  1.459E+00  1.439E+00  1.405E+00  1.359E+00  1.300E+00  1.229E+00  1.147E+00  1.055E+00  9.535E-01  8.443E-01  7.288E-01  6.090E-01  4.875E-01  3.675E-01  2.540E-01  1.535E-01  7.325E-02
  418.5000  1.477E+00  1.470E+00  1.450E+00  1.416E+00  1.369E+00  1.310E+00  1.239E+00  1.156E+00  1.063E+00  9.612E-01  8.512E-01  7.349E-01  6.142E-01  4.917E-01  3.708E-01  2.563E-01  1.548E-01  7.385E-02
  419.5000  1.526E+00  1.519E+00  1.498E+00  1.463E+00  1.414E+00  1.353E+00  1.280E+00  1.194E+00  1.099E+00  9.931E-01  8.796E-01  7.595E-01  6.349E-01  5.083E-01  3.834E-01  2.650E-01  1.601E-01  7.632E-02
------------------------------------------------------------
Dose rates, W m-2
   1 = UV-B, 280-315 nm                                  
   2 = UV-B*, 280-320 nm                                 
   3 = UV-A, 315-400 nm                                  
   4 = DNA damage, in vitro (Setlow, 1974)               
   5 = UV index (WMO, 1994; Webb et al., 2011)           
   6 = Plant damage (Caldwell, 1971)                     
   7 = Plant damage,Flint&Caldwell,2003,orig.            
   8 = Plant damage,Flint&Caldwell,2003,ext390           
values at z =      0.000 km
Columns: sza, weighting spectra
 sza, deg.          1          2          3          4          5          6          7          8
    0.0000  3.748E+00  5.771E+00  6.497E+01  3.771E-02  3.117E+01  1.190E+00  1.981E+00  2.434E+00
    5.0000  3.719E+00  5.729E+00  6.464E+01  3.723E-02  3.086E+01  1.178E+00  1.965E+00  2.416E+00
   10.0000  3.635E+00  5.612E+00  6.368E+01  3.580E-02  2.997E+01  1.143E+00  1.918E+00  2.362E+00
   15.0000  3.497E+00  5.416E+00  6.209E+01  3.353E-02  2.853E+01  1.085E+00  1.840E+00  2.274E+00
   20.0000  3.309E+00  5.149E+00  5.988E+01  3.052E-02  2.658E+01  1.007E+00  1.736E+00  2.154E+00
   25.0000  3.076E+00  4.817E+00  5.709E+01  2.698E-02  2.422E+01  9.135E-01  1.608E+00  2.008E+00
   30.0000  2.805E+00  4.428E+00  5.375E+01  2.311E-02  2.155E+01  8.075E-01  1.462E+00  1.839E+00
   35.0000  2.503E+00  3.992E+00  4.990E+01  1.910E-02  1.867E+01  6.936E-01  1.302E+00  1.652E+00
   40.0000  2.180E+00  3.520E+00  4.560E+01  1.519E-02  1.570E+01  5.768E-01  1.133E+00  1.455E+00
   45.0000  1.845E+00  3.026E+00  4.091E+01  1.155E-02  1.276E+01  4.621E-01  9.629E-01  1.252E+00
   50.0000  1.511E+00  2.525E+00  3.592E+01  8.359E-03  9.986E+00  3.544E-01  7.958E-01  1.050E+00
   55.0000  1.187E+00  2.032E+00  3.071E+01  5.704E-03  7.466E+00  2.577E-01  6.370E-01  8.555E-01
   60.0000  8.869E-01  1.563E+00  2.539E+01  3.634E-03  5.291E+00  1.754E-01  4.913E-01  6.727E-01
   65.0000  6.205E-01  1.135E+00  2.011E+01  2.136E-03  3.516E+00  1.099E-01  3.623E-01  5.065E-01
   70.0000  3.977E-01  7.643E-01  1.504E+01  1.143E-03  2.160E+00  6.184E-02  2.524E-01  3.606E-01
   75.0000  2.252E-01  4.617E-01  1.037E+01  5.516E-04  1.202E+00  3.026E-02  1.630E-01  2.379E-01
   80.0000  1.057E-01  2.354E-01  6.309E+00  2.436E-04  5.890E-01  1.264E-02  9.396E-02  1.397E-01
   85.0000  3.760E-02  8.890E-02  3.017E+00  1.029E-04  2.401E-01  4.861E-03  4.327E-02  6.538E-02
------------------------------------------------------------
