Spectral Irradiance, W m-2 nm-1
values at z =      0.000 km
Columns: wavelength (nm), solar zenith angles (deg.)
    wc, nm      0.000      5.000     10.000     15.000     20.000     25.000     30.000     35.000     40.000     45.000     50.000     55.000     60.000     65.000     70.000     75.000     80.000     85.000
  120.7000  0.000E+00  0.000E+00  0.000E+00  0.000E+00  0.000E+00  0.000E+00  0.000E+00  0.000E+00  0.000E+00  0.000E+00  0.000E+00  0.000E+00  0.000E+00  0.000E+00  0.000E+00  0.000E+00  0.000E+00  0.000E+00
  121.6500  0.000E+00  0.000E+00  0.000E+00  0.000E+00  0.000E+00  0.000E+00  0.000E+00  0.000E+00  0.000E+00  0.000E+00  0.000E+00  0.000E+00  0.000E+00  0.000E+00  0.000E+00  0.000E+00  0.000E+00  0.000E+00
  122.1000  0.000E+00  0.000E+00  0.000E+00  0.000E+00  0.000E+00  0.000E+00  0.000E+00  0.000E+00  0.000E+00  0.000E+00  0.000E+00  0.000E+00  0.000E+00  0.000E+00  0.000E+00  0.000E+00  0.000E+00  0.000E+00
  122.7000  0.000E+00  0.000E+00  0.000E+00  0.000E+00  0.000E+00  0.000E+00  0.000E+00  0.000E+00  0.000E+00  0.000E+00  0.000E+00  0.000E+00  0.000E+00  0.000E+00  0.000E+00  0.000E+00  0.000E+00  0.000E+00
  123.4500  0.000E+00  0.000E+00  0.000E+00  0.000E+00  0.000E+00  0.000E+00  0.000E+00  0.000E+00  0.000E+00  0.000E+00  0.000E+00  0.000E+00  0.000E+00  0.000E+00  0.000E+00  0.000E+00  0.000E+00  0.000E+00
  124.2000  0.000E+00  0.000E+00  0.000E+00  0.000E+00  0.000E+00  0.000E+00  0.000E+00  0.000E+00  0.000E+00  0.000E+00  0.000E+00  0.000E+00  0.000E+00  0.000E+00  0.000E+00  0.000E+00  0.000E+00  0.000E+00
  125.0000  0.000E+00  0.000E+00  0.000E+00  0.000E+00  0.000E+00  0.000E+00  0.000E+00  0.000E+00  0.000E+00  0.000E+00  0.000E+00  0.000E+00  0.000E+00  0.000E+00  0.000E+00  0.000E+00  0.000E+00  0.000E+00
  125.8000  0.000E+00  0.000E+00  0.000E+00  0.000E+00  0.000E+00  0.000E+00  0.000E+00  0.000E+00  0.000E+00  0.000E+00  0.000E+00  0.000E+00  0.000E+00  0.000E+00  0.000E+00  0.000E+00  0.000E+00  0.000E+00
  126.6000  0.000E+00  0.000E+00  0.000E+00  0.000E+00  0.000E+00  0.000E+00  0.000E+00  0.000E+00  0.000E+00  0.000E+00  0.000E+00  0.000E+00  0.000E+00  0.000E+00  0.000E+00  0.000E+00  0.000E+00  0.000E+00
  127.8000  0.000E+00  0.000E+00  0.000E+00  0.000E+00  0.000E+00  0.000E+00  0.000E+00  0.000E+00  0.000E+00  0.000E+00  0.000E+00  0.000E+00  0.000E+00  0.000E+00  0.000E+00  0.000E+00  0.000E+00  0.000E+00
  129.0000  0.000E+00  0.000E+00  0.000E+00  0.000E+00  0.000E+00  0.000E+00  0.000E+00  0.000E+00  0.000E+00  0.000E+00  0.000E+00  0.000E+00  0.000E+00  0.000E+00  0.000E+00  0.000E+00  0.000E+00  0.000E+00
  129.8500  0.000E+00  0.000E+00  0.000E+00  0.000E+00  0.000E+00  0.000E+00  0.000E+00  0.000E+00  0.000E+00  0.000E+00  0.000E+00  0.000E+00  0.000E+00  0.000E+00  0.000E+00  0.000E+00  0.000E+00  0.000E+00
  131.1500  0.000E+00  0.000E+00  0.000E+00  0.000E+00  0.000E+00  0.000E+00  0.000E+00  0.000E+00  0.000E+00  0.000E+00  0.000E+00  0.000E+00  0.000E+00  0.000E+00  0.000E+00  0.000E+00  0.000E+00  0.000E+00
  133.5000  0.000E+00  0.000E+00  0.000E+00  0.000E+00  0.000E+00  0.000E+00  0.000E+00  0.000E+00  0.000E+00  0.000E+00  0.000E+00  0.000E+00  0.000E+00  0.000E+00  0.000E+00  0.000E+00  0.000E+00  0.000E+00
  136.0000  0.000E+00  0.000E+00  0.000E+00  0.000E+00  0.000E+00  0.000E+00  0.000E+00  0.000E+00  0.000E+00  0.000E+00  0.000E+00  0.000E+00  0.000E+00  0.000E+00  0.000E+00  0.000E+00  0.000E+00  0.000E+00
  141.0000  0.000E+00  0.000E+00  0.000E+00  0.000E+00  0.000E+00  0.000E+00  0.000E+00  0.000E+00  0.000E+00  0.000E+00  0.000E+00  0.000E+00  0.000E+00  0.000E+00  0.000E+00  0.000E+00  0.000E+00  0.000E+00
  150.0000  0.000E+00  0.000E+00  0.000E+00  0.000E+00  0.000E+00  0.000E+00  0.000E+00  0.000E+00  0.000E+00  0.000E+00  0.000E+00  0.000E+00  0.000E+00  0.000E+00  0.000E+00  0.000E+00  0.000E+00  0.000E+00
  160.0000  0.000E+00  0.000E+00  0.000E+00  0.000E+00  0.000E+00  0.000E+00  0.000E+00  0.000E+00  0.000E+00  0.000E+00  0.000E+00  0.000E+00  0.000E+00  0.000E+00  0.000E+00  0.000E+00  0.000E+00  0.000E+00
  167.5000  0.000E+00  0.000E+00  0.000E+00  0.000E+00  0.000E+00  0.000E+00  0.000E+00  0.000E+00  0.000E+00  0.000E+00  0.000E+00  0.000E+00  0.000E+00  0.000E+00  0.000E+00  0.000E+00  0.000E+00  0.000E+00
  172.7000  0.000E+00  0.000E+00  0.000E+00  0.000E+00  0.000E+00  0.000E+00  0.000E+00  0.000E+00  0.000E+00  0.000E+00  0.000E+00  0.000E+00  0.000E+00  0.000E+00  0.000E+00  0.000E+00  0.000E+00  0.000E+00
  176.2000  0.000E+00  0.000E+00  0.000E+00  0.000E+00  0.000E+00  0.000E+00  0.000E+00  0.000E+00  0.000E+00  0.000E+00  0.000E+00  0.000E+00  0.000E+00  0.000E+00  0.000E+00  0.000E+00  0.000E+00  0.000E+00
  177.8000  0.000E+00  0.000E+00  0.000E+00  0.000E+00  0.000E+00  0.000E+00  0.000E+00  0.000E+00  0.000E+00  0.000E+00  0.000E+00  0.000E+00  0.000E+00  0.000E+00  0.000E+00  0.000E+00  0.000E+00  0.000E+00
  179.4000  0.000E+00  0.000E+00  0.000E+00  0.000E+00  0.000E+00  0.000E+00  0.000E+00  0.000E+00  0.000E+00  0.000E+00  0.000E+00  0.000E+00  0.000E+00  0.000E+00  0.000E+00  0.000E+00  0.000E+00  0.000E+00
  181.0000  0.000E+00  0.000E+00  0.000E+00  0.000E+00  0.000E+00  0.000E+00  0.000E+00  0.000E+00  0.000E+00  0.000E+00  0.000E+00  0.000E+00  0.000E+00  0.000E+00  0.000E+00  0.000E+00  0.000E+00  0.000E+00
  182.6500  0.000E+00  0.000E+00  0.000E+00  0.000E+00  0.000E+00  0.000E+00  0.000E+00  0.000E+00  0.000E+00  0.000E+00  0.000E+00  0.000E+00  0.000E+00  0.000E+00  0.000E+00  0.000E+00  0.000E+00  0.000E+00
  184.3500  0.000E+00  0.000E+00  0.000E+00  0.000E+00  0.000E+00  0.000E+00  0.000E+00  0.000E+00  0.000E+00  0.000E+00  0.000E+00  0.000E+00  0.000E+00  0.000E+00  0.000E+00  0.000E+00  0.000E+00  0.000E+00
  186.0500  0.000E+00  0.000E+00  0.000E+00  0.000E+00  0.000E+00  0.000E+00  0.000E+00  0.000E+00  0.000E+00  0.000E+00  0.000E+00  0.000E+00  0.000E+00  0.000E+00  0.000E+00  0.000E+00  0.000E+00  0.000E+00
  187.8000  0.000E+00  0.000E+00  0.000E+00  0.000E+00  0.000E+00  0.000E+00  0.000E+00  0.000E+00  0.000E+00  0.000E+00  0.000E+00  0.000E+00  0.000E+00  0.000E+00  0.000E+00  0.000E+00  0.000E+00  0.000E+00
  189.6000  0.000E+00  0.000E+00  0.000E+00  0.000E+00  0.000E+00  0.000E+00  0.000E+00  0.000E+00  0.000E+00  0.000E+00  0.000E+00  0.000E+00  0.000E+00  0.000E+00  0.000E+00  0.000E+00  0.000E+00  0.000E+00
  191.4000  0.000E+00  0.000E+00  0.000E+00  0.000E+00  0.000E+00  0.000E+00  0.000E+00  0.000E+00  0.000E+00  0.000E+00  0.000E+00  0.000E+00  0.000E+00  0.000E+00  0.000E+00  0.000E+00  0.000E+00  0.000E+00
  193.2500  0.000E+00  0.000E+00  0.000E+00  0.000E+00  0.000E+00  0.000E+00  0.000E+00  0.000E+00  0.000E+00  0.000E+00  0.000E+00  0.000E+00  0.000E+00  0.000E+00  0.000E+00  0.000E+00  0.000E+00  0.000E+00
  195.1500  0.000E+00  0.000E+00  0.000E+00  0.000E+00  0.000E+00  0.000E+00  0.000E+00  0.000E+00  0.000E+00  0.000E+00  0.000E+00  0.000E+00  0.000E+00  0.000E+00  0.000E+00  0.000E+00  0.000E+00  0.000E+00
  197.0500  0.000E+00  0.000E+00  0.000E+00  0.000E+00  0.000E+00  0.000E+00  0.000E+00  0.000E+00  0.000E+00  0.000E+00  0.000E+00  0.000E+00  0.000E+00  0.000E+00  0.000E+00  0.000E+00  0.000E+00  0.000E+00
  199.0000  0.000E+00  0.000E+00  0.000E+00  0.000E+00  0.000E+00  0.000E+00  0.000E+00  0.000E+00  0.000E+00  0.000E+00  0.000E+00  0.000E+00  0.000E+00  0.000E+00  0.000E+00  0.000E+00  0.000E+00  0.000E+00
  201.0000  0.000E+00  0.000E+00  0.000E+00  0.000E+00  0.000E+00  0.000E+00  0.000E+00  0.000E+00  0.000E+00  0.000E+00  0.000E+00  0.000E+00  0.000E+00  0.000E+00  0.000E+00  0.000E+00  0.000E+00  0.000E+00
  203.0500  0.000E+00  0.000E+00  0.000E+00  0.000E+00  0.000E+00  0.000E+00  0.000E+00  0.000E+00  0.000E+00  0.000E+00  0.000E+00  0.000E+00  0.000E+00  0.000E+00  0.000E+00  0.000E+00  0.000E+00  0.000E+00
  205.1500  0.000E+00  0.000E+00  0.000E+00  0.000E+00  0.000E+00  0.000E+00  0.000E+00  0.000E+00  0.000E+00  0.000E+00  0.000E+00  0.000E+00  0.000E+00  0.000E+00  0.000E+00  0.000E+00  0.000E+00  0.000E+00
  207.2665  1.632E-19  1.403E-19  8.859E-20  4.040E-20  1.291E-20  2.759E-21  3.693E-22  2.826E-23  1.098E-24  1.935E-26  2.211E-28  1.871E-29  7.302E-30  3.908E-30  2.302E-30  1.374E-30  7.727E-31  3.589E-31
  209.4295  1.762E-18  1.525E-18  9.845E-19  4.660E-19  1.572E-19  3.617E-20  5.332E-21  4.619E-22  2.104E-23  4.550E-25  6.589E-27  5.893E-28  2.283E-28  1.221E-28  7.203E-29  4.311E-29  2.432E-29  1.132E-29
  211.6460  2.572E-17  2.246E-17  1.488E-17  7.361E-18  2.649E-18  6.653E-19  1.100E-19  1.106E-20  6.095E-22  1.689E-23  3.310E-25  3.268E-26  1.261E-26  6.740E-27  3.991E-27  2.401E-27  1.361E-27  6.363E-28
  213.9100  1.582E-16  1.390E-16  9.390E-17  4.805E-17  1.816E-17  4.875E-18  8.796E-19  9.890E-20  6.297E-21  2.100E-22  5.077E-24  5.218E-25  1.981E-25  1.056E-25  6.274E-26  3.796E-26  2.167E-26  1.019E-26
  216.2225  9.242E-16  8.180E-16  5.646E-16  2.998E-16  1.196E-16  3.453E-17  6.855E-18  8.721E-19  6.511E-20  2.670E-21  8.205E-23  8.947E-24  3.335E-24  1.772E-24  1.058E-24  6.456E-25  3.722E-25  1.764E-25
  218.5855  1.067E-14  9.521E-15  6.746E-15  3.746E-15  1.594E-15  5.030E-16  1.122E-16  1.659E-17  1.505E-18  7.978E-20  3.331E-21  4.015E-22  1.470E-22  7.788E-23  4.686E-23  2.893E-23  1.692E-23  8.126E-24
  221.0010  6.278E-14  5.642E-14  4.079E-14  2.346E-14  1.050E-14  3.551E-15  8.672E-16  1.443E-16  1.525E-17  9.857E-19  5.130E-20  6.456E-21  2.286E-21  1.204E-21  7.304E-22  4.571E-22  2.716E-22  1.326E-22
  223.4705  3.947E-13  3.569E-13  2.630E-13  1.561E-13  7.329E-14  2.641E-14  7.017E-15  1.302E-15  1.586E-16  1.232E-17  7.793E-19  1.005E-19  3.407E-20  1.782E-20  1.092E-20  6.939E-21  4.202E-21  2.092E-21
  225.9960  1.893E-12  1.724E-12  1.298E-12  7.997E-13  3.961E-13  1.536E-13  4.497E-14  9.469E-15  1.360E-15  1.308E-16  1.035E-17  1.392E-18  4.494E-19  2.335E-19  1.449E-19  9.382E-20  5.812E-20  2.970E-20
  228.5790  7.978E-12  7.306E-12  5.594E-12  3.548E-12  1.834E-12  7.536E-13  2.381E-13  5.540E-14  9.060E-15  1.026E-15  9.433E-17  1.257E-17  3.800E-18  1.962E-18  1.235E-18  8.159E-19  5.175E-19  2.720E-19
  231.2215  2.220E-11  2.041E-11  1.581E-11  1.023E-11  5.449E-12  2.332E-12  7.778E-13  1.941E-13  3.471E-14  4.366E-15  4.335E-16  5.455E-17  1.522E-17  7.827E-18  5.003E-18  3.367E-18  2.183E-18  1.179E-18
  233.9260  3.490E-11  3.218E-11  2.514E-11  1.651E-11  8.979E-12  3.956E-12  1.371E-12  3.592E-13  6.826E-14  9.166E-15  9.349E-16  1.074E-16  2.737E-17  1.407E-17  9.136E-18  6.257E-18  4.142E-18  2.296E-18
  236.6945  6.844E-11  6.323E-11  4.971E-11  3.300E-11  1.823E-11  8.205E-12  2.923E-12  7.933E-13  1.571E-13  2.190E-14  2.223E-15  2.280E-16  5.281E-17  2.726E-17  1.797E-17  1.251E-17  8.435E-18  4.791E-18
  239.5295  2.909E-10  2.705E-10  2.171E-10  1.492E-10  8.672E-11  4.180E-11  1.628E-11  4.947E-12  1.123E-12  1.821E-13  2.089E-14  2.126E-15  4.553E-16  2.362E-16  1.584E-16  1.125E-16  7.783E-17  4.591E-17
  242.4330  4.289E-09  4.023E-09  3.313E-09  2.379E-09  1.473E-09  7.725E-10  3.349E-10  1.160E-10  3.069E-11  5.869E-12  7.758E-13  8.157E-14  1.631E-14  8.486E-15  5.793E-15  4.201E-15  2.987E-15  1.843E-15
  245.4080  1.026E-09  9.576E-10  7.759E-10  5.420E-10  3.223E-10  1.600E-10  6.454E-11  2.036E-11  4.777E-12  7.813E-13  8.409E-14  6.875E-15  1.230E-15  6.474E-16  4.446E-16  3.235E-16  2.303E-16  1.417E-16
  248.4570  3.207E-10  2.979E-10  2.381E-10  1.625E-10  9.342E-11  4.429E-11  1.681E-11  4.902E-12  1.039E-12  1.488E-13  1.343E-14  8.796E-16  1.427E-16  7.583E-17  5.229E-17  3.814E-17  2.717E-17  1.668E-17
  251.5825  1.660E-10  1.538E-10  1.220E-10  8.225E-11  4.641E-11  2.145E-11  7.873E-12  2.198E-12  4.399E-13  5.845E-14  4.765E-15  2.717E-16  4.101E-17  2.183E-17  1.508E-17  1.101E-17  7.843E-18  4.809E-18
  254.7875  1.853E-10  1.715E-10  1.357E-10  9.099E-11  5.096E-11  2.332E-11  8.442E-12  2.314E-12  4.520E-13  5.808E-14  4.511E-15  2.384E-16  3.401E-17  1.806E-17  1.247E-17  9.103E-18  6.487E-18  3.979E-18
  258.0750  5.964E-10  5.532E-10  4.404E-10  2.984E-10  1.697E-10  7.925E-11  2.946E-11  8.351E-12  1.700E-12  2.299E-13  1.898E-14  1.058E-15  1.477E-16  7.729E-17  5.319E-17  3.879E-17  2.765E-17  1.701E-17
  261.4490  1.230E-09  1.145E-09  9.221E-10  6.371E-10  3.726E-10  1.808E-10  7.060E-11  2.131E-11  4.696E-12  7.017E-13  6.553E-14  4.162E-15  5.820E-16  2.975E-16  2.036E-16  1.481E-16  1.056E-16  6.525E-17
  264.9125  1.573E-08  1.474E-08  1.208E-08  8.607E-09  5.265E-09  2.713E-09  1.147E-09  3.827E-10  9.586E-11  1.684E-11  1.928E-12  1.536E-13  2.238E-14  1.101E-14  7.459E-15  5.402E-15  3.850E-15  2.394E-15
  268.4685  1.375E-07  1.298E-07  1.090E-07  8.092E-08  5.255E-08  2.936E-08  1.379E-08  5.270E-09  1.568E-09  3.425E-10  5.168E-11  5.640E-12  9.030E-13  4.184E-13  2.790E-13  2.005E-13  1.426E-13  8.929E-14
  272.1215  1.300E-06  1.239E-06  1.068E-06  8.303E-07  5.762E-07  3.523E-07  1.861E-07  8.265E-08  2.977E-08  8.295E-09  1.702E-09  2.643E-10  4.915E-11  2.110E-11  1.370E-11  9.729E-12  6.887E-12  4.335E-12
  275.8755  1.400E-05  1.346E-05  1.195E-05  9.747E-06  7.259E-06  4.883E-06  2.922E-06  1.523E-06  6.721E-07  2.424E-07  6.889E-08  1.556E-08  3.587E-09  1.424E-09  8.811E-10  6.137E-10  4.299E-10  2.710E-10
  279.7340  9.378E-05  9.094E-05  8.286E-05  7.071E-05  5.623E-05  3.936E-05  2.775E-05  1.677E-05  8.937E-06  4.090E-06  1.566E-06  4.991E-07  1.480E-07  5.672E-08  3.240E-08  2.188E-08  1.504E-08  9.425E-09
  283.7020  1.391E-03  1.376E-03  1.283E-03  1.139E-03  9.591E-04  7.618E-04  5.662E-04  3.895E-04  2.445E-04  1.376E-04  6.803E-05  2.923E-05  1.128E-05  4.552E-06  2.353E-06  1.500E-06  1.000E-06  6.151E-07
  287.7845  1.008E-02  9.909E-03  9.412E-03  8.624E-03  7.604E-03  6.426E-03  5.177E-03  3.948E-03  2.821E-03  1.867E-03  1.127E-03  6.132E-04  3.004E-04  1.386E-04  6.819E-05  3.952E-05  2.503E-05  1.484E-05
  291.9865  5.468E-02  5.400E-02  5.200E-02  4.877E-02  4.448E-02  3.934E-02  3.363E-02  2.764E-02  2.171E-02  1.615E-02  1.127E-02  7.283E-03  4.317E-03  2.350E-03  1.217E-03  6.519E-04  3.782E-04  2.113E-04
  296.3090  1.128E-01  1.117E-01  1.085E-01  1.034E-01  9.643E-02  8.791E-02  7.813E-02  6.748E-02  5.638E-02  4.530E-02  3.474E-02  2.519E-02  1.707E-02  1.070E-02  6.180E-03  3.350E-03  1.785E-03  9.137E-04
  300.5000  1.591E-01  1.579E-01  1.543E-01  1.483E-01  1.401E-01  1.300E-01  1.182E-01  1.051E-01  9.103E-02  7.647E-02  6.196E-02  4.806E-02  3.533E-02  2.432E-02  1.546E-02  8.958E-03  4.711E-03  2.214E-03
  303.0000  2.614E-01  2.596E-01  2.541E-01  2.446E-01  2.330E-01  2.177E-01  1.998E-01  1.797E-01  1.579E-01  1.351E-01  1.119E-01  8.921E-02  6.782E-02  4.861E-02  3.234E-02  1.957E-02  1.050E-02  4.783E-03
  304.0000  2.537E-01  2.520E-01  2.469E-01  2.384E-01  2.268E-01  2.123E-01  1.953E-01  1.762E-01  1.553E-01  1.335E-01  1.112E-01  8.919E-02  6.835E-02  4.946E-02  3.327E-02  2.037E-02  1.101E-02  4.984E-03
  305.0000  2.983E-01  2.963E-01  2.904E-01  2.808E-01  2.676E-01  2.511E-01  2.316E-01  2.096E-01  1.857E-01  1.604E-01  1.345E-01  1.088E-01  8.425E-02  6.173E-02  4.215E-02  2.622E-02  1.435E-02  6.468E-03
  306.0000  2.548E-01  2.531E-01  2.482E-01  2.402E-01  2.291E-01  2.153E-01  1.987E-01  1.805E-01  1.603E-01  1.390E-01  1.171E-01  9.522E-02  7.421E-02  5.481E-02  3.778E-02  2.376E-02  1.311E-02  5.899E-03
  307.0000  2.963E-01  2.944E-01  2.888E-01  2.797E-01  2.671E-01  2.513E-01  2.327E-01  2.117E-01  1.886E-01  1.641E-01  1.389E-01  1.136E-01  8.918E-02  6.645E-02  4.629E-02  2.945E-02  1.643E-02  7.395E-03
  308.0000  3.164E-01  3.144E-01  3.086E-01  2.991E-01  2.858E-01  2.694E-01  2.499E-01  2.278E-01  2.035E-01  1.777E-01  1.510E-01  1.242E-01  9.813E-02  7.370E-02  5.184E-02  3.336E-02  1.881E-02  8.484E-03
  309.0000  3.119E-01  3.095E-01  3.043E-01  2.950E-01  2.822E-01  2.662E-01  2.472E-01  2.256E-01  2.019E-01  1.766E-01  1.505E-01  1.241E-01  9.840E-02  7.422E-02  5.248E-02  3.398E-02  1.928E-02  8.704E-03
  310.0000  2.787E-01  2.770E-01  2.721E-01  2.639E-01  2.527E-01  2.387E-01  2.221E-01  2.031E-01  1.823E-01  1.601E-01  1.370E-01  1.136E-01  9.066E-02  6.897E-02  4.927E-02  3.230E-02  1.857E-02  8.438E-03
  311.0000  4.509E-01  4.482E-01  4.403E-01  4.273E-01  4.094E-01  3.869E-01  3.602E-01  3.298E-01  2.964E-01  2.606E-01  2.234E-01  1.857E-01  1.486E-01  1.134E-01  8.137E-02  5.359E-02  3.097E-02  1.411E-02
  312.0000  3.806E-01  3.784E-01  3.719E-01  3.610E-01  3.461E-01  3.273E-01  3.051E-01  2.798E-01  2.518E-01  2.219E-01  1.907E-01  1.590E-01  1.278E-01  9.799E-02  7.072E-02  4.692E-02  2.734E-02  1.252E-02
  313.0000  4.030E-01  4.007E-01  3.938E-01  3.825E-01  3.669E-01  3.473E-01  3.240E-01  2.975E-01  2.683E-01  2.369E-01  2.041E-01  1.707E-01  1.377E-01  1.061E-01  7.700E-02  5.146E-02  3.024E-02  1.393E-02
  314.0000  4.312E-01  4.287E-01  4.215E-01  4.094E-01  3.929E-01  3.720E-01  3.473E-01  3.190E-01  2.879E-01  2.544E-01  2.194E-01  1.837E-01  1.484E-01  1.146E-01  8.334E-02  5.584E-02  3.290E-02  1.518E-02
  316.0000  4.087E-01  4.064E-01  3.996E-01  3.885E-01  3.731E-01  3.537E-01  3.307E-01  3.044E-01  2.753E-01  2.440E-01  2.112E-01  1.777E-01  1.443E-01  1.121E-01  8.227E-02  5.570E-02  3.325E-02  1.551E-02
  320.0000  4.831E-01  4.805E-01  4.727E-01  4.599E-01  4.421E-01  4.198E-01  3.932E-01  3.627E-01  3.290E-01  2.926E-01  2.543E-01  2.149E-01  1.756E-01  1.374E-01  1.017E-01  6.960E-02  4.211E-02  1.992E-02
  325.0000  5.810E-01  5.779E-01  5.688E-01  5.537E-01  5.328E-01  5.065E-01  4.751E-01  4.391E-01  3.992E-01  3.560E-01  3.104E-01  2.635E-01  2.163E-01  1.702E-01  1.268E-01  8.749E-02  5.352E-02  2.565E-02
  330.0000  7.037E-01  7.000E-01  6.891E-01  6.710E-01  6.461E-01  6.147E-01  5.771E-01  5.340E-01  4.861E-01  4.343E-01  3.794E-01  3.226E-01  2.655E-01  2.095E-01  1.565E-01  1.083E-01  6.657E-02  3.211E-02
  335.0000  6.606E-01  6.572E-01  6.470E-01  6.303E-01  6.071E-01  5.779E-01  5.430E-01  5.029E-01  4.583E-01  4.099E-01  3.586E-01  3.055E-01  2.518E-01  1.990E-01  1.489E-01  1.033E-01  6.362E-02  3.081E-02
  340.0000  7.144E-01  7.108E-01  6.999E-01  6.820E-01  6.572E-01  6.258E-01  5.884E-01  5.453E-01  4.974E-01  4.452E-01  3.899E-01  3.325E-01  2.744E-01  2.171E-01  1.626E-01  1.128E-01  6.949E-02  3.371E-02
  345.0000  7.031E-01  6.996E-01  6.890E-01  6.715E-01  6.472E-01  6.166E-01  5.800E-01  5.379E-01  4.909E-01  4.398E-01  3.855E-01  3.291E-01  2.718E-01  2.152E-01  1.612E-01  1.118E-01  6.887E-02  3.343E-02
  350.0000  7.360E-01  7.323E-01  7.213E-01  7.031E-01  6.779E-01  6.461E-01  6.080E-01  5.641E-01  5.152E-01  4.619E-01  4.052E-01  3.461E-01  2.861E-01  2.267E-01  1.698E-01  1.177E-01  7.240E-02  3.513E-02
  355.0000  7.782E-01  7.744E-01  7.628E-01  7.437E-01  7.172E-01  6.838E-01  6.438E-01  5.977E-01  5.462E-01  4.900E-01  4.302E-01  3.678E-01  3.043E-01  2.412E-01  1.808E-01  1.252E-01  7.695E-02  3.734E-02
  360.0000  7.119E-01  7.084E-01  6.979E-01  6.805E-01  6.565E-01  6.261E-01  5.897E-01  5.477E-01  5.008E-01  4.497E-01  3.951E-01  3.381E-01  2.799E-01  2.221E-01  1.664E-01  1.152E-01  7.073E-02  3.430E-02
  365.0000  9.057E-01  9.012E-01  8.880E-01  8.660E-01  8.357E-01  7.972E-01  7.512E-01  6.981E-01  6.387E-01  5.738E-01  5.045E-01  4.321E-01  3.580E-01  2.842E-01  2.131E-01  1.475E-01  9.040E-02  4.381E-02
  370.0000  9.422E-01  9.376E-01  9.239E-01  9.012E-01  8.698E-01  8.300E-01  7.824E-01  7.275E-01  6.659E-01  5.987E-01  5.268E-01  4.515E-01  3.744E-01  2.975E-01  2.231E-01  1.543E-01  9.446E-02  4.575E-02
  375.0000  8.516E-01  8.475E-01  8.352E-01  8.148E-01  7.866E-01  7.509E-01  7.080E-01  6.586E-01  6.032E-01  5.427E-01  4.779E-01  4.099E-01  3.402E-01  2.705E-01  2.029E-01  1.403E-01  8.577E-02  4.150E-02
  380.0000  9.795E-01  9.748E-01  9.607E-01  9.375E-01  9.052E-01  8.643E-01  8.153E-01  7.587E-01  6.953E-01  6.259E-01  5.516E-01  4.735E-01  3.933E-01  3.129E-01  2.349E-01  1.624E-01  9.910E-02  4.790E-02
  385.0000  7.388E-01  7.353E-01  7.248E-01  7.073E-01  6.831E-01  6.524E-01  6.157E-01  5.732E-01  5.255E-01  4.734E-01  4.174E-01  3.586E-01  2.981E-01  2.374E-01  1.783E-01  1.232E-01  7.509E-02  3.625E-02
  390.0000  9.653E-01  9.607E-01  9.470E-01  9.243E-01  8.928E-01  8.530E-01  8.052E-01  7.500E-01  6.880E-01  6.200E-01  5.471E-01  4.704E-01  3.914E-01  3.119E-01  2.343E-01  1.619E-01  9.855E-02  4.751E-02
  395.0000  7.491E-01  7.456E-01  7.350E-01  7.175E-01  6.932E-01  6.625E-01  6.255E-01  5.829E-01  5.349E-01  4.824E-01  4.259E-01  3.665E-01  3.052E-01  2.434E-01  1.830E-01  1.264E-01  7.683E-02  3.699E-02
  400.0000  1.391E+00  1.385E+00  1.365E+00  1.333E+00  1.288E+00  1.231E+00  1.163E+00  1.084E+00  9.953E-01  8.981E-01  7.935E-01  6.833E-01  5.694E-01  4.545E-01  3.419E-01  2.362E-01  1.434E-01  6.890E-02
  405.0000  1.419E+00  1.412E+00  1.393E+00  1.360E+00  1.314E+00  1.256E+00  1.187E+00  1.107E+00  1.017E+00  9.180E-01  8.117E-01  6.994E-01  5.833E-01  4.660E-01  3.507E-01  2.423E-01  1.469E-01  7.047E-02
  410.0000  1.464E+00  1.457E+00  1.437E+00  1.403E+00  1.356E+00  1.297E+00  1.226E+00  1.143E+00  1.051E+00  9.491E-01  8.396E-01  7.241E-01  6.044E-01  4.832E-01  3.639E-01  2.515E-01  1.522E-01  7.290E-02
  415.0000  1.526E+00  1.518E+00  1.497E+00  1.462E+00  1.414E+00  1.352E+00  1.279E+00  1.193E+00  1.097E+00  9.913E-01  8.775E-01  7.572E-01  6.325E-01  5.061E-01  3.815E-01  2.636E-01  1.594E-01  7.618E-02
  420.0000  1.540E+00  1.533E+00  1.512E+00  1.477E+00  1.428E+00  1.366E+00  1.292E+00  1.206E+00  1.109E+00  1.003E+00  8.882E-01  7.670E-01  6.412E-01  5.135E-01  3.873E-01  2.677E-01  1.617E-01  7.711E-02
  425.0000  1.471E+00  1.464E+00  1.444E+00  1.410E+00  1.364E+00  1.305E+00  1.235E+00  1.153E+00  1.061E+00  9.595E-01  8.503E-01  7.348E-01  6.147E-01  4.926E-01  3.719E-01  2.571E-01  1.552E-01  7.381E-02
  430.0000  1.357E+00  1.351E+00  1.332E+00  1.301E+00  1.259E+00  1.205E+00  1.140E+00  1.065E+00  9.801E-01  8.870E-01  7.865E-01  6.800E-01  5.694E-01  4.567E-01  3.450E-01  2.386E-01  1.438E-01  6.827E-02
  435.0000  1.575E+00  1.568E+00  1.547E+00  1.511E+00  1.462E+00  1.400E+00  1.325E+00  1.238E+00  1.140E+00  1.032E+00  9.153E-01  7.919E-01  6.635E-01  5.326E-01  4.027E-01  2.786E-01  1.678E-01  7.945E-02
  440.0000  1.621E+00  1.614E+00  1.592E+00  1.555E+00  1.505E+00  1.441E+00  1.364E+00  1.275E+00  1.174E+00  1.063E+00  9.440E-01  8.172E-01  6.852E-01  5.505E-01  4.165E-01  2.883E-01  1.735E-01  8.192E-02
  445.0000  1.741E+00  1.733E+00  1.710E+00  1.671E+00  1.617E+00  1.549E+00  1.466E+00  1.371E+00  1.263E+00  1.144E+00  1.016E+00  8.803E-01  7.386E-01  5.939E-01  4.496E-01  3.114E-01  1.872E-01  8.819E-02
  450.0000  1.852E+00  1.844E+00  1.819E+00  1.778E+00  1.720E+00  1.648E+00  1.560E+00  1.459E+00  1.345E+00  1.219E+00  1.083E+00  9.389E-01  7.883E-01  6.343E-01  4.806E-01  3.330E-01  2.001E-01  9.401E-02
  455.0000  1.813E+00  1.805E+00  1.780E+00  1.740E+00  1.684E+00  1.614E+00  1.528E+00  1.429E+00  1.318E+00  1.195E+00  1.063E+00  9.214E-01  7.742E-01  6.234E-01  4.727E-01  3.277E-01  1.968E-01  9.220E-02
  460.0000  1.866E+00  1.858E+00  1.833E+00  1.792E+00  1.735E+00  1.662E+00  1.574E+00  1.473E+00  1.358E+00  1.232E+00  1.096E+00  9.509E-01  7.994E-01  6.441E-01  4.888E-01  3.390E-01  2.034E-01  9.501E-02
  465.0000  1.845E+00  1.837E+00  1.813E+00  1.772E+00  1.716E+00  1.644E+00  1.558E+00  1.458E+00  1.345E+00  1.220E+00  1.086E+00  9.426E-01  7.929E-01  6.394E-01  4.856E-01  3.370E-01  2.021E-01  9.415E-02
  470.0000  1.836E+00  1.827E+00  1.803E+00  1.763E+00  1.707E+00  1.636E+00  1.550E+00  1.451E+00  1.339E+00  1.216E+00  1.082E+00  9.398E-01  7.910E-01  6.383E-01  4.852E-01  3.369E-01  2.020E-01  9.383E-02
  475.0000  1.857E+00  1.849E+00  1.825E+00  1.784E+00  1.728E+00  1.656E+00  1.569E+00  1.469E+00  1.356E+00  1.232E+00  1.097E+00  9.531E-01  8.027E-01  6.482E-01  4.931E-01  3.425E-01  2.053E-01  9.509E-02
  480.0000  1.912E+00  1.903E+00  1.878E+00  1.836E+00  1.779E+00  1.705E+00  1.616E+00  1.513E+00  1.397E+00  1.269E+00  1.131E+00  9.829E-01  8.283E-01  6.692E-01  5.093E-01  3.540E-01  2.120E-01  9.783E-02
  485.0000  1.737E+00  1.729E+00  1.707E+00  1.669E+00  1.616E+00  1.549E+00  1.469E+00  1.376E+00  1.271E+00  1.155E+00  1.029E+00  8.949E-01  7.545E-01  6.100E-01  4.646E-01  3.231E-01  1.934E-01  8.902E-02
  490.0000  1.809E+00  1.801E+00  1.777E+00  1.738E+00  1.684E+00  1.614E+00  1.531E+00  1.434E+00  1.325E+00  1.204E+00  1.073E+00  9.340E-01  7.879E-01  6.375E-01  4.859E-01  3.381E-01  2.024E-01  9.292E-02
  495.0000  1.843E+00  1.835E+00  1.811E+00  1.771E+00  1.716E+00  1.645E+00  1.560E+00  1.462E+00  1.351E+00  1.228E+00  1.095E+00  9.535E-01  8.048E-01  6.515E-01  4.970E-01  3.460E-01  2.071E-01  9.480E-02
  500.0000  1.759E+00  1.751E+00  1.728E+00  1.690E+00  1.638E+00  1.571E+00  1.490E+00  1.396E+00  1.290E+00  1.173E+00  1.047E+00  9.114E-01  7.696E-01  6.234E-01  4.757E-01  3.314E-01  1.982E-01  9.040E-02
  505.0000  1.789E+00  1.781E+00  1.758E+00  1.719E+00  1.665E+00  1.597E+00  1.515E+00  1.420E+00  1.313E+00  1.194E+00  1.065E+00  9.281E-01  7.840E-01  6.353E-01  4.851E-01  3.380E-01  2.020E-01  9.175E-02
  510.0000  1.774E+00  1.766E+00  1.743E+00  1.705E+00  1.652E+00  1.584E+00  1.503E+00  1.409E+00  1.303E+00  1.185E+00  1.058E+00  9.220E-01  7.792E-01  6.318E-01  4.828E-01  3.366E-01  2.013E-01  9.119E-02
  515.0000  1.644E+00  1.637E+00  1.616E+00  1.581E+00  1.532E+00  1.469E+00  1.394E+00  1.307E+00  1.209E+00  1.100E+00  9.822E-01  8.563E-01  7.241E-01  5.875E-01  4.492E-01  3.134E-01  1.874E-01  8.467E-02
  520.0000  1.691E+00  1.684E+00  1.662E+00  1.626E+00  1.575E+00  1.511E+00  1.434E+00  1.345E+00  1.244E+00  1.132E+00  1.011E+00  8.820E-01  7.461E-01  6.056E-01  4.633E-01  3.234E-01  1.934E-01  8.711E-02
  525.0000  1.698E+00  1.690E+00  1.669E+00  1.632E+00  1.582E+00  1.518E+00  1.441E+00  1.351E+00  1.250E+00  1.138E+00  1.016E+00  8.866E-01  7.503E-01  6.093E-01  4.663E-01  3.256E-01  1.946E-01  8.733E-02
  530.0000  1.790E+00  1.782E+00  1.759E+00  1.721E+00  1.668E+00  1.600E+00  1.519E+00  1.425E+00  1.318E+00  1.200E+00  1.072E+00  9.358E-01  7.921E-01  6.434E-01  4.926E-01  3.440E-01  2.054E-01  9.180E-02
  535.0000  1.735E+00  1.728E+00  1.706E+00  1.669E+00  1.617E+00  1.552E+00  1.473E+00  1.382E+00  1.279E+00  1.165E+00  1.041E+00  9.084E-01  7.692E-01  6.251E-01  4.789E-01  3.346E-01  1.997E-01  8.899E-02
  540.0000  1.737E+00  1.730E+00  1.707E+00  1.670E+00  1.619E+00  1.554E+00  1.475E+00  1.384E+00  1.281E+00  1.167E+00  1.043E+00  9.106E-01  7.714E-01  6.272E-01  4.808E-01  3.361E-01  2.007E-01  8.921E-02
  545.0000  1.763E+00  1.756E+00  1.733E+00  1.696E+00  1.644E+00  1.577E+00  1.498E+00  1.405E+00  1.301E+00  1.185E+00  1.060E+00  9.255E-01  7.842E-01  6.379E-01  4.892E-01  3.422E-01  2.043E-01  9.052E-02
  550.0000  1.769E+00  1.761E+00  1.739E+00  1.701E+00  1.649E+00  1.583E+00  1.503E+00  1.411E+00  1.306E+00  1.190E+00  1.064E+00  9.297E-01  7.881E-01  6.413E-01  4.920E-01  3.443E-01  2.056E-01  9.084E-02
  555.0000  1.756E+00  1.749E+00  1.726E+00  1.689E+00  1.638E+00  1.572E+00  1.493E+00  1.401E+00  1.297E+00  1.183E+00  1.058E+00  9.245E-01  7.840E-01  6.383E-01  4.901E-01  3.432E-01  2.049E-01  9.025E-02
  560.0000  1.713E+00  1.706E+00  1.684E+00  1.648E+00  1.598E+00  1.534E+00  1.457E+00  1.367E+00  1.266E+00  1.154E+00  1.033E+00  9.025E-01  7.656E-01  6.235E-01  4.788E-01  3.354E-01  2.002E-01  8.785E-02
  565.0000  1.717E+00  1.710E+00  1.688E+00  1.652E+00  1.601E+00  1.537E+00  1.460E+00  1.370E+00  1.269E+00  1.157E+00  1.035E+00  9.053E-01  7.681E-01  6.257E-01  4.807E-01  3.367E-01  2.009E-01  8.784E-02
  570.0000  1.708E+00  1.701E+00  1.679E+00  1.643E+00  1.593E+00  1.529E+00  1.453E+00  1.364E+00  1.263E+00  1.152E+00  1.031E+00  9.013E-01  7.649E-01  6.234E-01  4.790E-01  3.357E-01  2.002E-01  8.730E-02
  575.0000  1.737E+00  1.730E+00  1.708E+00  1.671E+00  1.620E+00  1.556E+00  1.478E+00  1.388E+00  1.285E+00  1.172E+00  1.049E+00  9.178E-01  7.791E-01  6.352E-01  4.884E-01  3.424E-01  2.043E-01  8.886E-02
  580.0000  1.708E+00  1.701E+00  1.679E+00  1.643E+00  1.594E+00  1.530E+00  1.454E+00  1.365E+00  1.265E+00  1.154E+00  1.033E+00  9.037E-01  7.675E-01  6.261E-01  4.817E-01  3.381E-01  2.018E-01  8.773E-02
  585.0000  1.709E+00  1.701E+00  1.680E+00  1.644E+00  1.594E+00  1.531E+00  1.454E+00  1.366E+00  1.266E+00  1.155E+00  1.034E+00  9.051E-01  7.690E-01  6.276E-01  4.832E-01  3.394E-01  2.029E-01  8.812E-02
  590.0000  1.648E+00  1.641E+00  1.621E+00  1.586E+00  1.538E+00  1.477E+00  1.404E+00  1.318E+00  1.222E+00  1.115E+00  9.986E-01  8.743E-01  7.431E-01  6.067E-01  4.674E-01  3.285E-01  1.964E-01  8.522E-02
  595.0000  1.682E+00  1.675E+00  1.654E+00  1.619E+00  1.570E+00  1.508E+00  1.433E+00  1.346E+00  1.247E+00  1.138E+00  1.020E+00  8.928E-01  7.590E-01  6.199E-01  4.777E-01  3.359E-01  2.008E-01  8.689E-02
  600.0000  1.643E+00  1.636E+00  1.615E+00  1.581E+00  1.533E+00  1.472E+00  1.399E+00  1.314E+00  1.218E+00  1.112E+00  9.962E-01  8.724E-01  7.417E-01  6.059E-01  4.670E-01  3.284E-01  1.963E-01  8.468E-02
  605.0000  1.661E+00  1.654E+00  1.634E+00  1.599E+00  1.551E+00  1.489E+00  1.416E+00  1.330E+00  1.233E+00  1.125E+00  1.008E+00  8.833E-01  7.513E-01  6.139E-01  4.734E-01  3.332E-01  1.992E-01  8.583E-02
  610.0000  1.639E+00  1.632E+00  1.611E+00  1.577E+00  1.530E+00  1.469E+00  1.397E+00  1.312E+00  1.217E+00  1.111E+00  9.958E-01  8.725E-01  7.424E-01  6.071E-01  4.685E-01  3.301E-01  1.977E-01  8.519E-02
  615.0000  1.598E+00  1.592E+00  1.572E+00  1.538E+00  1.492E+00  1.433E+00  1.363E+00  1.280E+00  1.187E+00  1.084E+00  9.722E-01  8.522E-01  7.254E-01  5.935E-01  4.584E-01  3.233E-01  1.939E-01  8.366E-02
  620.0000  1.620E+00  1.613E+00  1.593E+00  1.559E+00  1.513E+00  1.453E+00  1.382E+00  1.298E+00  1.204E+00  1.100E+00  9.864E-01  8.649E-01  7.366E-01  6.030E-01  4.661E-01  3.291E-01  1.976E-01  8.530E-02
  625.0000  1.584E+00  1.578E+00  1.558E+00  1.525E+00  1.479E+00  1.421E+00  1.351E+00  1.270E+00  1.178E+00  1.076E+00  9.655E-01  8.468E-01  7.215E-01  5.909E-01  4.571E-01  3.230E-01  1.942E-01  8.384E-02
  630.0000  1.585E+00  1.579E+00  1.559E+00  1.526E+00  1.480E+00  1.422E+00  1.353E+00  1.271E+00  1.179E+00  1.078E+00  9.670E-01  8.484E-01  7.230E-01  5.925E-01  4.586E-01  3.244E-01  1.953E-01  8.434E-02
  635.0000  1.573E+00  1.566E+00  1.547E+00  1.514E+00  1.469E+00  1.412E+00  1.342E+00  1.262E+00  1.171E+00  1.070E+00  9.604E-01  8.428E-01  7.186E-01  5.891E-01  4.563E-01  3.231E-01  1.947E-01  8.416E-02
  640.0000  1.553E+00  1.547E+00  1.528E+00  1.496E+00  1.451E+00  1.394E+00  1.326E+00  1.247E+00  1.157E+00  1.058E+00  9.494E-01  8.334E-01  7.108E-01  5.830E-01  4.519E-01  3.203E-01  1.933E-01  8.360E-02
  644.8000  1.543E+00  1.537E+00  1.518E+00  1.486E+00  1.442E+00  1.386E+00  1.318E+00  1.239E+00  1.150E+00  1.051E+00  9.440E-01  8.289E-01  7.072E-01  5.804E-01  4.502E-01  3.193E-01  1.930E-01  8.349E-02
  651.0500  1.523E+00  1.517E+00  1.498E+00  1.466E+00  1.423E+00  1.368E+00  1.301E+00  1.223E+00  1.135E+00  1.038E+00  9.325E-01  8.190E-01  6.991E-01  5.740E-01  4.455E-01  3.164E-01  1.914E-01  8.287E-02
  660.0000  1.444E+00  1.438E+00  1.420E+00  1.390E+00  1.349E+00  1.297E+00  1.234E+00  1.160E+00  1.077E+00  9.852E-01  8.851E-01  7.778E-01  6.643E-01  5.458E-01  4.241E-01  3.016E-01  1.829E-01  7.921E-02
  670.0000  1.480E+00  1.474E+00  1.456E+00  1.426E+00  1.383E+00  1.330E+00  1.265E+00  1.190E+00  1.105E+00  1.011E+00  9.089E-01  7.990E-01  6.828E-01  5.615E-01  4.368E-01  3.112E-01  1.890E-01  8.198E-02
  680.0000  1.452E+00  1.446E+00  1.428E+00  1.399E+00  1.357E+00  1.305E+00  1.242E+00  1.168E+00  1.085E+00  9.931E-01  8.928E-01  7.853E-01  6.714E-01  5.526E-01  4.303E-01  3.070E-01  1.869E-01  8.110E-02
  690.0000  1.430E+00  1.424E+00  1.407E+00  1.378E+00  1.337E+00  1.286E+00  1.224E+00  1.151E+00  1.070E+00  9.791E-01  8.805E-01  7.747E-01  6.628E-01  5.459E-01  4.255E-01  3.039E-01  1.854E-01  8.048E-02
  700.0000  1.405E+00  1.399E+00  1.382E+00  1.353E+00  1.313E+00  1.263E+00  1.202E+00  1.131E+00  1.051E+00  9.623E-01  8.657E-01  7.620E-01  6.522E-01  5.375E-01  4.194E-01  3.000E-01  1.833E-01  7.963E-02
  710.0000  1.371E+00  1.365E+00  1.349E+00  1.321E+00  1.282E+00  1.233E+00  1.174E+00  1.105E+00  1.027E+00  9.401E-01  8.459E-01  7.448E-01  6.378E-01  5.259E-01  4.107E-01  2.941E-01  1.799E-01  7.822E-02
  720.0000  1.326E+00  1.320E+00  1.304E+00  1.277E+00  1.240E+00  1.192E+00  1.135E+00  1.068E+00  9.931E-01  9.096E-01  8.187E-01  7.211E-01  6.177E-01  5.096E-01  3.983E-01  2.855E-01  1.749E-01  7.606E-02
  730.0000  1.294E+00  1.289E+00  1.273E+00  1.247E+00  1.211E+00  1.164E+00  1.109E+00  1.044E+00  9.702E-01  8.888E-01  8.001E-01  7.050E-01  6.041E-01  4.987E-01  3.900E-01  2.799E-01  1.718E-01  7.471E-02
------------------------------------------------------------
Dose rates, W m-2
   1 = UV-B, 280-315 nm                                  
   2 = UV-B*, 280-320 nm                                 
   3 = UV-A, 315-400 nm                                  
   4 = DNA damage, in vitro (Setlow, 1974)               
   5 = UV index (WMO, 1994; Webb et al., 2011)           
   6 = Plant damage (Caldwell, 1971)                     
   7 = Plant damage,Flint&Caldwell,2003,orig.            
   8 = Plant damage,Flint&Caldwell,2003,ext390           
values at z =      0.000 km
Columns: sza, weighting spectra
 sza, deg.          1          2          3          4          5          6          7          8
    0.0000  5.348E+00  6.574E+00  6.225E+01  1.556E-01  6.808E+01  2.835E+00  3.728E+00  4.198E+00
    5.0000  5.310E+00  6.529E+00  6.194E+01  1.539E-01  6.749E+01  2.810E+00  3.698E+00  4.165E+00
   10.0000  5.199E+00  6.398E+00  6.101E+01  1.487E-01  6.574E+01  2.734E+00  3.606E+00  4.067E+00
   15.0000  5.016E+00  6.182E+00  5.949E+01  1.404E-01  6.289E+01  2.609E+00  3.457E+00  3.907E+00
   20.0000  4.768E+00  5.887E+00  5.737E+01  1.294E-01  5.905E+01  2.443E+00  3.256E+00  3.690E+00
   25.0000  4.458E+00  5.520E+00  5.470E+01  1.161E-01  5.433E+01  2.240E+00  3.010E+00  3.424E+00
   30.0000  4.096E+00  5.088E+00  5.150E+01  1.013E-01  4.891E+01  2.007E+00  2.726E+00  3.117E+00
   35.0000  3.692E+00  4.605E+00  4.782E+01  8.573E-02  4.299E+01  1.755E+00  2.417E+00  2.780E+00
   40.0000  3.256E+00  4.082E+00  4.370E+01  7.007E-02  3.679E+01  1.492E+00  2.091E+00  2.424E+00
   45.0000  2.802E+00  3.534E+00  3.921E+01  5.509E-02  3.054E+01  1.229E+00  1.762E+00  2.062E+00
   50.0000  2.343E+00  2.976E+00  3.443E+01  4.145E-02  2.449E+01  9.773E-01  1.440E+00  1.704E+00
   55.0000  1.893E+00  2.426E+00  2.945E+01  2.969E-02  1.886E+01  7.455E-01  1.138E+00  1.365E+00
   60.0000  1.469E+00  1.902E+00  2.436E+01  2.012E-02  1.386E+01  5.419E-01  8.645E-01  1.053E+00
   65.0000  1.085E+00  1.421E+00  1.932E+01  1.286E-02  9.656E+00  3.725E-01  6.276E-01  7.776E-01
   70.0000  7.523E-01  9.991E-01  1.447E+01  7.757E-03  6.318E+00  2.401E-01  4.316E-01  5.441E-01
   75.0000  4.803E-01  6.474E-01  1.000E+01  4.441E-03  3.844E+00  1.435E-01  2.771E-01  3.549E-01
   80.0000  2.719E-01  3.717E-01  6.122E+00  2.423E-03  2.131E+00  7.818E-02  1.611E-01  2.086E-01
   85.0000  1.247E-01  1.713E-01  2.957E+00  1.197E-03  1.006E+00  3.674E-02  7.714E-02  1.001E-01
------------------------------------------------------------
