Spectral Irradiance, W m-2 nm-1
values at z =      0.000 km
Columns: wavelength (nm), solar zenith angles (deg.)
    wc, nm      0.000      5.000     10.000     15.000     20.000     25.000     30.000     35.000     40.000     45.000     50.000     55.000     60.000     65.000     70.000     75.000     80.000     85.000
  120.7000  0.000E+00  0.000E+00  0.000E+00  0.000E+00  0.000E+00  0.000E+00  0.000E+00  0.000E+00  0.000E+00  0.000E+00  0.000E+00  0.000E+00  0.000E+00  0.000E+00  0.000E+00  0.000E+00  0.000E+00  0.000E+00
  121.6500  0.000E+00  0.000E+00  0.000E+00  0.000E+00  0.000E+00  0.000E+00  0.000E+00  0.000E+00  0.000E+00  0.000E+00  0.000E+00  0.000E+00  0.000E+00  0.000E+00  0.000E+00  0.000E+00  0.000E+00  0.000E+00
  122.1000  0.000E+00  0.000E+00  0.000E+00  0.000E+00  0.000E+00  0.000E+00  0.000E+00  0.000E+00  0.000E+00  0.000E+00  0.000E+00  0.000E+00  0.000E+00  0.000E+00  0.000E+00  0.000E+00  0.000E+00  0.000E+00
  122.7000  0.000E+00  0.000E+00  0.000E+00  0.000E+00  0.000E+00  0.000E+00  0.000E+00  0.000E+00  0.000E+00  0.000E+00  0.000E+00  0.000E+00  0.000E+00  0.000E+00  0.000E+00  0.000E+00  0.000E+00  0.000E+00
  123.4500  0.000E+00  0.000E+00  0.000E+00  0.000E+00  0.000E+00  0.000E+00  0.000E+00  0.000E+00  0.000E+00  0.000E+00  0.000E+00  0.000E+00  0.000E+00  0.000E+00  0.000E+00  0.000E+00  0.000E+00  0.000E+00
  124.2000  0.000E+00  0.000E+00  0.000E+00  0.000E+00  0.000E+00  0.000E+00  0.000E+00  0.000E+00  0.000E+00  0.000E+00  0.000E+00  0.000E+00  0.000E+00  0.000E+00  0.000E+00  0.000E+00  0.000E+00  0.000E+00
  125.0000  0.000E+00  0.000E+00  0.000E+00  0.000E+00  0.000E+00  0.000E+00  0.000E+00  0.000E+00  0.000E+00  0.000E+00  0.000E+00  0.000E+00  0.000E+00  0.000E+00  0.000E+00  0.000E+00  0.000E+00  0.000E+00
  125.8000  0.000E+00  0.000E+00  0.000E+00  0.000E+00  0.000E+00  0.000E+00  0.000E+00  0.000E+00  0.000E+00  0.000E+00  0.000E+00  0.000E+00  0.000E+00  0.000E+00  0.000E+00  0.000E+00  0.000E+00  0.000E+00
  126.6000  0.000E+00  0.000E+00  0.000E+00  0.000E+00  0.000E+00  0.000E+00  0.000E+00  0.000E+00  0.000E+00  0.000E+00  0.000E+00  0.000E+00  0.000E+00  0.000E+00  0.000E+00  0.000E+00  0.000E+00  0.000E+00
  127.8000  0.000E+00  0.000E+00  0.000E+00  0.000E+00  0.000E+00  0.000E+00  0.000E+00  0.000E+00  0.000E+00  0.000E+00  0.000E+00  0.000E+00  0.000E+00  0.000E+00  0.000E+00  0.000E+00  0.000E+00  0.000E+00
  129.0000  0.000E+00  0.000E+00  0.000E+00  0.000E+00  0.000E+00  0.000E+00  0.000E+00  0.000E+00  0.000E+00  0.000E+00  0.000E+00  0.000E+00  0.000E+00  0.000E+00  0.000E+00  0.000E+00  0.000E+00  0.000E+00
  129.8500  0.000E+00  0.000E+00  0.000E+00  0.000E+00  0.000E+00  0.000E+00  0.000E+00  0.000E+00  0.000E+00  0.000E+00  0.000E+00  0.000E+00  0.000E+00  0.000E+00  0.000E+00  0.000E+00  0.000E+00  0.000E+00
  131.1500  0.000E+00  0.000E+00  0.000E+00  0.000E+00  0.000E+00  0.000E+00  0.000E+00  0.000E+00  0.000E+00  0.000E+00  0.000E+00  0.000E+00  0.000E+00  0.000E+00  0.000E+00  0.000E+00  0.000E+00  0.000E+00
  133.5000  0.000E+00  0.000E+00  0.000E+00  0.000E+00  0.000E+00  0.000E+00  0.000E+00  0.000E+00  0.000E+00  0.000E+00  0.000E+00  0.000E+00  0.000E+00  0.000E+00  0.000E+00  0.000E+00  0.000E+00  0.000E+00
  136.0000  0.000E+00  0.000E+00  0.000E+00  0.000E+00  0.000E+00  0.000E+00  0.000E+00  0.000E+00  0.000E+00  0.000E+00  0.000E+00  0.000E+00  0.000E+00  0.000E+00  0.000E+00  0.000E+00  0.000E+00  0.000E+00
  141.0000  0.000E+00  0.000E+00  0.000E+00  0.000E+00  0.000E+00  0.000E+00  0.000E+00  0.000E+00  0.000E+00  0.000E+00  0.000E+00  0.000E+00  0.000E+00  0.000E+00  0.000E+00  0.000E+00  0.000E+00  0.000E+00
  150.0000  0.000E+00  0.000E+00  0.000E+00  0.000E+00  0.000E+00  0.000E+00  0.000E+00  0.000E+00  0.000E+00  0.000E+00  0.000E+00  0.000E+00  0.000E+00  0.000E+00  0.000E+00  0.000E+00  0.000E+00  0.000E+00
  160.0000  0.000E+00  0.000E+00  0.000E+00  0.000E+00  0.000E+00  0.000E+00  0.000E+00  0.000E+00  0.000E+00  0.000E+00  0.000E+00  0.000E+00  0.000E+00  0.000E+00  0.000E+00  0.000E+00  0.000E+00  0.000E+00
  167.5000  0.000E+00  0.000E+00  0.000E+00  0.000E+00  0.000E+00  0.000E+00  0.000E+00  0.000E+00  0.000E+00  0.000E+00  0.000E+00  0.000E+00  0.000E+00  0.000E+00  0.000E+00  0.000E+00  0.000E+00  0.000E+00
  172.7000  0.000E+00  0.000E+00  0.000E+00  0.000E+00  0.000E+00  0.000E+00  0.000E+00  0.000E+00  0.000E+00  0.000E+00  0.000E+00  0.000E+00  0.000E+00  0.000E+00  0.000E+00  0.000E+00  0.000E+00  0.000E+00
  176.2000  0.000E+00  0.000E+00  0.000E+00  0.000E+00  0.000E+00  0.000E+00  0.000E+00  0.000E+00  0.000E+00  0.000E+00  0.000E+00  0.000E+00  0.000E+00  0.000E+00  0.000E+00  0.000E+00  0.000E+00  0.000E+00
  177.8000  0.000E+00  0.000E+00  0.000E+00  0.000E+00  0.000E+00  0.000E+00  0.000E+00  0.000E+00  0.000E+00  0.000E+00  0.000E+00  0.000E+00  0.000E+00  0.000E+00  0.000E+00  0.000E+00  0.000E+00  0.000E+00
  179.4000  0.000E+00  0.000E+00  0.000E+00  0.000E+00  0.000E+00  0.000E+00  0.000E+00  0.000E+00  0.000E+00  0.000E+00  0.000E+00  0.000E+00  0.000E+00  0.000E+00  0.000E+00  0.000E+00  0.000E+00  0.000E+00
  181.0000  0.000E+00  0.000E+00  0.000E+00  0.000E+00  0.000E+00  0.000E+00  0.000E+00  0.000E+00  0.000E+00  0.000E+00  0.000E+00  0.000E+00  0.000E+00  0.000E+00  0.000E+00  0.000E+00  0.000E+00  0.000E+00
  182.6500  0.000E+00  0.000E+00  0.000E+00  0.000E+00  0.000E+00  0.000E+00  0.000E+00  0.000E+00  0.000E+00  0.000E+00  0.000E+00  0.000E+00  0.000E+00  0.000E+00  0.000E+00  0.000E+00  0.000E+00  0.000E+00
  184.3500  0.000E+00  0.000E+00  0.000E+00  0.000E+00  0.000E+00  0.000E+00  0.000E+00  0.000E+00  0.000E+00  0.000E+00  0.000E+00  0.000E+00  0.000E+00  0.000E+00  0.000E+00  0.000E+00  0.000E+00  0.000E+00
  186.0500  0.000E+00  0.000E+00  0.000E+00  0.000E+00  0.000E+00  0.000E+00  0.000E+00  0.000E+00  0.000E+00  0.000E+00  0.000E+00  0.000E+00  0.000E+00  0.000E+00  0.000E+00  0.000E+00  0.000E+00  0.000E+00
  187.8000  0.000E+00  0.000E+00  0.000E+00  0.000E+00  0.000E+00  0.000E+00  0.000E+00  0.000E+00  0.000E+00  0.000E+00  0.000E+00  0.000E+00  0.000E+00  0.000E+00  0.000E+00  0.000E+00  0.000E+00  0.000E+00
  189.6000  0.000E+00  0.000E+00  0.000E+00  0.000E+00  0.000E+00  0.000E+00  0.000E+00  0.000E+00  0.000E+00  0.000E+00  0.000E+00  0.000E+00  0.000E+00  0.000E+00  0.000E+00  0.000E+00  0.000E+00  0.000E+00
  191.4000  0.000E+00  0.000E+00  0.000E+00  0.000E+00  0.000E+00  0.000E+00  0.000E+00  0.000E+00  0.000E+00  0.000E+00  0.000E+00  0.000E+00  0.000E+00  0.000E+00  0.000E+00  0.000E+00  0.000E+00  0.000E+00
  193.2500  0.000E+00  0.000E+00  0.000E+00  0.000E+00  0.000E+00  0.000E+00  0.000E+00  0.000E+00  0.000E+00  0.000E+00  0.000E+00  0.000E+00  0.000E+00  0.000E+00  0.000E+00  0.000E+00  0.000E+00  0.000E+00
  195.1500  0.000E+00  0.000E+00  0.000E+00  0.000E+00  0.000E+00  0.000E+00  0.000E+00  0.000E+00  0.000E+00  0.000E+00  0.000E+00  0.000E+00  0.000E+00  0.000E+00  0.000E+00  0.000E+00  0.000E+00  0.000E+00
  197.0500  0.000E+00  0.000E+00  0.000E+00  0.000E+00  0.000E+00  0.000E+00  0.000E+00  0.000E+00  0.000E+00  0.000E+00  0.000E+00  0.000E+00  0.000E+00  0.000E+00  0.000E+00  0.000E+00  0.000E+00  0.000E+00
  199.0000  0.000E+00  0.000E+00  0.000E+00  0.000E+00  0.000E+00  0.000E+00  0.000E+00  0.000E+00  0.000E+00  0.000E+00  0.000E+00  0.000E+00  0.000E+00  0.000E+00  0.000E+00  0.000E+00  0.000E+00  0.000E+00
  201.0000  0.000E+00  0.000E+00  0.000E+00  0.000E+00  0.000E+00  0.000E+00  0.000E+00  0.000E+00  0.000E+00  0.000E+00  0.000E+00  0.000E+00  0.000E+00  0.000E+00  0.000E+00  0.000E+00  0.000E+00  0.000E+00
  203.0500  0.000E+00  0.000E+00  0.000E+00  0.000E+00  0.000E+00  0.000E+00  0.000E+00  0.000E+00  0.000E+00  0.000E+00  0.000E+00  0.000E+00  0.000E+00  0.000E+00  0.000E+00  0.000E+00  0.000E+00  0.000E+00
  205.1500  0.000E+00  0.000E+00  0.000E+00  0.000E+00  0.000E+00  0.000E+00  0.000E+00  0.000E+00  0.000E+00  0.000E+00  0.000E+00  0.000E+00  0.000E+00  0.000E+00  0.000E+00  0.000E+00  0.000E+00  0.000E+00
  207.2665  9.647E-20  8.276E-20  5.194E-20  2.344E-20  7.377E-21  1.545E-21  2.013E-22  1.488E-23  5.530E-25  9.202E-27  9.652E-29  7.488E-30  2.886E-30  1.562E-30  9.304E-31  5.574E-31  3.129E-31  1.451E-31
  209.4295  9.128E-19  7.883E-19  5.049E-19  2.359E-19  7.809E-20  1.751E-20  2.496E-21  2.071E-22  8.924E-24  1.795E-25  2.337E-27  1.875E-28  7.145E-29  3.875E-29  2.320E-29  1.396E-29  7.859E-30  3.651E-30
  211.6460  1.105E-17  9.615E-18  6.307E-18  3.069E-18  1.078E-18  2.619E-19  4.148E-20  3.943E-21  2.024E-22  5.108E-24  8.065E-26  7.501E-27  2.828E-27  1.541E-27  9.307E-28  5.643E-28  3.193E-28  1.487E-28
  213.9100  5.259E-17  4.602E-17  3.070E-17  1.537E-17  5.628E-18  1.447E-18  2.468E-19  2.581E-20  1.497E-21  4.421E-23  8.945E-25  7.675E-26  2.824E-26  1.544E-26  9.422E-27  5.765E-27  3.282E-27  1.535E-27
  216.2225  2.186E-16  1.925E-16  1.306E-16  6.743E-17  2.580E-17  7.041E-18  1.299E-18  1.502E-19  9.927E-21  3.468E-22  8.449E-24  7.281E-25  2.601E-25  1.432E-25  8.856E-26  5.487E-26  3.154E-26  1.485E-26
  218.5855  1.616E-15  1.432E-15  9.928E-16  5.311E-16  2.141E-16  6.274E-17  1.270E-17  1.659E-18  1.282E-19  5.502E-21  1.696E-22  1.505E-23  5.206E-24  2.896E-24  1.826E-24  1.151E-24  6.711E-25  3.193E-25
  221.0010  5.472E-15  4.872E-15  3.425E-15  1.876E-15  7.831E-16  2.406E-16  5.186E-17  7.344E-18  6.306E-19  3.097E-20  1.091E-21  9.262E-23  3.050E-23  1.717E-23  1.105E-23  7.094E-24  4.203E-24  2.027E-24
  223.4705  1.752E-14  1.566E-14  1.113E-14  6.213E-15  2.666E-15  8.504E-16  1.926E-16  2.908E-17  2.714E-18  1.483E-19  5.724E-21  4.469E-22  1.386E-22  7.926E-23  5.213E-23  3.417E-23  2.064E-23  1.013E-23
  225.9960  3.741E-14  3.356E-14  2.414E-14  1.376E-14  6.086E-15  2.024E-15  4.842E-16  7.856E-17  8.055E-18  4.958E-19  2.119E-20  1.517E-21  4.411E-22  2.577E-22  1.737E-22  1.166E-22  7.211E-23  3.625E-23
  228.5790  5.949E-14  5.347E-14  3.868E-14  2.226E-14  9.984E-15  3.385E-15  8.310E-16  1.395E-16  1.494E-17  9.674E-19  4.168E-20  2.530E-21  6.803E-22  4.076E-22  2.814E-22  1.932E-22  1.225E-22  6.336E-23
  231.2215  5.565E-14  5.000E-14  3.614E-14  2.076E-14  9.294E-15  3.143E-15  7.691E-16  1.286E-16  1.369E-17  8.704E-19  3.466E-20  1.661E-21  4.107E-22  2.526E-22  1.779E-22  1.246E-22  8.090E-23  4.312E-23
  233.9260  2.640E-14  2.368E-14  1.702E-14  9.683E-15  4.274E-15  1.418E-15  3.386E-16  5.481E-17  5.585E-18  3.318E-19  1.149E-20  4.116E-22  9.345E-23  5.895E-23  4.226E-23  3.013E-23  2.000E-23  1.099E-23
  236.6945  1.445E-14  1.293E-14  9.208E-15  5.163E-15  2.230E-15  7.182E-16  1.649E-16  2.536E-17  2.411E-18  1.294E-19  3.753E-21  9.686E-23  2.023E-23  1.306E-23  9.505E-24  6.887E-24  4.667E-24  2.646E-24
  239.5295  1.581E-14  1.416E-14  1.013E-14  5.719E-15  2.495E-15  8.147E-16  1.903E-16  2.987E-17  2.899E-18  1.570E-19  4.340E-21  9.008E-23  1.756E-23  1.164E-23  8.643E-24  6.410E-24  4.481E-24  2.665E-24
  242.4330  5.639E-14  5.065E-14  3.658E-14  2.098E-14  9.367E-15  3.153E-15  7.647E-16  1.255E-16  1.277E-17  7.180E-19  1.959E-20  3.459E-22  6.349E-23  4.314E-23  3.273E-23  2.491E-23  1.804E-23  1.137E-23
  245.4080  4.491E-15  3.996E-15  2.804E-15  1.531E-15  6.362E-16  1.942E-16  4.144E-17  5.762E-18  4.738E-19  2.022E-20  3.849E-22  4.251E-24  7.205E-25  4.922E-25  3.730E-25  2.836E-25  2.055E-25  1.300E-25
  248.4570  5.487E-16  4.843E-16  3.316E-16  1.737E-16  6.793E-17  1.910E-17  3.656E-18  4.418E-19  3.033E-20  1.024E-21  1.430E-23  1.051E-25  1.658E-26  1.136E-26  8.599E-27  6.531E-27  4.734E-27  3.005E-27
  251.5825  1.666E-16  1.464E-16  9.891E-17  5.064E-17  1.914E-17  5.140E-18  9.266E-19  1.036E-19  6.424E-21  1.900E-22  2.221E-24  1.271E-26  1.889E-27  1.295E-27  9.793E-28  7.434E-28  5.390E-28  3.430E-28
  254.7875  1.465E-16  1.285E-16  8.632E-17  4.377E-17  1.632E-17  4.299E-18  7.554E-19  8.166E-20  4.848E-21  1.352E-22  1.456E-24  7.292E-27  1.028E-27  7.038E-28  5.320E-28  4.038E-28  2.929E-28  1.867E-28
  258.0750  6.792E-16  5.979E-16  4.060E-16  2.096E-16  8.019E-17  2.188E-17  4.024E-18  4.611E-19  2.945E-20  9.002E-22  1.085E-23  6.054E-26  8.205E-27  5.599E-27  4.232E-27  3.214E-27  2.333E-27  1.488E-27
  261.4490  2.861E-15  2.535E-15  1.756E-15  9.372E-16  3.766E-16  1.098E-16  2.201E-17  2.817E-18  2.071E-19  7.563E-21  1.142E-22  8.168E-25  1.075E-25  7.294E-26  5.513E-26  4.190E-26  3.044E-26  1.942E-26
  264.9125  1.165E-13  1.043E-13  7.451E-14  4.198E-14  1.824E-14  5.912E-15  1.362E-15  2.081E-16  1.919E-17  9.348E-19  2.039E-20  2.236E-22  2.905E-23  1.951E-23  1.475E-23  1.122E-23  8.167E-24  5.209E-24
  268.4685  4.854E-12  4.406E-12  3.285E-12  1.989E-12  9.601E-13  3.588E-13  9.952E-14  1.931E-14  2.414E-15  1.735E-16  6.229E-18  1.231E-19  1.622E-20  1.066E-20  8.057E-21  6.145E-21  4.482E-21  2.856E-21
  272.1215  2.617E-10  2.412E-10  1.885E-10  1.237E-10  6.710E-11  2.937E-11  1.002E-11  2.537E-12  4.450E-13  4.930E-14  3.085E-15  1.178E-16  1.636E-17  1.032E-17  7.779E-18  5.947E-18  4.350E-18  2.772E-18
  275.8755  1.789E-08  1.677E-08  1.377E-08  9.840E-09  6.044E-09  3.130E-09  1.330E-09  4.465E-10  1.123E-10  1.970E-11  2.224E-12  1.708E-13  2.677E-14  1.555E-14  1.164E-14  8.911E-15  6.543E-15  4.175E-15
  279.7340  6.616E-07  6.295E-07  5.415E-07  4.188E-07  2.885E-07  1.746E-07  9.094E-08  3.963E-08  1.391E-08  3.735E-09  7.270E-10  1.058E-10  2.039E-11  1.040E-11  7.619E-12  5.823E-12  4.291E-12  2.746E-12
  283.7020  4.412E-05  4.255E-05  3.811E-05  3.158E-05  2.406E-05  1.669E-05  1.039E-05  5.691E-06  2.673E-06  1.041E-06  3.248E-07  8.183E-08  2.113E-08  9.366E-09  6.451E-09  4.881E-09  3.600E-09  2.313E-09
  287.7845  1.034E-03  1.008E-03  9.326E-04  8.169E-04  6.746E-04  5.217E-04  3.744E-04  2.462E-04  1.459E-04  7.625E-05  3.440E-05  1.331E-05  4.751E-06  2.010E-06  1.218E-06  8.882E-07  6.504E-07  4.189E-07
  291.9865  1.345E-02  1.321E-02  1.252E-02  1.143E-02  1.002E-02  8.395E-03  6.506E-03  5.032E-03  3.533E-03  2.286E-03  1.343E-03  7.081E-04  3.383E-04  1.580E-04  8.460E-05  5.571E-05  3.954E-05  2.529E-05
  296.3090  4.975E-02  4.913E-02  4.731E-02  4.436E-02  4.045E-02  3.577E-02  3.056E-02  2.510E-02  1.969E-02  1.463E-02  1.019E-02  6.580E-03  3.907E-03  2.151E-03  1.157E-03  6.719E-04  4.356E-04  2.701E-04
  300.5000  9.890E-02  9.797E-02  9.522E-02  9.072E-02  8.465E-02  7.720E-02  6.865E-02  5.932E-02  4.959E-02  3.987E-02  3.060E-02  2.221E-02  1.509E-02  9.516E-03  5.585E-03  3.154E-03  1.826E-03  1.050E-03
  303.0000  1.868E-01  1.852E-01  1.807E-01  1.733E-01  1.632E-01  1.507E-01  1.361E-01  1.201E-01  1.029E-01  8.540E-02  6.813E-02  5.185E-02  3.726E-02  2.502E-02  1.556E-02  9.011E-03  5.013E-03  2.696E-03
  304.0000  1.875E-01  1.860E-01  1.816E-01  1.744E-01  1.646E-01  1.525E-01  1.383E-01  1.226E-01  1.057E-01  8.837E-02  7.115E-02  5.475E-02  3.989E-02  2.719E-02  1.718E-02  1.004E-02  5.551E-03  2.926E-03
  305.0000  2.300E-01  2.283E-01  2.231E-01  2.147E-01  2.032E-01  1.889E-01  1.722E-01  1.535E-01  1.335E-01  1.126E-01  9.174E-02  7.162E-02  5.309E-02  3.694E-02  2.384E-02  1.416E-02  7.802E-03  4.002E-03
  306.0000  2.020E-01  2.005E-01  1.961E-01  1.890E-01  1.792E-01  1.670E-01  1.527E-01  1.367E-01  1.194E-01  1.014E-01  8.319E-02  6.555E-02  4.913E-02  3.464E-02  2.267E-02  1.362E-02  7.501E-03  3.778E-03
  307.0000  2.419E-01  2.402E-01  2.352E-01  2.269E-01  2.156E-01  2.014E-01  1.848E-01  1.661E-01  1.459E-01  1.246E-01  1.031E-01  8.206E-02  6.226E-02  4.452E-02  2.961E-02  1.804E-02  9.964E-03  4.922E-03
  308.0000  2.655E-01  2.637E-01  2.583E-01  2.495E-01  2.375E-01  2.224E-01  2.047E-01  1.847E-01  1.629E-01  1.401E-01  1.168E-01  9.375E-02  7.191E-02  5.211E-02  3.517E-02  2.174E-02  1.207E-02  5.863E-03
  309.0000  2.652E-01  2.640E-01  2.587E-01  2.501E-01  2.382E-01  2.234E-01  2.059E-01  1.862E-01  1.648E-01  1.421E-01  1.190E-01  9.599E-02  7.408E-02  5.407E-02  3.680E-02  2.292E-02  1.277E-02  6.146E-03
  310.0000  2.442E-01  2.426E-01  2.380E-01  2.303E-01  2.198E-01  2.066E-01  1.911E-01  1.722E-01  1.543E-01  1.339E-01  1.129E-01  9.195E-02  7.178E-02  5.313E-02  3.676E-02  2.330E-02  1.312E-02  6.231E-03
  311.0000  3.997E-01  3.972E-01  3.897E-01  3.774E-01  3.604E-01  3.392E-01  3.141E-01  2.856E-01  2.545E-01  2.214E-01  1.873E-01  1.532E-01  1.201E-01  8.941E-02  6.226E-02  3.972E-02  2.247E-02  1.061E-02
  312.0000  3.431E-01  3.410E-01  3.347E-01  3.244E-01  3.094E-01  2.923E-01  2.711E-01  2.471E-01  2.208E-01  1.928E-01  1.638E-01  1.347E-01  1.063E-01  7.981E-02  5.612E-02  3.618E-02  2.064E-02  9.700E-03
  313.0000  3.691E-01  3.669E-01  3.603E-01  3.492E-01  3.344E-01  3.156E-01  2.933E-01  2.680E-01  2.401E-01  2.104E-01  1.795E-01  1.484E-01  1.179E-01  8.919E-02  6.332E-02  4.127E-02  2.376E-02  1.113E-02
  314.0000  3.975E-01  3.951E-01  3.881E-01  3.765E-01  3.605E-01  3.404E-01  3.166E-01  2.895E-01  2.597E-01  2.279E-01  1.948E-01  1.613E-01  1.285E-01  9.751E-02  6.947E-02  4.545E-02  2.625E-02  1.228E-02
  316.0000  3.855E-01  3.833E-01  3.767E-01  3.658E-01  3.508E-01  3.319E-01  3.095E-01  2.840E-01  2.558E-01  2.256E-01  1.940E-01  1.619E-01  1.302E-01  9.991E-02  7.218E-02  4.800E-02  2.817E-02  1.320E-02
  320.0000  4.670E-01  4.644E-01  4.567E-01  4.440E-01  4.265E-01  4.045E-01  3.783E-01  3.483E-01  3.151E-01  2.794E-01  2.419E-01  2.035E-01  1.653E-01  1.284E-01  9.416E-02  6.373E-02  3.811E-02  1.798E-02
  325.0000  5.720E-01  5.689E-01  5.598E-01  5.448E-01  5.241E-01  4.979E-01  4.667E-01  4.310E-01  3.914E-01  3.486E-01  3.034E-01  2.569E-01  2.103E-01  1.650E-01  1.223E-01  8.396E-02  5.104E-02  2.438E-02
  330.0000  6.982E-01  6.946E-01  6.837E-01  6.657E-01  6.408E-01  6.095E-01  5.720E-01  5.291E-01  4.814E-01  4.297E-01  3.751E-01  3.186E-01  2.618E-01  2.062E-01  1.537E-01  1.061E-01  6.498E-02  3.126E-02
  335.0000  6.585E-01  6.551E-01  6.450E-01  6.282E-01  6.051E-01  5.759E-01  5.411E-01  5.010E-01  4.565E-01  4.082E-01  3.570E-01  3.039E-01  2.504E-01  1.978E-01  1.478E-01  1.024E-01  6.298E-02  3.046E-02
  340.0000  7.135E-01  7.098E-01  6.990E-01  6.811E-01  6.563E-01  6.249E-01  5.875E-01  5.445E-01  4.965E-01  4.444E-01  3.892E-01  3.318E-01  2.737E-01  2.165E-01  1.621E-01  1.124E-01  6.919E-02  3.354E-02
  345.0000  7.028E-01  6.993E-01  6.887E-01  6.711E-01  6.469E-01  6.163E-01  5.797E-01  5.376E-01  4.906E-01  4.396E-01  3.853E-01  3.288E-01  2.716E-01  2.150E-01  1.610E-01  1.117E-01  6.876E-02  3.337E-02
  350.0000  7.357E-01  7.320E-01  7.210E-01  7.028E-01  6.776E-01  6.457E-01  6.076E-01  5.638E-01  5.149E-01  4.616E-01  4.049E-01  3.459E-01  2.859E-01  2.265E-01  1.696E-01  1.175E-01  7.229E-02  3.506E-02
  355.0000  7.781E-01  7.742E-01  7.627E-01  7.435E-01  7.171E-01  6.837E-01  6.436E-01  5.975E-01  5.460E-01  4.899E-01  4.301E-01  3.677E-01  3.042E-01  2.411E-01  1.807E-01  1.251E-01  7.690E-02  3.730E-02
  360.0000  7.118E-01  7.083E-01  6.978E-01  6.805E-01  6.564E-01  6.260E-01  5.896E-01  5.477E-01  5.008E-01  4.496E-01  3.950E-01  3.380E-01  2.798E-01  2.220E-01  1.664E-01  1.152E-01  7.070E-02  3.429E-02
  365.0000  9.057E-01  9.012E-01  8.880E-01  8.660E-01  8.356E-01  7.972E-01  7.511E-01  6.981E-01  6.387E-01  5.738E-01  5.045E-01  4.321E-01  3.580E-01  2.842E-01  2.131E-01  1.475E-01  9.038E-02  4.381E-02
  370.0000  9.421E-01  9.376E-01  9.239E-01  9.012E-01  8.698E-01  8.300E-01  7.824E-01  7.274E-01  6.659E-01  5.987E-01  5.268E-01  4.515E-01  3.744E-01  2.975E-01  2.231E-01  1.543E-01  9.446E-02  4.575E-02
  375.0000  8.516E-01  8.475E-01  8.351E-01  8.148E-01  7.866E-01  7.508E-01  7.080E-01  6.586E-01  6.032E-01  5.427E-01  4.778E-01  4.099E-01  3.402E-01  2.704E-01  2.029E-01  1.403E-01  8.576E-02  4.150E-02
  380.0000  9.796E-01  9.749E-01  9.608E-01  9.375E-01  9.052E-01  8.644E-01  8.153E-01  7.588E-01  6.953E-01  6.259E-01  5.516E-01  4.735E-01  3.933E-01  3.129E-01  2.349E-01  1.624E-01  9.910E-02  4.790E-02
  385.0000  7.389E-01  7.353E-01  7.248E-01  7.073E-01  6.831E-01  6.525E-01  6.157E-01  5.732E-01  5.256E-01  4.734E-01  4.174E-01  3.586E-01  2.981E-01  2.374E-01  1.783E-01  1.232E-01  7.509E-02  3.625E-02
  390.0000  9.653E-01  9.607E-01  9.470E-01  9.243E-01  8.928E-01  8.530E-01  8.052E-01  7.499E-01  6.880E-01  6.200E-01  5.471E-01  4.704E-01  3.914E-01  3.119E-01  2.343E-01  1.619E-01  9.854E-02  4.751E-02
  395.0000  7.491E-01  7.456E-01  7.350E-01  7.175E-01  6.932E-01  6.624E-01  6.255E-01  5.828E-01  5.349E-01  4.824E-01  4.259E-01  3.665E-01  3.052E-01  2.434E-01  1.830E-01  1.264E-01  7.683E-02  3.698E-02
  400.0000  1.391E+00  1.385E+00  1.365E+00  1.333E+00  1.288E+00  1.231E+00  1.163E+00  1.084E+00  9.953E-01  8.980E-01  7.935E-01  6.832E-01  5.694E-01  4.544E-01  3.418E-01  2.362E-01  1.434E-01  6.889E-02
  405.0000  1.419E+00  1.412E+00  1.392E+00  1.360E+00  1.314E+00  1.256E+00  1.187E+00  1.107E+00  1.017E+00  9.180E-01  8.116E-01  6.994E-01  5.833E-01  4.659E-01  3.507E-01  2.423E-01  1.469E-01  7.047E-02
  410.0000  1.464E+00  1.457E+00  1.437E+00  1.403E+00  1.356E+00  1.297E+00  1.226E+00  1.143E+00  1.051E+00  9.491E-01  8.396E-01  7.240E-01  6.043E-01  4.831E-01  3.639E-01  2.514E-01  1.522E-01  7.288E-02
  415.0000  1.525E+00  1.518E+00  1.497E+00  1.462E+00  1.414E+00  1.352E+00  1.279E+00  1.193E+00  1.097E+00  9.912E-01  8.774E-01  7.572E-01  6.325E-01  5.061E-01  3.814E-01  2.636E-01  1.594E-01  7.617E-02
  420.0000  1.540E+00  1.533E+00  1.512E+00  1.477E+00  1.428E+00  1.366E+00  1.292E+00  1.206E+00  1.109E+00  1.003E+00  8.882E-01  7.669E-01  6.412E-01  5.134E-01  3.873E-01  2.677E-01  1.617E-01  7.709E-02
  425.0000  1.471E+00  1.464E+00  1.444E+00  1.410E+00  1.364E+00  1.305E+00  1.234E+00  1.153E+00  1.061E+00  9.594E-01  8.502E-01  7.347E-01  6.146E-01  4.926E-01  3.718E-01  2.571E-01  1.551E-01  7.377E-02
  430.0000  1.357E+00  1.351E+00  1.332E+00  1.301E+00  1.259E+00  1.205E+00  1.140E+00  1.065E+00  9.800E-01  8.869E-01  7.864E-01  6.800E-01  5.693E-01  4.566E-01  3.449E-01  2.385E-01  1.438E-01  6.824E-02
  435.0000  1.575E+00  1.568E+00  1.547E+00  1.511E+00  1.462E+00  1.399E+00  1.324E+00  1.237E+00  1.139E+00  1.032E+00  9.152E-01  7.918E-01  6.634E-01  5.325E-01  4.026E-01  2.785E-01  1.677E-01  7.940E-02
  440.0000  1.621E+00  1.613E+00  1.591E+00  1.555E+00  1.505E+00  1.441E+00  1.364E+00  1.274E+00  1.174E+00  1.063E+00  9.437E-01  8.170E-01  6.850E-01  5.502E-01  4.163E-01  2.881E-01  1.733E-01  8.183E-02
  445.0000  1.741E+00  1.733E+00  1.710E+00  1.671E+00  1.617E+00  1.548E+00  1.466E+00  1.370E+00  1.263E+00  1.144E+00  1.016E+00  8.800E-01  7.383E-01  5.936E-01  4.494E-01  3.111E-01  1.871E-01  8.806E-02
  450.0000  1.852E+00  1.843E+00  1.818E+00  1.777E+00  1.720E+00  1.647E+00  1.560E+00  1.459E+00  1.345E+00  1.219E+00  1.083E+00  9.386E-01  7.880E-01  6.340E-01  4.803E-01  3.327E-01  1.999E-01  9.386E-02
  455.0000  1.812E+00  1.804E+00  1.780E+00  1.740E+00  1.684E+00  1.613E+00  1.528E+00  1.429E+00  1.318E+00  1.195E+00  1.062E+00  9.210E-01  7.737E-01  6.230E-01  4.724E-01  3.274E-01  1.965E-01  9.203E-02
  460.0000  1.865E+00  1.857E+00  1.832E+00  1.791E+00  1.734E+00  1.661E+00  1.573E+00  1.472E+00  1.358E+00  1.232E+00  1.095E+00  9.502E-01  7.987E-01  6.435E-01  4.882E-01  3.384E-01  2.030E-01  9.471E-02
  465.0000  1.844E+00  1.836E+00  1.812E+00  1.771E+00  1.715E+00  1.643E+00  1.557E+00  1.457E+00  1.344E+00  1.220E+00  1.085E+00  9.418E-01  7.922E-01  6.387E-01  4.850E-01  3.364E-01  2.017E-01  9.385E-02
  470.0000  1.835E+00  1.826E+00  1.802E+00  1.762E+00  1.706E+00  1.635E+00  1.549E+00  1.450E+00  1.338E+00  1.215E+00  1.081E+00  9.389E-01  7.902E-01  6.376E-01  4.845E-01  3.363E-01  2.015E-01  9.349E-02
  475.0000  1.856E+00  1.848E+00  1.824E+00  1.783E+00  1.726E+00  1.655E+00  1.568E+00  1.468E+00  1.355E+00  1.231E+00  1.096E+00  9.521E-01  8.018E-01  6.473E-01  4.922E-01  3.418E-01  2.047E-01  9.469E-02
  480.0000  1.910E+00  1.902E+00  1.876E+00  1.835E+00  1.777E+00  1.703E+00  1.614E+00  1.512E+00  1.396E+00  1.268E+00  1.129E+00  9.813E-01  8.267E-01  6.678E-01  5.080E-01  3.528E-01  2.110E-01  9.718E-02
  485.0000  1.735E+00  1.728E+00  1.705E+00  1.667E+00  1.614E+00  1.548E+00  1.467E+00  1.374E+00  1.269E+00  1.153E+00  1.027E+00  8.933E-01  7.530E-01  6.086E-01  4.633E-01  3.219E-01  1.925E-01  8.837E-02
  490.0000  1.807E+00  1.799E+00  1.775E+00  1.736E+00  1.682E+00  1.612E+00  1.529E+00  1.432E+00  1.323E+00  1.202E+00  1.072E+00  9.323E-01  7.863E-01  6.359E-01  4.845E-01  3.369E-01  2.014E-01  9.224E-02
  495.0000  1.841E+00  1.833E+00  1.809E+00  1.769E+00  1.713E+00  1.643E+00  1.558E+00  1.460E+00  1.349E+00  1.226E+00  1.093E+00  9.515E-01  8.029E-01  6.498E-01  4.954E-01  3.446E-01  2.060E-01  9.402E-02
  500.0000  1.756E+00  1.749E+00  1.726E+00  1.688E+00  1.635E+00  1.568E+00  1.487E+00  1.393E+00  1.288E+00  1.171E+00  1.044E+00  9.090E-01  7.673E-01  6.212E-01  4.737E-01  3.296E-01  1.968E-01  8.941E-02
  505.0000  1.785E+00  1.777E+00  1.754E+00  1.715E+00  1.662E+00  1.594E+00  1.512E+00  1.417E+00  1.309E+00  1.191E+00  1.062E+00  9.248E-01  7.809E-01  6.323E-01  4.823E-01  3.355E-01  2.001E-01  9.041E-02
  510.0000  1.770E+00  1.762E+00  1.739E+00  1.701E+00  1.648E+00  1.581E+00  1.500E+00  1.406E+00  1.299E+00  1.182E+00  1.055E+00  9.188E-01  7.762E-01  6.289E-01  4.801E-01  3.342E-01  1.993E-01  8.986E-02
  515.0000  1.641E+00  1.634E+00  1.612E+00  1.577E+00  1.528E+00  1.466E+00  1.391E+00  1.304E+00  1.205E+00  1.097E+00  9.790E-01  8.532E-01  7.211E-01  5.846E-01  4.466E-01  3.111E-01  1.855E-01  8.338E-02
  520.0000  1.687E+00  1.680E+00  1.658E+00  1.622E+00  1.571E+00  1.507E+00  1.431E+00  1.341E+00  1.240E+00  1.129E+00  1.008E+00  8.784E-01  7.427E-01  6.024E-01  4.603E-01  3.208E-01  1.912E-01  8.563E-02
  525.0000  1.693E+00  1.686E+00  1.664E+00  1.627E+00  1.577E+00  1.513E+00  1.436E+00  1.346E+00  1.245E+00  1.133E+00  1.012E+00  8.824E-01  7.462E-01  6.054E-01  4.627E-01  3.224E-01  1.920E-01  8.555E-02
  530.0000  1.784E+00  1.776E+00  1.753E+00  1.715E+00  1.662E+00  1.594E+00  1.513E+00  1.419E+00  1.312E+00  1.195E+00  1.067E+00  9.303E-01  7.868E-01  6.384E-01  4.880E-01  3.399E-01  2.020E-01  8.952E-02
  535.0000  1.729E+00  1.721E+00  1.699E+00  1.662E+00  1.611E+00  1.546E+00  1.467E+00  1.376E+00  1.273E+00  1.159E+00  1.035E+00  9.027E-01  7.637E-01  6.199E-01  4.740E-01  3.303E-01  1.962E-01  8.660E-02
  540.0000  1.730E+00  1.723E+00  1.701E+00  1.664E+00  1.612E+00  1.547E+00  1.469E+00  1.378E+00  1.274E+00  1.161E+00  1.037E+00  9.047E-01  7.657E-01  6.218E-01  4.758E-01  3.317E-01  1.971E-01  8.674E-02
  545.0000  1.756E+00  1.748E+00  1.726E+00  1.688E+00  1.636E+00  1.570E+00  1.491E+00  1.398E+00  1.294E+00  1.178E+00  1.053E+00  9.190E-01  7.780E-01  6.320E-01  4.837E-01  3.373E-01  2.003E-01  8.780E-02
  550.0000  1.761E+00  1.754E+00  1.731E+00  1.694E+00  1.642E+00  1.575E+00  1.496E+00  1.403E+00  1.298E+00  1.183E+00  1.057E+00  9.228E-01  7.814E-01  6.350E-01  4.862E-01  3.391E-01  2.013E-01  8.794E-02
  555.0000  1.748E+00  1.741E+00  1.718E+00  1.681E+00  1.630E+00  1.564E+00  1.485E+00  1.393E+00  1.290E+00  1.175E+00  1.050E+00  9.172E-01  7.770E-01  6.317E-01  4.839E-01  3.377E-01  2.004E-01  8.718E-02
  560.0000  1.704E+00  1.697E+00  1.675E+00  1.639E+00  1.589E+00  1.525E+00  1.448E+00  1.359E+00  1.258E+00  1.146E+00  1.024E+00  8.947E-01  7.580E-01  6.163E-01  4.721E-01  3.294E-01  1.952E-01  8.453E-02
  565.0000  1.707E+00  1.700E+00  1.678E+00  1.642E+00  1.592E+00  1.528E+00  1.451E+00  1.361E+00  1.260E+00  1.148E+00  1.027E+00  8.966E-01  7.597E-01  6.177E-01  4.732E-01  3.301E-01  1.954E-01  8.416E-02
  570.0000  1.698E+00  1.690E+00  1.669E+00  1.633E+00  1.583E+00  1.519E+00  1.443E+00  1.354E+00  1.253E+00  1.142E+00  1.021E+00  8.921E-01  7.561E-01  6.149E-01  4.712E-01  3.287E-01  1.944E-01  8.340E-02
  575.0000  1.726E+00  1.719E+00  1.697E+00  1.661E+00  1.610E+00  1.545E+00  1.467E+00  1.377E+00  1.275E+00  1.162E+00  1.039E+00  9.081E-01  7.698E-01  6.263E-01  4.801E-01  3.350E-01  1.982E-01  8.476E-02
  580.0000  1.698E+00  1.691E+00  1.669E+00  1.633E+00  1.583E+00  1.520E+00  1.444E+00  1.355E+00  1.255E+00  1.144E+00  1.024E+00  8.946E-01  7.587E-01  6.176E-01  4.738E-01  3.310E-01  1.960E-01  8.380E-02
  585.0000  1.699E+00  1.691E+00  1.670E+00  1.634E+00  1.584E+00  1.521E+00  1.445E+00  1.356E+00  1.256E+00  1.145E+00  1.025E+00  8.963E-01  7.605E-01  6.195E-01  4.756E-01  3.326E-01  1.972E-01  8.431E-02
  590.0000  1.639E+00  1.632E+00  1.611E+00  1.577E+00  1.529E+00  1.468E+00  1.394E+00  1.309E+00  1.213E+00  1.106E+00  9.899E-01  8.657E-01  7.348E-01  5.988E-01  4.600E-01  3.219E-01  1.910E-01  8.152E-02
  595.0000  1.672E+00  1.665E+00  1.644E+00  1.608E+00  1.559E+00  1.497E+00  1.423E+00  1.336E+00  1.237E+00  1.128E+00  1.010E+00  8.836E-01  7.500E-01  6.113E-01  4.697E-01  3.287E-01  1.949E-01  8.287E-02
  600.0000  1.632E+00  1.625E+00  1.604E+00  1.570E+00  1.522E+00  1.462E+00  1.389E+00  1.304E+00  1.208E+00  1.102E+00  9.862E-01  8.626E-01  7.323E-01  5.969E-01  4.586E-01  3.209E-01  1.900E-01  8.045E-02
  605.0000  1.650E+00  1.643E+00  1.623E+00  1.588E+00  1.540E+00  1.479E+00  1.405E+00  1.319E+00  1.222E+00  1.115E+00  9.983E-01  8.734E-01  7.417E-01  6.047E-01  4.649E-01  3.254E-01  1.928E-01  8.151E-02
  610.0000  1.629E+00  1.622E+00  1.601E+00  1.567E+00  1.520E+00  1.460E+00  1.387E+00  1.302E+00  1.207E+00  1.101E+00  9.864E-01  8.634E-01  7.336E-01  5.986E-01  4.606E-01  3.229E-01  1.917E-01  8.118E-02
  615.0000  1.589E+00  1.583E+00  1.563E+00  1.529E+00  1.483E+00  1.424E+00  1.354E+00  1.272E+00  1.179E+00  1.076E+00  9.638E-01  8.440E-01  7.175E-01  5.859E-01  4.514E-01  3.169E-01  1.886E-01  8.003E-02
  620.0000  1.612E+00  1.605E+00  1.584E+00  1.551E+00  1.504E+00  1.445E+00  1.373E+00  1.290E+00  1.196E+00  1.092E+00  9.786E-01  8.572E-01  7.291E-01  5.958E-01  4.594E-01  3.230E-01  1.926E-01  8.186E-02
  625.0000  1.576E+00  1.570E+00  1.550E+00  1.517E+00  1.472E+00  1.414E+00  1.344E+00  1.263E+00  1.171E+00  1.069E+00  9.583E-01  8.398E-01  7.146E-01  5.843E-01  4.509E-01  3.174E-01  1.895E-01  8.064E-02
  630.0000  1.578E+00  1.571E+00  1.552E+00  1.519E+00  1.473E+00  1.415E+00  1.345E+00  1.264E+00  1.172E+00  1.071E+00  9.602E-01  8.418E-01  7.166E-01  5.863E-01  4.528E-01  3.192E-01  1.909E-01  8.133E-02
  635.0000  1.566E+00  1.560E+00  1.540E+00  1.508E+00  1.462E+00  1.405E+00  1.336E+00  1.256E+00  1.165E+00  1.064E+00  9.542E-01  8.368E-01  7.127E-01  5.835E-01  4.510E-01  3.183E-01  1.907E-01  8.139E-02
  640.0000  1.548E+00  1.541E+00  1.522E+00  1.490E+00  1.445E+00  1.389E+00  1.320E+00  1.241E+00  1.151E+00  1.052E+00  9.438E-01  8.280E-01  7.055E-01  5.780E-01  4.472E-01  3.160E-01  1.897E-01  8.109E-02
  644.8000  1.538E+00  1.532E+00  1.512E+00  1.481E+00  1.436E+00  1.380E+00  1.313E+00  1.234E+00  1.145E+00  1.046E+00  9.390E-01  8.240E-01  7.025E-01  5.758E-01  4.458E-01  3.154E-01  1.896E-01  8.119E-02
  651.0500  1.518E+00  1.512E+00  1.493E+00  1.462E+00  1.418E+00  1.363E+00  1.296E+00  1.219E+00  1.131E+00  1.034E+00  9.279E-01  8.146E-01  6.948E-01  5.699E-01  4.416E-01  3.128E-01  1.884E-01  8.078E-02
  660.0000  1.440E+00  1.434E+00  1.416E+00  1.386E+00  1.345E+00  1.293E+00  1.230E+00  1.156E+00  1.073E+00  9.815E-01  8.815E-01  7.742E-01  6.608E-01  5.425E-01  4.210E-01  2.987E-01  1.804E-01  7.750E-02
  670.0000  1.477E+00  1.471E+00  1.453E+00  1.422E+00  1.380E+00  1.327E+00  1.262E+00  1.187E+00  1.102E+00  1.008E+00  9.058E-01  7.961E-01  6.799E-01  5.588E-01  4.342E-01  3.087E-01  1.870E-01  8.054E-02
  680.0000  1.450E+00  1.444E+00  1.426E+00  1.396E+00  1.355E+00  1.302E+00  1.239E+00  1.166E+00  1.083E+00  9.907E-01  8.904E-01  7.829E-01  6.691E-01  5.504E-01  4.282E-01  3.050E-01  1.852E-01  7.994E-02
  690.0000  1.428E+00  1.422E+00  1.405E+00  1.376E+00  1.335E+00  1.284E+00  1.222E+00  1.149E+00  1.068E+00  9.771E-01  8.786E-01  7.728E-01  6.609E-01  5.441E-01  4.238E-01  3.024E-01  1.840E-01  7.953E-02
  700.0000  1.403E+00  1.397E+00  1.380E+00  1.351E+00  1.312E+00  1.261E+00  1.200E+00  1.130E+00  1.050E+00  9.608E-01  8.642E-01  7.605E-01  6.508E-01  5.361E-01  4.181E-01  2.988E-01  1.822E-01  7.890E-02
  710.0000  1.370E+00  1.364E+00  1.347E+00  1.319E+00  1.281E+00  1.232E+00  1.172E+00  1.103E+00  1.025E+00  9.389E-01  8.447E-01  7.436E-01  6.366E-01  5.248E-01  4.096E-01  2.931E-01  1.791E-01  7.761E-02
  720.0000  1.324E+00  1.319E+00  1.303E+00  1.276E+00  1.239E+00  1.191E+00  1.134E+00  1.067E+00  9.921E-01  9.086E-01  8.177E-01  7.201E-01  6.167E-01  5.087E-01  3.974E-01  2.847E-01  1.742E-01  7.555E-02
  730.0000  1.293E+00  1.288E+00  1.272E+00  1.246E+00  1.210E+00  1.164E+00  1.108E+00  1.043E+00  9.695E-01  8.881E-01  7.994E-01  7.042E-01  6.034E-01  4.980E-01  3.894E-01  2.793E-01  1.712E-01  7.433E-02
------------------------------------------------------------
Dose rates, W m-2
   1 = UV-B, 280-315 nm                                  
   2 = UV-B*, 280-320 nm                                 
   3 = UV-A, 315-400 nm                                  
   4 = DNA damage, in vitro (Setlow, 1974)               
   5 = UV index (WMO, 1994; Webb et al., 2011)           
   6 = Plant damage (Caldwell, 1971)                     
   7 = Plant damage,Flint&Caldwell,2003,orig.            
   8 = Plant damage,Flint&Caldwell,2003,ext390           
values at z =      0.000 km
Columns: sza, weighting spectra
 sza, deg.          1          2          3          4          5          6          7          8
    0.0000  4.008E+00  5.164E+00  6.201E+01  5.857E-02  3.875E+01  1.524E+00  2.360E+00  2.830E+00
    5.0000  3.979E+00  5.129E+00  6.170E+01  5.784E-02  3.839E+01  1.510E+00  2.341E+00  2.808E+00
   10.0000  3.890E+00  5.020E+00  6.077E+01  5.568E-02  3.731E+01  1.465E+00  2.284E+00  2.744E+00
   15.0000  3.745E+00  4.843E+00  5.925E+01  5.223E-02  3.555E+01  1.393E+00  2.190E+00  2.639E+00
   20.0000  3.547E+00  4.600E+00  5.714E+01  4.768E-02  3.319E+01  1.297E+00  2.064E+00  2.498E+00
   25.0000  3.304E+00  4.300E+00  5.447E+01  4.229E-02  3.032E+01  1.180E+00  1.910E+00  2.324E+00
   30.0000  3.019E+00  3.947E+00  5.128E+01  3.619E-02  2.703E+01  1.046E+00  1.732E+00  2.122E+00
   35.0000  2.702E+00  3.554E+00  4.760E+01  3.024E-02  2.354E+01  9.047E-01  1.541E+00  1.905E+00
   40.0000  2.365E+00  3.132E+00  4.349E+01  2.423E-02  1.991E+01  7.588E-01  1.340E+00  1.673E+00
   45.0000  2.015E+00  2.691E+00  3.902E+01  1.863E-02  1.632E+01  6.151E-01  1.136E+00  1.436E+00
   50.0000  1.664E+00  2.246E+00  3.425E+01  1.369E-02  1.291E+01  4.798E-01  9.376E-01  1.202E+00
   55.0000  1.326E+00  1.811E+00  2.927E+01  9.577E-03  9.807E+00  3.581E-01  7.504E-01  9.773E-01
   60.0000  1.011E+00  1.402E+00  2.421E+01  6.359E-03  7.123E+00  2.540E-01  5.799E-01  7.684E-01
   65.0000  7.317E-01  1.031E+00  1.918E+01  4.015E-03  4.921E+00  1.703E-01  4.301E-01  5.800E-01
   70.0000  4.965E-01  7.131E-01  1.435E+01  2.432E-03  3.221E+00  1.074E-01  3.034E-01  4.160E-01
   75.0000  3.113E-01  4.553E-01  9.914E+00  1.440E-03  1.991E+00  6.392E-02  2.006E-01  2.784E-01
   80.0000  1.763E-01  2.608E-01  6.060E+00  8.468E-04  1.151E+00  3.623E-02  1.204E-01  1.679E-01
   85.0000  8.579E-02  1.254E-01  2.926E+00  4.691E-04  5.893E-01  1.909E-02  5.954E-02  8.249E-02
------------------------------------------------------------
