Spectral Irradiance, W m-2 nm-1
values at z =      0.000 km
Columns: wavelength (nm), solar zenith angles (deg.)
    wc, nm      0.000      5.000     10.000     15.000     20.000     25.000     30.000     35.000     40.000     45.000     50.000     55.000     60.000     65.000     70.000     75.000     80.000     85.000
  280.5000  1.035E-16  9.053E-17  6.036E-17  3.020E-17  1.105E-17  2.835E-18  4.812E-19  4.967E-20  2.768E-21  7.018E-23  6.339E-25  1.535E-27  2.005E-29  1.025E-29  6.899E-30  4.903E-30  3.419E-30  2.129E-30
  281.5000  5.461E-15  4.836E-15  3.342E-15  1.778E-15  7.111E-16  2.060E-16  4.095E-17  5.178E-18  3.738E-19  1.320E-20  1.825E-22  7.650E-25  1.091E-26  5.346E-27  3.577E-27  2.536E-27  1.767E-27  1.099E-27
  282.5000  1.126E-13  1.007E-13  7.177E-14  4.026E-14  1.738E-14  5.586E-15  1.272E-15  1.915E-16  1.726E-17  8.094E-19  1.613E-20  1.083E-22  1.699E-24  7.910E-25  5.260E-25  3.720E-25  2.589E-25  1.609E-25
  283.5000  7.276E-13  6.552E-13  4.765E-13  2.766E-13  1.255E-13  4.316E-14  1.074E-14  1.810E-15  1.885E-16  1.029E-17  2.683E-19  2.441E-21  4.124E-23  1.834E-23  1.214E-23  8.567E-24  5.957E-24  3.701E-24
  284.5000  1.315E-11  1.198E-11  9.035E-12  5.582E-12  2.774E-12  1.078E-12  3.149E-13  6.522E-14  8.832E-15  6.964E-16  2.709E-17  4.301E-19  8.745E-21  3.468E-21  2.268E-21  1.593E-21  1.106E-21  6.864E-22
  285.5000  6.997E-11  6.433E-11  4.985E-11  3.225E-11  1.714E-11  7.296E-12  2.399E-12  5.787E-13  9.517E-14  9.616E-15  5.148E-16  1.231E-17  2.999E-19  1.057E-19  6.830E-20  4.778E-20  3.309E-20  2.052E-20
  286.5000  1.141E-09  1.056E-09  8.353E-10  5.600E-10  3.134E-10  1.431E-10  5.153E-11  1.397E-11  2.668E-12  3.261E-13  2.231E-14  7.308E-16  2.105E-17  6.620E-18  4.228E-18  2.945E-18  2.036E-18  1.261E-18
  287.5000  9.345E-09  8.717E-09  7.057E-09  4.921E-09  2.916E-09  1.438E-09  5.733E-10  1.770E-10  3.988E-11  6.022E-12  5.408E-13  2.510E-14  9.040E-16  2.448E-16  1.535E-16  1.063E-16  7.323E-17  4.532E-17
  288.5000  6.907E-08  6.496E-08  5.392E-08  3.924E-08  2.475E-08  1.328E-08  5.907E-09  2.100E-09  5.665E-10  1.076E-10  1.299E-11  8.797E-13  4.228E-14  9.556E-15  5.802E-15  3.981E-15  2.732E-15  1.687E-15
  289.5000  5.002E-07  4.732E-07  3.999E-07  3.001E-07  1.978E-07  1.127E-07  5.427E-08  2.134E-08  6.546E-09  1.466E-09  2.183E-10  1.937E-11  1.174E-12  2.323E-13  1.360E-13  9.250E-14  6.323E-14  3.897E-14
  290.5000  2.528E-06  2.403E-06  2.062E-06  1.588E-06  1.087E-06  6.514E-07  3.350E-07  1.434E-07  4.902E-08  1.260E-08  2.241E-09  2.492E-10  1.867E-11  3.329E-12  1.858E-12  1.252E-12  8.517E-13  5.239E-13
  291.5000  1.036E-05  9.904E-06  8.642E-06  6.851E-06  4.892E-06  3.106E-06  1.722E-06  8.115E-07  3.135E-07  9.420E-08  2.048E-08  2.943E-09  2.853E-10  4.648E-11  2.385E-11  1.583E-11  1.069E-11  6.555E-12
  292.5000  3.068E-05  2.947E-05  2.557E-05  2.117E-05  1.565E-05  1.042E-05  6.139E-06  3.131E-06  1.337E-06  4.565E-07  1.169E-07  2.071E-08  2.507E-09  3.940E-10  1.826E-10  1.190E-10  7.979E-11  4.873E-11
  293.5000  1.075E-04  1.037E-04  9.302E-05  7.724E-05  5.900E-05  4.104E-05  2.563E-05  1.407E-05  6.603E-06  2.543E-06  7.595E-07  1.637E-07  2.465E-08  3.924E-09  1.597E-09  1.013E-09  6.728E-10  4.089E-10
  294.5000  2.377E-04  2.301E-04  2.085E-04  1.762E-04  1.381E-04  9.943E-05  6.496E-05  3.713E-05  1.909E-05  8.078E-06  2.721E-06  6.839E-07  1.227E-07  2.051E-08  7.393E-09  4.536E-09  2.983E-09  1.803E-09
  295.5000  7.007E-04  6.807E-04  6.235E-04  5.368E-04  4.323E-04  3.230E-04  2.214E-04  1.370E-04  7.484E-05  3.498E-05  1.339E-05  3.959E-06  8.600E-07  1.579E-07  4.954E-08  2.870E-08  1.858E-08  1.115E-08
  296.5000  1.396E-03  1.360E-03  1.257E-03  1.100E-03  9.057E-04  6.977E-04  4.977E-04  3.241E-04  1.890E-04  9.594E-05  4.081E-05  1.381E-05  3.526E-06  7.237E-07  2.046E-07  1.098E-07  6.983E-08  4.155E-08
  297.5000  3.005E-03  2.936E-03  2.735E-03  2.425E-03  2.037E-03  1.612E-03  1.191E-03  8.109E-04  5.005E-04  2.732E-04  1.275E-04  4.853E-05  1.431E-05  3.314E-06  8.781E-07  4.269E-07  2.649E-07  1.560E-07
  298.5000  3.951E-03  3.869E-03  3.629E-03  3.254E-03  2.780E-03  2.250E-03  1.712E-03  1.211E-03  7.838E-04  4.547E-04  2.293E-04  9.642E-05  3.214E-05  8.368E-06  2.172E-06  9.465E-07  5.688E-07  3.309E-07
  299.5000  9.661E-03  9.479E-03  8.948E-03  8.112E-03  7.039E-03  5.820E-03  4.552E-03  3.336E-03  2.260E-03  1.388E-03  7.533E-04  3.478E-04  1.303E-04  3.833E-05  1.013E-05  3.909E-06  2.236E-06  1.280E-06
  300.5000  9.725E-03  9.557E-03  9.065E-03  8.287E-03  7.279E-03  6.117E-03  4.887E-03  3.681E-03  2.581E-03  1.657E-03  9.507E-04  4.715E-04  1.933E-04  6.286E-05  1.733E-05  6.095E-06  3.292E-06  1.853E-06
  301.5000  2.085E-02  2.053E-02  1.957E-02  1.805E-02  1.607E-02  1.374E-02  1.124E-02  8.715E-03  6.344E-03  4.271E-03  2.604E-03  1.395E-03  6.312E-04  2.303E-04  6.847E-05  2.211E-05  1.088E-05  5.962E-06
  302.5000  2.734E-02  2.695E-02  2.578E-02  2.392E-02  2.147E-02  1.858E-02  1.543E-02  1.220E-02  9.101E-03  6.320E-03  4.009E-03  2.260E-03  1.091E-03  4.302E-04  1.365E-04  4.251E-05  1.928E-05  1.030E-05
  303.5000  4.953E-02  4.888E-02  4.696E-02  4.388E-02  3.979E-02  3.490E-02  2.949E-02  2.386E-02  1.832E-02  1.320E-02  8.774E-03  5.252E-03  2.738E-03  1.187E-03  4.131E-04  1.274E-04  5.146E-05  2.624E-05
  304.5000  5.611E-02  5.542E-02  5.338E-02  5.007E-02  4.567E-02  4.038E-02  3.448E-02  2.826E-02  2.207E-02  1.624E-02  1.109E-02  6.871E-03  3.743E-03  1.717E-03  6.338E-04  1.982E-04  7.439E-05  3.649E-05
  305.5000  7.809E-02  7.721E-02  7.462E-02  7.042E-02  6.479E-02  5.796E-02  5.025E-02  4.200E-02  3.362E-02  2.553E-02  1.814E-02  1.183E-02  6.889E-03  3.439E-03  1.400E-03  4.606E-04  1.561E-04  7.029E-05
  306.5000  8.340E-02  8.251E-02  7.986E-02  7.556E-02  6.978E-02  6.275E-02  5.476E-02  4.616E-02  3.734E-02  2.874E-02  2.077E-02  1.385E-02  8.298E-03  4.297E-03  1.827E-03  6.207E-04  2.029E-04  8.692E-05
  307.5000  1.256E-01  1.243E-01  1.207E-01  1.148E-01  1.067E-01  9.690E-02  8.563E-02  7.335E-02  6.056E-02  4.782E-02  3.572E-02  2.485E-02  1.573E-02  8.750E-03  4.070E-03  1.500E-03  4.713E-04  1.783E-04
  308.5000  1.429E-01  1.416E-01  1.376E-01  1.311E-01  1.222E-01  1.114E-01  9.892E-02  8.526E-02  7.095E-02  5.659E-02  4.281E-02  3.026E-02  1.956E-02  1.118E-02  5.388E-03  2.060E-03  6.456E-04  2.310E-04
  309.5000  1.295E-01  1.284E-01  1.250E-01  1.195E-01  1.120E-01  1.027E-01  9.194E-02  8.009E-02  6.755E-02  5.480E-02  4.236E-02  3.079E-02  2.064E-02  1.238E-02  6.352E-03  2.609E-03  8.336E-04  2.685E-04
  310.5000  1.799E-01  1.773E-01  1.740E-01  1.667E-01  1.567E-01  1.444E-01  1.301E-01  1.142E-01  9.721E-02  7.983E-02  6.267E-02  4.648E-02  3.197E-02  1.986E-02  1.066E-02  4.632E-03  1.530E-03  4.583E-04
  311.5000  2.346E-01  2.327E-01  2.271E-01  2.179E-01  2.053E-01  1.898E-01  1.716E-01  1.514E-01  1.297E-01  1.074E-01  8.518E-02  6.400E-02  4.479E-02  2.845E-02  1.575E-02  7.111E-03  2.419E-03  6.935E-04
  312.5000  2.342E-01  2.324E-01  2.272E-01  2.186E-01  2.068E-01  1.922E-01  1.750E-01  1.557E-01  1.350E-01  1.133E-01  9.153E-02  7.040E-02  5.080E-02  3.362E-02  1.968E-02  9.570E-03  3.505E-03  9.540E-04
  313.5000  2.671E-01  2.651E-01  2.592E-01  2.496E-01  2.364E-01  2.199E-01  2.005E-01  1.789E-01  1.555E-01  1.310E-01  1.063E-01  8.222E-02  5.976E-02  3.993E-02  2.368E-02  1.172E-02  4.377E-03  1.184E-03
  314.5000  2.721E-01  2.702E-01  2.646E-01  2.553E-01  2.426E-01  2.268E-01  2.081E-01  1.870E-01  1.641E-01  1.400E-01  1.152E-01  9.098E-02  6.788E-02  4.698E-02  2.924E-02  1.549E-02  6.291E-03  1.716E-03
  315.5000  2.819E-01  2.800E-01  2.742E-01  2.647E-01  2.517E-01  2.355E-01  2.163E-01  1.947E-01  1.711E-01  1.463E-01  1.208E-01  9.567E-02  7.169E-02  4.991E-02  3.131E-02  1.676E-02  6.910E-03  1.898E-03
  316.5000  2.849E-01  2.830E-01  2.775E-01  2.684E-01  2.559E-01  2.402E-01  2.217E-01  2.007E-01  1.777E-01  1.533E-01  1.282E-01  1.031E-01  7.882E-02  5.639E-02  3.674E-02  2.077E-02  9.241E-03  2.678E-03
  317.5000  4.029E-01  4.003E-01  3.925E-01  3.796E-01  3.619E-01  3.398E-01  3.136E-01  2.840E-01  2.515E-01  2.171E-01  1.815E-01  1.460E-01  1.117E-01  7.991E-02  5.207E-02  2.944E-02  1.309E-02  3.791E-03
  318.5000  3.211E-01  3.191E-01  3.132E-01  3.034E-01  2.900E-01  2.731E-01  2.532E-01  2.305E-01  2.055E-01  1.789E-01  1.513E-01  1.234E-01  9.614E-02  7.054E-02  4.760E-02  2.832E-02  1.359E-02  4.281E-03
  319.5000  3.927E-01  3.903E-01  3.832E-01  3.713E-01  3.551E-01  3.347E-01  3.105E-01  2.830E-01  2.527E-01  2.204E-01  1.867E-01  1.528E-01  1.195E-01  8.808E-02  5.983E-02  3.595E-02  1.751E-02  5.625E-03
  320.5000  4.792E-01  4.763E-01  4.677E-01  4.534E-01  4.339E-01  4.092E-01  3.801E-01  3.468E-01  3.103E-01  2.711E-01  2.303E-01  1.891E-01  1.485E-01  1.101E-01  7.540E-02  4.583E-02  2.273E-02  7.481E-03
  321.5000  4.116E-01  4.092E-01  4.022E-01  3.905E-01  3.745E-01  3.543E-01  3.303E-01  3.029E-01  2.726E-01  2.401E-01  2.060E-01  1.713E-01  1.369E-01  1.038E-01  7.342E-02  4.681E-02  2.505E-02  9.284E-03
  322.5000  4.106E-01  4.082E-01  4.009E-01  3.889E-01  3.723E-01  3.515E-01  3.268E-01  2.986E-01  2.676E-01  2.343E-01  1.996E-01  1.644E-01  1.296E-01  9.665E-02  6.665E-02  4.094E-02  2.064E-02  6.951E-03
  323.5000  4.287E-01  4.263E-01  4.191E-01  4.073E-01  3.910E-01  3.704E-01  3.460E-01  3.180E-01  2.871E-01  2.538E-01  2.188E-01  1.830E-01  1.473E-01  1.129E-01  8.100E-02  5.274E-02  2.921E-02  1.148E-02
  324.5000  5.028E-01  5.000E-01  4.916E-01  4.777E-01  4.585E-01  4.344E-01  4.057E-01  3.729E-01  3.366E-01  2.972E-01  2.564E-01  2.144E-01  1.725E-01  1.321E-01  9.459E-02  6.145E-02  3.390E-02  1.324E-02
  325.5000  5.625E-01  5.593E-01  5.498E-01  5.342E-01  5.127E-01  4.855E-01  4.532E-01  4.163E-01  3.755E-01  3.315E-01  2.854E-01  2.381E-01  1.911E-01  1.458E-01  1.039E-01  6.696E-02  3.647E-02  1.392E-02
  326.5000  6.863E-01  6.826E-01  6.715E-01  6.533E-01  6.280E-01  5.962E-01  5.583E-01  5.149E-01  4.668E-01  4.147E-01  3.599E-01  3.035E-01  2.470E-01  1.920E-01  1.405E-01  9.423E-02  5.481E-02  2.361E-02
  327.5000  6.373E-01  6.338E-01  6.235E-01  6.063E-01  5.826E-01  5.521E-01  5.171E-01  4.764E-01  4.312E-01  3.824E-01  3.311E-01  2.783E-01  2.255E-01  1.743E-01  1.264E-01  8.369E-02  4.764E-02  1.970E-02
  328.5000  5.883E-01  5.851E-01  5.755E-01  5.597E-01  5.379E-01  5.104E-01  4.776E-01  4.400E-01  3.984E-01  3.534E-01  3.060E-01  2.573E-01  2.086E-01  1.612E-01  1.170E-01  7.745E-02  4.410E-02  1.824E-02
  329.5000  7.667E-01  7.627E-01  7.506E-01  7.306E-01  7.031E-01  6.683E-01  6.268E-01  5.793E-01  5.264E-01  4.692E-01  4.088E-01  3.464E-01  2.837E-01  2.224E-01  1.646E-01  1.122E-01  6.717E-02  3.059E-02
  330.5000  6.953E-01  6.916E-01  6.805E-01  6.622E-01  6.369E-01  6.051E-01  5.664E-01  5.235E-01  4.751E-01  4.227E-01  3.674E-01  3.104E-01  2.532E-01  1.974E-01  1.448E-01  9.756E-02  5.717E-02  2.499E-02
  331.5000  6.866E-01  6.829E-01  6.720E-01  6.539E-01  6.289E-01  5.973E-01  5.597E-01  5.167E-01  4.689E-01  4.171E-01  3.624E-01  3.060E-01  2.494E-01  1.942E-01  1.423E-01  9.558E-02  5.576E-02  2.417E-02
  332.5000  6.785E-01  6.749E-01  6.644E-01  6.469E-01  6.228E-01  5.924E-01  5.560E-01  5.144E-01  4.680E-01  4.178E-01  3.646E-01  3.097E-01  2.543E-01  2.000E-01  1.486E-01  1.020E-01  6.170E-02  2.873E-02
  333.5000  6.363E-01  6.330E-01  6.230E-01  6.065E-01  5.837E-01  5.549E-01  5.206E-01  4.812E-01  4.374E-01  3.900E-01  3.398E-01  2.880E-01  2.357E-01  1.846E-01  1.364E-01  9.273E-02  5.520E-02  2.491E-02
  334.5000  7.113E-01  7.076E-01  6.965E-01  6.782E-01  6.528E-01  6.209E-01  5.827E-01  5.390E-01  4.903E-01  4.375E-01  3.816E-01  3.238E-01  2.656E-01  2.085E-01  1.545E-01  1.055E-01  6.331E-02  2.903E-02
  335.5000  7.220E-01  7.182E-01  7.071E-01  6.887E-01  6.634E-01  6.313E-01  5.930E-01  5.491E-01  5.002E-01  4.471E-01  3.908E-01  3.326E-01  2.737E-01  2.159E-01  1.611E-01  1.112E-01  6.788E-02  3.224E-02
  336.5000  5.640E-01  5.611E-01  5.524E-01  5.380E-01  5.181E-01  4.930E-01  4.631E-01  4.287E-01  3.904E-01  3.489E-01  3.048E-01  2.592E-01  2.132E-01  1.680E-01  1.251E-01  8.603E-02  5.225E-02  2.456E-02
  337.5000  6.182E-01  6.150E-01  6.054E-01  5.895E-01  5.676E-01  5.400E-01  5.069E-01  4.690E-01  4.268E-01  3.810E-01  3.325E-01  2.823E-01  2.316E-01  1.819E-01  1.348E-01  9.204E-02  5.520E-02  2.531E-02
  338.5000  6.533E-01  6.500E-01  6.400E-01  6.234E-01  6.006E-01  5.717E-01  5.372E-01  4.976E-01  4.535E-01  4.056E-01  3.548E-01  3.021E-01  2.488E-01  1.964E-01  1.465E-01  1.012E-01  6.179E-02  2.941E-02
  339.5000  7.101E-01  7.065E-01  6.957E-01  6.778E-01  6.530E-01  6.217E-01  5.843E-01  5.414E-01  4.935E-01  4.415E-01  3.864E-01  3.292E-01  2.713E-01  2.143E-01  1.601E-01  1.106E-01  6.774E-02  3.240E-02
  340.5000  7.585E-01  7.546E-01  7.430E-01  7.238E-01  6.973E-01  6.638E-01  6.238E-01  5.778E-01  5.265E-01  4.708E-01  4.118E-01  3.505E-01  2.885E-01  2.275E-01  1.695E-01  1.167E-01  7.095E-02  3.347E-02
  341.5000  6.740E-01  6.706E-01  6.603E-01  6.434E-01  6.200E-01  5.904E-01  5.551E-01  5.145E-01  4.692E-01  4.200E-01  3.678E-01  3.136E-01  2.586E-01  2.045E-01  1.529E-01  1.058E-01  6.495E-02  3.124E-02
  342.5000  7.465E-01  7.427E-01  7.314E-01  7.127E-01  6.868E-01  6.542E-01  6.151E-01  5.702E-01  5.202E-01  4.658E-01  4.080E-01  3.480E-01  2.872E-01  2.272E-01  1.700E-01  1.178E-01  7.239E-02  3.494E-02
  343.5000  7.749E-01  7.710E-01  7.592E-01  7.398E-01  7.130E-01  6.790E-01  6.385E-01  5.918E-01  5.398E-01  4.833E-01  4.233E-01  3.609E-01  2.977E-01  2.353E-01  1.759E-01  1.216E-01  7.448E-02  3.571E-02
  344.5000  5.428E-01  5.400E-01  5.318E-01  5.182E-01  4.994E-01  4.756E-01  4.471E-01  4.144E-01  3.780E-01  3.384E-01  2.963E-01  2.525E-01  2.082E-01  1.644E-01  1.227E-01  8.465E-02  5.165E-02  2.458E-02
  345.5000  7.440E-01  7.402E-01  7.290E-01  7.105E-01  6.849E-01  6.525E-01  6.138E-01  5.692E-01  5.196E-01  4.655E-01  4.081E-01  3.484E-01  2.877E-01  2.279E-01  1.707E-01  1.184E-01  7.288E-02  3.536E-02
  346.5000  6.954E-01  6.918E-01  6.813E-01  6.640E-01  6.400E-01  6.097E-01  5.734E-01  5.317E-01  4.852E-01  4.346E-01  3.808E-01  3.249E-01  2.681E-01  2.120E-01  1.585E-01  1.095E-01  6.704E-02  3.215E-02
  347.5000  6.792E-01  6.758E-01  6.655E-01  6.486E-01  6.252E-01  5.957E-01  5.603E-01  5.196E-01  4.743E-01  4.249E-01  3.724E-01  3.177E-01  2.623E-01  2.075E-01  1.551E-01  1.072E-01  6.568E-02  3.154E-02
  348.5000  7.463E-01  7.425E-01  7.313E-01  7.128E-01  6.872E-01  6.547E-01  6.160E-01  5.714E-01  5.216E-01  4.675E-01  4.099E-01  3.499E-01  2.890E-01  2.287E-01  1.712E-01  1.185E-01  7.268E-02  3.504E-02
  349.5000  6.252E-01  6.220E-01  6.127E-01  5.971E-01  5.757E-01  5.486E-01  5.161E-01  4.788E-01  4.372E-01  3.918E-01  3.436E-01  2.934E-01  2.423E-01  1.918E-01  1.435E-01  9.929E-02  6.089E-02  2.934E-02
  350.5000  8.750E-01  8.706E-01  8.575E-01  8.358E-01  8.059E-01  7.680E-01  7.227E-01  6.705E-01  6.123E-01  5.489E-01  4.814E-01  4.111E-01  3.396E-01  2.689E-01  2.013E-01  1.393E-01  8.543E-02  4.120E-02
  351.5000  7.538E-01  7.500E-01  7.388E-01  7.201E-01  6.943E-01  6.617E-01  6.227E-01  5.778E-01  5.276E-01  4.730E-01  4.149E-01  3.543E-01  2.928E-01  2.318E-01  1.734E-01  1.199E-01  7.349E-02  3.539E-02
  352.5000  6.796E-01  6.762E-01  6.661E-01  6.493E-01  6.261E-01  5.967E-01  5.616E-01  5.212E-01  4.760E-01  4.268E-01  3.745E-01  3.199E-01  2.644E-01  2.094E-01  1.567E-01  1.084E-01  6.645E-02  3.204E-02
  353.5000  8.178E-01  8.137E-01  8.015E-01  7.814E-01  7.535E-01  7.183E-01  6.761E-01  6.275E-01  5.733E-01  5.141E-01  4.512E-01  3.856E-01  3.188E-01  2.525E-01  1.891E-01  1.309E-01  8.029E-02  3.880E-02
  354.5000  8.848E-01  8.804E-01  8.672E-01  8.455E-01  8.154E-01  7.773E-01  7.317E-01  6.793E-01  6.206E-01  5.568E-01  4.887E-01  4.178E-01  3.455E-01  2.738E-01  2.051E-01  1.420E-01  8.718E-02  4.219E-02
  355.5000  8.266E-01  8.225E-01  8.102E-01  7.899E-01  7.618E-01  7.263E-01  6.838E-01  6.348E-01  5.801E-01  5.205E-01  4.569E-01  3.907E-01  3.231E-01  2.561E-01  1.918E-01  1.328E-01  8.153E-02  3.947E-02
  356.5000  7.668E-01  7.629E-01  7.516E-01  7.328E-01  7.068E-01  6.738E-01  6.344E-01  5.891E-01  5.384E-01  4.831E-01  4.242E-01  3.627E-01  3.001E-01  2.379E-01  1.782E-01  1.233E-01  7.569E-02  3.663E-02
  357.5000  6.517E-01  6.485E-01  6.389E-01  6.229E-01  6.008E-01  5.729E-01  5.394E-01  5.009E-01  4.578E-01  4.109E-01  3.608E-01  3.086E-01  2.553E-01  2.024E-01  1.516E-01  1.049E-01  6.436E-02  3.113E-02
  358.5000  5.027E-01  5.003E-01  4.928E-01  4.805E-01  4.635E-01  4.420E-01  4.162E-01  3.866E-01  3.534E-01  3.172E-01  2.786E-01  2.383E-01  1.972E-01  1.564E-01  1.172E-01  8.110E-02  4.976E-02  2.409E-02
  359.5000  8.458E-01  8.416E-01  8.291E-01  8.084E-01  7.799E-01  7.437E-01  7.004E-01  6.505E-01  5.948E-01  5.339E-01  4.690E-01  4.013E-01  3.321E-01  2.634E-01  1.974E-01  1.366E-01  8.378E-02  4.056E-02
  360.5000  7.836E-01  7.798E-01  7.682E-01  7.491E-01  7.227E-01  6.892E-01  6.491E-01  6.030E-01  5.513E-01  4.950E-01  4.349E-01  3.722E-01  3.081E-01  2.444E-01  1.831E-01  1.267E-01  7.771E-02  3.762E-02
  361.5000  7.062E-01  7.028E-01  6.924E-01  6.752E-01  6.514E-01  6.213E-01  5.852E-01  5.436E-01  4.972E-01  4.465E-01  3.923E-01  3.358E-01  2.780E-01  2.206E-01  1.653E-01  1.144E-01  7.016E-02  3.398E-02
  362.5000  8.290E-01  8.250E-01  8.128E-01  7.926E-01  7.647E-01  7.294E-01  6.871E-01  6.384E-01  5.839E-01  5.244E-01  4.609E-01  3.946E-01  3.268E-01  2.593E-01  1.943E-01  1.345E-01  8.248E-02  3.996E-02
  363.5000  7.372E-01  7.336E-01  7.228E-01  7.049E-01  6.801E-01  6.487E-01  6.112E-01  5.679E-01  5.195E-01  4.666E-01  4.102E-01  3.512E-01  2.909E-01  2.309E-01  1.731E-01  1.198E-01  7.342E-02  3.557E-02
  364.5000  8.039E-01  7.999E-01  7.882E-01  7.687E-01  7.417E-01  7.075E-01  6.666E-01  6.195E-01  5.667E-01  5.091E-01  4.476E-01  3.833E-01  3.175E-01  2.520E-01  1.889E-01  1.307E-01  8.012E-02  3.881E-02
  365.5000  9.792E-01  9.744E-01  9.600E-01  9.363E-01  9.035E-01  8.619E-01  8.122E-01  7.548E-01  6.906E-01  6.205E-01  5.456E-01  4.672E-01  3.871E-01  3.073E-01  2.304E-01  1.594E-01  9.764E-02  4.727E-02
  366.5000  1.036E+00  1.031E+00  1.016E+00  9.906E-01  9.559E-01  9.120E-01  8.594E-01  7.988E-01  7.310E-01  6.568E-01  5.777E-01  4.948E-01  4.101E-01  3.256E-01  2.441E-01  1.689E-01  1.034E-01  5.009E-02
  367.5000  9.832E-01  9.784E-01  9.640E-01  9.403E-01  9.074E-01  8.658E-01  8.159E-01  7.585E-01  6.941E-01  6.238E-01  5.487E-01  4.701E-01  3.897E-01  3.094E-01  2.320E-01  1.605E-01  9.831E-02  4.761E-02
  368.5000  8.634E-01  8.592E-01  8.466E-01  8.258E-01  7.969E-01  7.604E-01  7.167E-01  6.663E-01  6.098E-01  5.481E-01  4.822E-01  4.132E-01  3.425E-01  2.721E-01  2.040E-01  1.411E-01  8.641E-02  4.184E-02
  369.5000  1.035E+00  1.030E+00  1.015E+00  9.902E-01  9.557E-01  9.120E-01  8.596E-01  7.992E-01  7.315E-01  6.576E-01  5.786E-01  4.959E-01  4.112E-01  3.266E-01  2.449E-01  1.694E-01  1.037E-01  5.021E-02
  370.5000  9.389E-01  9.343E-01  9.207E-01  8.981E-01  8.668E-01  8.272E-01  7.798E-01  7.250E-01  6.637E-01  5.968E-01  5.251E-01  4.501E-01  3.733E-01  2.966E-01  2.224E-01  1.538E-01  9.414E-02  4.557E-02
  371.5000  1.074E+00  1.069E+00  1.053E+00  1.027E+00  9.916E-01  9.463E-01  8.921E-01  8.296E-01  7.595E-01  6.830E-01  6.011E-01  5.153E-01  4.274E-01  3.396E-01  2.547E-01  1.762E-01  1.078E-01  5.217E-02
  372.5000  7.930E-01  7.891E-01  7.776E-01  7.586E-01  7.323E-01  6.989E-01  6.589E-01  6.128E-01  5.611E-01  5.046E-01  4.442E-01  3.808E-01  3.159E-01  2.511E-01  1.883E-01  1.302E-01  7.967E-02  3.856E-02
  373.5000  7.165E-01  7.130E-01  7.027E-01  6.855E-01  6.617E-01  6.316E-01  5.955E-01  5.538E-01  5.072E-01  4.562E-01  4.016E-01  3.444E-01  2.858E-01  2.271E-01  1.704E-01  1.178E-01  7.204E-02  3.486E-02
  374.5000  7.861E-01  7.823E-01  7.709E-01  7.521E-01  7.261E-01  6.931E-01  6.535E-01  6.078E-01  5.567E-01  5.008E-01  4.409E-01  3.782E-01  3.138E-01  2.495E-01  1.872E-01  1.294E-01  7.910E-02  3.827E-02
  375.5000  8.866E-01  8.823E-01  8.695E-01  8.483E-01  8.190E-01  7.818E-01  7.372E-01  6.858E-01  6.282E-01  5.651E-01  4.977E-01  4.269E-01  3.543E-01  2.817E-01  2.114E-01  1.461E-01  8.931E-02  4.320E-02
  376.5000  8.851E-01  8.808E-01  8.680E-01  8.469E-01  8.176E-01  7.806E-01  7.361E-01  6.848E-01  6.273E-01  5.645E-01  4.972E-01  4.266E-01  3.541E-01  2.816E-01  2.113E-01  1.461E-01  8.924E-02  4.316E-02
  377.5000  1.054E+00  1.049E+00  1.033E+00  1.008E+00  9.734E-01  9.293E-01  8.765E-01  8.155E-01  7.471E-01  6.723E-01  5.922E-01  5.082E-01  4.219E-01  3.356E-01  2.518E-01  1.741E-01  1.063E-01  5.142E-02
  378.5000  1.148E+00  1.142E+00  1.126E+00  1.099E+00  1.061E+00  1.013E+00  9.552E-01  8.888E-01  8.143E-01  7.329E-01  6.457E-01  5.542E-01  4.602E-01  3.660E-01  2.747E-01  1.899E-01  1.160E-01  5.606E-02
  379.5000  8.490E-01  8.449E-01  8.327E-01  8.125E-01  7.845E-01  7.491E-01  7.066E-01  6.575E-01  6.025E-01  5.424E-01  4.779E-01  4.102E-01  3.407E-01  2.710E-01  2.034E-01  1.406E-01  8.583E-02  4.149E-02
  380.5000  1.021E+00  1.016E+00  1.001E+00  9.769E-01  9.433E-01  9.007E-01  8.497E-01  7.908E-01  7.247E-01  6.524E-01  5.749E-01  4.936E-01  4.100E-01  3.262E-01  2.449E-01  1.693E-01  1.033E-01  4.991E-02
  381.5000  9.588E-01  9.542E-01  9.405E-01  9.177E-01  8.862E-01  8.463E-01  7.984E-01  7.431E-01  6.810E-01  6.132E-01  5.404E-01  4.641E-01  3.855E-01  3.068E-01  2.303E-01  1.592E-01  9.712E-02  4.692E-02
  382.5000  6.387E-01  6.356E-01  6.265E-01  6.113E-01  5.904E-01  5.638E-01  5.319E-01  4.951E-01  4.538E-01  4.087E-01  3.602E-01  3.094E-01  2.571E-01  2.046E-01  1.536E-01  1.062E-01  6.475E-02  3.128E-02
  383.5000  5.607E-01  5.580E-01  5.500E-01  5.367E-01  5.183E-01  4.950E-01  4.670E-01  4.348E-01  3.986E-01  3.589E-01  3.164E-01  2.718E-01  2.259E-01  1.798E-01  1.350E-01  9.331E-02  5.689E-02  2.747E-02
  384.5000  8.411E-01  8.371E-01  8.251E-01  8.052E-01  7.776E-01  7.427E-01  7.008E-01  6.524E-01  5.982E-01  5.388E-01  4.751E-01  4.081E-01  3.392E-01  2.701E-01  2.028E-01  1.401E-01  8.543E-02  4.124E-02
  385.5000  8.319E-01  8.280E-01  8.161E-01  7.964E-01  7.692E-01  7.347E-01  6.933E-01  6.455E-01  5.919E-01  5.332E-01  4.702E-01  4.040E-01  3.358E-01  2.674E-01  2.008E-01  1.388E-01  8.457E-02  4.082E-02
  386.5000  8.478E-01  8.437E-01  8.316E-01  8.116E-01  7.839E-01  7.488E-01  7.067E-01  6.580E-01  6.034E-01  5.436E-01  4.794E-01  4.120E-01  3.426E-01  2.728E-01  2.049E-01  1.416E-01  8.626E-02  4.162E-02
  387.5000  7.877E-01  7.839E-01  7.727E-01  7.541E-01  7.284E-01  6.958E-01  6.567E-01  6.115E-01  5.608E-01  5.053E-01  4.457E-01  3.831E-01  3.186E-01  2.538E-01  1.906E-01  1.317E-01  8.022E-02  3.870E-02
  388.5000  7.893E-01  7.855E-01  7.743E-01  7.557E-01  7.300E-01  6.973E-01  6.582E-01  6.129E-01  5.622E-01  5.066E-01  4.469E-01  3.842E-01  3.195E-01  2.546E-01  1.912E-01  1.321E-01  8.045E-02  3.880E-02
  389.5000  9.951E-01  9.903E-01  9.762E-01  9.528E-01  9.204E-01  8.793E-01  8.299E-01  7.730E-01  7.090E-01  6.390E-01  5.638E-01  4.847E-01  4.032E-01  3.213E-01  2.414E-01  1.668E-01  1.015E-01  4.894E-02
  390.5000  9.771E-01  9.725E-01  9.586E-01  9.356E-01  9.038E-01  8.635E-01  8.151E-01  7.592E-01  6.965E-01  6.278E-01  5.540E-01  4.763E-01  3.963E-01  3.158E-01  2.373E-01  1.640E-01  9.978E-02  4.809E-02
  391.5000  1.159E+00  1.153E+00  1.137E+00  1.110E+00  1.072E+00  1.024E+00  9.670E-01  9.007E-01  8.264E-01  7.449E-01  6.575E-01  5.654E-01  4.705E-01  3.750E-01  2.818E-01  1.947E-01  1.185E-01  5.707E-02
  392.5000  8.688E-01  8.647E-01  8.523E-01  8.320E-01  8.038E-01  7.680E-01  7.251E-01  6.755E-01  6.198E-01  5.587E-01  4.932E-01  4.242E-01  3.531E-01  2.815E-01  2.115E-01  1.461E-01  8.888E-02  4.281E-02
  393.5000  3.776E-01  3.758E-01  3.705E-01  3.616E-01  3.494E-01  3.338E-01  3.152E-01  2.937E-01  2.695E-01  2.430E-01  2.145E-01  1.845E-01  1.536E-01  1.225E-01  9.205E-02  6.359E-02  3.866E-02  1.862E-02
  394.5000  8.883E-01  8.841E-01  8.715E-01  8.508E-01  8.220E-01  7.855E-01  7.417E-01  6.910E-01  6.342E-01  5.718E-01  5.049E-01  4.344E-01  3.617E-01  2.884E-01  2.168E-01  1.498E-01  9.104E-02  4.382E-02
  395.5000  1.143E+00  1.137E+00  1.121E+00  1.094E+00  1.057E+00  1.010E+00  9.542E-01  8.891E-01  8.161E-01  7.359E-01  6.499E-01  5.592E-01  4.657E-01  3.714E-01  2.792E-01  1.929E-01  1.172E-01  5.640E-02
  396.5000  6.708E-01  6.676E-01  6.582E-01  6.425E-01  6.208E-01  5.933E-01  5.603E-01  5.221E-01  4.792E-01  4.322E-01  3.817E-01  3.285E-01  2.736E-01  2.183E-01  1.641E-01  1.134E-01  6.887E-02  3.313E-02
  397.5000  7.739E-01  7.702E-01  7.593E-01  7.413E-01  7.163E-01  6.845E-01  6.465E-01  6.025E-01  5.531E-01  4.989E-01  4.407E-01  3.793E-01  3.160E-01  2.521E-01  1.895E-01  1.309E-01  7.953E-02  3.824E-02
  398.5000  1.329E+00  1.323E+00  1.304E+00  1.273E+00  1.231E+00  1.176E+00  1.111E+00  1.035E+00  9.505E-01  8.575E-01  7.575E-01  6.521E-01  5.433E-01  4.335E-01  3.260E-01  2.252E-01  1.368E-01  6.574E-02
  399.5000  1.382E+00  1.376E+00  1.357E+00  1.324E+00  1.280E+00  1.223E+00  1.155E+00  1.077E+00  9.888E-01  8.921E-01  7.882E-01  6.786E-01  5.655E-01  4.513E-01  3.394E-01  2.345E-01  1.423E-01  6.840E-02
  400.5000  1.453E+00  1.446E+00  1.426E+00  1.392E+00  1.345E+00  1.286E+00  1.215E+00  1.132E+00  1.040E+00  9.381E-01  8.289E-01  7.138E-01  5.949E-01  4.748E-01  3.572E-01  2.468E-01  1.497E-01  7.193E-02
  401.5000  1.495E+00  1.488E+00  1.467E+00  1.432E+00  1.384E+00  1.323E+00  1.250E+00  1.165E+00  1.070E+00  9.654E-01  8.531E-01  7.348E-01  6.125E-01  4.889E-01  3.678E-01  2.541E-01  1.542E-01  7.403E-02
  402.5000  1.551E+00  1.544E+00  1.522E+00  1.486E+00  1.436E+00  1.373E+00  1.297E+00  1.209E+00  1.111E+00  1.002E+00  8.860E-01  7.632E-01  6.363E-01  5.080E-01  3.822E-01  2.641E-01  1.602E-01  7.687E-02
  403.5000  1.420E+00  1.413E+00  1.393E+00  1.360E+00  1.315E+00  1.257E+00  1.187E+00  1.107E+00  1.017E+00  9.178E-01  8.113E-01  6.989E-01  5.828E-01  4.654E-01  3.502E-01  2.419E-01  1.467E-01  7.039E-02
  404.5000  1.392E+00  1.386E+00  1.366E+00  1.334E+00  1.289E+00  1.233E+00  1.165E+00  1.086E+00  9.974E-01  9.004E-01  7.960E-01  6.858E-01  5.720E-01  4.568E-01  3.438E-01  2.375E-01  1.440E-01  6.906E-02
  405.5000  1.446E+00  1.439E+00  1.419E+00  1.385E+00  1.339E+00  1.280E+00  1.210E+00  1.128E+00  1.036E+00  9.355E-01  8.272E-01  7.128E-01  5.945E-01  4.749E-01  3.575E-01  2.470E-01  1.497E-01  7.177E-02
  406.5000  1.361E+00  1.355E+00  1.336E+00  1.305E+00  1.261E+00  1.206E+00  1.139E+00  1.063E+00  9.762E-01  8.814E-01  7.794E-01  6.717E-01  5.604E-01  4.477E-01  3.370E-01  2.328E-01  1.411E-01  6.761E-02
  407.5000  1.372E+00  1.366E+00  1.347E+00  1.315E+00  1.271E+00  1.216E+00  1.149E+00  1.071E+00  9.843E-01  8.888E-01  7.860E-01  6.776E-01  5.653E-01  4.517E-01  3.401E-01  2.350E-01  1.423E-01  6.818E-02
  408.5000  1.528E+00  1.521E+00  1.500E+00  1.464E+00  1.416E+00  1.354E+00  1.279E+00  1.193E+00  1.096E+00  9.901E-01  8.757E-01  7.550E-01  6.300E-01  5.035E-01  3.791E-01  2.619E-01  1.586E-01  7.594E-02
  409.5000  1.498E+00  1.491E+00  1.470E+00  1.435E+00  1.388E+00  1.327E+00  1.254E+00  1.170E+00  1.075E+00  9.708E-01  8.588E-01  7.405E-01  6.180E-01  4.940E-01  3.720E-01  2.570E-01  1.556E-01  7.446E-02
  410.5000  1.299E+00  1.293E+00  1.274E+00  1.245E+00  1.203E+00  1.151E+00  1.087E+00  1.014E+00  9.323E-01  8.421E-01  7.450E-01  6.425E-01  5.363E-01  4.287E-01  3.229E-01  2.231E-01  1.350E-01  6.459E-02
  411.5000  1.561E+00  1.553E+00  1.532E+00  1.496E+00  1.446E+00  1.383E+00  1.307E+00  1.219E+00  1.121E+00  1.012E+00  8.958E-01  7.726E-01  6.450E-01  5.157E-01  3.885E-01  2.684E-01  1.624E-01  7.767E-02
  412.5000  1.546E+00  1.539E+00  1.518E+00  1.482E+00  1.433E+00  1.371E+00  1.295E+00  1.209E+00  1.111E+00  1.004E+00  8.882E-01  7.661E-01  6.397E-01  5.116E-01  3.854E-01  2.663E-01  1.611E-01  7.701E-02
  413.5000  1.500E+00  1.493E+00  1.472E+00  1.437E+00  1.390E+00  1.329E+00  1.256E+00  1.172E+00  1.078E+00  9.737E-01  8.617E-01  7.434E-01  6.209E-01  4.966E-01  3.742E-01  2.586E-01  1.564E-01  7.472E-02
  414.5000  1.541E+00  1.534E+00  1.512E+00  1.477E+00  1.428E+00  1.366E+00  1.291E+00  1.205E+00  1.108E+00  1.001E+00  8.860E-01  7.645E-01  6.385E-01  5.108E-01  3.850E-01  2.660E-01  1.608E-01  7.682E-02
  415.5000  1.474E+00  1.467E+00  1.446E+00  1.413E+00  1.366E+00  1.306E+00  1.235E+00  1.153E+00  1.060E+00  9.576E-01  8.477E-01  7.315E-01  6.111E-01  4.890E-01  3.685E-01  2.547E-01  1.539E-01  7.349E-02
  416.5000  1.603E+00  1.596E+00  1.574E+00  1.537E+00  1.486E+00  1.422E+00  1.344E+00  1.254E+00  1.153E+00  1.042E+00  9.229E-01  7.966E-01  6.655E-01  5.326E-01  4.015E-01  2.774E-01  1.676E-01  7.999E-02
  417.5000  1.466E+00  1.459E+00  1.439E+00  1.405E+00  1.359E+00  1.300E+00  1.229E+00  1.147E+00  1.055E+00  9.532E-01  8.440E-01  7.285E-01  6.088E-01  4.872E-01  3.673E-01  2.538E-01  1.534E-01  7.313E-02
  418.5000  1.477E+00  1.470E+00  1.450E+00  1.416E+00  1.369E+00  1.310E+00  1.238E+00  1.156E+00  1.063E+00  9.609E-01  8.509E-01  7.346E-01  6.139E-01  4.915E-01  3.706E-01  2.561E-01  1.547E-01  7.373E-02
  419.5000  1.525E+00  1.518E+00  1.497E+00  1.462E+00  1.414E+00  1.353E+00  1.279E+00  1.194E+00  1.098E+00  9.929E-01  8.793E-01  7.592E-01  6.346E-01  5.081E-01  3.832E-01  2.648E-01  1.599E-01  7.619E-02
------------------------------------------------------------
Dose rates, W m-2
   1 = UV-B, 280-315 nm                                  
   2 = UV-B*, 280-320 nm                                 
   3 = UV-A, 315-400 nm                                  
   4 = DNA damage, in vitro (Setlow, 1974)               
   5 = UV index (WMO, 1994; Webb et al., 2011)           
   6 = Plant damage (Caldwell, 1971)                     
   7 = Plant damage,Flint&Caldwell,2003,orig.            
   8 = Plant damage,Flint&Caldwell,2003,ext390           
values at z =      0.000 km
Columns: sza, weighting spectra
 sza, deg.          1          2          3          4          5          6          7          8
    0.0000  1.930E+00  3.614E+00  6.415E+01  5.863E-03  1.053E+01  3.166E-01  1.145E+00  1.598E+00
    5.0000  1.912E+00  3.584E+00  6.383E+01  5.783E-03  1.042E+01  3.127E-01  1.137E+00  1.588E+00
   10.0000  1.862E+00  3.503E+00  6.287E+01  5.552E-03  1.011E+01  3.015E-01  1.114E+00  1.558E+00
   15.0000  1.779E+00  3.367E+00  6.129E+01  5.183E-03  9.614E+00  2.834E-01  1.076E+00  1.509E+00
   20.0000  1.667E+00  3.182E+00  5.909E+01  4.700E-03  8.946E+00  2.594E-01  1.024E+00  1.442E+00
   25.0000  1.529E+00  2.953E+00  5.631E+01  4.133E-03  8.139E+00  2.306E-01  9.599E-01  1.359E+00
   30.0000  1.371E+00  2.686E+00  5.299E+01  3.517E-03  7.229E+00  1.987E-01  8.857E-01  1.262E+00
   35.0000  1.197E+00  2.389E+00  4.917E+01  2.887E-03  6.257E+00  1.652E-01  8.032E-01  1.154E+00
   40.0000  1.014E+00  2.072E+00  4.490E+01  2.278E-03  5.263E+00  1.318E-01  7.148E-01  1.036E+00
   45.0000  8.290E-01  1.745E+00  4.025E+01  1.718E-03  4.288E+00  1.002E-01  6.229E-01  9.119E-01
   50.0000  6.493E-01  1.418E+00  3.530E+01  1.232E-03  3.370E+00  7.181E-02  5.298E-01  7.844E-01
   55.0000  4.824E-01  1.103E+00  3.013E+01  8.332E-04  2.541E+00  4.787E-02  4.381E-01  6.565E-01
   60.0000  3.349E-01  8.127E-01  2.487E+01  5.262E-04  1.825E+00  2.910E-02  3.500E-01  5.313E-01
   65.0000  2.126E-01  5.574E-01  1.965E+01  3.072E-04  1.237E+00  1.569E-02  2.677E-01  4.120E-01
   70.0000  1.193E-01  3.469E-01  1.465E+01  1.640E-04  7.802E-01  7.226E-03  1.935E-01  3.018E-01
   75.0000  5.617E-02  1.874E-01  1.005E+01  7.949E-05  4.491E-01  2.751E-03  1.292E-01  2.040E-01
   80.0000  2.059E-02  8.094E-02  6.076E+00  3.477E-05  2.271E-01  9.129E-04  7.618E-02  1.219E-01
   85.0000  5.924E-03  2.420E-02  2.879E+00  1.316E-05  9.148E-02  3.380E-04  3.499E-02  5.708E-02
------------------------------------------------------------
