
     Z         PRESS      DEN     ProOH1    ProOH25    ProO3D    PO2D       PO2      PH2O      PO3D      PH2O2     FO3      FH2O      NumO2      NumOH      NumO1D     PN2O     PCH3CL      FOH      FHO2      FNO     FNO2      FH    FH2O2     FNO3    FN2O5    FHNO3      FO       FN      FH2     FCH4    FN2O
   5.000E+04 9.555E+05 2.447E+19 3.465E+05 2.791E+02 3.258E+06 0.000E+00 1.755E-15 1.182E-15 9.978E-06 2.532E-06 1.334E-08 9.650E-03 2.603E+17 3.151E+06 4.450E-03 3.046E-12 4.651E-14 1.288E-13 9.904E-12 7.584E-12 1.847E-11 9.929E-20 6.591E-10 9.257E-15 1.481E-16 9.814E-11 7.240E-16 8.294E-20 5.000E-07 8.080E-07 2.730E-07
   1.500E+05 8.458E+05 2.208E+19 2.600E+05 5.549E+02 3.560E+06 0.000E+00 4.387E-15 3.921E-15 1.110E-05 2.803E-06 1.452E-08 6.408E-03 2.350E+17 2.478E+06 5.548E-03 8.495E-12 1.544E-13 1.122E-13 9.101E-12 3.086E-12 6.519E-12 8.294E-20 6.521E-10 5.246E-15 4.474E-17 9.162E-11 9.345E-16 8.547E-20 4.994E-07 8.049E-07 2.726E-07
   2.500E+05 7.471E+05 1.983E+19 2.071E+05 1.051E+03 4.042E+06 0.000E+00 9.855E-15 1.204E-14 1.213E-05 3.054E-06 1.680E-08 4.403E-03 2.111E+17 2.350E+06 7.133E-03 2.126E-11 4.534E-13 1.185E-13 8.835E-12 2.124E-12 4.023E-12 8.547E-20 6.252E-10 4.280E-15 3.278E-17 8.907E-11 1.313E-15 8.812E-20 4.989E-07 8.024E-07 2.722E-07
   3.500E+05 6.585E+05 1.783E+19 1.466E+05 1.624E+03 4.717E+06 0.000E+00 2.035E-14 3.471E-14 1.290E-05 3.288E-06 2.051E-08 2.624E-03 1.899E+17 2.233E+06 9.376E-03 4.857E-11 1.198E-12 1.252E-13 8.498E-12 2.220E-12 3.774E-12 8.812E-20 5.693E-10 4.164E-15 5.031E-17 8.932E-11 1.919E-15 9.135E-20 4.987E-07 8.004E-07 2.718E-07
   4.500E+05 5.788E+05 1.603E+19 9.673E+04 2.143E+03 5.546E+06 0.000E+00 3.882E-14 9.172E-14 1.349E-05 3.507E-06 2.566E-08 1.458E-03 1.707E+17 2.132E+06 1.233E-02 1.014E-10 2.830E-12 1.330E-13 8.081E-12 2.736E-12 4.190E-12 9.135E-20 4.950E-10 4.375E-15 1.058E-16 9.082E-11 2.857E-15 9.199E-20 4.985E-07 7.987E-07 2.713E-07
   5.500E+05 5.072E+05 1.440E+19 5.715E+04 2.309E+03 6.433E+06 0.000E+00 6.868E-14 2.170E-13 1.390E-05 3.713E-06 3.214E-08 7.392E-04 1.534E+17 1.982E+06 1.589E-02 1.933E-10 5.959E-12 1.377E-13 7.407E-12 3.435E-12 4.694E-12 9.199E-20 4.096E-10 4.563E-15 2.442E-16 9.180E-11 4.227E-15 8.815E-20 4.985E-07 7.974E-07 2.707E-07
   6.500E+05 4.430E+05 1.292E+19 2.963E+04 2.032E+03 7.287E+06 0.000E+00 1.134E-13 4.649E-13 1.416E-05 3.908E-06 3.985E-08 3.384E-04 1.377E+17 1.758E+06 1.992E-02 3.385E-10 1.129E-11 1.361E-13 6.470E-12 3.964E-12 4.760E-12 8.815E-20 3.219E-10 4.496E-15 5.324E-16 9.111E-11 6.151E-15 8.141E-20 4.985E-07 7.964E-07 2.701E-07
   7.500E+05 3.854E+05 1.157E+19 1.332E+04 1.453E+03 8.027E+06 0.000E+00 1.766E-13 9.071E-13 1.425E-05 4.092E-06 4.868E-08 1.385E-04 1.234E+17 1.503E+06 2.424E-02 5.510E-10 1.955E-11 1.299E-13 5.435E-12 4.390E-12 4.552E-12 8.141E-20 2.421E-10 4.270E-15 1.180E-15 8.939E-11 8.792E-15 7.667E-20 4.985E-07 7.955E-07 2.694E-07
   8.500E+05 3.339E+05 1.033E+19 5.085E+03 8.214E+02 8.607E+06 3.792-152 2.620E-13 1.605E-12 1.423E-05 4.266E-06 5.852E-08 4.953E-05 1.102E+17 1.307E+06 2.873E-02 8.440E-10 3.135E-11 1.265E-13 4.493E-12 5.356E-12 4.716E-12 7.667E-20 1.773E-10 4.175E-15 3.166E-15 8.816E-11 1.237E-14 7.683E-20 4.985E-07 7.947E-07 2.687E-07
   9.500E+05 2.881E+05 9.187E+18 1.610E+03 3.584E+02 9.081E+06 1.945-101 3.738E-13 2.610E-12 1.415E-05 4.430E-06 6.984E-08 1.495E-05 9.800E+16 1.197E+06 3.362E-02 1.232E-09 4.729E-11 1.303E-13 3.728E-12 7.183E-12 5.357E-12 7.683E-20 1.282E-10 4.313E-15 8.401E-15 8.831E-11 1.745E-14 7.856E-20 4.985E-07 7.939E-07 2.678E-07
   1.050E+06 2.474E+05 8.110E+18 3.454E+02 9.515E+01 9.941E+06 1.347E-78 5.170E-13 3.986E-12 1.408E-05 4.586E-06 8.705E-08 2.944E-06 8.651E+16 1.102E+06 4.114E-02 1.730E-09 6.812E-11 1.359E-13 3.033E-12 9.667E-12 6.403E-12 7.856E-20 8.634E-11 4.748E-15 1.792E-14 9.081E-11 2.624E-14 8.326E-20 4.984E-07 7.928E-07 2.665E-07
   1.150E+06 2.118E+05 7.097E+18 4.260E+02 1.220E+02 1.233E+07 1.717E-69 6.987E-13 5.848E-12 1.415E-05 4.734E-06 1.228E-07 2.940E-06 7.571E+16 1.039E+06 5.768E-02 2.362E-09 9.499E-11 1.463E-13 2.501E-12 1.301E-11 8.793E-12 8.326E-20 5.066E-11 6.340E-15 3.134E-14 1.007E-10 4.600E-14 8.555E-20 4.983E-07 7.906E-07 2.636E-07
   1.250E+06 1.806E+05 6.163E+18 6.058E+02 1.523E+02 1.767E+07 1.161E-61 9.334E-13 8.433E-12 1.448E-05 4.880E-06 1.980E-07 2.930E-06 6.575E+16 9.525E+05 9.428E-02 3.173E-09 1.301E-10 1.545E-13 2.145E-12 1.688E-11 1.367E-11 8.555E-20 2.850E-11 1.098E-14 7.315E-14 1.241E-10 9.473E-14 9.378E-20 4.979E-07 7.857E-07 2.573E-07
   1.350E+06 1.537E+05 5.325E+18 9.137E+02 1.889E+02 2.694E+07 6.138E-55 1.252E-12 1.220E-11 1.506E-05 5.030E-06 3.358E-07 2.907E-06 5.680E+16 9.497E+05 1.651E-01 4.261E-09 1.779E-10 1.783E-13 2.149E-12 2.155E-11 2.266E-11 9.378E-20 2.120E-11 2.345E-14 2.180E-13 1.708E-10 2.090E-13 1.109E-19 4.969E-07 7.761E-07 2.450E-07
   1.450E+06 1.305E+05 4.582E+18 1.329E+03 2.372E+02 3.986E+07 3.611E-49 1.716E-12 1.807E-11 1.609E-05 5.197E-06 5.407E-07 2.866E-06 4.887E+16 1.018E+06 2.819E-01 5.810E-09 2.470E-10 2.222E-13 2.402E-12 2.842E-11 3.747E-11 1.109E-19 2.128E-11 4.880E-14 6.234E-13 2.425E-10 4.440E-13 1.442E-19 4.952E-07 7.602E-07 2.255E-07
   1.550E+06 1.106E+05 3.923E+18 1.806E+03 3.050E+02 5.547E+07 3.201E-44 2.429E-12 2.772E-11 1.787E-05 5.395E-06 7.911E-07 2.804E-06 4.184E+16 1.131E+06 4.557E-01 8.125E-09 3.519E-10 2.884E-13 2.833E-12 3.886E-11 5.941E-11 1.442E-19 2.421E-11 8.768E-14 1.453E-12 3.283E-10 8.761E-13 2.197E-19 4.925E-07 7.378E-07 1.999E-07
   1.650E+06 9.357E+04 3.337E+18 2.434E+03 4.173E+02 7.404E+07 5.722E-40 3.557E-12 4.412E-11 2.089E-05 5.639E-06 1.062E-06 2.835E-06 3.559E+16 1.330E+06 7.130E-01 1.165E-08 5.140E-10 3.985E-13 3.617E-12 5.257E-11 8.813E-11 2.197E-19 3.100E-11 1.391E-13 2.720E-12 4.162E-10 1.636E-12 3.914E-19 4.888E-07 7.090E-07 1.699E-07
   1.750E+06 7.915E+04 2.822E+18 3.235E+03 5.912E+02 9.594E+07 2.668E-36 5.343E-12 7.205E-11 2.569E-05 5.949E-06 1.323E-06 2.908E-06 3.010E+16 1.641E+06 1.093E+00 1.695E-08 7.629E-10 5.817E-13 4.937E-12 6.899E-11 1.216E-10 3.914E-19 4.333E-11 1.998E-13 4.152E-12 4.915E-10 2.931E-12 7.689E-19 4.841E-07 6.747E-07 1.384E-07
   1.850E+06 6.697E+04 2.386E+18 4.213E+03 8.489E+02 1.215E+08 3.872E-33 8.114E-12 1.190E-10 3.272E-05 6.348E-06 1.557E-06 2.989E-06 2.544E+16 2.099E+06 1.638E+00 2.472E-08 1.136E-09 8.798E-13 6.879E-12 8.836E-11 1.561E-10 7.689E-19 6.182E-11 2.648E-13 5.294E-12 5.447E-10 5.006E-12 1.606E-18 4.785E-07 6.362E-07 1.078E-07
   1.950E+06 5.667E+04 2.018E+18 5.406E+03 1.218E+03 1.515E+08 2.047E-30 1.232E-11 1.960E-10 4.283E-05 6.866E-06 1.752E-06 3.077E-06 2.152E+16 2.747E+06 2.413E+00 3.570E-08 1.675E-09 1.361E-12 9.610E-12 1.098E-10 1.869E-10 1.606E-18 8.705E-11 3.280E-13 5.727E-12 5.712E-10 8.236E-12 3.489E-18 4.722E-07 5.951E-07 8.049E-08
   2.050E+06 4.796E+04 1.708E+18 6.848E+03 1.721E+03 1.865E+08 4.541E-28 1.853E-11 3.182E-10 5.738E-05 7.537E-06 1.902E-06 3.166E-06 1.822E+16 3.628E+06 3.510E+00 5.055E-08 2.423E-09 2.124E-12 1.327E-11 1.320E-10 2.105E-10 3.489E-18 1.177E-10 3.821E-13 5.334E-12 5.714E-10 1.323E-11 7.819E-18 4.656E-07 5.533E-07 5.804E-08
   2.150E+06 4.059E+04 1.445E+18 8.555E+03 2.372E+03 2.266E+08 4.795E-26 2.747E-11 5.044E-10 7.834E-05 8.407E-06 2.002E-06 3.255E-06 1.540E+16 4.771E+06 5.045E+00 6.974E-08 3.417E-09 3.303E-12 1.791E-11 1.539E-10 2.255E-10 7.819E-18 1.495E-10 4.198E-13 4.342E-12 5.488E-10 2.100E-11 1.801E-17 4.590E-07 5.117E-07 4.060E-08
   2.250E+06 3.436E+04 1.220E+18 1.049E+04 3.162E+03 2.704E+08 2.688E-24 3.998E-11 7.753E-10 1.085E-04 9.527E-06 2.042E-06 3.342E-06 1.301E+16 6.205E+06 7.137E+00 9.329E-08 4.671E-09 5.085E-12 2.339E-11 1.747E-10 2.312E-10 1.801E-17 1.755E-10 4.334E-13 3.108E-12 5.076E-10 3.323E-11 4.255E-17 4.527E-07 4.711E-07 2.769E-08
   2.350E+06 2.911E+04 1.029E+18 1.251E+04 4.054E+03 3.146E+08 8.758E-23 5.701E-11 1.150E-09 1.516E-04 1.096E-05 2.016E-06 3.425E-06 1.097E+16 7.959E+06 9.868E+00 1.207E-07 6.174E-09 7.734E-12 2.935E-11 1.936E-10 2.267E-10 4.255E-17 1.882E-10 4.187E-13 1.958E-12 4.521E-10 5.252E-11 1.028E-16 4.471E-07 4.319E-07 1.853E-08
   2.450E+06 2.468E+04 8.670E+17 1.444E+04 4.991E+03 3.544E+08 1.781E-21 7.943E-11 1.643E-09 2.130E-04 1.275E-05 1.919E-06 3.503E-06 9.244E+15 1.007E+07 1.324E+01 1.508E-07 7.878E-09 1.162E-11 3.522E-11 2.094E-10 2.117E-10 1.028E-16 1.834E-10 3.775E-13 1.084E-12 3.860E-10 8.285E-11 2.527E-16 4.424E-07 3.945E-07 1.223E-08
   2.550E+06 2.096E+04 7.301E+17 1.605E+04 5.901E+03 3.851E+08 2.394E-20 1.078E-10 2.260E-09 3.014E-04 1.499E-05 1.750E-06 3.576E-06 7.785E+15 1.259E+07 1.716E+01 1.819E-07 9.710E-09 1.725E-11 4.032E-11 2.212E-10 1.868E-10 2.527E-16 1.625E-10 3.175E-13 5.277E-13 3.141E-10 1.299E-10 6.279E-16 4.392E-07 3.590E-07 8.012E-09
   2.650E+06 1.782E+04 6.149E+17 1.721E+04 6.714E+03 4.046E+08 2.231E-19 1.417E-10 2.997E-09 4.348E-04 1.772E-05 1.513E-06 3.643E-06 6.557E+15 1.558E+07 2.152E+01 2.122E-07 1.158E-08 2.533E-11 4.416E-11 2.281E-10 1.548E-10 6.279E-16 1.326E-10 2.489E-13 2.254E-13 2.418E-10 2.016E-10 1.548E-15 4.380E-07 3.253E-07 5.224E-09
   2.750E+06 1.518E+04 5.184E+17 1.772E+04 7.377E+03 4.090E+08 1.507E-18 1.793E-10 3.843E-09 6.404E-04 2.097E-05 1.232E-06 3.703E-06 5.528E+15 1.888E+07 2.593E+01 2.399E-07 1.341E-08 3.642E-11 4.667E-11 2.304E-10 1.204E-10 1.548E-15 1.027E-10 1.814E-13 8.462E-14 1.744E-10 3.085E-10 3.610E-15 4.396E-07 2.941E-07 3.414E-09
   2.850E+06 1.295E+04 4.379E+17 1.720E+04 7.876E+03 3.908E+08 7.713E-18 2.172E-10 4.792E-09 9.288E-04 2.462E-05 9.610E-07 3.753E-06 4.669E+15 2.186E+07 2.949E+01 2.639E-07 1.515E-08 4.991E-11 4.842E-11 2.275E-10 8.834E-11 3.610E-15 7.971E-11 1.222E-13 2.816E-14 1.159E-10 4.582E-10 7.720E-15 4.446E-07 2.657E-07 2.246E-09
   2.950E+06 1.106E+04 3.708E+17 1.572E+04 8.236E+03 3.527E+08 3.128E-17 2.531E-10 5.854E-09 1.272E-03 2.836E-05 7.477E-07 3.794E-06 3.954E+15 2.382E+07 3.156E+01 2.845E-07 1.681E-08 6.424E-11 5.042E-11 2.173E-10 6.154E-11 7.720E-15 6.524E-11 7.618E-14 8.430E-15 7.048E-11 6.562E-10 1.526E-14 4.540E-07 2.400E-07 1.485E-09
   3.050E+06 9.462E+03 3.152E+17 1.381E+04 8.505E+03 3.071E+08 1.049E-16 2.861E-10 7.059E-09 1.627E-03 3.190E-05 5.990E-07 3.823E-06 3.361E+15 2.475E+07 3.244E+01 3.021E-07 1.841E-08 7.853E-11 5.325E-11 1.997E-10 4.102E-11 1.526E-14 5.704E-11 4.500E-14 2.351E-15 3.994E-11 9.123E-10 2.821E-14 4.686E-07 2.173E-07 9.890E-10
   3.150E+06 8.100E+03 2.693E+17 1.189E+04 8.746E+03 2.632E+08 3.013E-16 3.167E-10 8.457E-09 1.963E-03 3.510E-05 4.978E-07 3.840E-06 2.871E+15 2.499E+07 3.257E+01 3.177E-07 1.998E-08 9.278E-11 5.699E-11 1.774E-10 2.655E-11 2.821E-14 5.290E-11 2.602E-14 6.433E-16 2.186E-11 1.231E-09 4.969E-14 4.887E-07 1.978E-07 6.668E-10
   3.250E+06 6.935E+03 2.308E+17 1.005E+04 8.985E+03 2.222E+08 7.698E-16 3.457E-10 1.012E-08 2.268E-03 3.790E-05 4.243E-07 3.846E-06 2.461E+15 2.477E+07 3.206E+01 3.316E-07 2.157E-08 1.073E-10 6.164E-11 1.539E-10 1.691E-11 4.969E-14 5.118E-11 1.487E-14 1.753E-16 1.175E-11 1.620E-09 8.413E-14 5.146E-07 1.811E-07 4.542E-10
   3.350E+06 5.935E+03 1.983E+17 8.347E+03 9.259E+03 1.849E+08 1.789E-15 3.741E-10 1.216E-08 2.536E-03 4.032E-05 3.676E-07 3.841E-06 2.115E+15 2.432E+07 3.099E+01 3.442E-07 2.317E-08 1.226E-10 6.725E-11 1.316E-10 1.074E-11 8.413E-14 5.125E-11 8.509E-15 4.875E-17 6.330E-12 2.080E-09 1.360E-13 5.466E-07 1.666E-07 3.124E-10
   3.450E+06 5.074E+03 1.713E+17 6.855E+03 9.624E+03 1.528E+08 3.792E-15 4.021E-10 1.469E-08 2.763E-03 4.237E-05 3.228E-07 3.825E-06 1.826E+15 2.387E+07 2.949E+01 3.559E-07 2.483E-08 1.393E-10 7.381E-11 1.119E-10 6.954E-12 1.360E-13 5.332E-11 4.997E-15 1.457E-17 3.547E-12 2.579E-09 2.154E-13 5.844E-07 1.543E-07 2.173E-10
   3.550E+06 4.331E+03 1.480E+17 5.520E+03 1.006E+04 1.241E+08 7.445E-15 4.311E-10 1.788E-08 2.954E-03 4.409E-05 2.840E-07 3.801E-06 1.578E+15 2.343E+07 2.757E+01 3.668E-07 2.655E-08 1.583E-10 8.172E-11 9.549E-11 4.604E-12 2.154E-13 5.702E-11 2.990E-15 4.598E-18 2.054E-12 3.133E-09 3.358E-13 6.275E-07 1.436E-07 1.533E-10
   3.650E+06 3.689E+03 1.278E+17 4.357E+03 1.057E+04 9.907E+07 1.356E-14 4.621E-10 2.193E-08 3.110E-03 4.551E-05 2.493E-07 3.770E-06 1.363E+15 2.308E+07 2.529E+01 3.770E-07 2.835E-08 1.806E-10 9.135E-11 8.250E-11 3.152E-12 3.358E-13 6.267E-11 1.840E-15 1.559E-18 1.242E-12 3.729E-09 5.183E-13 6.752E-07 1.344E-07 1.100E-10
   3.750E+06 3.135E+03 1.102E+17 3.366E+03 1.113E+04 7.755E+07 2.305E-14 4.963E-10 2.705E-08 3.234E-03 4.667E-05 2.175E-07 3.732E-06 1.175E+15 2.285E+07 2.277E+01 3.867E-07 3.027E-08 2.072E-10 1.031E-10 7.242E-11 2.245E-12 5.183E-13 7.060E-11 1.170E-15 5.710E-19 7.880E-13 4.361E-09 7.972E-13 7.273E-07 1.261E-07 8.021E-11
   3.850E+06 2.657E+03 9.488E+16 2.538E+03 1.170E+04 5.937E+07 3.693E-14 5.351E-10 3.344E-08 3.331E-03 4.759E-05 1.879E-07 3.688E-06 1.012E+15 2.272E+07 2.010E+01 3.959E-07 3.230E-08 2.394E-10 1.176E-10 6.469E-11 1.670E-12 7.972E-13 8.117E-11 7.693E-16 2.262E-19 5.238E-13 5.030E-09 1.223E-12 7.839E-07 1.186E-07 5.936E-11
   3.950E+06 2.247E+03 8.144E+16 1.870E+03 1.223E+04 4.449E+07 5.637E-14 5.795E-10 4.129E-08 3.403E-03 4.832E-05 1.606E-07 3.639E-06 8.682E+14 2.266E+07 1.741E+01 4.047E-07 3.449E-08 2.783E-10 1.352E-10 5.887E-11 1.304E-12 1.223E-12 9.480E-11 5.265E-16 9.772E-20 3.657E-13 5.731E-09 1.879E-12 8.447E-07 1.114E-07 4.461E-11
   4.050E+06 1.896E+03 6.964E+16 1.344E+03 1.265E+04 3.256E+07 8.577E-14 6.305E-10 5.070E-08 3.453E-03 4.888E-05 1.354E-07 3.584E-06 7.424E+14 2.262E+07 1.479E+01 4.133E-07 3.682E-08 3.248E-10 1.565E-10 5.452E-11 1.067E-12 1.879E-12 1.116E-10 3.734E-16 4.559E-20 2.661E-13 6.481E-09 2.890E-12 9.101E-07 1.045E-07 3.398E-11
   4.150E+06 1.597E+03 5.935E+16 9.430E+02 1.291E+04 2.329E+07 1.342E-13 6.890E-10 6.173E-08 3.471E-03 4.932E-05 1.131E-07 3.525E-06 6.327E+14 2.254E+07 1.232E+01 4.215E-07 3.929E-08 3.797E-10 1.816E-10 5.128E-11 9.139E-13 2.890E-12 1.318E-10 2.745E-16 2.292E-20 2.011E-13 7.294E-09 4.450E-12 9.806E-07 9.767E-08 2.617E-11
   4.250E+06 1.342E+03 5.044E+16 6.506E+02 1.300E+04 1.641E+07 2.515E-13 7.559E-10 7.448E-08 3.472E-03 4.965E-05 9.369E-08 3.460E-06 5.377E+14 2.240E+07 1.015E+01 4.295E-07 4.190E-08 4.440E-10 2.111E-10 4.892E-11 8.153E-13 4.450E-12 1.558E-10 2.086E-16 1.234E-20 1.571E-13 8.189E-09 6.875E-12 1.056E-06 9.074E-08 2.037E-11
   4.350E+06 1.125E+03 4.275E+16 4.427E+02 1.296E+04 1.142E+07 6.441E-13 8.320E-10 8.942E-08 3.466E-03 4.991E-05 7.709E-08 3.391E-06 4.557E+14 2.222E+07 8.289E+00 4.373E-07 4.462E-08 5.198E-10 2.458E-10 4.725E-11 7.539E-13 6.875E-12 1.845E-10 1.633E-16 7.047E-21 1.264E-13 9.181E-09 1.067E-11 1.136E-06 8.367E-08 1.606E-11
   4.450E+06 9.421E+02 3.615E+16 2.968E+02 1.298E+04 7.846E+06 1.952E-12 9.184E-10 1.083E-07 3.453E-03 5.011E-05 6.286E-08 3.317E-06 3.854E+14 2.213E+07 6.696E+00 4.448E-07 4.743E-08 6.123E-10 2.882E-10 4.610E-11 7.226E-13 1.067E-11 2.210E-10 1.320E-16 4.288E-21 1.055E-13 1.024E-08 1.669E-11 1.222E-06 7.637E-08 1.277E-11
   4.550E+06 7.875E+02 3.051E+16 1.947E+02 1.335E+04 5.284E+06 5.681E-12 1.017E-09 1.353E-07 3.435E-03 5.027E-05 5.042E-08 3.236E-06 3.252E+14 2.237E+07 5.316E+00 4.520E-07 5.030E-08 7.334E-10 3.439E-10 4.534E-11 7.228E-13 1.669E-11 2.725E-10 1.114E-16 2.824E-21 9.275E-14 1.128E-08 2.656E-11 1.315E-06 6.872E-08 1.023E-11
   4.650E+06 6.572E+02 2.568E+16 1.241E+02 1.443E+04 3.464E+06 1.456E-11 1.133E-09 1.784E-07 3.416E-03 5.039E-05 3.949E-08 3.150E-06 2.737E+14 2.319E+07 4.123E+00 4.589E-07 5.321E-08 9.030E-10 4.224E-10 4.487E-11 7.594E-13 2.656E-11 3.509E-10 9.930E-17 2.044E-21 8.688E-14 1.222E-08 4.327E-11 1.414E-06 6.081E-08 8.236E-12
   4.750E+06 5.477E+02 2.155E+16 7.701E+01 1.641E+04 2.213E+06 3.246E-11 1.271E-09 2.491E-07 3.399E-03 5.049E-05 3.022E-08 3.056E-06 2.296E+14 2.466E+07 3.136E+00 4.656E-07 5.615E-08 1.144E-09 5.347E-10 4.459E-11 8.318E-13 4.327E-11 4.703E-10 9.336E-17 1.607E-21 8.587E-14 1.307E-08 7.200E-11 1.520E-06 5.274E-08 6.657E-12
   4.850E+06 4.560E+02 1.804E+16 4.739E+01 1.918E+04 1.402E+06 6.358E-11 1.438E-09 3.599E-07 3.384E-03 5.057E-05 2.296E-08 2.954E-06 1.923E+14 2.660E+07 2.379E+00 4.720E-07 5.910E-08 1.474E-09 6.883E-10 4.443E-11 9.285E-13 7.200E-11 6.431E-10 9.130E-17 1.326E-21 8.691E-14 1.397E-08 1.223E-10 1.634E-06 4.465E-08 5.377E-12
   4.950E+06 3.793E+02 1.507E+16 2.941E+01 2.230E+04 8.927E+05 1.113E-10 1.642E-09 5.207E-07 3.373E-03 5.064E-05 1.756E-08 2.843E-06 1.606E+14 2.863E+07 1.835E+00 4.781E-07 6.206E-08 1.900E-09 8.859E-10 4.437E-11 1.026E-12 1.223E-10 8.715E-10 8.925E-17 1.070E-21 8.631E-14 1.519E-08 2.091E-10 1.757E-06 3.685E-08 4.329E-12
   5.050E+06 3.153E+02 1.258E+16 1.874E+01 2.516E+04 5.801E+05 1.769E-10 1.885E-09 7.354E-07 3.361E-03 5.069E-05 1.372E-08 2.721E-06 1.340E+14 3.038E+07 1.461E+00 4.840E-07 6.504E-08 2.415E-09 1.122E-09 4.435E-11 1.103E-12 2.091E-10 1.150E-09 8.527E-17 8.172E-22 8.238E-14 1.689E-08 3.574E-10 1.889E-06 2.964E-08 3.462E-12
   5.150E+06 2.619E+02 1.049E+16 1.231E+01 2.717E+04 3.852E+05 2.595E-10 2.173E-09 1.000E-06 3.347E-03 5.074E-05 1.097E-08 2.589E-06 1.118E+14 3.157E+07 1.208E+00 4.896E-07 6.804E-08 3.009E-09 1.388E-09 4.436E-11 1.142E-12 3.574E-10 1.459E-09 7.780E-17 5.727E-22 7.451E-14 1.923E-08 6.068E-10 2.028E-06 2.330E-08 2.748E-12
   5.250E+06 2.174E+02 8.748E+15 8.334E+00 2.797E+04 2.606E+05 3.560E-10 2.507E-09 1.306E-06 3.332E-03 5.079E-05 8.942E-09 2.448E-06 9.320E+13 3.207E+07 1.035E+00 4.950E-07 7.106E-08 3.666E-09 1.672E-09 4.437E-11 1.135E-12 6.068E-10 1.775E-09 6.694E-17 3.626E-22 6.358E-14 2.238E-08 1.018E-09 2.175E-06 1.802E-08 2.163E-12
   5.350E+06 1.803E+02 7.291E+15 5.794E+00 2.748E+04 1.791E+05 4.622E-10 2.883E-09 1.639E-06 3.315E-03 5.083E-05 7.410E-09 2.299E-06 7.768E+13 3.185E+07 9.176E-01 5.002E-07 7.411E-08 4.368E-09 1.959E-09 4.435E-11 1.083E-12 1.018E-09 2.068E-09 5.426E-17 2.076E-22 5.125E-14 2.647E-08 1.689E-09 2.326E-06 1.377E-08 1.686E-12
   5.450E+06 1.494E+02 6.072E+15 4.108E+00 2.581E+04 1.243E+05 5.733E-10 3.301E-09 1.984E-06 3.297E-03 5.086E-05 6.211E-09 2.143E-06 6.469E+13 3.095E+07 8.367E-01 5.052E-07 7.716E-08 5.096E-09 2.237E-09 4.427E-11 9.904E-13 1.689E-09 2.306E-09 4.122E-17 1.066E-22 3.896E-14 3.176E-08 2.774E-09 2.484E-06 1.043E-08 1.296E-12
   5.550E+06 1.237E+02 5.049E+15 2.948E+00 2.324E+04 8.689E+04 6.852E-10 3.759E-09 2.326E-06 3.281E-03 5.090E-05 5.245E-09 1.978E-06 5.378E+13 2.943E+07 7.811E-01 5.099E-07 8.021E-08 5.828E-09 2.490E-09 4.412E-11 8.668E-13 2.774E-09 2.460E-09 2.920E-17 4.869E-23 2.783E-14 3.867E-08 4.511E-09 2.649E-06 7.839E-09 9.784E-13
   5.650E+06 1.023E+02 4.195E+15 2.135E+00 2.014E+04 6.118E+04 7.943E-10 4.255E-09 2.655E-06 3.265E-03 5.093E-05 4.466E-09 1.808E-06 4.468E+13 2.742E+07 7.436E-01 5.144E-07 8.324E-08 6.537E-09 2.704E-09 4.386E-11 7.264E-13 4.511E-09 2.510E-09 1.941E-17 1.997E-23 1.874E-14 4.768E-08 7.298E-09 2.817E-06 5.884E-09 7.242E-13
   5.750E+06 8.461E+01 3.479E+15 1.552E+00 1.687E+04 4.330E+04 8.984E-10 4.796E-09 2.961E-06 3.254E-03 5.095E-05 3.825E-09 1.638E-06 3.705E+13 2.504E+07 7.191E-01 5.187E-07 8.621E-08 7.197E-09 2.866E-09 4.348E-11 5.806E-13 7.298E-09 2.445E-09 1.208E-17 7.311E-24 1.185E-14 5.971E-08 1.179E-08 2.984E-06 4.436E-09 5.254E-13
   5.850E+06 6.993E+01 2.879E+15 1.129E+00 1.368E+04 3.087E+04 9.967E-10 5.391E-09 3.239E-06 3.249E-03 5.098E-05 3.300E-09 1.467E-06 3.066E+13 2.236E+07 7.049E-01 5.227E-07 8.912E-08 7.765E-09 2.964E-09 4.298E-11 4.407E-13 1.179E-08 2.269E-09 7.040E-18 2.379E-24 7.006E-15 7.627E-08 1.897E-08 3.150E-06 3.360E-09 3.713E-13
   5.950E+06 5.779E+01 2.382E+15 8.215E-01 1.080E+04 2.232E+04 1.089E-09 6.048E-09 3.487E-06 3.244E-03 5.100E-05 2.888E-09 1.301E-06 2.537E+13 1.951E+07 6.990E-01 5.264E-07 9.195E-08 8.189E-09 2.984E-09 4.232E-11 3.181E-13 1.897E-08 2.010E-09 3.911E-18 7.031E-25 3.883E-15 9.940E-08 3.081E-08 3.311E-06 2.561E-09 2.533E-13
   6.050E+06 4.776E+01 1.965E+15 5.944E-01 8.315E+03 1.612E+04 1.180E-09 6.798E-09 3.705E-06 3.252E-03 5.102E-05 2.523E-09 1.142E-06 2.092E+13 1.669E+07 6.989E-01 5.300E-07 9.470E-08 8.495E-09 2.944E-09 4.153E-11 2.171E-13 3.081E-08 1.710E-09 2.069E-18 1.879E-25 2.021E-15 1.325E-07 5.320E-08 3.461E-06 1.970E-09 1.651E-13
   6.150E+06 3.949E+01 1.620E+15 4.259E-01 6.274E+03 1.113E+04 1.286E-09 7.651E-09 3.895E-06 3.262E-03 5.104E-05 2.106E-09 9.939E-07 1.725E+13 1.562E+07 6.983E-01 5.334E-07 9.737E-08 9.637E-09 3.093E-09 4.057E-11 1.502E-13 5.320E-08 1.445E-09 1.141E-18 5.012E-26 1.042E-15 1.714E-07 1.465E-07 3.595E-06 1.531E-09 9.957E-14
   6.250E+06 3.267E+01 1.336E+15 3.670E-01 4.551E+03 1.388E+04 1.470E-09 8.633E-09 4.060E-06 3.277E-03 5.106E-05 3.171E-09 8.391E-07 1.422E+13 1.160E+07 8.658E-01 5.365E-07 9.996E-08 8.682E-09 2.680E-09 3.952E-11 5.342E-14 1.465E-07 9.709E-10 5.198E-19 8.812E-27 3.859E-16 4.553E-07 3.863E-07 3.701E-06 1.204E-09 5.118E-14
   6.350E+06 2.706E+01 1.099E+15 6.572E-01 3.121E+03 6.100E+04 1.876E-09 9.771E-09 4.203E-06 3.302E-03 5.108E-05 1.681E-08 6.756E-07 1.169E+13 1.974E+06 2.346E+00 5.395E-07 1.024E-07 1.796E-09 6.272E-10 3.828E-11 3.055E-15 3.863E-07 3.927E-10 6.899E-20 1.065E-27 1.133E-16 5.099E-06 6.145E-07 3.746E-06 9.592E-10 2.184E-14
   6.450E+06 2.244E+01 9.057E+14 9.936E-01 2.129E+03 1.328E+05 2.766E-09 1.107E-08 4.328E-06 3.326E-03 5.109E-05 4.408E-08 5.431E-07 9.625E+12 6.168E+05 5.368E+00 5.424E-07 1.048E-07 6.811E-10 1.859E-10 3.688E-11 5.607E-16 6.145E-07 1.602E-10 1.281E-20 1.379E-28 3.514E-17 2.347E-05 8.069E-07 3.763E-06 7.731E-10 8.835E-15
   6.550E+06 1.864E+01 7.461E+14 1.111E+00 1.454E+03 1.863E+05 4.502E-09 1.254E-08 4.444E-06 3.355E-03 5.111E-05 7.443E-08 4.384E-07 7.912E+12 2.895E+05 9.051E+00 5.450E-07 1.072E-07 3.881E-10 7.528E-11 3.542E-11 3.222E-16 8.069E-07 6.739E-11 6.301E-21 1.919E-29 1.145E-17 6.338E-05 9.637E-07 3.770E-06 6.293E-10 3.648E-15
   6.650E+06 1.551E+01 6.152E+14 1.055E+00 9.984E+02 2.111E+05 7.464E-09 1.418E-08 4.554E-06 3.386E-03 5.113E-05 1.013E-07 3.563E-07 6.502E+12 1.592E+05 1.287E+01 5.476E-07 1.094E-07 2.588E-10 3.599E-11 3.393E-11 2.432E-16 9.637E-07 2.924E-11 3.945E-21 2.877E-30 3.907E-18 1.309E-04 1.090E-06 3.773E-06 5.175E-10 1.610E-15
   6.750E+06 1.292E+01 5.082E+14 9.134E-01 6.917E+02 2.103E+05 1.197E-08 1.599E-08 4.664E-06 3.416E-03 5.114E-05 1.211E-07 2.918E-07 5.344E+12 9.380E+04 1.652E+01 5.500E-07 1.115E-07 1.846E-10 1.914E-11 3.245E-11 1.915E-16 1.090E-06 1.306E-11 2.555E-21 4.657E-31 1.395E-18 2.297E-04 1.193E-06 3.775E-06 4.298E-10 7.857E-16
   6.850E+06 1.078E+01 4.207E+14 7.502E-01 4.843E+02 1.924E+05 1.825E-08 1.795E-08 4.778E-06 3.443E-03 5.115E-05 1.328E-07 2.409E-07 4.396E+12 5.714E+04 1.990E+01 5.522E-07 1.135E-07 1.358E-10 1.099E-11 3.102E-11 1.519E-16 1.193E-06 5.991E-12 1.666E-21 8.179E-32 5.201E-19 3.609E-04 1.277E-06 3.775E-06 3.607E-10 4.349E-16
   6.950E+06 9.011E+00 3.489E+14 5.976E-01 3.427E+02 1.646E+05 2.652E-08 2.006E-08 4.896E-06 3.468E-03 5.117E-05 1.360E-07 2.006E-07 3.616E+12 3.530E+04 2.302E+01 5.543E-07 1.155E-07 1.012E-10 6.683E-12 2.965E-11 1.206E-16 1.277E-06 2.823E-12 1.087E-21 1.572E-32 2.023E-19 5.238E-04 1.346E-06 3.776E-06 3.058E-10 2.777E-16
   7.050E+06 7.541E+00 2.900E+14 4.720E-01 2.454E+02 1.342E+05 3.707E-08 2.228E-08 5.019E-06 3.490E-03 5.118E-05 1.326E-07 1.686E-07 2.976E+12 2.199E+04 2.610E+01 5.562E-07 1.173E-07 7.584E-11 4.250E-12 2.836E-11 9.589E-17 1.346E-06 1.368E-12 7.128E-22 3.336E-33 8.202E-20 7.158E-04 1.404E-06 3.776E-06 2.620E-10 2.046E-16
   7.150E+06 6.318E+00 2.418E+14 3.764E-01 1.781E+02 1.060E+05 5.033E-08 2.460E-08 5.149E-06 3.504E-03 5.119E-05 1.251E-07 1.431E-07 2.454E+12 1.381E+04 2.945E+01 5.579E-07 1.190E-07 5.710E-11 2.805E-12 2.717E-11 7.664E-17 1.404E-06 6.858E-13 4.722E-22 7.943E-34 3.481E-20 9.337E-04 1.455E-06 3.776E-06 2.270E-10 1.706E-16
   7.250E+06 5.298E+00 2.018E+14 3.030E-01 1.302E+02 8.130E+04 6.681E-08 2.705E-08 5.286E-06 3.519E-03 5.120E-05 1.145E-07 1.220E-07 2.022E+12 8.648E+03 3.337E+01 5.595E-07 1.206E-07 4.286E-11 1.891E-12 2.604E-11 6.130E-17 1.455E-06 3.508E-13 3.133E-22 2.084E-34 1.520E-20 1.184E-03 1.502E-06 3.776E-06 1.979E-10 1.557E-16
   7.350E+06 4.446E+00 1.687E+14 2.461E-01 9.514E+01 6.149E+04 8.696E-08 2.960E-08 5.429E-06 3.530E-03 5.121E-05 1.032E-07 1.039E-07 1.665E+12 5.410E+03 3.812E+01 5.609E-07 1.221E-07 3.207E-11 1.290E-12 2.495E-11 4.909E-17 1.502E-06 1.793E-13 2.087E-22 5.883E-35 6.653E-21 1.477E-03 1.547E-06 3.777E-06 1.726E-10 1.515E-16
   7.450E+06 3.734E+00 1.413E+14 2.009E-01 6.951E+01 4.584E+04 1.112E-07 3.225E-08 5.577E-06 3.539E-03 5.121E-05 9.169E-08 8.823E-08 1.370E+12 3.377E+03 4.381E+01 5.622E-07 1.234E-07 2.391E-11 8.887E-13 2.390E-11 3.938E-17 1.547E-06 9.141E-14 1.396E-22 1.784E-35 2.913E-21 1.816E-03 1.591E-06 3.777E-06 1.505E-10 1.540E-16
   7.550E+06 3.138E+00 1.184E+14 1.643E-01 5.072E+01 3.355E+04 1.402E-07 3.497E-08 5.730E-06 3.547E-03 5.122E-05 7.991E-08 7.479E-08 1.124E+12 2.097E+03 5.051E+01 5.633E-07 1.246E-07 1.772E-11 6.182E-13 2.292E-11 3.163E-17 1.591E-06 4.655E-14 9.360E-23 5.775E-36 1.277E-21 2.205E-03 1.635E-06 3.778E-06 1.313E-10 1.610E-16
   7.650E+06 2.638E+00 9.906E+13 1.343E-01 3.690E+01 2.391E+04 1.747E-07 3.774E-08 5.885E-06 3.560E-03 5.122E-05 6.779E-08 6.329E-08 9.186E+11 1.290E+03 5.837E+01 5.642E-07 1.256E-07 1.302E-11 4.331E-13 2.202E-11 2.540E-17 1.635E-06 2.368E-14 6.251E-23 1.958E-36 5.603E-22 2.644E-03 1.680E-06 3.778E-06 1.146E-10 1.714E-16
   7.750E+06 2.221E+00 8.294E+13 1.099E-01 2.679E+01 1.671E+04 2.160E-07 4.056E-08 6.041E-06 3.575E-03 5.123E-05 5.635E-08 5.347E-08 7.483E+11 7.882E+02 6.764E+01 5.650E-07 1.265E-07 9.503E-12 3.058E-13 2.123E-11 2.045E-17 1.680E-06 1.204E-14 4.182E-23 6.869E-37 2.463E-22 3.136E-03 1.726E-06 3.779E-06 1.001E-10 1.842E-16
   7.850E+06 1.871E+00 6.950E+13 9.025E-02 1.943E+01 1.149E+04 2.663E-07 4.354E-08 6.196E-06 3.589E-03 5.123E-05 4.607E-08 4.513E-08 6.078E+11 4.798E+02 7.869E+01 5.657E-07 1.273E-07 6.904E-12 2.175E-13 2.054E-11 1.655E-17 1.726E-06 6.122E-15 2.814E-23 2.471E-37 1.085E-22 3.683E-03 1.777E-06 3.781E-06 8.755E-11 1.987E-16
   7.950E+06 1.578E+00 5.799E+13 7.420E-02 1.401E+01 7.560E+03 3.290E-07 4.707E-08 6.349E-06 3.613E-03 5.124E-05 3.608E-08 3.806E-08 4.895E+11 2.868E+02 9.229E+01 5.663E-07 1.279E-07 4.946E-12 1.551E-13 1.997E-11 1.335E-17 1.777E-06 3.107E-15 1.863E-23 8.877E-38 4.800E-23 4.285E-03 1.832E-06 3.782E-06 7.663E-11 2.144E-16
   8.050E+06 1.334E+00 4.843E+13 6.142E-02 1.010E+01 4.869E+03 4.078E-07 5.160E-08 6.498E-06 3.622E-03 5.124E-05 2.776E-08 3.208E-08 3.929E+11 1.709E+02 1.089E+02 5.668E-07 1.285E-07 3.529E-12 1.113E-13 1.951E-11 1.083E-17 1.832E-06 1.572E-15 1.239E-23 3.193E-38 2.129E-23 4.944E-03 1.892E-06 3.784E-06 6.716E-11 2.306E-16
   8.150E+06 1.130E+00 4.054E+13 5.112E-02 7.283E+00 3.103E+03 5.067E-07 5.754E-08 6.641E-06 3.628E-03 5.124E-05 2.110E-08 2.705E-08 3.146E+11 1.020E+02 1.289E+02 5.672E-07 1.289E-07 2.516E-12 8.050E-14 1.915E-11 8.845E-18 1.892E-06 7.938E-16 8.322E-24 1.157E-38 9.487E-24 5.657E-03 1.960E-06 3.785E-06 5.897E-11 2.464E-16
   8.250E+06 9.602E-01 3.369E+13 4.218E-02 5.209E+00 1.850E+03 6.282E-07 6.529E-08 6.776E-06 3.635E-03 5.124E-05 1.511E-08 2.282E-08 2.488E+11 5.940E+01 1.528E+02 5.675E-07 1.293E-07 1.763E-12 5.811E-14 1.890E-11 7.162E-18 1.960E-06 3.978E-16 5.414E-24 4.078E-39 4.253E-24 6.421E-03 2.036E-06 3.785E-06 5.188E-11 2.610E-16
   8.350E+06 8.187E-01 2.809E+13 3.447E-02 3.736E+00 1.096E+03 7.695E-07 7.463E-08 6.901E-06 3.640E-03 5.124E-05 1.072E-08 1.927E-08 1.965E+11 3.483E+01 1.786E+02 5.678E-07 1.296E-07 1.240E-12 4.232E-14 1.871E-11 5.837E-18 2.036E-06 1.975E-16 3.558E-24 1.424E-39 1.917E-24 7.233E-03 2.122E-06 3.784E-06 4.574E-11 2.732E-16
   8.450E+06 7.005E-01 2.352E+13 2.775E-02 2.690E+00 6.474E+02 9.253E-07 8.512E-08 7.015E-06 3.646E-03 5.124E-05 7.551E-09 1.631E-08 1.551E+11 2.067E+01 2.043E+02 5.680E-07 1.299E-07 8.790E-13 3.113E-14 1.858E-11 4.789E-18 2.122E-06 9.716E-17 2.364E-24 4.985E-40 8.702E-25 8.081E-03 2.218E-06 3.780E-06 4.044E-11 2.824E-16
   8.550E+06 6.020E-01 1.954E+13 2.171E-02 1.923E+00 3.568E+02 1.088E-06 9.625E-08 7.117E-06 3.654E-03 5.125E-05 4.997E-09 1.383E-08 1.210E+11 1.210E+01 2.291E+02 5.682E-07 1.300E-07 6.191E-13 2.284E-14 1.849E-11 3.876E-18 2.218E-06 4.692E-17 1.510E-24 1.690E-40 3.989E-25 8.960E-03 2.325E-06 3.773E-06 3.586E-11 2.879E-16
   8.650E+06 5.200E-01 1.631E+13 1.664E-02 1.383E+00 1.962E+02 1.249E-06 1.072E-07 7.205E-06 3.662E-03 5.125E-05 3.285E-09 1.177E-08 9.447E+10 7.304E+00 2.498E+02 5.683E-07 1.302E-07 4.478E-13 1.692E-14 1.842E-11 3.152E-18 2.325E-06 2.219E-17 9.731E-25 5.657E-41 1.846E-25 9.863E-03 2.443E-06 3.762E-06 3.190E-11 2.898E-16
   8.750E+06 4.514E-01 1.370E+13 1.255E-02 1.002E+00 1.088E+02 1.400E-06 1.176E-07 7.280E-06 3.670E-03 5.125E-05 2.164E-09 1.005E-08 7.398E+10 4.672E+00 2.651E+02 5.684E-07 1.303E-07 3.410E-13 1.268E-14 1.837E-11 2.579E-18 2.443E-06 1.027E-17 6.359E-25 1.900E-41 8.639E-26 1.078E-02 2.573E-06 3.744E-06 2.848E-11 2.882E-16
   8.850E+06 3.938E-01 1.149E+13 9.297E-03 7.276E-01 5.832E+01 1.538E-06 1.270E-07 7.344E-06 3.680E-03 5.125E-05 1.380E-09 8.624E-09 5.771E+10 3.285E+00 2.757E+02 5.685E-07 1.304E-07 2.860E-13 9.531E-15 1.832E-11 2.097E-18 2.573E-06 4.624E-18 4.081E-25 6.322E-42 4.102E-26 1.171E-02 2.714E-06 3.720E-06 2.554E-11 2.836E-16
   8.950E+06 3.455E-01 9.648E+12 6.800E-03 5.310E-01 3.066E+01 1.659E-06 1.354E-07 7.397E-06 3.691E-03 5.125E-05 8.611E-10 7.441E-09 4.500E+10 2.782E+00 2.814E+02 5.686E-07 1.305E-07 2.884E-13 7.190E-15 1.827E-11 1.699E-18 2.714E-06 2.010E-18 2.597E-25 2.086E-42 1.978E-26 1.265E-02 2.864E-06 3.686E-06 2.301E-11 2.767E-16
   9.050E+06 3.048E-01 8.162E+12 4.958E-03 3.922E-01 1.640E+01 1.763E-06 1.426E-07 7.440E-06 3.702E-03 5.125E-05 5.427E-10 6.460E-09 3.530E+10 2.900E+00 2.823E+02 5.686E-07 1.306E-07 3.553E-13 5.483E-15 1.823E-11 1.387E-18 2.864E-06 8.470E-19 1.681E-25 6.947E-43 9.700E-27 1.359E-02 3.021E-06 3.644E-06 2.083E-11 2.681E-16
   9.150E+06 2.703E-01 6.952E+12 3.618E-03 2.935E-01 8.915E+00 1.851E-06 1.488E-07 7.475E-06 3.706E-03 5.125E-05 3.461E-10 5.648E-09 2.787E+10 3.510E+00 2.792E+02 5.686E-07 1.306E-07 5.049E-13 4.222E-15 1.818E-11 1.140E-18 3.021E-06 3.469E-19 1.106E-25 2.355E-43 4.851E-27 1.453E-02 3.184E-06 3.592E-06 1.897E-11 2.585E-16
   9.250E+06 2.409E-01 5.929E+12 2.639E-03 2.214E-01 4.779E+00 1.926E-06 1.541E-07 7.504E-06 3.708E-03 5.125E-05 2.174E-10 4.976E-09 2.202E+10 4.853E+00 2.737E+02 5.687E-07 1.306E-07 8.186E-13 3.255E-15 1.813E-11 9.338E-19 3.184E-06 1.376E-19 7.221E-26 8.090E-44 2.478E-27 1.548E-02 3.348E-06 3.532E-06 1.736E-11 2.483E-16
   9.350E+06 2.157E-01 5.081E+12 1.931E-03 1.691E-01 2.580E+00 1.983E-06 1.135E-07 7.527E-06 3.710E-03 5.125E-05 1.369E-10 4.421E-09 1.749E+10 7.004E+00 2.656E+02 5.687E-07 1.307E-07 1.378E-12 2.522E-15 1.808E-11 7.677E-19 3.348E-06 5.301E-20 4.753E-26 2.831E-44 1.294E-27 1.643E-02 3.509E-06 3.464E-06 1.598E-11 2.380E-16
   9.450E+06 1.941E-01 4.384E+12 1.428E-03 1.311E-01 1.420E+00 2.034E-06 1.168E-07 7.546E-06 3.712E-03 5.125E-05 8.728E-11 3.963E-09 1.399E+10 1.001E+01 2.563E+02 5.687E-07 1.307E-07 2.282E-12 1.965E-15 1.803E-11 6.356E-19 3.509E-06 1.997E-20 3.179E-26 1.016E-44 6.926E-28 1.739E-02 3.660E-06 3.390E-06 1.481E-11 2.279E-16
   9.550E+06 1.755E-01 3.805E+12 1.068E-03 1.032E-01 7.967E-01 2.076E-06 1.195E-07 7.561E-06 3.714E-03 5.125E-05 5.638E-11 3.586E-09 1.126E+10 1.399E+01 2.459E+02 5.687E-07 1.307E-07 3.677E-12 1.538E-15 1.798E-11 5.295E-19 3.660E-06 7.397E-21 2.158E-26 3.758E-45 3.808E-28 1.835E-02 3.797E-06 3.315E-06 1.380E-11 2.181E-16
   9.650E+06 1.592E-01 3.321E+12 8.078E-04 8.244E-02 4.554E-01 2.111E-06 1.217E-07 7.574E-06 3.717E-03 5.125E-05 3.690E-11 3.278E-09 9.113E+09 1.908E+01 2.349E+02 5.687E-07 1.307E-07 5.747E-12 1.206E-15 1.792E-11 4.440E-19 3.797E-06 2.713E-21 1.486E-26 1.436E-45 2.163E-28 1.932E-02 3.910E-06 3.241E-06 1.293E-11 2.089E-16
   9.750E+06 1.450E-01 2.915E+12 6.190E-04 6.694E-02 2.658E-01 2.140E-06 1.235E-07 7.584E-06 3.719E-03 5.125E-05 2.452E-11 3.028E-09 7.422E+09 2.530E+01 2.235E+02 5.687E-07 1.307E-07 8.678E-12 9.467E-16 1.787E-11 3.748E-19 3.910E-06 9.963E-22 1.040E-26 5.706E-46 1.289E-28 2.030E-02 3.993E-06 3.174E-06 1.220E-11 2.003E-16
   9.850E+06 1.325E-01 2.571E+12 4.803E-04 5.518E-02 1.577E-01 2.163E-06 1.250E-07 7.592E-06 3.721E-03 5.125E-05 1.648E-11 2.827E-09 6.073E+09 3.297E+01 2.119E+02 5.687E-07 1.307E-07 1.282E-11 7.417E-16 1.782E-11 3.181E-19 3.993E-06 3.794E-22 7.359E-27 2.416E-46 8.348E-29 2.128E-02 4.037E-06 3.119E-06 1.157E-11 1.924E-16
   9.950E+06 1.214E-01 2.278E+12 3.776E-04 4.618E-02 9.621E-02 2.183E-06 1.263E-07 7.599E-06 3.723E-03 5.125E-05 1.135E-11 2.668E-09 4.990E+09 4.237E+01 2.004E+02 5.687E-07 1.307E-07 1.860E-11 5.786E-16 1.776E-11 2.712E-19 4.037E-06 1.808E-22 5.266E-27 1.228E-46 6.250E-29 2.227E-02 0.000E+00 3.081E-06 1.104E-11 1.850E-16
