
     Z         PRESS      DEN     ProOH1    ProOH25    ProO3D    PO2D       PO2      PH2O      PO3D      PH2O2     FO3      FH2O      NumO2      NumOH      NumO1D     PN2O     PCH3CL      FOH      FHO2      FNO     FNO2      FH    FH2O2     FNO3    FN2O5    FHNO3      FO       FN      FH2     FCH4    FN2O
   5.000E+04 9.554E+05 2.452E+19 6.241E+05 2.695E+04 6.064E+06 0.000E+00 2.630E-13 1.186E-13 3.040E-05 3.324E-06 8.133E-09 9.263E-03 5.217E+16 4.464E+06 8.329E-03 3.646E-10 4.203E-12 1.820E-13 1.284E-11 5.918E-12 1.402E-11 6.639E-19 8.957E-10 8.650E-15 1.096E-16 9.484E-11 2.116E-15 6.115E-19 5.000E-07 8.080E-07 2.730E-07
   1.500E+05 8.455E+05 2.213E+19 4.915E+05 3.876E+04 7.008E+06 0.000E+00 4.829E-13 2.866E-13 3.351E-05 3.622E-06 9.449E-09 6.109E-03 4.718E+16 3.795E+06 1.097E-02 7.388E-10 1.050E-11 1.715E-13 1.189E-11 1.981E-12 4.404E-12 6.115E-19 8.778E-10 6.311E-15 3.817E-17 8.354E-11 2.915E-15 7.198E-19 4.985E-07 8.026E-07 2.708E-07
   2.500E+05 7.466E+05 1.987E+19 4.453E+05 5.316E+04 9.179E+06 0.000E+00 7.854E-13 6.461E-13 3.621E-05 3.889E-06 1.276E-08 4.141E-03 4.245E+16 4.010E+06 1.627E-02 1.336E-09 2.322E-11 2.018E-13 1.218E-11 1.242E-12 2.764E-12 7.198E-19 8.585E-10 6.320E-15 3.540E-17 7.708E-11 4.785E-15 8.398E-19 4.973E-07 7.980E-07 2.684E-07
   3.500E+05 6.578E+05 1.787E+19 3.733E+05 6.264E+04 1.277E+07 0.000E+00 1.201E-12 1.428E-12 3.825E-05 4.131E-06 1.868E-08 2.455E-03 3.824E+16 4.226E+06 2.546E-02 2.270E-09 4.759E-11 2.365E-13 1.246E-11 1.212E-12 2.717E-12 8.398E-19 8.154E-10 7.380E-15 6.869E-17 7.414E-11 8.390E-15 9.525E-19 4.964E-07 7.941E-07 2.657E-07
   4.500E+05 5.780E+05 1.606E+19 2.865E+05 6.652E+04 1.763E+07 0.000E+00 1.759E-12 3.065E-12 3.992E-05 4.355E-06 2.750E-08 1.352E-03 3.443E+16 4.336E+06 3.927E-02 3.666E-09 9.061E-11 2.701E-13 1.250E-11 1.400E-12 3.142E-12 9.525E-19 7.481E-10 9.195E-15 1.801E-16 7.285E-11 1.468E-14 1.005E-18 4.957E-07 7.910E-07 2.628E-07
   5.500E+05 5.063E+05 1.442E+19 1.911E+05 6.081E+04 2.340E+07 0.000E+00 2.480E-12 6.231E-12 4.128E-05 4.567E-06 3.931E-08 6.767E-04 3.098E+16 4.180E+06 5.789E-02 5.627E-09 1.595E-10 2.899E-13 1.194E-11 1.698E-12 3.713E-12 1.005E-18 6.541E-10 1.129E-14 5.231E-16 7.114E-11 2.471E-14 9.791E-19 4.954E-07 7.885E-07 2.597E-07
   6.500E+05 4.419E+05 1.294E+19 1.090E+05 4.760E+04 2.961E+07 0.000E+00 3.385E-12 1.205E-11 4.245E-05 4.771E-06 5.390E-08 3.052E-04 2.784E+16 3.769E+06 8.103E-02 8.202E-09 2.606E-10 2.913E-13 1.076E-11 2.021E-12 4.169E-12 9.791E-19 5.393E-10 1.324E-14 1.530E-15 6.778E-11 3.969E-14 8.925E-19 4.951E-07 7.865E-07 2.564E-07
   7.500E+05 3.843E+05 1.159E+19 5.275E+04 3.174E+04 3.573E+07 6.937-134 4.489E-12 2.232E-11 4.352E-05 4.971E-06 7.085E-08 1.228E-04 2.497E+16 3.230E+06 1.080E-01 1.141E-08 3.995E-10 2.787E-13 9.189E-12 2.551E-12 4.797E-12 8.925E-19 4.186E-10 1.532E-14 5.086E-15 6.376E-11 6.094E-14 7.800E-19 4.950E-07 7.849E-07 2.529E-07
   8.500E+05 3.327E+05 1.035E+19 2.123E+04 1.759E+04 4.131E+07 1.354E-62 5.811E-12 3.958E-11 4.462E-05 5.172E-06 8.947E-08 4.295E-05 2.232E+16 2.706E+06 1.379E-01 1.523E-08 5.785E-10 2.615E-13 7.508E-12 3.686E-12 6.099E-12 7.800E-19 3.079E-10 1.814E-14 1.949E-14 6.071E-11 9.005E-14 6.761E-19 4.950E-07 7.836E-07 2.493E-07
   9.500E+05 2.868E+05 9.200E+18 6.929E+03 7.581E+03 4.641E+07 9.608E-40 7.376E-12 6.568E-11 4.586E-05 5.376E-06 1.100E-07 1.255E-05 1.985E+16 2.274E+06 1.718E-01 1.966E-08 7.968E-10 2.472E-13 5.907E-12 5.779E-12 8.237E-12 6.761E-19 2.165E-10 2.177E-14 6.092E-14 5.920E-11 1.309E-13 5.775E-19 4.949E-07 7.823E-07 2.455E-07
   1.050E+06 2.461E+05 8.122E+18 1.457E+03 1.878E+03 5.351E+07 7.138E-33 9.226E-12 1.005E-10 4.740E-05 5.587E-06 1.390E-07 2.301E-06 1.753E+16 1.876E+06 2.213E-01 2.471E-08 1.053E-09 2.310E-13 4.345E-12 9.186E-12 1.162E-11 5.775E-19 1.375E-10 2.725E-14 1.401E-13 5.975E-11 1.998E-13 6.894E-19 4.948E-07 7.806E-07 2.401E-07
   1.150E+06 2.104E+05 7.108E+18 1.833E+03 2.382E+03 6.801E+07 6.054E-30 1.148E-11 1.464E-10 4.967E-05 5.815E-06 1.927E-07 2.288E-06 1.534E+16 1.947E+06 3.176E-01 3.054E-08 1.358E-09 2.740E-13 3.996E-12 1.282E-11 1.647E-11 6.894E-19 8.599E-11 3.968E-14 2.547E-13 6.853E-11 3.454E-13 9.026E-19 4.945E-07 7.770E-07 2.298E-07
   1.250E+06 1.792E+05 6.170E+18 2.515E+03 2.952E+03 9.508E+07 2.114E-27 1.439E-11 2.122E-10 5.332E-05 6.081E-06 2.890E-07 2.255E-06 1.331E+16 2.151E+06 5.066E-01 3.758E-08 1.740E-09 3.486E-13 4.200E-12 1.664E-11 2.426E-11 9.026E-19 6.701E-11 6.918E-14 5.363E-13 8.948E-11 6.686E-13 1.303E-18 4.938E-07 7.692E-07 2.101E-07
   1.350E+06 1.523E+05 5.326E+18 3.483E+03 3.636E+03 1.365E+08 3.345E-25 1.847E-11 3.128E-10 5.934E-05 6.422E-06 4.320E-07 2.183E-06 1.149E+16 2.520E+06 8.355E-01 4.664E-08 2.248E-09 4.732E-13 4.864E-12 2.187E-11 3.676E-11 1.303E-18 6.876E-11 1.274E-13 1.192E-12 1.260E-10 1.325E-12 2.056E-18 4.923E-07 7.541E-07 1.784E-07
   1.450E+06 1.290E+05 4.581E+18 4.499E+03 4.462E+03 1.881E+08 2.565E-23 2.450E-11 4.745E-10 6.926E-05 6.895E-06 5.929E-07 2.052E-06 9.882E+15 3.018E+06 1.328E+00 5.884E-08 2.954E-09 6.588E-13 5.746E-12 2.991E-11 5.384E-11 2.056E-18 7.536E-11 2.148E-13 2.277E-12 1.716E-10 2.476E-12 3.536E-18 4.898E-07 7.298E-07 1.383E-07
   1.550E+06 1.091E+05 3.926E+18 5.283E+03 5.369E+03 2.450E+08 9.979E-22 3.359E-11 7.370E-10 8.553E-05 7.568E-06 7.298E-07 1.856E-06 8.467E+15 3.668E+06 2.004E+00 7.526E-08 3.940E-09 9.342E-13 6.788E-12 4.065E-11 7.181E-11 3.536E-18 8.075E-11 3.184E-13 3.358E-12 2.113E-10 4.290E-12 6.430E-18 4.863E-07 6.969E-07 9.809E-08
   1.650E+06 9.207E+04 3.348E+18 5.634E+03 6.140E+03 3.048E+08 2.057E-20 4.701E-11 1.150E-09 1.115E-04 8.516E-06 8.162E-07 1.595E-06 7.221E+15 4.481E+06 2.906E+00 9.646E-08 5.262E-09 1.338E-12 7.940E-12 5.273E-11 8.629E-11 6.430E-18 8.243E-11 4.251E-13 3.868E-12 2.329E-10 7.071E-12 1.263E-17 4.819E-07 6.562E-07 6.379E-08
   1.750E+06 7.758E+04 2.844E+18 6.194E+03 7.415E+03 3.618E+08 2.472E-19 6.611E-11 1.762E-09 1.524E-04 9.822E-06 8.347E-07 1.480E-06 6.132E+15 5.748E+06 4.044E+00 1.220E-07 6.925E-09 2.021E-12 9.562E-12 6.240E-11 9.186E-11 1.263E-17 8.486E-11 5.167E-13 3.479E-12 2.375E-10 1.121E-11 2.547E-17 4.769E-07 6.102E-07 3.856E-08
   1.850E+06 6.529E+04 2.409E+18 6.735E+03 8.957E+03 4.091E+08 1.941E-18 9.183E-11 2.608E-09 2.166E-04 1.157E-05 7.839E-07 1.425E-06 5.195E+15 7.488E+06 5.376E+00 1.504E-07 8.861E-09 3.108E-12 1.129E-11 6.845E-11 8.911E-11 2.547E-17 8.227E-11 5.689E-13 2.541E-12 2.269E-10 1.718E-11 5.327E-17 4.718E-07 5.609E-07 2.199E-08
   1.950E+06 5.489E+04 2.035E+18 7.428E+03 1.097E+04 4.411E+08 1.090E-17 1.241E-10 3.692E-09 3.231E-04 1.383E-05 6.708E-07 1.459E-06 4.389E+15 9.912E+06 6.843E+00 1.792E-07 1.094E-08 4.870E-12 1.304E-11 7.022E-11 7.996E-11 5.327E-17 7.493E-11 5.573E-13 1.520E-12 2.070E-10 2.573E-11 1.136E-16 4.673E-07 5.111E-07 1.209E-08
   2.050E+06 4.613E+04 1.714E+18 7.878E+03 1.302E+04 4.495E+08 4.737E-17 1.609E-10 4.997E-09 5.016E-04 1.665E-05 5.228E-07 1.520E-06 3.696E+15 1.292E+07 8.270E+00 2.060E-07 1.302E-08 7.539E-12 1.451E-11 6.912E-11 6.760E-11 1.136E-16 6.345E-11 4.801E-13 7.572E-13 1.789E-10 3.788E-11 2.381E-16 4.641E-07 4.632E-07 6.574E-09
   2.150E+06 3.876E+04 1.439E+18 7.575E+03 1.472E+04 4.183E+08 1.686E-16 1.987E-10 6.517E-09 7.576E-04 1.982E-05 3.837E-07 1.570E-06 3.103E+15 1.594E+07 9.174E+00 2.292E-07 1.501E-08 1.108E-11 1.573E-11 6.647E-11 5.463E-11 2.381E-16 5.260E-11 3.633E-13 3.220E-13 1.435E-10 5.402E-11 4.802E-16 4.627E-07 4.185E-07 3.592E-09
   2.250E+06 3.258E+04 1.206E+18 6.653E+03 1.608E+04 3.587E+08 5.131E-16 2.351E-10 8.295E-09 1.048E-03 2.295E-05 2.836E-07 1.607E-06 2.602E+15 1.845E+07 9.396E+00 2.488E-07 1.689E-08 1.529E-11 1.712E-11 6.262E-11 4.240E-11 4.802E-16 4.573E-11 2.463E-13 1.208E-13 1.065E-10 7.445E-11 9.377E-16 4.635E-07 3.778E-07 1.992E-09
   2.350E+06 2.740E+04 1.012E+18 5.553E+03 1.722E+04 2.948E+08 1.376E-15 2.701E-10 1.043E-08 1.328E-03 2.573E-05 2.194E-07 1.631E-06 2.182E+15 2.040E+07 9.222E+00 2.653E-07 1.868E-08 2.016E-11 1.888E-11 5.754E-11 3.162E-11 9.377E-16 4.230E-11 1.552E-13 4.161E-14 7.419E-11 1.007E-10 1.792E-15 4.668E-07 3.415E-07 1.129E-09
   2.450E+06 2.306E+04 8.500E+17 4.511E+03 1.826E+04 2.378E+08 3.300E-15 3.050E-10 1.309E-08 1.574E-03 2.809E-05 1.778E-07 1.642E-06 1.833E+15 2.198E+07 8.864E+00 2.796E-07 2.045E-08 2.586E-11 2.110E-11 5.152E-11 2.276E-11 1.792E-15 4.117E-11 9.387E-14 1.358E-14 4.936E-11 1.346E-10 3.365E-15 4.728E-07 3.093E-07 6.558E-10
   2.550E+06 1.940E+04 7.154E+17 3.599E+03 1.930E+04 1.900E+08 7.152E-15 3.411E-10 1.646E-08 1.780E-03 3.005E-05 1.492E-07 1.639E-06 1.543E+15 2.334E+07 8.413E+00 2.922E-07 2.222E-08 3.262E-11 2.385E-11 4.518E-11 1.597E-11 3.365E-15 4.175E-11 5.575E-14 4.315E-15 3.188E-11 1.779E-10 6.217E-15 4.816E-07 2.809E-07 3.905E-10
   2.650E+06 1.633E+04 6.034E+17 2.829E+03 2.036E+04 1.507E+08 1.415E-14 3.796E-10 2.077E-08 1.948E-03 3.166E-05 1.282E-07 1.625E-06 1.301E+15 2.455E+07 7.903E+00 3.035E-07 2.403E-08 4.069E-11 2.722E-11 3.908E-11 1.104E-11 6.217E-15 4.382E-11 3.309E-14 1.369E-15 2.027E-11 2.320E-10 1.130E-14 4.933E-07 2.557E-07 2.378E-10
   2.750E+06 1.373E+04 5.098E+17 2.193E+03 2.139E+04 1.189E+08 2.590E-14 4.217E-10 2.623E-08 2.080E-03 3.298E-05 1.121E-07 1.599E-06 1.099E+15 2.563E+07 7.359E+00 3.138E-07 2.593E-08 5.029E-11 3.129E-11 3.367E-11 7.607E-12 1.130E-14 4.729E-11 1.989E-14 4.436E-16 1.284E-11 2.988E-10 2.017E-14 5.079E-07 2.333E-07 1.483E-10
   2.850E+06 1.153E+04 4.313E+17 1.679E+03 2.226E+04 9.332E+07 4.444E-14 4.680E-10 3.304E-08 2.181E-03 3.405E-05 9.920E-08 1.562E-06 9.301E+14 2.655E+07 6.799E+00 3.232E-07 2.792E-08 6.156E-11 3.610E-11 2.913E-11 5.275E-12 2.017E-14 5.214E-11 1.220E-14 1.489E-16 8.170E-12 3.802E-10 3.524E-14 5.255E-07 2.133E-07 9.464E-11
   2.950E+06 9.677E+03 3.655E+17 1.269E+03 2.286E+04 7.297E+07 7.294E-14 5.190E-10 4.130E-08 2.253E-03 3.492E-05 8.861E-08 1.514E-06 7.882E+14 2.724E+07 6.237E+00 3.320E-07 3.002E-08 7.453E-11 4.163E-11 2.535E-11 3.697E-12 3.524E-14 5.840E-11 7.660E-15 5.223E-17 5.242E-12 4.776E-10 6.044E-14 5.463E-07 1.949E-07 6.149E-11
   3.050E+06 8.102E+03 3.098E+17 9.472E+02 2.302E+04 5.679E+07 1.185E-13 5.753E-10 5.102E-08 2.301E-03 3.562E-05 7.966E-08 1.456E-06 6.681E+14 2.763E+07 5.686E+00 3.402E-07 3.222E-08 8.916E-11 4.783E-11 2.233E-11 2.624E-12 6.044E-14 6.590E-11 4.901E-15 1.901E-17 3.386E-12 5.951E-10 1.019E-13 5.703E-07 1.778E-07 4.069E-11
   3.150E+06 6.768E+03 2.625E+17 6.970E+02 2.265E+04 4.397E+07 2.024E-13 6.374E-10 6.215E-08 2.328E-03 3.619E-05 7.195E-08 1.388E-06 5.661E+14 2.765E+07 5.153E+00 3.480E-07 3.451E-08 1.053E-10 5.462E-11 1.998E-11 1.889E-12 1.019E-13 7.454E-11 3.185E-15 7.158E-18 2.200E-12 7.372E-10 1.698E-13 5.972E-07 1.615E-07 2.748E-11
   3.250E+06 5.639E+03 2.221E+17 5.040E+02 2.175E+04 3.380E+07 4.050E-13 7.063E-10 7.469E-08 2.338E-03 3.666E-05 6.507E-08 1.311E-06 4.789E+14 2.729E+07 4.639E+00 3.552E-07 3.686E-08 1.229E-10 6.196E-11 1.815E-11 1.377E-12 1.698E-13 8.413E-11 2.086E-15 2.752E-18 1.431E-12 9.102E-10 2.815E-13 6.275E-07 1.457E-07 1.888E-11
   3.350E+06 4.686E+03 1.874E+17 3.560E+02 2.047E+04 2.566E+07 1.022E-12 7.838E-10 8.924E-08 2.337E-03 3.704E-05 5.862E-08 1.224E-06 4.040E+14 2.662E+07 4.139E+00 3.620E-07 3.925E-08 1.421E-10 7.007E-11 1.674E-11 1.018E-12 2.815E-13 9.480E-11 1.369E-15 1.070E-18 9.316E-13 1.122E-09 4.718E-13 6.612E-07 1.297E-07 1.317E-11
   3.450E+06 3.884E+03 1.572E+17 2.428E+02 1.915E+04 1.906E+07 2.911E-12 8.736E-10 1.081E-07 2.333E-03 3.734E-05 5.197E-08 1.128E-06 3.389E+14 2.585E+07 3.636E+00 3.684E-07 4.165E-08 1.644E-10 7.987E-11 1.569E-11 7.652E-13 4.718E-13 1.073E-10 8.971E-16 4.178E-19 6.085E-13 1.383E-09 8.003E-13 6.983E-07 1.133E-07 9.323E-12
   3.550E+06 3.213E+03 1.313E+17 1.582E+02 1.827E+04 1.374E+07 7.841E-12 9.794E-10 1.362E-07 2.327E-03 3.758E-05 4.497E-08 1.021E-06 2.830E+14 2.529E+07 3.122E+00 3.743E-07 4.404E-08 1.926E-10 9.280E-11 1.491E-11 5.990E-13 8.003E-13 1.246E-10 6.064E-16 1.729E-19 4.122E-13 1.685E-09 1.388E-12 7.387E-07 9.663E-08 6.695E-12
   3.650E+06 2.654E+03 1.092E+17 1.014E+02 1.916E+04 9.332E+06 1.855E-11 1.107E-09 1.818E-07 2.322E-03 3.776E-05 3.680E-08 9.651E-07 2.354E+14 2.587E+07 2.539E+00 3.798E-07 4.642E-08 2.369E-10 1.142E-10 1.433E-11 5.167E-13 1.388E-12 1.571E-10 4.603E-16 8.726E-20 3.146E-13 1.966E-09 2.460E-12 7.816E-07 7.994E-08 4.881E-12
   3.750E+06 2.189E+03 9.050E+16 6.425E+01 2.196E+04 5.992E+06 3.846E-11 1.262E-09 2.550E-07 2.320E-03 3.790E-05 2.853E-08 9.516E-07 1.951E+14 2.758E+07 1.965E+00 3.850E-07 4.879E-08 3.047E-10 1.481E-10 1.389E-11 4.985E-13 2.460E-12 2.129E-10 3.997E-16 5.559E-20 2.735E-13 2.201E-09 4.433E-12 8.266E-07 6.380E-08 3.602E-12
   3.850E+06 1.806E+03 7.470E+16 3.985E+01 2.546E+04 3.773E+06 7.073E-11 1.453E-09 3.649E-07 2.325E-03 3.801E-05 2.172E-08 9.339E-07 1.610E+14 2.951E+07 1.504E+00 3.898E-07 5.116E-08 3.950E-10 1.947E-10 1.357E-11 5.100E-13 4.433E-12 2.912E-10 3.658E-16 3.908E-20 2.497E-13 2.460E-09 8.046E-12 8.732E-07 4.888E-08 2.682E-12
   3.950E+06 1.489E+03 6.153E+16 2.474E+01 2.893E+04 2.382E+06 1.170E-10 1.684E-09 5.159E-07 2.334E-03 3.810E-05 1.659E-08 9.112E-07 1.326E+14 3.125E+07 1.162E+00 3.944E-07 5.353E-08 5.079E-10 2.541E-10 1.336E-11 5.320E-13 8.046E-12 3.911E-10 3.357E-16 2.785E-20 2.284E-13 2.784E-09 1.448E-11 9.209E-07 3.597E-08 2.012E-12
   4.050E+06 1.229E+03 5.070E+16 1.559E+01 3.161E+04 1.528E+06 1.768E-10 1.954E-09 7.061E-07 2.341E-03 3.817E-05 1.287E-08 8.828E-07 1.093E+14 3.248E+07 9.177E-01 3.987E-07 5.589E-08 6.405E-10 3.247E-10 1.321E-11 5.508E-13 1.448E-11 5.089E-10 3.005E-16 1.921E-20 2.040E-13 3.198E-09 2.567E-11 9.693E-07 2.547E-08 1.515E-12
   4.150E+06 1.014E+03 4.181E+16 9.986E+00 3.292E+04 9.980E+05 2.481E-10 2.261E-09 9.283E-07 2.346E-03 3.822E-05 1.017E-08 8.483E-07 9.012E+13 3.300E+07 7.423E-01 4.027E-07 5.825E-08 7.893E-10 4.037E-10 1.312E-11 5.581E-13 2.567E-11 6.371E-10 2.571E-16 1.240E-20 1.752E-13 3.732E-09 4.462E-11 1.019E-06 1.739E-08 1.141E-12
   4.250E+06 8.369E+02 3.451E+16 6.501E+00 3.267E+04 6.623E+05 3.275E-10 2.603E-09 1.172E-06 2.348E-03 3.827E-05 8.175E-09 8.081E-07 7.438E+13 3.279E+07 6.146E-01 4.065E-07 6.058E-08 9.501E-10 4.881E-10 1.305E-11 5.502E-13 4.462E-11 7.666E-10 2.091E-16 7.411E-21 1.440E-13 4.409E-09 7.609E-11 1.070E-06 1.156E-08 8.582E-13
   4.350E+06 6.907E+02 2.850E+16 4.290E+00 3.096E+04 4.451E+05 4.114E-10 2.978E-09 1.424E-06 2.348E-03 3.831E-05 6.653E-09 7.630E-07 6.142E+13 3.189E+07 5.201E-01 4.100E-07 6.287E-08 1.119E-09 5.746E-10 1.300E-11 5.267E-13 7.609E-11 8.870E-10 1.611E-16 4.074E-21 1.131E-13 5.265E-09 1.276E-10 1.122E-06 7.549E-09 6.447E-13
   4.450E+06 5.701E+02 2.354E+16 2.862E+00 2.812E+04 3.024E+05 4.966E-10 3.387E-09 1.675E-06 2.347E-03 3.834E-05 5.475E-09 7.134E-07 5.073E+13 3.040E+07 4.492E-01 4.133E-07 6.511E-08 1.292E-09 6.602E-10 1.295E-11 4.891E-13 1.276E-10 9.891E-10 1.176E-16 2.054E-21 8.493E-14 6.353E-09 2.109E-10 1.176E-06 4.877E-09 4.819E-13
   4.550E+06 4.704E+02 1.945E+16 1.927E+00 2.455E+04 2.076E+05 5.805E-10 3.834E-09 1.914E-06 2.344E-03 3.837E-05 4.554E-09 6.595E-07 4.191E+13 2.844E+07 3.958E-01 4.164E-07 6.729E-08 1.463E-09 7.414E-10 1.289E-11 4.401E-13 2.109E-10 1.065E-09 8.136E-17 9.488E-22 6.084E-14 7.747E-09 3.447E-10 1.232E-06 3.127E-09 3.566E-13
   4.650E+06 3.881E+02 1.607E+16 1.307E+00 2.069E+04 1.442E+05 6.616E-10 4.327E-09 2.137E-06 2.341E-03 3.840E-05 3.834E-09 6.025E-07 3.463E+13 2.614E+07 3.555E-01 4.193E-07 6.941E-08 1.627E-09 8.150E-10 1.281E-11 3.838E-13 3.447E-10 1.108E-09 5.369E-17 4.040E-22 4.167E-14 9.553E-09 5.598E-10 1.290E-06 2.007E-09 2.612E-13
   4.750E+06 3.202E+02 1.328E+16 8.923E-01 1.686E+04 1.014E+05 7.419E-10 4.876E-09 2.339E-06 2.336E-03 3.842E-05 3.270E-09 5.430E-07 2.861E+13 2.360E+07 3.256E-01 4.220E-07 7.145E-08 1.777E-09 8.779E-10 1.270E-11 3.233E-13 5.598E-10 1.114E-09 3.379E-17 1.581E-22 2.718E-14 1.195E-08 9.061E-10 1.350E-06 1.295E-09 1.886E-13
   4.850E+06 2.640E+02 1.097E+16 6.137E-01 1.330E+04 7.269E+04 8.360E-10 5.495E-09 2.518E-06 2.330E-03 3.844E-05 2.843E-09 4.815E-07 2.365E+13 2.092E+07 3.053E-01 4.245E-07 7.341E-08 1.906E-09 9.253E-10 1.255E-11 2.621E-13 9.061E-10 1.081E-09 2.036E-17 5.691E-23 1.683E-14 1.522E-08 1.475E-09 1.412E-06 8.413E-10 1.334E-13
   4.950E+06 2.176E+02 9.065E+15 4.295E-01 1.016E+04 5.341E+04 9.933E-10 6.202E-09 2.675E-06 2.324E-03 3.846E-05 2.535E-09 4.191E-07 1.953E+13 1.817E+07 2.969E-01 4.269E-07 7.530E-08 2.004E-09 9.525E-10 1.237E-11 2.024E-13 1.475E-09 1.003E-09 1.173E-17 1.865E-23 9.772E-15 1.996E-08 2.437E-09 1.474E-06 5.519E-10 9.200E-14
   5.050E+06 1.793E+02 7.488E+15 3.139E-01 7.525E+03 4.082E+04 1.329E-09 7.010E-09 2.812E-06 2.317E-03 3.847E-05 2.353E-09 3.573E-07 1.614E+13 1.543E+07 3.078E-01 4.291E-07 7.712E-08 2.060E-09 9.525E-10 1.216E-11 1.467E-13 2.437E-09 8.829E-10 6.505E-18 5.526E-24 5.248E-15 2.733E-08 4.135E-09 1.535E-06 3.663E-10 6.135E-14
   5.150E+06 1.477E+02 6.183E+15 2.474E-01 5.406E+03 3.297E+04 2.048E-09 7.931E-09 2.934E-06 2.309E-03 3.849E-05 2.309E-09 2.980E-07 1.332E+13 1.272E+07 3.519E-01 4.311E-07 7.886E-08 2.057E-09 9.183E-10 1.190E-11 9.773E-14 4.135E-09 7.257E-10 3.494E-18 1.463E-24 2.551E-15 3.986E-08 7.272E-09 1.594E-06 2.468E-10 3.923E-14
   5.250E+06 1.216E+02 5.097E+15 2.124E-01 3.778E+03 2.843E+04 3.425E-09 8.977E-09 3.043E-06 2.306E-03 3.850E-05 2.419E-09 2.436E-07 1.098E+13 1.006E+07 4.482E-01 4.331E-07 8.052E-08 1.974E-09 8.445E-10 1.160E-11 5.813E-14 7.272E-09 5.472E-10 1.823E-18 3.395E-25 1.092E-15 6.313E-08 1.319E-08 1.647E-06 1.697E-10 2.385E-14
   5.350E+06 1.001E+02 4.201E+15 1.933E-01 2.585E+03 2.619E+04 5.751E-09 1.015E-08 3.145E-06 2.302E-03 3.851E-05 2.708E-09 1.956E-07 9.053E+12 7.577E+06 6.161E-01 4.349E-07 8.212E-08 1.803E-09 7.376E-10 1.126E-11 3.064E-14 1.319E-08 3.766E-10 9.358E-19 6.960E-26 4.107E-16 1.086E-07 2.579E-08 1.692E-06 1.191E-10 1.357E-14
   5.450E+06 8.236E+01 3.458E+15 1.786E-01 1.731E+03 2.579E+04 9.274E-09 1.144E-08 3.244E-06 2.302E-03 3.852E-05 3.239E-09 1.543E-07 7.451E+12 5.528E+06 8.766E-01 4.367E-07 8.364E-08 1.599E-09 6.242E-10 1.088E-11 1.411E-14 2.579E-08 2.335E-10 4.638E-19 1.232E-26 1.353E-16 2.076E-07 5.785E-08 1.728E-06 8.521E-11 7.001E-15
   5.550E+06 6.781E+01 2.843E+15 1.791E-01 1.118E+03 4.191E+04 1.419E-08 1.285E-08 3.343E-06 2.306E-03 3.853E-05 6.392E-09 1.176E-07 6.126E+12 2.663E+06 1.404E+00 4.383E-07 8.509E-08 9.367E-10 3.475E-10 1.045E-11 3.074E-15 5.785E-08 9.914E-11 1.447E-19 1.261E-27 3.165E-17 7.141E-07 1.054E-07 1.749E-06 6.192E-11 3.141E-15
   5.650E+06 5.584E+01 2.338E+15 2.069E-01 7.025E+02 1.014E+05 2.069E-08 1.437E-08 3.443E-06 2.311E-03 3.854E-05 1.876E-08 8.727E-08 5.034E+12 8.231E+05 2.658E+00 4.398E-07 8.648E-08 3.521E-10 1.064E-10 9.983E-12 4.589E-16 1.054E-07 3.271E-11 2.646E-20 1.085E-28 6.900E-18 3.642E-06 1.492E-07 1.757E-06 4.577E-11 1.327E-15
   5.750E+06 4.602E+01 1.918E+15 2.157E-01 4.404E+02 1.719E+05 2.908E-08 1.599E-08 3.546E-06 2.325E-03 3.855E-05 3.856E-08 6.476E-08 4.121E+12 3.481E+05 4.561E+00 4.411E-07 8.778E-08 1.815E-10 3.756E-11 9.493E-12 2.263E-16 1.492E-07 1.088E-11 1.180E-20 1.062E-29 1.611E-18 1.213E-05 1.858E-07 1.759E-06 3.448E-11 6.256E-16
   5.850E+06 3.796E+01 1.574E+15 1.971E-01 2.780E+02 2.248E+05 3.973E-08 1.770E-08 3.652E-06 2.339E-03 3.856E-05 6.105E-08 4.834E-08 3.370E+12 1.824E+05 6.814E+00 4.424E-07 8.900E-08 1.159E-10 1.586E-11 8.994E-12 1.678E-16 1.858E-07 3.759E-12 7.371E-21 1.331E-30 4.038E-19 2.946E-05 2.162E-07 1.758E-06 2.639E-11 3.752E-16
   5.950E+06 3.134E+01 1.292E+15 1.626E-01 1.768E+02 2.479E+05 5.304E-08 1.950E-08 3.762E-06 2.356E-03 3.857E-05 8.142E-08 3.637E-08 2.747E+12 1.043E+05 9.121E+00 4.435E-07 9.012E-08 8.074E-11 7.561E-12 8.495E-12 1.303E-16 2.162E-07 1.349E-12 4.722E-21 2.382E-31 1.082E-19 5.883E-05 2.417E-07 1.757E-06 2.048E-11 2.910E-16
   6.050E+06 2.592E+01 1.061E+15 1.244E-01 1.137E+02 2.411E+05 6.935E-08 2.138E-08 3.875E-06 2.377E-03 3.857E-05 9.562E-08 2.765E-08 2.232E+12 6.171E+04 1.121E+01 4.445E-07 9.113E-08 5.818E-11 3.953E-12 8.008E-12 1.012E-16 2.417E-07 5.051E-13 2.999E-21 5.890E-32 3.112E-20 1.025E-04 2.639E-07 1.755E-06 1.614E-11 2.654E-16
   6.150E+06 2.146E+01 8.720E+14 9.084E-02 7.403E+01 2.142E+05 8.900E-08 2.333E-08 3.991E-06 2.397E-03 3.858E-05 1.025E-07 2.127E-08 1.809E+12 3.702E+04 1.298E+01 4.453E-07 9.204E-08 4.246E-11 2.221E-12 7.538E-12 7.850E-17 2.639E-07 1.969E-13 1.899E-21 1.745E-32 9.574E-21 1.618E-04 2.840E-07 1.752E-06 1.290E-11 2.590E-16
   6.250E+06 1.780E+01 7.172E+14 6.433E-02 4.875E+01 1.765E+05 1.125E-07 2.533E-08 4.108E-06 2.419E-03 3.859E-05 1.017E-07 1.655E-08 1.461E+12 2.224E+04 1.441E+01 4.461E-07 9.283E-08 3.101E-11 1.318E-12 7.090E-12 6.073E-17 2.840E-07 7.967E-14 1.196E-21 5.553E-33 3.133E-21 2.372E-04 3.027E-07 1.750E-06 1.045E-11 2.582E-16
   6.350E+06 1.478E+01 5.907E+14 4.509E-02 3.253E+01 1.372E+05 1.405E-07 2.734E-08 4.225E-06 2.441E-03 3.859E-05 9.515E-08 1.303E-08 1.176E+12 1.336E+04 1.562E+01 4.467E-07 9.352E-08 2.262E-11 8.199E-13 6.672E-12 4.701E-17 3.027E-07 3.355E-14 7.545E-22 1.826E-33 1.089E-21 3.281E-04 3.209E-07 1.747E-06 8.583E-12 2.593E-16
   6.450E+06 1.230E+01 4.874E+14 3.174E-02 2.197E+01 1.018E+05 1.745E-07 2.942E-08 4.341E-06 2.463E-03 3.859E-05 8.484E-08 1.039E-08 9.447E+11 8.020E+03 1.677E+01 4.472E-07 9.411E-08 1.646E-11 5.290E-13 6.285E-12 3.646E-17 3.209E-07 1.465E-14 4.773E-22 6.116E-34 3.988E-22 4.337E-04 3.393E-07 1.743E-06 7.137E-12 2.616E-16
   6.550E+06 1.025E+01 4.026E+14 2.268E-02 1.498E+01 7.266E+04 2.162E-07 3.175E-08 4.454E-06 2.484E-03 3.860E-05 7.265E-08 8.352E-09 7.564E+11 4.802E+03 1.809E+01 4.477E-07 9.460E-08 1.193E-11 3.516E-13 5.930E-12 2.834E-17 3.393E-07 6.592E-15 3.029E-22 2.070E-34 1.523E-22 5.533E-04 3.583E-07 1.740E-06 5.997E-12 2.653E-16
   6.650E+06 8.553E+00 3.332E+14 1.661E-02 1.031E+01 5.020E+04 2.686E-07 3.465E-08 4.564E-06 2.504E-03 3.860E-05 6.016E-08 6.783E-09 6.041E+11 2.873E+03 1.977E+01 4.480E-07 9.501E-08 8.621E-12 2.399E-13 5.613E-12 2.214E-17 3.583E-07 3.058E-15 1.934E-22 7.102E-35 6.053E-23 6.847E-04 3.782E-07 1.735E-06 5.090E-12 2.705E-16
   6.750E+06 7.151E+00 2.760E+14 1.251E-02 7.169E+00 3.362E+04 3.347E-07 3.850E-08 4.669E-06 2.525E-03 3.860E-05 4.822E-08 5.563E-09 4.811E+11 1.715E+03 2.199E+01 4.483E-07 9.535E-08 6.211E-12 1.675E-13 5.337E-12 1.737E-17 3.782E-07 1.462E-15 1.241E-22 2.469E-35 2.496E-23 8.254E-04 3.994E-07 1.731E-06 4.364E-12 2.770E-16
   6.850E+06 5.989E+00 2.290E+14 9.673E-03 5.032E+00 2.191E+04 4.164E-07 4.358E-08 4.769E-06 2.547E-03 3.860E-05 3.758E-08 4.609E-09 3.824E+11 1.023E+03 2.482E+01 4.486E-07 9.563E-08 4.466E-12 1.195E-13 5.103E-12 1.372E-17 3.994E-07 7.206E-16 8.018E-23 8.717E-36 1.066E-23 9.721E-04 4.221E-07 1.726E-06 3.779E-12 2.840E-16
   6.950E+06 5.024E+00 1.903E+14 7.626E-03 3.571E+00 1.399E+04 5.139E-07 4.991E-08 4.862E-06 2.567E-03 3.860E-05 2.864E-08 3.860E-09 3.037E+11 6.109E+02 2.821E+01 4.488E-07 9.585E-08 3.210E-12 8.704E-14 4.913E-12 1.093E-17 4.221E-07 3.660E-16 5.234E-23 3.134E-36 4.716E-24 1.122E-03 4.466E-07 1.720E-06 3.306E-12 2.905E-16
   7.050E+06 4.224E+00 1.576E+14 6.041E-03 2.549E+00 8.541E+03 6.247E-07 5.733E-08 4.948E-06 2.597E-03 3.861E-05 2.087E-08 3.269E-09 2.400E+11 3.609E+02 3.202E+01 4.489E-07 9.603E-08 2.290E-12 6.432E-14 4.765E-12 8.718E-18 4.466E-07 1.913E-16 3.381E-23 1.128E-36 2.160E-24 1.271E-03 4.732E-07 1.714E-06 2.920E-12 2.955E-16
   7.150E+06 3.561E+00 1.307E+14 4.794E-03 1.840E+00 5.108E+03 7.435E-07 6.539E-08 5.025E-06 2.624E-03 3.861E-05 1.489E-08 2.801E-09 1.897E+11 2.138E+02 3.595E+01 4.491E-07 9.618E-08 1.636E-12 4.838E-14 4.655E-12 7.006E-18 4.732E-07 1.033E-16 2.198E-23 4.113E-37 1.028E-24 1.416E-03 5.032E-07 1.707E-06 2.605E-12 2.985E-16
   7.250E+06 3.011E+00 1.088E+14 3.774E-03 1.338E+00 3.012E+03 8.647E-07 7.362E-08 5.094E-06 2.632E-03 3.861E-05 1.052E-08 2.416E-09 1.501E+11 1.277E+02 3.964E+01 4.492E-07 9.630E-08 1.174E-12 3.696E-14 4.576E-12 5.680E-18 5.032E-07 5.670E-17 1.447E-23 1.508E-37 5.011E-25 1.562E-03 5.386E-07 1.699E-06 2.337E-12 2.990E-16
   7.350E+06 2.555E+00 8.974E+13 2.890E-03 9.644E-01 1.655E+03 9.829E-07 8.162E-08 5.154E-06 2.639E-03 3.861E-05 6.986E-09 2.085E-09 1.174E+11 7.451E+01 4.301E+01 4.492E-07 9.639E-08 8.303E-13 2.826E-14 4.520E-12 4.557E-18 5.386E-07 3.088E-17 9.180E-24 5.308E-38 2.450E-25 1.710E-03 5.804E-07 1.688E-06 2.099E-12 2.969E-16
   7.450E+06 2.178E+00 7.434E+13 2.172E-03 6.960E-01 9.041E+02 1.092E-06 8.903E-08 5.205E-06 2.645E-03 3.861E-05 4.599E-09 1.799E-09 9.187E+10 4.395E+01 4.563E+01 4.493E-07 9.647E-08 5.911E-13 2.187E-14 4.483E-12 3.681E-18 5.804E-07 1.657E-17 5.879E-24 1.822E-38 1.196E-25 1.862E-03 6.296E-07 1.676E-06 1.886E-12 2.920E-16
   7.550E+06 1.865E+00 6.191E+13 1.607E-03 5.043E-01 4.968E+02 1.191E-06 9.565E-08 5.248E-06 2.650E-03 3.861E-05 3.028E-09 1.552E-09 7.204E+10 2.639E+01 4.739E+01 4.494E-07 9.653E-08 4.263E-13 1.717E-14 4.458E-12 2.996E-18 6.296E-07 8.757E-18 3.818E-24 6.187E-39 5.842E-26 2.015E-03 6.873E-07 1.660E-06 1.695E-12 2.846E-16
   7.650E+06 1.606E+00 5.127E+13 1.164E-03 3.629E-01 2.580E+02 1.277E-06 1.015E-07 5.283E-06 2.657E-03 3.861E-05 1.894E-09 1.340E-09 5.603E+10 1.573E+01 4.857E+01 4.494E-07 9.657E-08 3.068E-13 1.351E-14 4.442E-12 2.410E-18 6.873E-07 4.518E-18 2.398E-24 2.049E-39 2.861E-26 2.168E-03 7.546E-07 1.640E-06 1.524E-12 2.750E-16
   7.750E+06 1.390E+00 4.266E+13 8.345E-04 2.622E-01 1.340E+02 1.350E-06 1.065E-07 5.312E-06 2.664E-03 3.861E-05 1.179E-09 1.157E-09 4.368E+10 9.691E+00 4.900E+01 4.494E-07 9.661E-08 2.271E-13 1.075E-14 4.431E-12 1.947E-18 7.546E-07 2.266E-18 1.517E-24 6.680E-40 1.403E-26 2.321E-03 8.322E-07 1.616E-06 1.371E-12 2.638E-16
   7.850E+06 1.210E+00 3.576E+13 5.948E-04 1.907E-01 7.069E+01 1.411E-06 1.107E-07 5.335E-06 2.671E-03 3.861E-05 7.401E-10 9.995E-10 3.423E+10 6.367E+00 4.873E+01 4.495E-07 9.664E-08 1.781E-13 8.669E-15 4.423E-12 1.585E-18 8.322E-07 1.103E-18 9.757E-25 2.171E-40 6.899E-27 2.472E-03 9.208E-07 1.586E-06 1.235E-12 2.514E-16
   7.950E+06 1.059E+00 3.005E+13 4.214E-04 1.391E-01 3.701E+01 1.461E-06 1.142E-07 5.354E-06 2.679E-03 3.861E-05 4.598E-10 8.646E-10 2.686E+10 4.646E+00 4.800E+01 4.495E-07 9.666E-08 1.546E-13 7.039E-15 4.417E-12 1.289E-18 9.208E-07 5.190E-19 6.262E-25 7.044E-41 3.409E-27 2.622E-03 1.021E-06 1.551E-06 1.113E-12 2.383E-16
   8.050E+06 9.326E-01 2.529E+13 2.970E-04 1.017E-01 1.909E+01 1.503E-06 1.172E-07 5.369E-06 2.688E-03 3.861E-05 2.809E-10 7.489E-10 2.107E+10 4.085E+00 4.693E+01 4.495E-07 9.668E-08 1.616E-13 5.735E-15 4.411E-12 1.046E-18 1.021E-06 2.347E-19 3.987E-25 2.277E-41 1.694E-27 2.770E-03 1.132E-06 1.508E-06 1.004E-12 2.249E-16
   8.150E+06 8.255E-01 2.144E+13 2.097E-04 7.497E-02 1.004E+01 1.537E-06 1.197E-07 5.382E-06 2.693E-03 3.861E-05 1.739E-10 6.498E-10 1.664E+10 4.375E+00 4.552E+01 4.495E-07 9.669E-08 2.041E-13 4.714E-15 4.405E-12 8.545E-19 1.132E-06 1.020E-19 2.583E-25 7.404E-42 8.477E-28 2.917E-03 1.254E-06 1.459E-06 9.075E-13 2.115E-16
   8.250E+06 7.344E-01 1.830E+13 1.486E-04 5.577E-02 5.390E+00 1.564E-06 1.218E-07 5.391E-06 2.694E-03 3.861E-05 1.093E-10 5.652E-10 1.322E+10 5.340E+00 4.386E+01 4.495E-07 9.671E-08 2.918E-13 3.902E-15 4.399E-12 7.031E-19 1.254E-06 4.277E-20 1.701E-25 2.439E-42 4.279E-28 3.063E-03 1.386E-06 1.402E-06 8.217E-13 1.985E-16
   8.350E+06 6.565E-01 1.570E+13 1.055E-04 4.177E-02 2.922E+00 1.584E-06 9.174E-08 5.399E-06 2.696E-03 3.861E-05 6.904E-11 4.929E-10 1.055E+10 7.030E+00 4.201E+01 4.495E-07 9.671E-08 4.479E-13 3.241E-15 4.393E-12 5.804E-19 1.386E-06 1.730E-20 1.129E-25 8.162E-43 2.184E-28 3.208E-03 1.526E-06 1.339E-06 7.456E-13 1.860E-16
   8.450E+06 5.895E-01 1.352E+13 7.536E-05 3.151E-02 1.594E+00 1.602E-06 9.290E-08 5.406E-06 2.698E-03 3.861E-05 4.371E-11 4.312E-10 8.456E+09 9.575E+00 4.017E+01 4.495E-07 9.671E-08 7.084E-13 2.693E-15 4.386E-12 4.802E-19 1.526E-06 6.762E-21 7.527E-26 2.780E-43 1.130E-28 3.353E-03 1.672E-06 1.270E-06 6.783E-13 1.741E-16
   8.550E+06 5.318E-01 1.171E+13 5.419E-05 2.399E-02 8.874E-01 1.617E-06 9.384E-08 5.411E-06 2.699E-03 3.861E-05 2.807E-11 3.786E-10 6.816E+09 1.282E+01 3.828E+01 4.495E-07 9.671E-08 1.095E-12 2.243E-15 4.379E-12 3.998E-19 1.672E-06 2.565E-21 5.094E-26 9.679E-44 5.943E-29 3.498E-03 1.822E-06 1.195E-06 6.188E-13 1.631E-16
   8.650E+06 4.816E-01 1.020E+13 3.927E-05 1.844E-02 5.037E-01 1.629E-06 9.461E-08 5.415E-06 2.701E-03 3.861E-05 1.828E-11 3.338E-10 5.526E+09 1.672E+01 3.639E+01 4.495E-07 9.671E-08 1.639E-12 1.871E-15 4.371E-12 3.349E-19 1.822E-06 9.497E-22 3.495E-26 3.459E-44 3.185E-29 3.643E-03 1.973E-06 1.117E-06 5.663E-13 1.528E-16
   8.750E+06 4.377E-01 8.935E+12 2.869E-05 1.431E-02 2.915E-01 1.639E-06 9.525E-08 5.418E-06 2.703E-03 3.861E-05 1.207E-11 2.956E-10 4.505E+09 2.119E+01 3.452E+01 4.495E-07 9.671E-08 2.371E-12 1.561E-15 4.364E-12 2.820E-19 1.973E-06 3.456E-22 2.428E-26 1.273E-44 1.745E-29 3.790E-03 2.121E-06 1.036E-06 5.200E-13 1.434E-16
   8.850E+06 3.993E-01 7.873E+12 2.116E-05 1.122E-02 1.731E-01 1.647E-06 9.577E-08 5.421E-06 2.705E-03 3.861E-05 8.130E-12 2.629E-10 3.697E+09 2.574E+01 3.269E+01 4.495E-07 9.671E-08 3.269E-12 1.305E-15 4.355E-12 2.394E-19 2.121E-06 1.252E-22 1.718E-26 4.845E-45 9.809E-30 3.937E-03 2.265E-06 9.549E-07 4.791E-13 1.348E-16
   8.950E+06 3.653E-01 6.971E+12 1.576E-05 8.890E-03 1.050E-01 1.653E-06 9.620E-08 5.423E-06 2.706E-03 3.861E-05 5.565E-12 2.351E-10 3.051E+09 3.029E+01 3.093E+01 4.495E-07 9.671E-08 4.346E-12 1.090E-15 4.347E-12 2.045E-19 2.265E-06 4.611E-23 1.232E-26 1.910E-45 5.668E-30 4.085E-03 2.402E-06 8.749E-07 4.432E-13 1.271E-16
   9.050E+06 3.351E-01 6.197E+12 1.185E-05 7.108E-03 6.464E-02 1.659E-06 9.656E-08 5.425E-06 2.707E-03 3.861E-05 3.853E-12 2.114E-10 2.530E+09 3.490E+01 2.923E+01 4.495E-07 9.671E-08 5.632E-12 9.098E-16 4.338E-12 1.754E-19 2.402E-06 1.819E-23 8.920E-27 7.793E-46 3.374E-30 4.235E-03 2.531E-06 7.974E-07 4.115E-13 1.201E-16
   9.150E+06 3.083E-01 5.529E+12 8.985E-06 5.736E-03 4.057E-02 1.664E-06 9.686E-08 5.427E-06 2.722E-03 3.861E-05 2.696E-12 1.912E-10 2.106E+09 3.946E+01 2.762E+01 4.495E-07 9.671E-08 7.137E-12 7.579E-16 4.329E-12 1.511E-19 2.531E-06 8.543E-24 6.516E-27 3.287E-46 2.072E-30 4.387E-03 2.649E-06 7.239E-07 3.837E-13 1.137E-16
   9.250E+06 2.844E-01 4.950E+12 6.878E-06 4.672E-03 2.592E-02 1.668E-06 9.711E-08 5.428E-06 2.749E-03 3.861E-05 1.905E-12 1.739E-10 1.760E+09 4.391E+01 2.609E+01 4.495E-07 9.671E-08 8.872E-12 6.302E-16 4.320E-12 1.306E-19 2.649E-06 5.363E-24 4.800E-27 1.431E-46 1.313E-30 4.540E-03 2.754E-06 6.557E-07 3.592E-13 1.081E-16
   9.350E+06 2.629E-01 4.446E+12 5.315E-06 3.842E-03 1.683E-02 1.671E-06 9.732E-08 5.429E-06 2.784E-03 3.861E-05 1.360E-12 1.592E-10 1.477E+09 4.825E+01 2.463E+01 4.495E-07 9.671E-08 1.085E-11 5.229E-16 4.310E-12 1.133E-19 2.754E-06 4.427E-24 3.565E-27 6.427E-47 8.576E-31 4.696E-03 2.845E-06 5.938E-07 3.376E-13 1.030E-16
   9.450E+06 2.435E-01 4.022E+12 4.164E-06 3.204E-03 1.137E-02 1.674E-06 9.750E-08 5.430E-06 2.820E-03 3.861E-05 1.002E-12 1.467E-10 1.249E+09 5.044E+01 2.322E+01 4.495E-07 9.671E-08 1.254E-11 4.360E-16 4.301E-12 9.961E-20 2.845E-06 4.179E-24 2.723E-27 3.003E-47 5.773E-31 4.853E-03 2.923E-06 5.393E-07 3.187E-13 9.842E-17
   9.550E+06 2.260E-01 3.649E+12 3.293E-06 2.698E-03 7.787E-03 1.676E-06 9.765E-08 5.431E-06 2.861E-03 3.861E-05 7.459E-13 1.362E-10 1.059E+09 5.248E+01 2.188E+01 4.495E-07 9.671E-08 1.438E-11 3.628E-16 4.291E-12 8.785E-20 2.923E-06 4.180E-24 2.096E-27 1.452E-47 4.007E-31 5.013E-03 2.986E-06 4.926E-07 3.021E-13 9.434E-17
   9.650E+06 2.101E-01 3.318E+12 2.628E-06 2.294E-03 5.332E-03 1.678E-06 9.778E-08 5.432E-06 2.878E-03 3.861E-05 5.584E-13 1.273E-10 8.998E+08 5.475E+01 2.061E+01 4.495E-07 9.671E-08 1.650E-11 3.010E-16 4.281E-12 7.766E-20 2.986E-06 4.302E-24 1.621E-27 7.247E-48 2.877E-31 5.176E-03 3.034E-06 4.540E-07 2.876E-13 9.068E-17
   9.750E+06 1.956E-01 3.023E+12 2.116E-06 1.968E-03 3.656E-03 1.680E-06 9.789E-08 5.432E-06 2.878E-03 3.861E-05 4.203E-13 1.199E-10 7.660E+08 5.751E+01 1.941E+01 4.495E-07 9.671E-08 1.902E-11 2.490E-16 4.271E-12 6.882E-20 3.034E-06 4.512E-24 1.260E-27 3.743E-48 2.155E-31 5.341E-03 3.066E-06 4.239E-07 2.750E-13 8.741E-17
   9.850E+06 1.824E-01 2.760E+12 1.720E-06 1.706E-03 2.526E-03 1.681E-06 9.798E-08 5.433E-06 2.878E-03 3.861E-05 3.181E-13 1.138E-10 6.531E+08 6.113E+01 1.825E+01 4.495E-07 9.671E-08 2.215E-11 2.052E-16 4.261E-12 6.112E-20 3.066E-06 4.788E-24 9.845E-28 2.048E-48 1.707E-31 5.509E-03 3.082E-06 4.027E-07 2.641E-13 8.447E-17
   9.950E+06 1.704E-01 2.525E+12 1.410E-06 1.493E-03 1.779E-03 1.683E-06 9.806E-08 5.433E-06 2.878E-03 3.861E-05 2.449E-13 1.089E-10 5.574E+08 6.606E+01 1.715E+01 4.495E-07 9.671E-08 2.616E-11 1.686E-16 4.251E-12 5.442E-20 3.082E-06 5.045E-24 7.732E-28 1.290E-48 1.457E-31 5.680E-03 0.000E+00 3.912E-07 2.547E-13 8.184E-17
