
     Z         PRESS      DEN     ProOH1    ProOH25    ProO3D    PO2D       PO2      PH2O      PO3D      PH2O2     FO3      FH2O      NumO2      NumOH      NumO1D     PN2O     PCH3CL      FOH      FHO2      FNO     FNO2      FH    FH2O2     FNO3    FN2O5    FHNO3      FO       FN      FH2     FCH4    FN2O
   5.000E+04 9.547E+05 2.448E+19 2.490E+05 8.599E-09 2.499E+06 0.000E+00 8.056E-26 3.721E-26 5.557E-06 2.301E-06 1.837E-08 9.440E-03 2.604E+18 2.649E+06 3.267E-03 1.161E-22 1.293E-24 1.082E-13 8.516E-12 8.054E-12 2.354E-11 8.613E-21 5.416E-10 1.550E-14 3.233E-16 1.312E-10 8.162E-17 7.400E-21 5.000E-07 8.080E-07 2.730E-07
   1.500E+05 8.450E+05 2.209E+19 1.820E+05 1.977E-07 2.669E+06 0.000E+00 2.174E-24 1.430E-24 6.012E-06 2.493E-06 2.010E-08 6.258E-03 2.350E+18 2.135E+06 3.974E-03 3.635E-21 5.358E-23 9.666E-14 7.939E-12 4.341E-12 1.108E-11 7.400E-21 5.425E-10 1.005E-14 1.492E-16 1.428E-10 1.050E-16 7.669E-21 4.995E-07 8.055E-07 2.729E-07
   2.500E+05 7.462E+05 1.984E+19 1.359E+05 3.675E-06 2.866E+06 0.000E+00 4.663E-23 4.343E-23 6.389E-06 2.662E-06 2.262E-08 4.267E-03 2.110E+18 2.030E+06 4.829E-03 8.927E-20 1.629E-21 1.024E-13 7.719E-12 4.069E-12 9.188E-12 7.669E-21 5.222E-10 9.295E-15 1.679E-16 1.629E-10 1.423E-16 7.951E-21 4.992E-07 8.034E-07 2.729E-07
   3.500E+05 6.576E+05 1.784E+19 8.777E+04 4.465E-05 3.060E+06 0.000E+00 7.457E-22 9.861E-22 6.589E-06 2.810E-06 2.604E-08 2.539E-03 1.897E+18 1.940E+06 5.800E-03 1.615E-18 3.505E-20 1.088E-13 7.262E-12 5.086E-12 1.006E-11 7.951E-21 4.658E-10 9.592E-15 3.194E-16 1.862E-10 1.945E-16 8.286E-21 4.990E-07 8.017E-07 2.728E-07
   4.500E+05 5.779E+05 1.603E+19 5.164E+04 3.740E-04 3.226E+06 0.000E+00 9.062E-21 1.663E-20 6.669E-06 2.941E-06 3.018E-08 1.403E-03 1.705E+18 1.869E+06 6.833E-03 2.185E-17 5.448E-19 1.166E-13 6.600E-12 6.843E-12 1.176E-11 8.286E-21 3.864E-10 1.002E-14 7.075E-16 2.085E-10 2.661E-16 8.401E-21 4.989E-07 8.004E-07 2.727E-07
   5.500E+05 5.063E+05 1.440E+19 2.688E+04 2.486E-03 3.323E+06 0.000E+00 8.552E-20 2.446E-19 6.625E-06 3.056E-06 3.484E-08 7.059E-04 1.532E+18 1.759E+06 7.820E-03 2.273E-16 6.473E-18 1.222E-13 5.677E-12 9.023E-12 1.324E-11 8.401E-21 2.988E-10 9.989E-15 1.581E-15 2.256E-10 3.596E-16 7.976E-21 4.988E-07 7.994E-07 2.726E-07
   6.500E+05 4.420E+05 1.292E+19 1.225E+04 1.578E-02 3.335E+06 0.000E+00 6.447E-19 3.811E-18 6.477E-06 3.157E-06 3.986E-08 3.205E-04 1.374E+18 1.549E+06 8.687E-03 1.920E-15 6.613E-17 1.199E-13 4.586E-12 1.081E-11 1.326E-11 7.976E-21 2.170E-10 9.192E-15 3.208E-15 2.349E-10 4.786E-16 7.201E-21 4.988E-07 7.987E-07 2.725E-07
   7.500E+05 3.845E+05 1.157E+19 4.849E+03 5.539E-02 3.258E+06 0.000E+00 3.922E-18 3.677E-17 6.229E-06 3.245E-06 4.521E-08 1.302E-04 1.231E+18 1.289E+06 9.379E-03 1.293E-14 5.127E-16 1.114E-13 3.506E-12 1.237E-11 1.246E-11 7.201E-21 1.501E-10 8.012E-15 6.457E-15 2.388E-10 6.300E-16 6.681E-21 4.988E-07 7.981E-07 2.723E-07
   8.500E+05 3.330E+05 1.033E+19 1.642E+03 1.005E-01 3.114E+06 0.000E+00 1.941E-17 2.100E-16 5.914E-06 3.323E-06 5.098E-08 4.632E-05 1.099E+18 1.093E+06 9.915E-03 6.768E-14 2.818E-15 1.058E-13 2.591E-12 1.519E-11 1.240E-11 6.681E-21 1.008E-10 7.047E-15 1.504E-14 2.413E-10 8.256E-16 6.533E-21 4.988E-07 7.976E-07 2.722E-07
   9.500E+05 2.872E+05 9.179E+18 4.654E+02 1.084E-01 2.945E+06 0.000E+00 7.975E-17 8.462E-16 5.571E-06 3.391E-06 5.758E-08 1.395E-05 9.767E+17 9.589E+05 1.041E-02 2.848E-13 1.184E-14 1.045E-13 1.910E-12 1.954E-11 1.298E-11 6.533E-21 6.706E-11 6.380E-15 3.322E-14 2.446E-10 1.095E-15 6.238E-21 4.987E-07 7.972E-07 2.720E-07
   1.050E+06 2.466E+05 8.099E+18 8.822E+01 5.980E-02 2.879E+06 0.000E+00 2.774E-16 2.718E-15 5.236E-06 3.451E-06 6.789E-08 2.717E-06 8.617E+17 8.025E+05 1.140E-02 1.000E-12 4.080E-14 9.909E-14 1.403E-12 2.376E-11 1.352E-11 6.238E-21 4.119E-11 5.766E-15 5.575E-14 2.513E-10 1.550E-15 5.495E-21 4.986E-07 7.966E-07 2.717E-07
   1.150E+06 2.110E+05 7.079E+18 9.827E+01 1.436E-01 3.216E+06 0.000E+00 8.299E-16 7.461E-15 5.010E-06 3.502E-06 9.068E-08 2.719E-06 7.532E+17 6.046E+05 1.442E-02 3.009E-12 1.204E-13 8.541E-14 9.320E-13 3.019E-11 1.690E-11 5.495E-21 1.994E-11 5.239E-15 6.488E-14 2.719E-10 2.568E-15 4.071E-21 4.984E-07 7.954E-07 2.711E-07
   1.250E+06 1.800E+05 6.139E+18 1.316E+02 3.051E-01 4.311E+06 0.000E+00 2.175E-15 1.823E-14 4.891E-06 3.548E-06 1.435E-07 2.725E-06 6.532E+17 3.767E+05 2.210E-02 7.919E-12 3.128E-13 6.135E-14 5.507E-13 3.873E-11 2.595E-11 4.071E-21 6.927E-12 5.215E-15 9.004E-14 3.177E-10 5.187E-15 3.272E-21 4.978E-07 7.929E-07 2.696E-07
   1.350E+06 1.532E+05 5.298E+18 1.980E+02 5.917E-01 6.478E+06 0.000E+00 5.114E-15 4.082E-14 4.815E-06 3.589E-06 2.540E-07 2.736E-06 5.637E+17 2.551E+05 3.823E-02 1.869E-11 7.325E-13 4.815E-14 3.937E-13 4.891E-11 4.505E-11 3.272E-21 2.112E-12 7.764E-15 2.027E-13 4.140E-10 1.191E-14 3.369E-21 4.966E-07 7.878E-07 2.665E-07
   1.450E+06 1.301E+05 4.554E+18 2.987E+02 1.077E+00 9.723E+06 0.000E+00 1.109E-14 8.581E-14 4.794E-06 3.629E-06 4.454E-07 2.755E-06 4.845E+17 2.225E+05 6.635E-02 4.064E-11 1.586E-12 4.887E-14 3.991E-13 5.919E-11 7.553E-11 3.369E-21 1.132E-12 1.529E-14 5.736E-13 5.840E-10 2.746E-14 4.040E-21 4.943E-07 7.791E-07 2.610E-07
   1.550E+06 1.103E+05 3.893E+18 4.277E+02 1.874E+00 1.381E+07 0.000E+00 2.273E-14 1.729E-13 4.894E-06 3.671E-06 7.247E-07 2.783E-06 4.142E+17 2.230E+05 1.097E-01 8.325E-11 3.245E-12 5.729E-14 4.858E-13 7.009E-11 1.174E-10 4.040E-21 1.246E-12 3.009E-14 1.493E-12 8.309E-10 6.000E-14 5.447E-21 4.909E-07 7.667E-07 2.530E-07
   1.650E+06 9.344E+04 3.302E+18 5.930E+02 3.150E+00 1.890E+07 7.138-172 4.471E-14 3.382E-13 5.223E-06 3.716E-06 1.096E-06 2.820E-06 3.513E+17 2.416E+05 1.770E-01 1.631E-10 6.363E-12 7.318E-14 6.656E-13 8.104E-11 1.723E-10 5.447E-21 1.889E-12 5.600E-14 3.416E-12 1.151E-09 1.264E-13 8.244E-21 4.863E-07 7.501E-07 2.423E-07
   1.750E+06 7.921E+04 2.779E+18 8.062E+02 5.151E+00 2.525E+07 1.816-149 8.514E-14 6.468E-13 5.864E-06 3.768E-06 1.549E-06 2.866E-06 2.956E+17 2.775E+05 2.821E-01 3.082E-10 1.205E-11 9.988E-14 9.997E-13 9.137E-11 2.413E-10 8.244E-21 3.319E-12 9.812E-14 6.893E-12 1.527E-09 2.588E-13 1.338E-20 4.804E-07 7.299E-07 2.292E-07
   1.850E+06 6.725E+04 2.336E+18 1.072E+03 8.272E+00 3.291E+07 2.215-130 1.577E-13 1.213E-12 6.786E-06 3.830E-06 2.076E-06 2.918E-06 2.485E+17 3.286E+05 4.396E-01 5.644E-10 2.215E-11 1.407E-13 1.526E-12 1.043E-10 3.291E-10 1.338E-20 5.958E-12 1.595E-13 1.241E-11 1.931E-09 5.079E-13 2.269E-20 4.735E-07 7.064E-07 2.139E-07
   1.950E+06 5.718E+04 1.969E+18 1.394E+03 1.311E+01 4.189E+07 4.306-114 2.850E-13 2.237E-12 8.006E-06 3.905E-06 2.657E-06 2.977E-06 2.094E+17 3.955E+05 6.668E-01 1.005E-09 3.962E-11 2.009E-13 2.285E-12 1.234E-10 4.423E-10 2.269E-20 1.036E-11 2.395E-13 2.019E-11 2.330E-09 9.469E-13 3.998E-20 4.656E-07 6.805E-07 1.971E-07
   2.050E+06 4.869E+04 1.664E+18 1.779E+03 2.048E+01 5.227E+07 3.631-100 5.032E-13 4.051E-12 9.613E-06 3.999E-06 3.268E-06 3.039E-06 1.770E+17 4.836E+05 9.883E-01 1.740E-09 6.901E-11 2.907E-13 3.361E-12 1.509E-10 5.867E-10 3.998E-20 1.742E-11 3.358E-13 2.998E-11 2.685E-09 1.685E-12 7.322E-20 4.570E-07 6.530E-07 1.794E-07
   2.150E+06 4.151E+04 1.409E+18 2.240E+03 3.145E+01 6.437E+07 3.044E-88 8.668E-13 7.193E-12 1.174E-05 4.115E-06 3.892E-06 3.104E-06 1.499E+17 6.012E+05 1.442E+00 2.929E-09 1.169E-10 4.268E-13 4.906E-12 1.888E-10 7.681E-10 7.322E-20 2.875E-11 4.476E-13 4.120E-11 2.974E-09 2.896E-12 1.395E-19 4.479E-07 6.246E-07 1.615E-07
   2.250E+06 3.543E+04 1.194E+18 2.793E+03 4.728E+01 7.849E+07 5.066E-78 1.455E-12 1.249E-11 1.457E-05 4.261E-06 4.510E-06 3.170E-06 1.271E+17 7.605E+05 2.081E+00 4.783E-09 1.921E-10 6.367E-13 7.158E-12 2.387E-10 9.884E-10 1.395E-19 4.689E-11 5.738E-13 5.257E-11 3.184E-09 4.845E-12 2.762E-19 4.383E-07 5.957E-07 1.437E-07
   2.350E+06 3.028E+04 1.014E+18 3.450E+03 6.937E+01 9.482E+07 2.992E-69 2.377E-12 2.114E-11 1.833E-05 4.444E-06 5.104E-06 3.237E-06 1.078E+17 9.765E+05 2.972E+00 7.564E-09 3.060E-10 9.634E-13 1.045E-11 3.022E-10 1.244E-09 2.762E-19 7.538E-11 7.119E-13 6.217E-11 3.317E-09 7.941E-12 5.666E-19 4.283E-07 5.665E-07 1.264E-07
   2.450E+06 2.590E+04 8.610E+17 4.222E+03 9.908E+01 1.135E+08 1.023E-61 3.775E-12 3.482E-11 2.331E-05 4.675E-06 5.655E-06 3.305E-06 9.159E+16 1.267E+06 4.203E+00 1.157E-08 4.714E-10 1.471E-12 1.520E-11 3.811E-10 1.529E-09 5.666E-19 1.181E-10 8.568E-13 6.799E-11 3.381E-09 1.279E-11 1.200E-18 4.180E-07 5.372E-07 1.100E-07
   2.550E+06 2.218E+04 7.321E+17 5.122E+03 1.375E+02 1.348E+08 3.064E-55 5.825E-12 5.568E-11 2.996E-05 4.965E-06 6.145E-06 3.373E-06 7.788E+16 1.651E+06 5.887E+00 1.709E-08 7.019E-10 2.255E-12 2.187E-11 4.778E-10 1.832E-09 1.200E-18 1.779E-10 1.001E-12 6.867E-11 3.385E-09 2.031E-11 2.612E-18 4.073E-07 5.078E-07 9.454E-08
   2.650E+06 1.902E+04 6.232E+17 6.144E+03 1.851E+02 1.582E+08 1.142E-49 8.734E-12 8.630E-11 3.874E-05 5.328E-06 6.553E-06 3.442E-06 6.629E+16 2.144E+06 8.147E+00 2.439E-08 1.009E-09 3.441E-12 3.075E-11 5.961E-10 2.143E-09 2.612E-18 2.530E-10 1.134E-12 6.411E-11 3.335E-09 3.185E-11 5.819E-18 3.963E-07 4.782E-07 8.027E-08
   2.750E+06 1.632E+04 5.311E+17 7.270E+03 2.414E+02 1.833E+08 7.134E-45 1.274E-11 1.295E-10 5.033E-05 5.780E-06 6.858E-06 3.511E-06 5.649E+16 2.761E+06 1.111E+01 3.364E-08 1.403E-09 5.199E-12 4.195E-11 7.400E-10 2.446E-09 5.819E-18 3.358E-10 1.245E-12 5.545E-11 3.231E-09 4.940E-11 1.322E-17 3.849E-07 4.486E-07 6.739E-08
   2.850E+06 1.403E+04 4.530E+17 8.467E+03 3.047E+02 2.091E+08 9.637E-41 1.809E-11 1.879E-10 6.559E-05 6.338E-06 7.038E-06 3.579E-06 4.818E+16 3.513E+06 1.492E+01 4.484E-08 1.883E-09 7.755E-12 5.520E-11 9.141E-10 2.723E-09 1.322E-17 4.123E-10 1.325E-12 4.454E-11 3.075E-09 7.594E-11 3.053E-17 3.734E-07 4.192E-07 5.599E-08
   2.950E+06 1.207E+04 3.864E+17 9.671E+03 3.716E+02 2.340E+08 3.503E-37 2.503E-11 2.636E-10 8.559E-05 7.017E-06 7.075E-06 3.649E-06 4.110E+16 4.404E+06 1.965E+01 5.782E-08 2.447E-09 1.140E-11 6.993E-11 1.122E-09 2.958E-09 3.053E-17 4.674E-10 1.371E-12 3.344E-11 2.866E-09 1.161E-10 7.141E-17 3.617E-07 3.897E-07 4.600E-08
   3.050E+06 1.040E+04 3.296E+17 1.079E+04 4.381E+02 2.558E+08 4.132E-34 3.379E-11 3.576E-10 1.115E-04 7.832E-06 6.960E-06 3.717E-06 3.506E+16 5.436E+06 2.530E+01 7.221E-08 3.078E-09 1.649E-11 8.515E-11 1.368E-09 3.130E-09 7.141E-17 4.886E-10 1.378E-12 2.354E-11 2.607E-09 1.768E-10 1.678E-16 3.501E-07 3.605E-07 3.743E-08
   3.150E+06 8.978E+03 2.813E+17 1.175E+04 5.002E+02 2.730E+08 1.857E-31 4.453E-11 4.699E-10 1.447E-04 8.793E-06 6.706E-06 3.784E-06 2.992E+16 6.610E+06 3.179E+01 8.750E-08 3.759E-09 2.350E-11 9.962E-11 1.653E-09 3.216E-09 1.678E-16 4.723E-10 1.342E-12 1.555E-11 2.310E-09 2.678E-10 3.948E-16 3.388E-07 3.319E-07 3.028E-08
   3.250E+06 7.763E+03 2.402E+17 1.247E+04 5.545E+02 2.843E+08 3.657E-29 5.732E-11 5.998E-10 1.869E-04 9.906E-06 6.331E-06 3.849E-06 2.555E+16 7.925E+06 3.899E+01 1.031E-07 4.467E-09 3.299E-11 1.124E-10 1.976E-09 3.204E-09 3.948E-16 4.254E-10 1.268E-12 9.663E-12 1.988E-09 4.042E-10 9.259E-16 3.280E-07 3.040E-07 2.435E-08
   3.350E+06 6.726E+03 2.054E+17 1.297E+04 5.998E+02 2.904E+08 3.551E-27 7.205E-11 7.468E-10 2.410E-04 1.118E-05 5.869E-06 3.911E-06 2.184E+16 9.397E+06 4.686E+01 1.185E-07 5.185E-09 4.576E-11 1.227E-10 2.335E-09 3.083E-09 9.259E-16 3.612E-10 1.158E-12 5.644E-12 1.661E-09 6.071E-10 2.163E-15 3.180E-07 2.769E-07 1.948E-08
   3.450E+06 5.838E+03 1.759E+17 1.332E+04 6.361E+02 2.933E+08 1.880E-25 8.846E-11 9.111E-10 3.115E-04 1.261E-05 5.351E-06 3.969E-06 1.871E+16 1.106E+07 5.557E+01 1.332E-07 5.898E-09 6.286E-11 1.307E-10 2.721E-09 2.851E-09 2.163E-15 2.935E-10 1.019E-12 3.091E-12 1.346E-09 9.087E-10 5.022E-15 3.094E-07 2.511E-07 1.556E-08
   3.550E+06 5.077E+03 1.511E+17 1.358E+04 6.646E+02 2.945E+08 5.911E-24 1.061E-10 1.094E-09 4.054E-04 1.421E-05 4.808E-06 4.021E-06 1.607E+16 1.293E+07 6.530E+01 1.469E-07 6.600E-09 8.557E-11 1.366E-10 3.124E-09 2.524E-09 5.022E-15 2.324E-10 8.632E-13 1.581E-12 1.055E-09 1.356E-09 1.147E-14 3.027E-07 2.271E-07 1.243E-08
   3.650E+06 4.422E+03 1.302E+17 1.372E+04 6.863E+02 2.936E+08 1.188E-22 1.243E-10 1.297E-09 5.288E-04 1.598E-05 4.265E-06 4.067E-06 1.384E+16 1.492E+07 7.593E+01 1.594E-07 7.286E-09 1.147E-10 1.413E-10 3.524E-09 2.135E-09 1.147E-14 1.831E-10 7.040E-13 7.541E-13 7.930E-10 2.016E-09 2.532E-14 2.983E-07 2.052E-07 9.974E-09
   3.750E+06 3.858E+03 1.124E+17 1.362E+04 7.028E+02 2.883E+08 1.623E-21 1.424E-10 1.523E-09 6.832E-04 1.789E-05 3.755E-06 4.105E-06 1.195E+16 1.680E+07 8.674E+01 1.708E-07 7.959E-09 1.495E-10 1.459E-10 3.886E-09 1.727E-09 2.532E-14 1.471E-10 5.534E-13 3.360E-13 5.660E-10 2.969E-09 5.284E-14 2.967E-07 1.856E-07 8.045E-09
   3.850E+06 3.370E+03 9.736E+16 1.324E+04 7.160E+02 2.778E+08 1.600E-20 1.600E-10 1.778E-09 8.635E-04 1.989E-05 3.304E-06 4.135E-06 1.035E+16 1.830E+07 9.681E+01 1.811E-07 8.625E-09 1.880E-10 1.513E-10 4.170E-09 1.341E-09 5.284E-14 1.227E-10 4.196E-13 1.409E-13 3.828E-10 4.291E-09 1.040E-13 2.985E-07 1.683E-07 6.524E-09
   3.950E+06 2.947E+03 8.450E+16 1.252E+04 7.263E+02 2.610E+08 1.202E-19 1.768E-10 2.068E-09 1.060E-03 2.190E-05 2.914E-06 4.157E-06 8.986E+15 1.921E+07 1.052E+02 1.904E-07 9.289E-09 2.273E-10 1.578E-10 4.353E-09 1.009E-09 1.040E-13 1.066E-10 3.089E-13 5.621E-14 2.455E-10 6.081E-09 1.911E-13 3.038E-07 1.533E-07 5.328E-09
   4.050E+06 2.580E+03 7.362E+16 1.159E+04 7.361E+02 2.407E+08 6.932E-19 1.926E-10 2.398E-09 1.262E-03 2.385E-05 2.592E-06 4.170E-06 7.829E+15 1.956E+07 1.115E+02 1.989E-07 9.958E-09 2.656E-10 1.655E-10 4.433E-09 7.404E-10 1.911E-13 9.633E-11 2.211E-13 2.172E-14 1.521E-10 8.369E-09 3.336E-13 3.130E-07 1.405E-07 4.380E-09
   4.150E+06 2.259E+03 6.421E+16 1.045E+04 7.441E+02 2.167E+08 3.218E-18 2.076E-10 2.775E-09 1.459E-03 2.568E-05 2.313E-06 4.176E-06 6.828E+15 1.936E+07 1.153E+02 2.067E-07 1.064E-08 3.015E-10 1.740E-10 4.422E-09 5.357E-10 3.336E-13 8.925E-11 1.550E-13 8.176E-15 9.122E-11 1.127E-08 5.523E-13 3.262E-07 1.296E-07 3.623E-09
   4.250E+06 1.979E+03 5.617E+16 9.255E+03 7.521E+02 1.919E+08 1.222E-17 2.217E-10 3.208E-09 1.645E-03 2.735E-05 2.078E-06 4.174E-06 5.973E+15 1.881E+07 1.168E+02 2.140E-07 1.133E-08 3.348E-10 1.829E-10 4.345E-09 3.842E-10 5.523E-13 8.440E-11 1.068E-13 3.052E-15 5.399E-11 1.477E-08 8.812E-13 3.433E-07 1.204E-07 3.018E-09
   4.350E+06 1.735E+03 4.918E+16 8.034E+03 7.587E+02 1.669E+08 3.942E-17 2.352E-10 3.704E-09 1.814E-03 2.885E-05 1.871E-06 4.165E-06 5.230E+15 1.797E+07 1.161E+02 2.209E-07 1.204E-08 3.654E-10 1.920E-10 4.224E-09 2.750E-10 8.812E-13 8.062E-11 7.269E-14 1.134E-15 3.166E-11 1.899E-08 1.355E-12 3.642E-07 1.127E-07 2.536E-09
   4.450E+06 1.520E+03 4.316E+16 6.885E+03 7.657E+02 1.436E+08 1.096E-16 2.481E-10 4.275E-09 1.965E-03 3.017E-05 1.694E-06 4.150E-06 4.589E+15 1.700E+07 1.137E+02 2.273E-07 1.277E-08 3.940E-10 2.011E-10 4.075E-09 1.969E-10 1.355E-12 7.776E-11 4.909E-14 4.244E-16 1.860E-11 2.391E-08 2.032E-12 3.886E-07 1.062E-07 2.148E-09
   4.550E+06 1.332E+03 3.790E+16 5.816E+03 7.727E+02 1.220E+08 2.714E-16 2.609E-10 4.937E-09 2.096E-03 3.132E-05 1.535E-06 4.129E-06 4.030E+15 1.595E+07 1.099E+02 2.334E-07 1.352E-08 4.208E-10 2.103E-10 3.907E-09 1.414E-10 2.032E-12 7.535E-11 3.296E-14 1.595E-16 1.093E-11 2.965E-08 2.971E-12 4.167E-07 1.007E-07 1.830E-09
   4.650E+06 1.167E+03 3.334E+16 4.869E+03 7.819E+02 1.028E+08 6.075E-16 2.734E-10 5.715E-09 2.209E-03 3.231E-05 1.396E-06 4.104E-06 3.544E+15 1.489E+07 1.051E+02 2.392E-07 1.430E-08 4.467E-10 2.195E-10 3.732E-09 1.019E-10 2.971E-12 7.351E-11 2.208E-14 6.081E-17 6.483E-12 3.616E-08 4.276E-12 4.480E-07 9.597E-08 1.571E-09
   4.750E+06 1.021E+03 2.933E+16 4.033E+03 7.938E+02 8.584E+07 1.262E-15 2.861E-10 6.643E-09 2.305E-03 3.314E-05 1.269E-06 4.074E-06 3.118E+15 1.385E+07 9.954E+01 2.447E-07 1.510E-08 4.723E-10 2.290E-10 3.555E-09 7.386E-11 4.276E-12 7.203E-11 1.477E-14 2.343E-17 3.877E-12 4.360E-08 6.054E-12 4.824E-07 9.185E-08 1.357E-09
   4.850E+06 8.932E+02 2.583E+16 3.316E+03 8.110E+02 7.126E+07 2.451E-15 2.991E-10 7.770E-09 2.386E-03 3.385E-05 1.156E-06 4.040E-06 2.746E+15 1.287E+07 9.355E+01 2.501E-07 1.594E-08 4.983E-10 2.390E-10 3.377E-09 5.382E-11 6.054E-12 7.111E-11 9.892E-15 9.172E-18 2.345E-12 5.189E-08 8.500E-12 5.200E-07 8.818E-08 1.178E-09
   4.950E+06 7.806E+02 2.275E+16 2.703E+03 8.340E+02 5.869E+07 4.585E-15 3.131E-10 9.160E-09 2.453E-03 3.445E-05 1.052E-06 4.002E-06 2.418E+15 1.196E+07 8.722E+01 2.553E-07 1.683E-08 5.258E-10 2.498E-10 3.202E-09 3.949E-11 8.500E-12 7.072E-11 6.637E-15 3.639E-18 1.435E-12 6.123E-08 1.182E-11 5.605E-07 8.486E-08 1.028E-09
   5.050E+06 6.813E+02 2.004E+16 2.188E+03 8.645E+02 4.808E+07 8.175E-15 3.280E-10 1.089E-08 2.507E-03 3.494E-05 9.567E-07 3.961E-06 2.131E+15 1.114E+07 8.078E+01 2.603E-07 1.776E-08 5.559E-10 2.621E-10 3.032E-09 2.921E-11 1.182E-11 7.109E-11 4.473E-15 1.473E-18 8.919E-13 7.146E-08 1.639E-11 6.039E-07 8.180E-08 9.009E-10
   5.150E+06 5.940E+02 1.765E+16 1.755E+03 9.015E+02 3.905E+07 1.386E-14 3.445E-10 1.304E-08 2.552E-03 3.536E-05 8.671E-07 3.917E-06 1.876E+15 1.041E+07 7.421E+01 2.653E-07 1.875E-08 5.899E-10 2.763E-10 2.870E-09 2.185E-11 1.639E-11 7.229E-11 3.034E-15 6.084E-19 5.640E-13 8.277E-08 2.265E-11 6.495E-07 7.895E-08 7.933E-10
   5.250E+06 5.171E+02 1.554E+16 1.396E+03 9.446E+02 3.149E+07 2.227E-14 3.627E-10 1.571E-08 2.588E-03 3.570E-05 7.833E-07 3.871E-06 1.651E+15 9.776E+06 6.766E+01 2.701E-07 1.981E-08 6.292E-10 2.931E-10 2.718E-09 1.658E-11 2.265E-11 7.459E-11 2.079E-15 2.588E-19 3.652E-13 9.498E-08 3.137E-11 6.969E-07 7.629E-08 7.025E-10
   5.350E+06 4.495E+02 1.366E+16 1.099E+03 9.909E+02 2.515E+07 3.415E-14 3.834E-10 1.898E-08 2.616E-03 3.598E-05 7.036E-07 3.823E-06 1.452E+15 9.230E+06 6.114E+01 2.749E-07 2.094E-08 6.758E-10 3.134E-10 2.576E-09 1.281E-11 3.137E-11 7.812E-11 1.443E-15 1.135E-19 2.423E-13 1.083E-07 4.346E-11 7.459E-07 7.374E-08 6.252E-10
   5.450E+06 3.900E+02 1.200E+16 8.568E+02 1.038E+03 1.991E+07 5.042E-14 4.068E-10 2.293E-08 2.639E-03 3.621E-05 6.288E-07 3.773E-06 1.276E+15 8.775E+06 5.480E+01 2.796E-07 2.215E-08 7.312E-10 3.379E-10 2.445E-09 1.012E-11 4.346E-11 8.323E-11 1.019E-15 5.179E-20 1.655E-13 1.224E-07 6.048E-11 7.969E-07 7.126E-08 5.584E-10
   5.550E+06 3.379E+02 1.053E+16 6.606E+02 1.082E+03 1.560E+07 7.447E-14 4.335E-10 2.763E-08 2.656E-03 3.640E-05 5.580E-07 3.720E-06 1.119E+15 8.394E+06 4.868E+01 2.843E-07 2.345E-08 7.974E-10 3.676E-10 2.324E-09 8.192E-12 6.048E-11 9.013E-11 7.339E-16 2.461E-20 1.164E-13 1.375E-07 8.464E-11 8.502E-07 6.880E-08 4.998E-10
   5.650E+06 2.922E+02 9.218E+15 5.036E+02 1.121E+03 1.210E+07 1.198E-13 4.642E-10 3.318E-08 2.669E-03 3.656E-05 4.917E-07 3.666E-06 9.797E+14 8.079E+06 4.286E+01 2.889E-07 2.483E-08 8.765E-10 4.033E-10 2.213E-09 6.820E-12 8.464E-11 9.919E-11 5.404E-16 1.226E-20 8.447E-14 1.537E-07 1.191E-10 9.055E-07 6.633E-08 4.482E-10
   5.750E+06 2.522E+02 8.058E+15 3.800E+02 1.156E+03 9.290E+06 2.329E-13 4.992E-10 3.974E-08 2.678E-03 3.669E-05 4.304E-07 3.609E-06 8.564E+14 7.826E+06 3.744E+01 2.935E-07 2.630E-08 9.712E-10 4.464E-10 2.115E-09 5.853E-12 1.191E-10 1.111E-10 4.081E-16 6.436E-21 6.358E-14 1.711E-07 1.688E-10 9.626E-07 6.387E-08 4.027E-10
   5.850E+06 2.173E+02 7.031E+15 2.832E+02 1.191E+03 7.054E+06 5.476E-13 5.392E-10 4.772E-08 2.685E-03 3.679E-05 3.736E-07 3.550E-06 7.472E+14 7.638E+06 3.240E+01 2.982E-07 2.786E-08 1.086E-09 4.990E-10 2.027E-09 5.192E-12 1.688E-10 1.271E-10 3.165E-16 3.569E-21 4.975E-14 1.895E-07 2.415E-10 1.022E-06 6.137E-08 3.621E-10
   5.950E+06 1.869E+02 6.121E+15 2.076E+02 1.240E+03 5.273E+06 1.379E-12 5.850E-10 5.807E-08 2.690E-03 3.688E-05 3.202E-07 3.489E-06 6.505E+14 7.535E+06 2.766E+01 3.028E-07 2.949E-08 1.231E-09 5.657E-10 1.951E-09 4.780E-12 2.415E-10 1.496E-10 2.526E-16 2.100E-21 4.074E-14 2.083E-07 3.485E-10 1.084E-06 5.880E-08 3.253E-10
   6.050E+06 1.605E+02 5.320E+15 1.494E+02 1.323E+03 3.872E+06 3.342E-12 6.370E-10 7.259E-08 2.693E-03 3.695E-05 2.702E-07 3.425E-06 5.653E+14 7.561E+06 2.324E+01 3.073E-07 3.120E-08 1.421E-09 6.542E-10 1.886E-09 4.609E-12 3.485E-10 1.828E-10 2.090E-16 1.334E-21 3.541E-14 2.260E-07 5.091E-10 1.148E-06 5.617E-08 2.920E-10
   6.150E+06 1.376E+02 4.615E+15 1.051E+02 1.462E+03 2.781E+06 7.459E-12 6.964E-10 9.430E-08 2.695E-03 3.701E-05 2.236E-07 3.359E-06 4.903E+14 7.755E+06 1.915E+01 3.118E-07 3.298E-08 1.681E-09 7.756E-10 1.832E-09 4.682E-12 5.091E-10 2.324E-10 1.799E-16 9.228E-22 3.287E-14 2.416E-07 7.538E-10 1.215E-06 5.348E-08 2.617E-10
   6.250E+06 1.177E+02 3.994E+15 7.234E+01 1.675E+03 1.954E+06 1.517E-11 7.648E-10 1.274E-07 2.695E-03 3.706E-05 1.815E-07 3.290E-06 4.244E+14 8.132E+06 1.549E+01 3.163E-07 3.480E-08 2.036E-09 9.425E-10 1.789E-09 4.995E-12 7.538E-10 3.051E-10 1.605E-16 6.904E-22 3.243E-14 2.545E-07 1.129E-09 1.284E-06 5.073E-08 2.340E-10
   6.350E+06 1.005E+02 3.452E+15 4.919E+01 1.966E+03 1.356E+06 2.818E-11 8.436E-10 1.770E-07 2.695E-03 3.710E-05 1.457E-07 3.219E-06 3.667E+14 8.667E+06 1.242E+01 3.207E-07 3.665E-08 2.511E-09 1.165E-09 1.754E-09 5.511E-12 1.129E-09 4.070E-10 1.469E-16 5.461E-22 3.332E-14 2.661E-07 1.712E-09 1.355E-06 4.794E-08 2.085E-10
   6.450E+06 8.565E+01 2.977E+15 3.340E+01 2.322E+03 9.360E+05 4.823E-11 9.352E-10 2.481E-07 2.694E-03 3.714E-05 1.167E-07 3.144E-06 3.163E+14 9.290E+06 9.971E+00 3.249E-07 3.853E-08 3.121E-09 1.448E-09 1.727E-09 6.140E-12 1.712E-09 5.421E-10 1.355E-16 4.387E-22 3.462E-14 2.792E-07 2.624E-09 1.430E-06 4.513E-08 1.850E-10
   6.550E+06 7.288E+01 2.562E+15 2.288E+01 2.707E+03 6.486E+05 7.669E-11 1.042E-09 3.447E-07 2.693E-03 3.717E-05 9.400E-08 3.065E-06 2.722E+14 9.918E+06 8.111E+00 3.291E-07 4.043E-08 3.871E-09 1.792E-09 1.707E-09 6.756E-12 2.624E-09 7.110E-10 1.239E-16 3.451E-22 3.543E-14 2.966E-07 4.051E-09 1.508E-06 4.229E-08 1.631E-10
   6.650E+06 6.189E+01 2.201E+15 1.597E+01 3.079E+03 4.545E+05 1.143E-10 1.166E-09 4.690E-07 2.691E-03 3.720E-05 7.672E-08 2.982E-06 2.338E+14 1.047E+07 6.750E+00 3.331E-07 4.233E-08 4.756E-09 2.188E-09 1.690E-09 7.236E-12 4.051E-09 9.080E-10 1.113E-16 2.599E-22 3.504E-14 3.208E-07 6.310E-09 1.589E-06 3.948E-08 1.426E-10
   6.750E+06 5.247E+01 1.886E+15 1.138E+01 3.390E+03 3.213E+05 1.611E-10 1.311E-09 6.207E-07 2.689E-03 3.723E-05 6.335E-08 2.896E-06 2.003E+14 1.086E+07 5.762E+00 3.371E-07 4.425E-08 5.760E-09 2.624E-09 1.677E-09 7.451E-12 6.310E-09 1.120E-09 9.700E-17 1.828E-22 3.302E-14 3.549E-07 9.889E-09 1.674E-06 3.672E-08 1.236E-10
   6.850E+06 4.441E+01 1.611E+15 8.286E+00 3.602E+03 2.289E+05 2.160E-10 1.478E-09 7.970E-07 2.686E-03 3.725E-05 5.289E-08 2.805E-06 1.711E+14 1.105E+07 5.053E+00 3.409E-07 4.617E-08 6.857E-09 3.083E-09 1.666E-09 7.337E-12 9.889E-09 1.331E-09 8.150E-17 1.188E-22 2.946E-14 4.019E-07 1.549E-08 1.762E-06 3.407E-08 1.060E-10
   6.950E+06 3.754E+01 1.375E+15 6.176E+00 3.700E+03 1.646E+05 2.777E-10 1.666E-09 9.930E-07 2.682E-03 3.727E-05 4.465E-08 2.710E-06 1.460E+14 1.103E+07 4.554E+00 3.446E-07 4.812E-08 8.021E-09 3.546E-09 1.656E-09 6.922E-12 1.549E-08 1.522E-09 6.619E-17 7.170E-23 2.491E-14 4.633E-07 2.440E-08 1.851E-06 3.156E-08 8.987E-11
   7.050E+06 3.168E+01 1.169E+15 4.674E+00 3.672E+03 1.183E+05 3.441E-10 1.882E-09 1.203E-06 2.675E-03 3.730E-05 3.785E-08 2.613E-06 1.241E+14 1.075E+07 4.196E+00 3.482E-07 5.009E-08 9.200E-09 3.986E-09 1.645E-09 6.200E-12 2.440E-08 1.674E-09 5.126E-17 3.962E-23 1.994E-14 5.467E-07 3.840E-08 1.942E-06 2.923E-08 7.522E-11
   7.150E+06 2.671E+01 9.906E+14 3.577E+00 3.533E+03 8.455E+04 4.133E-10 2.127E-09 1.419E-06 2.666E-03 3.732E-05 3.202E-08 2.513E-06 1.052E+14 1.026E+07 3.931E+00 3.517E-07 5.208E-08 1.036E-08 4.384E-09 1.633E-09 5.298E-12 3.840E-08 1.776E-09 3.794E-17 2.030E-23 1.526E-14 6.556E-07 6.065E-08 2.032E-06 2.708E-08 6.207E-11
   7.250E+06 2.250E+01 8.390E+14 2.733E+00 3.304E+03 5.899E+04 4.832E-10 2.396E-09 1.636E-06 2.655E-03 3.734E-05 2.648E-08 2.408E-06 8.907E+13 9.952E+06 3.696E+00 3.550E-07 5.409E-08 1.186E-08 4.876E-09 1.618E-09 4.518E-12 6.065E-08 1.837E-09 2.772E-17 9.940E-24 1.134E-14 7.760E-07 1.032E-07 2.122E-06 2.506E-08 4.996E-11
   7.350E+06 1.895E+01 7.076E+14 2.082E+00 2.994E+03 4.006E+04 5.526E-10 2.698E-09 1.848E-06 2.652E-03 3.735E-05 2.135E-08 2.290E-06 7.511E+13 1.018E+07 3.507E+00 3.583E-07 5.612E-08 1.439E-08 5.669E-09 1.598E-09 3.778E-12 1.032E-07 1.813E-09 1.979E-17 4.515E-24 7.982E-15 9.311E-07 2.085E-07 2.213E-06 2.309E-08 3.847E-11
   7.450E+06 1.595E+01 5.957E+14 1.812E+00 2.624E+03 3.646E+04 6.200E-10 3.030E-09 2.050E-06 2.652E-03 3.737E-05 2.308E-08 2.149E-06 6.322E+13 8.595E+06 3.865E+00 3.615E-07 5.816E-08 1.443E-08 5.477E-09 1.572E-09 2.033E-12 2.085E-07 1.521E-09 1.148E-17 1.596E-24 4.785E-15 1.624E-06 4.221E-07 2.295E-06 2.119E-08 2.780E-11
   7.550E+06 1.343E+01 5.015E+14 2.154E+00 2.225E+03 6.141E+04 6.848E-10 3.389E-09 2.239E-06 2.652E-03 3.739E-05 4.616E-08 1.982E-06 5.322E+13 3.740E+06 5.916E+00 3.645E-07 6.020E-08 7.458E-09 2.806E-09 1.536E-09 4.132E-13 4.221E-07 9.907E-10 3.316E-18 4.380E-25 2.473E-15 5.696E-06 6.893E-07 2.352E-06 1.937E-08 1.871E-11
   7.650E+06 1.131E+01 4.210E+14 2.782E+00 1.838E+03 1.054E+05 7.472E-10 3.787E-09 2.413E-06 2.659E-03 3.740E-05 9.412E-08 1.810E-06 4.466E+13 1.466E+06 9.979E+00 3.674E-07 6.223E-08 3.482E-09 1.157E-09 1.489E-09 6.846E-14 6.893E-07 5.966E-10 5.997E-19 1.161E-25 1.256E-15 1.962E-05 9.692E-07 2.384E-06 1.765E-08 1.193E-11
   7.750E+06 9.533E+00 3.534E+14 3.217E+00 1.492E+03 1.467E+05 8.071E-10 4.225E-09 2.571E-06 2.667E-03 3.742E-05 1.557E-07 1.642E-06 3.747E+13 7.045E+05 1.517E+01 3.702E-07 6.424E-08 1.993E-09 5.295E-10 1.433E-09 1.737E-14 9.692E-07 3.528E-10 1.388E-19 3.071E-26 6.365E-16 5.137E-05 1.243E-06 2.402E-06 1.603E-08 7.372E-12
   7.850E+06 8.040E+00 2.969E+14 3.334E+00 1.195E+03 1.759E+05 8.650E-10 4.706E-09 2.713E-06 2.675E-03 3.743E-05 2.215E-07 1.483E-06 3.146E+13 3.901E+05 2.075E+01 3.728E-07 6.623E-08 1.314E-09 2.681E-10 1.372E-09 7.422E-15 1.243E-06 2.067E-10 5.124E-20 8.124E-27 3.221E-16 1.101E-04 1.502E-06 2.412E-06 1.452E-08 4.495E-12
   7.950E+06 6.787E+00 2.495E+14 3.171E+00 9.459E+02 1.901E+05 9.227E-10 5.242E-09 2.840E-06 2.681E-03 3.745E-05 2.843E-07 1.335E-06 2.642E+13 2.339E+05 2.613E+01 3.754E-07 6.818E-08 9.377E-10 1.461E-10 1.308E-09 4.547E-15 1.502E-06 1.200E-10 2.664E-20 2.150E-27 1.629E-16 2.057E-04 1.740E-06 2.418E-06 1.312E-08 2.743E-12
   8.050E+06 5.733E+00 2.098E+14 2.827E+00 7.423E+02 1.912E+05 9.861E-10 5.842E-09 2.954E-06 2.684E-03 3.746E-05 3.394E-07 1.198E-06 2.219E+13 1.467E+05 3.092E+01 3.778E-07 7.010E-08 6.992E-10 8.417E-11 1.244E-09 3.281E-15 1.740E-06 6.899E-11 1.621E-20 5.693E-28 8.223E-17 3.485E-04 1.956E-06 2.421E-06 1.183E-08 1.691E-12
   8.150E+06 4.847E+00 1.767E+14 2.404E+00 5.785E+02 1.822E+05 1.074E-09 6.518E-09 3.054E-06 2.687E-03 3.748E-05 3.838E-07 1.072E-06 1.866E+13 9.442E+04 3.493E+01 3.801E-07 7.198E-08 5.344E-10 5.065E-11 1.180E-09 2.518E-15 1.956E-06 3.924E-11 1.047E-20 1.508E-28 4.145E-17 5.483E-04 2.150E-06 2.423E-06 1.065E-08 1.061E-12
   8.250E+06 4.099E+00 1.493E+14 2.007E+00 4.496E+02 1.695E+05 1.234E-09 7.266E-09 3.143E-06 2.687E-03 3.749E-05 4.224E-07 9.579E-07 1.574E+13 6.220E+04 3.862E+01 3.823E-07 7.381E-08 4.165E-10 3.167E-11 1.118E-09 1.984E-15 2.150E-06 2.210E-11 6.991E-21 3.994E-29 2.087E-17 8.140E-04 2.323E-06 2.424E-06 9.580E-09 6.799E-13
   8.350E+06 3.468E+00 1.262E+14 1.635E+00 3.477E+02 1.519E+05 1.559E-09 8.115E-09 3.223E-06 2.688E-03 3.750E-05 4.476E-07 8.545E-07 1.327E+13 4.118E+04 4.174E+01 3.844E-07 7.560E-08 3.262E-10 2.036E-11 1.058E-09 1.575E-15 2.323E-06 1.234E-11 4.699E-21 1.060E-29 1.050E-17 1.154E-03 2.475E-06 2.425E-06 8.608E-09 4.468E-13
   8.450E+06 2.934E+00 1.068E+14 1.324E+00 2.680E+02 1.322E+05 2.196E-09 9.072E-09 3.297E-06 2.688E-03 3.751E-05 4.607E-07 7.614E-07 1.120E+13 2.733E+04 4.485E+01 3.864E-07 7.734E-08 2.559E-10 1.340E-11 1.000E-09 1.255E-15 2.475E-06 6.838E-12 3.171E-21 2.815E-30 5.281E-18 1.578E-03 2.609E-06 2.425E-06 7.732E-09 3.017E-13
   8.550E+06 2.481E+00 9.057E+13 1.092E+00 2.066E+02 1.138E+05 3.331E-09 1.014E-08 3.367E-06 2.687E-03 3.752E-05 4.677E-07 6.777E-07 9.465E+12 1.826E+04 4.894E+01 3.884E-07 7.902E-08 2.016E-10 9.014E-12 9.448E-10 1.004E-15 2.609E-06 3.774E-12 2.165E-21 7.490E-31 2.655E-18 2.091E-03 2.726E-06 2.425E-06 6.944E-09 2.093E-13
   8.650E+06 2.098E+00 7.679E+13 9.131E-01 1.590E+02 9.538E+04 5.168E-09 1.133E-08 3.435E-06 2.685E-03 3.753E-05 4.625E-07 6.029E-07 7.992E+12 1.213E+04 5.420E+01 3.902E-07 8.066E-08 1.580E-10 6.159E-12 8.925E-10 8.040E-16 2.726E-06 2.080E-12 1.477E-21 1.999E-31 1.336E-18 2.701E-03 2.828E-06 2.425E-06 6.240E-09 1.495E-13
   8.750E+06 1.773E+00 6.509E+13 7.793E-01 1.223E+02 7.809E+04 7.883E-09 1.267E-08 3.504E-06 2.684E-03 3.754E-05 4.471E-07 5.362E-07 6.743E+12 8.015E+03 6.131E+01 3.920E-07 8.226E-08 1.231E-10 4.266E-12 8.435E-10 6.441E-16 2.828E-06 1.146E-12 1.009E-21 5.354E-32 6.726E-19 3.414E-03 2.918E-06 2.425E-06 5.611E-09 1.098E-13
   8.850E+06 1.498E+00 5.517E+13 6.787E-01 9.406E+01 6.260E+04 1.161E-08 1.414E-08 3.576E-06 2.681E-03 3.755E-05 4.233E-07 4.768E-07 5.684E+12 5.262E+03 7.076E+01 3.937E-07 8.381E-08 9.537E-11 2.991E-12 7.980E-10 5.166E-16 2.918E-06 6.333E-13 6.895E-22 1.441E-32 3.392E-19 4.236E-03 2.996E-06 2.426E-06 5.052E-09 8.289E-14
   8.950E+06 1.265E+00 4.674E+13 6.000E-01 7.237E+01 4.910E+04 1.647E-08 1.574E-08 3.651E-06 2.676E-03 3.756E-05 3.926E-07 4.241E-07 4.785E+12 3.427E+03 8.293E+01 3.953E-07 8.531E-08 7.333E-11 2.119E-12 7.564E-10 4.150E-16 2.996E-06 3.514E-13 4.718E-22 3.899E-33 1.714E-19 5.170E-03 3.064E-06 2.426E-06 4.556E-09 6.432E-14
   9.050E+06 1.068E+00 3.953E+13 5.353E-01 5.567E+01 3.748E+04 2.257E-08 1.747E-08 3.730E-06 2.672E-03 3.757E-05 3.549E-07 3.775E-07 4.018E+12 2.207E+03 9.819E+01 3.968E-07 8.677E-08 5.582E-11 1.513E-12 7.190E-10 3.336E-16 3.064E-06 1.959E-13 3.219E-22 1.063E-33 8.687E-20 6.220E-03 3.125E-06 2.427E-06 4.117E-09 5.123E-14
   9.150E+06 9.012E-01 3.336E+13 4.803E-01 4.280E+01 2.780E+04 3.010E-08 1.932E-08 3.813E-06 2.672E-03 3.758E-05 3.119E-07 3.364E-07 3.364E+12 1.402E+03 1.172E+02 3.982E-07 8.817E-08 4.203E-11 1.087E-12 6.860E-10 2.684E-16 3.125E-06 1.098E-13 2.185E-22 2.926E-34 4.418E-20 7.391E-03 3.178E-06 2.428E-06 3.730E-09 4.184E-14
   9.250E+06 7.607E-01 2.816E+13 4.343E-01 3.298E+01 2.028E+04 3.923E-08 2.125E-08 3.900E-06 2.672E-03 3.758E-05 2.696E-07 3.004E-07 2.814E+12 8.849E+02 1.406E+02 3.994E-07 8.949E-08 3.143E-11 7.874E-13 6.577E-10 2.169E-16 3.178E-06 6.195E-14 1.491E-22 8.143E-35 2.257E-20 8.683E-03 3.226E-06 2.430E-06 3.390E-09 3.501E-14
   9.350E+06 6.424E-01 2.366E+13 3.921E-01 2.538E+01 1.422E+04 5.016E-08 2.328E-08 3.990E-06 2.681E-03 3.759E-05 2.242E-07 2.689E-07 2.340E+12 5.479E+02 1.691E+02 4.006E-07 9.074E-08 2.316E-11 5.720E-13 6.342E-10 1.752E-16 3.226E-06 3.511E-14 1.004E-22 2.298E-35 1.159E-20 1.010E-02 3.267E-06 2.432E-06 3.092E-09 2.996E-14
   9.450E+06 5.432E-01 1.981E+13 3.530E-01 1.952E+01 9.579E+03 6.296E-08 2.539E-08 4.082E-06 2.688E-03 3.759E-05 1.799E-07 2.415E-07 1.938E+12 3.339E+02 2.031E+02 4.017E-07 9.189E-08 1.686E-11 4.166E-13 6.154E-10 1.415E-16 3.267E-06 1.996E-14 6.688E-23 6.584E-36 5.995E-21 1.164E-02 3.304E-06 2.434E-06 2.832E-09 2.619E-14
   9.550E+06 4.602E-01 1.661E+13 3.181E-01 1.512E+01 6.388E+03 7.762E-08 2.750E-08 4.175E-06 2.692E-03 3.760E-05 1.429E-07 2.180E-07 1.606E+12 2.031E+02 2.425E+02 4.027E-07 9.294E-08 1.223E-11 3.058E-13 6.011E-10 1.152E-16 3.304E-06 1.140E-14 4.500E-23 1.920E-36 3.126E-21 1.329E-02 3.335E-06 2.436E-06 2.607E-09 2.335E-14
   9.650E+06 3.908E-01 1.383E+13 2.844E-01 1.169E+01 4.009E+03 9.422E-08 2.961E-08 4.269E-06 2.697E-03 3.760E-05 1.075E-07 1.980E-07 1.320E+12 1.205E+02 2.884E+02 4.035E-07 9.388E-08 8.715E-12 2.239E-13 5.910E-10 9.326E-17 3.335E-06 6.532E-15 2.944E-23 5.704E-37 1.651E-21 1.507E-02 3.359E-06 2.436E-06 2.414E-09 2.121E-14
   9.750E+06 3.332E-01 1.149E+13 2.534E-01 9.087E+00 2.424E+03 1.127E-07 3.167E-08 4.361E-06 2.702E-03 3.761E-05 7.808E-08 1.814E-07 1.081E+12 7.062E+01 3.406E+02 4.042E-07 9.471E-08 6.148E-12 1.642E-13 5.842E-10 7.541E-17 3.359E-06 3.786E-15 1.900E-23 1.728E-37 8.936E-22 1.695E-02 3.374E-06 2.435E-06 2.250E-09 1.959E-14
   9.850E+06 2.852E-01 9.587E+12 2.270E-01 7.164E+00 1.469E+03 1.328E-07 3.365E-08 4.450E-06 2.707E-03 3.761E-05 5.662E-08 1.679E-07 8.889E+11 4.173E+01 3.981E+02 4.049E-07 9.544E-08 4.353E-12 1.214E-13 5.799E-10 6.149E-17 3.374E-06 2.313E-15 1.244E-23 5.436E-38 5.147E-22 1.893E-02 3.380E-06 2.431E-06 2.113E-09 1.839E-14
   9.950E+06 2.453E-01 7.961E+12 2.035E-01 5.687E+00 8.553E+02 1.549E-07 3.558E-08 4.535E-06 2.713E-03 3.761E-05 3.960E-08 1.575E-07 7.268E+11 2.452E+01 4.630E+02 4.054E-07 9.607E-08 3.079E-12 8.944E-14 5.772E-10 4.971E-17 3.380E-06 1.650E-15 7.920E-24 2.051E-38 3.484E-22 2.099E-02 0.000E+00 2.422E-06 2.003E-09 1.751E-14
