
     Z         PRESS      DEN     ProOH1    ProOH25    ProO3D    PO2D       PO2      PH2O      PO3D      PH2O2     FO3      FH2O      NumO2      NumOH      NumO1D     PN2O     PCH3CL
   5.000E+04 9.562E+05 2.410E+19 3.870E+05 1.590E+01 2.806E+06 0.000E+00 9.445E-17 5.068E-17 1.074E-05 2.728E-06 1.084E-08 1.302E-02 5.127E+17 3.265E+06 3.755E-03 1.494E-13 1.915E-15
   1.500E+05 8.485E+05 2.163E+19 3.205E+05 4.802E+01 2.897E+06 0.000E+00 3.063E-16 2.190E-16 1.173E-05 2.945E-06 1.142E-08 1.014E-02 4.602E+17 2.661E+06 4.438E-03 5.461E-13 8.664E-15
   2.500E+05 7.515E+05 1.954E+19 2.373E+05 1.138E+02 3.175E+06 0.000E+00 9.046E-16 8.817E-16 1.243E-05 3.133E-06 1.307E-08 6.602E-03 4.159E+17 2.419E+06 5.557E-03 1.818E-12 3.463E-14
   3.500E+05 6.641E+05 1.758E+19 1.868E+05 2.472E+02 3.657E+06 0.000E+00 2.395E-15 3.188E-15 1.301E-05 3.297E-06 1.599E-08 4.411E-03 3.742E+17 2.414E+06 7.249E-03 5.355E-12 1.188E-13
   4.500E+05 5.856E+05 1.581E+19 1.332E+05 4.404E+02 4.273E+06 0.000E+00 5.723E-15 1.053E-14 1.333E-05 3.439E-06 2.028E-08 2.645E-03 3.365E+17 2.351E+06 9.540E-03 1.411E-11 3.584E-13
   5.500E+05 5.149E+05 1.421E+19 8.530E+04 6.378E+02 4.947E+06 0.000E+00 1.239E-14 3.098E-14 1.344E-05 3.563E-06 2.589E-08 1.448E-03 3.027E+17 2.221E+06 1.235E-02 3.329E-11 9.476E-13
   6.500E+05 4.515E+05 1.277E+19 4.819E+04 7.362E+02 5.589E+06 0.000E+00 2.442E-14 7.996E-14 1.338E-05 3.672E-06 3.272E-08 7.209E-04 2.720E+17 2.008E+06 1.550E-02 7.040E-11 2.192E-12
   7.500E+05 3.945E+05 1.147E+19 2.340E+04 6.786E+02 6.131E+06 0.000E+00 4.424E-14 1.855E-13 1.315E-05 3.766E-06 4.066E-08 3.190E-04 2.443E+17 1.715E+06 1.881E-02 1.348E-10 4.508E-12
   8.500E+05 3.434E+05 1.028E+19 9.661E+03 4.878E+02 6.524E+06 0.000E+00 7.440E-14 3.824E-13 1.279E-05 3.850E-06 4.964E-08 1.241E-04 2.189E+17 1.417E+06 2.210E-02 2.366E-10 8.361E-12
   9.500E+05 2.977E+05 9.179E+18 3.284E+03 2.602E+02 6.816E+06 9.873-151 1.175E-13 6.985E-13 1.234E-05 3.924E-06 6.016E-08 4.058E-05 1.956E+17 1.199E+06 2.552E-02 3.856E-10 1.417E-11
   1.050E+06 2.570E+05 8.162E+18 8.264E+02 8.938E+01 7.412E+06 1.815-120 1.761E-13 1.160E-12 1.187E-05 3.990E-06 7.651E-08 9.438E-06 1.739E+17 1.046E+06 3.079E-02 5.911E-10 2.234E-11
   1.150E+06 2.209E+05 7.207E+18 9.828E+02 1.189E+02 9.169E+06 1.929-103 2.530E-13 1.809E-12 1.143E-05 4.049E-06 1.113E-07 9.121E-06 1.535E+17 1.010E+06 4.258E-02 8.638E-10 3.339E-11
   1.250E+06 1.892E+05 6.313E+18 1.286E+03 1.439E+02 1.311E+07 5.627E-89 3.531E-13 2.719E-12 1.112E-05 4.105E-06 1.868E-07 8.381E-06 1.345E+17 9.610E+05 6.873E-02 1.221E-09 4.813E-11
   1.350E+06 1.615E+05 5.488E+18 1.605E+03 1.510E+02 2.014E+07 5.434E-77 4.868E-13 4.025E-12 1.105E-05 4.161E-06 3.321E-07 6.836E-06 1.169E+17 9.374E+05 1.204E-01 1.696E-09 6.810E-11
   1.450E+06 1.375E+05 4.743E+18 1.818E+03 1.485E+02 2.995E+07 2.821E-67 6.751E-13 5.992E-12 1.121E-05 4.223E-06 5.632E-07 5.224E-06 1.010E+17 9.004E+05 2.055E-01 2.357E-09 9.633E-11
   1.550E+06 1.168E+05 4.080E+18 2.050E+03 1.583E+02 4.159E+07 2.344E-59 9.554E-13 9.121E-12 1.170E-05 4.298E-06 8.714E-07 4.253E-06 8.692E+16 8.746E+05 3.295E-01 3.323E-09 1.382E-10
   1.650E+06 9.909E+04 3.493E+18 2.407E+03 1.894E+02 5.492E+07 9.233E-53 1.389E-12 1.431E-11 1.268E-05 4.393E-06 1.240E-06 3.789E-06 7.442E+16 9.015E+05 5.058E-01 4.781E-09 2.024E-10
   1.750E+06 8.395E+04 2.974E+18 3.121E+03 2.644E+02 7.015E+07 3.750E-47 2.070E-12 2.309E-11 1.442E-05 4.520E-06 1.635E-06 3.850E-06 6.334E+16 1.040E+06 7.571E-01 7.000E-09 3.016E-10
   1.850E+06 7.110E+04 2.518E+18 3.990E+03 3.743E+02 8.810E+07 2.498E-42 3.131E-12 3.794E-11 1.722E-05 4.688E-06 2.032E-06 3.919E-06 5.363E+16 1.253E+06 1.123E+00 1.032E-08 4.532E-10
   1.950E+06 6.024E+04 2.127E+18 5.039E+03 5.319E+02 1.091E+08 3.470E-38 4.753E-12 6.262E-11 2.134E-05 4.912E-06 2.404E-06 3.993E-06 4.530E+16 1.558E+06 1.649E+00 1.516E-08 6.786E-10
   2.050E+06 5.106E+04 1.798E+18 6.284E+03 7.512E+02 1.334E+08 1.241E-34 7.165E-12 1.026E-10 2.711E-05 5.205E-06 2.737E-06 4.071E-06 3.830E+16 1.986E+06 2.389E+00 2.194E-08 1.002E-09
   2.150E+06 4.330E+04 1.522E+18 7.761E+03 1.045E+03 1.616E+08 1.377E-31 1.066E-11 1.654E-10 3.513E-05 5.585E-06 3.023E-06 4.149E-06 3.241E+16 2.566E+06 3.422E+00 3.109E-08 1.450E-09
   2.250E+06 3.674E+04 1.289E+18 9.502E+03 1.421E+03 1.941E+08 5.580E-29 1.560E-11 2.608E-10 4.625E-05 6.076E-06 3.257E-06 4.227E-06 2.745E+16 3.330E+06 4.859E+00 4.293E-08 2.045E-09
   2.350E+06 3.118E+04 1.091E+18 1.151E+04 1.879E+03 2.309E+08 9.496E-27 2.241E-11 4.001E-10 6.170E-05 6.702E-06 3.429E-06 4.304E-06 2.324E+16 4.303E+06 6.832E+00 5.763E-08 2.803E-09
   2.450E+06 2.647E+04 9.238E+17 1.375E+04 2.410E+03 2.709E+08 7.649E-25 3.161E-11 5.958E-10 8.314E-05 7.494E-06 3.527E-06 4.378E-06 1.967E+16 5.517E+06 9.487E+00 7.509E-08 3.728E-09
   2.550E+06 2.249E+04 7.815E+17 1.612E+04 2.988E+03 3.123E+08 3.234E-23 4.376E-11 8.592E-10 1.129E-04 8.488E-06 3.539E-06 4.450E-06 1.664E+16 7.012E+06 1.295E+01 9.492E-08 4.809E-09
   2.650E+06 1.913E+04 6.607E+17 1.847E+04 3.580E+03 3.518E+08 7.856E-22 5.942E-11 1.199E-09 1.543E-04 9.726E-06 3.451E-06 4.520E-06 1.407E+16 8.844E+06 1.732E+01 1.164E-07 6.016E-09
   2.750E+06 1.628E+04 5.584E+17 2.062E+04 4.144E+03 3.864E+08 1.184E-20 7.906E-11 1.618E-09 2.127E-04 1.125E-05 3.254E-06 4.586E-06 1.189E+16 1.110E+07 2.259E+01 1.386E-07 7.303E-09
   2.850E+06 1.388E+04 4.721E+17 2.248E+04 4.641E+03 4.151E+08 1.184E-19 1.027E-10 2.116E-09 2.991E-04 1.313E-05 2.940E-06 4.647E-06 1.005E+16 1.390E+07 2.883E+01 1.602E-07 8.615E-09
   2.950E+06 1.185E+04 3.992E+17 2.389E+04 5.038E+03 4.349E+08 8.346E-19 1.296E-10 2.683E-09 4.334E-04 1.541E-05 2.513E-06 4.704E-06 8.502E+15 1.732E+07 3.588E+01 1.803E-07 9.898E-09
   3.050E+06 1.013E+04 3.378E+17 2.413E+04 5.315E+03 4.337E+08 4.381E-18 1.576E-10 3.309E-09 6.337E-04 1.807E-05 2.026E-06 4.754E-06 7.193E+15 2.092E+07 4.252E+01 1.978E-07 1.111E-08
   3.150E+06 8.678E+03 2.860E+17 2.262E+04 5.476E+03 4.022E+08 1.800E-17 1.845E-10 3.992E-09 8.899E-04 2.092E-05 1.580E-06 4.796E-06 6.091E+15 2.366E+07 4.683E+01 2.125E-07 1.223E-08
   3.250E+06 7.446E+03 2.426E+17 1.985E+04 5.553E+03 3.499E+08 6.068E-17 2.091E-10 4.742E-09 1.166E-03 2.367E-05 1.237E-06 4.827E-06 5.166E+15 2.496E+07 4.831E+01 2.247E-07 1.329E-08
   3.350E+06 6.401E+03 2.063E+17 1.679E+04 5.583E+03 2.940E+08 1.747E-16 2.316E-10 5.582E-09 1.430E-03 2.614E-05 9.968E-07 4.848E-06 4.393E+15 2.507E+07 4.798E+01 2.351E-07 1.430E-08
   3.450E+06 5.511E+03 1.761E+17 1.396E+04 5.604E+03 2.435E+08 4.443E-16 2.524E-10 6.552E-09 1.665E-03 2.826E-05 8.306E-07 4.858E-06 3.749E+15 2.451E+07 4.676E+01 2.442E-07 1.529E-08
   3.550E+06 4.750E+03 1.509E+17 1.149E+04 5.644E+03 2.003E+08 1.025E-15 2.723E-10 7.702E-09 1.868E-03 3.005E-05 7.106E-07 4.858E-06 3.213E+15 2.363E+07 4.502E+01 2.522E-07 1.629E-08
   3.650E+06 4.097E+03 1.298E+17 9.395E+03 5.725E+03 1.640E+08 2.184E-15 2.918E-10 9.100E-09 2.040E-03 3.155E-05 6.194E-07 4.846E-06 2.764E+15 2.265E+07 4.289E+01 2.596E-07 1.731E-08
   3.750E+06 3.534E+03 1.120E+17 7.607E+03 5.854E+03 1.334E+08 4.342E-15 3.117E-10 1.083E-08 2.183E-03 3.279E-05 5.453E-07 4.826E-06 2.386E+15 2.167E+07 4.041E+01 2.665E-07 1.836E-08
   3.850E+06 3.048E+03 9.695E+16 6.096E+03 6.037E+03 1.076E+08 8.078E-15 3.324E-10 1.298E-08 2.301E-03 3.382E-05 4.824E-07 4.797E-06 2.064E+15 2.077E+07 3.761E+01 2.729E-07 1.946E-08
   3.950E+06 2.627E+03 8.407E+16 4.832E+03 6.270E+03 8.605E+07 1.407E-14 3.544E-10 1.567E-08 2.396E-03 3.466E-05 4.271E-07 4.760E-06 1.790E+15 2.000E+07 3.458E+01 2.790E-07 2.062E-08
   4.050E+06 2.262E+03 7.295E+16 3.775E+03 6.537E+03 6.796E+07 2.309E-14 3.785E-10 1.900E-08 2.473E-03 3.534E-05 3.767E-07 4.716E-06 1.553E+15 1.936E+07 3.136E+01 2.848E-07 2.185E-08
   4.150E+06 1.945E+03 6.331E+16 2.906E+03 6.817E+03 5.297E+07 3.590E-14 4.054E-10 2.308E-08 2.533E-03 3.588E-05 3.303E-07 4.666E-06 1.348E+15 1.886E+07 2.804E+01 2.904E-07 2.315E-08
   4.250E+06 1.671E+03 5.489E+16 2.201E+03 7.084E+03 4.068E+07 5.361E-14 4.358E-10 2.800E-08 2.580E-03 3.632E-05 2.873E-07 4.609E-06 1.169E+15 1.846E+07 2.472E+01 2.959E-07 2.455E-08
   4.350E+06 1.433E+03 4.753E+16 1.642E+03 7.313E+03 3.081E+07 7.910E-14 4.704E-10 3.383E-08 2.615E-03 3.666E-05 2.479E-07 4.548E-06 1.012E+15 1.814E+07 2.152E+01 3.012E-07 2.603E-08
   4.450E+06 1.227E+03 4.109E+16 1.207E+03 7.486E+03 2.304E+07 1.247E-13 5.100E-10 4.065E-08 2.642E-03 3.693E-05 2.123E-07 4.482E-06 8.747E+14 1.789E+07 1.853E+01 3.064E-07 2.761E-08
   4.550E+06 1.049E+03 3.546E+16 8.769E+02 7.602E+03 1.704E+07 2.392E-13 5.550E-10 4.860E-08 2.661E-03 3.715E-05 1.805E-07 4.411E-06 7.550E+14 1.767E+07 1.580E+01 3.116E-07 2.928E-08
   4.650E+06 8.962E+02 3.056E+16 6.291E+02 7.701E+03 1.246E+07 5.803E-13 6.060E-10 5.813E-08 2.676E-03 3.731E-05 1.524E-07 4.335E-06 6.506E+14 1.752E+07 1.335E+01 3.166E-07 3.104E-08
   4.750E+06 7.643E+02 2.630E+16 4.446E+02 7.873E+03 8.990E+06 1.551E-12 6.635E-10 7.038E-08 2.686E-03 3.744E-05 1.273E-07 4.253E-06 5.599E+14 1.750E+07 1.114E+01 3.216E-07 3.287E-08
   4.850E+06 6.509E+02 2.260E+16 3.079E+02 8.259E+03 6.367E+06 3.981E-12 7.288E-10 8.772E-08 2.693E-03 3.755E-05 1.046E-07 4.166E-06 4.811E+14 1.776E+07 9.141E+00 3.264E-07 3.476E-08
   4.950E+06 5.536E+02 1.939E+16 2.083E+02 9.020E+03 4.411E+06 9.259E-12 8.031E-10 1.142E-07 2.697E-03 3.763E-05 8.432E-08 4.073E-06 4.128E+14 1.841E+07 7.349E+00 3.312E-07 3.670E-08
   5.050E+06 4.701E+02 1.662E+16 1.379E+02 1.026E+04 2.994E+06 1.930E-11 8.889E-10 1.554E-07 2.700E-03 3.770E-05 6.674E-08 3.973E-06 3.537E+14 1.952E+07 5.804E+00 3.358E-07 3.867E-08
   5.150E+06 3.987E+02 1.422E+16 9.026E+01 1.198E+04 2.011E+06 3.629E-11 9.892E-10 2.178E-07 2.701E-03 3.775E-05 5.236E-08 3.867E-06 3.026E+14 2.101E+07 4.550E+00 3.403E-07 4.066E-08
   5.250E+06 3.376E+02 1.215E+16 5.927E+01 1.402E+04 1.352E+06 6.222E-11 1.107E-09 3.073E-07 2.700E-03 3.780E-05 4.122E-08 3.756E-06 2.585E+14 2.266E+07 3.590E+00 3.446E-07 4.266E-08
   5.350E+06 2.855E+02 1.036E+16 3.944E+01 1.613E+04 9.185E+05 9.841E-11 1.246E-09 4.277E-07 2.699E-03 3.784E-05 3.284E-08 3.638E-06 2.205E+14 2.427E+07 2.883E+00 3.488E-07 4.468E-08
   5.450E+06 2.411E+02 8.824E+15 2.671E+01 1.798E+04 6.318E+05 1.452E-10 1.409E-09 5.799E-07 2.696E-03 3.787E-05 2.656E-08 3.514E-06 1.878E+14 2.561E+07 2.368E+00 3.529E-07 4.672E-08
   5.550E+06 2.034E+02 7.502E+15 1.845E+01 1.932E+04 4.402E+05 2.019E-10 1.599E-09 7.615E-07 2.690E-03 3.791E-05 2.182E-08 3.382E-06 1.596E+14 2.655E+07 1.994E+00 3.568E-07 4.878E-08
   5.650E+06 1.713E+02 6.365E+15 1.297E+01 1.995E+04 3.092E+05 2.667E-10 1.817E-09 9.670E-07 2.677E-03 3.793E-05 1.815E-08 3.242E-06 1.354E+14 2.701E+07 1.719E+00 3.606E-07 5.086E-08
   5.750E+06 1.442E+02 5.390E+15 9.271E+00 1.984E+04 2.188E+05 3.375E-10 2.067E-09 1.189E-06 2.664E-03 3.796E-05 1.524E-08 3.096E-06 1.147E+14 2.696E+07 1.516E+00 3.643E-07 5.296E-08
   5.850E+06 1.212E+02 4.559E+15 6.734E+00 1.904E+04 1.559E+05 4.118E-10 2.345E-09 1.420E-06 2.652E-03 3.798E-05 1.289E-08 2.942E-06 9.698E+13 2.644E+07 1.367E+00 3.679E-07 5.509E-08
   5.950E+06 1.017E+02 3.850E+15 4.950E+00 1.769E+04 1.115E+05 4.874E-10 2.652E-09 1.652E-06 2.640E-03 3.800E-05 1.097E-08 2.782E-06 8.189E+13 2.550E+07 1.256E+00 3.713E-07 5.725E-08
   6.050E+06 8.536E+01 3.247E+15 3.676E+00 1.595E+04 7.995E+04 5.621E-10 2.986E-09 1.877E-06 2.629E-03 3.803E-05 9.366E-09 2.618E-06 6.906E+13 2.420E+07 1.174E+00 3.746E-07 5.941E-08
   6.150E+06 7.155E+01 2.736E+15 2.754E+00 1.402E+04 5.757E+04 6.347E-10 3.347E-09 2.092E-06 2.618E-03 3.804E-05 8.038E-09 2.450E-06 5.819E+13 2.261E+07 1.113E+00 3.778E-07 6.157E-08
   6.250E+06 5.992E+01 2.304E+15 2.078E+00 1.205E+04 4.164E+04 7.043E-10 3.736E-09 2.292E-06 2.605E-03 3.806E-05 6.937E-09 2.283E-06 4.900E+13 2.081E+07 1.068E+00 3.809E-07 6.370E-08
   6.350E+06 5.014E+01 1.939E+15 1.578E+00 1.016E+04 3.028E+04 7.706E-10 4.157E-09 2.475E-06 2.593E-03 3.808E-05 6.025E-09 2.117E-06 4.122E+13 1.884E+07 1.037E+00 3.838E-07 6.581E-08
   6.450E+06 4.191E+01 1.630E+15 1.202E+00 8.419E+03 2.207E+04 8.335E-10 4.618E-09 2.641E-06 2.579E-03 3.809E-05 5.251E-09 1.956E-06 3.465E+13 1.680E+07 1.015E+00 3.865E-07 6.788E-08
   6.550E+06 3.500E+01 1.369E+15 9.068E-01 6.870E+03 1.558E+04 8.950E-10 5.129E-09 2.790E-06 2.566E-03 3.811E-05 4.437E-09 1.800E-06 2.910E+13 1.538E+07 9.894E-01 3.891E-07 6.990E-08
   6.650E+06 2.920E+01 1.148E+15 6.818E-01 5.515E+03 1.062E+04 9.634E-10 5.704E-09 2.921E-06 2.552E-03 3.812E-05 3.624E-09 1.644E-06 2.441E+13 1.650E+07 9.683E-01 3.916E-07 7.187E-08
   6.750E+06 2.434E+01 9.626E+14 6.891E-01 4.274E+03 1.770E+04 1.068E-09 6.358E-09 3.037E-06 2.537E-03 3.813E-05 7.247E-09 1.462E-06 2.046E+13 9.220E+06 1.310E+00 3.939E-07 7.378E-08
   6.850E+06 2.027E+01 8.056E+14 1.181E+00 3.228E+03 5.825E+04 1.286E-09 7.109E-09 3.139E-06 2.525E-03 3.815E-05 2.864E-08 1.277E-06 1.712E+13 1.971E+06 3.070E+00 3.961E-07 7.564E-08
   6.950E+06 1.686E+01 6.731E+14 1.682E+00 2.427E+03 1.071E+05 1.766E-09 7.970E-09 3.230E-06 2.514E-03 3.816E-05 6.328E-08 1.116E-06 1.429E+13 7.459E+05 5.973E+00 3.982E-07 7.743E-08
   7.050E+06 1.402E+01 5.619E+14 1.972E+00 1.828E+03 1.447E+05 2.737E-09 8.949E-09 3.313E-06 2.504E-03 3.817E-05 1.029E-07 9.818E-07 1.192E+13 3.784E+05 9.523E+00 4.003E-07 7.916E-08
   7.150E+06 1.165E+01 4.684E+14 2.052E+00 1.382E+03 1.644E+05 4.480E-09 1.006E-08 3.393E-06 2.496E-03 3.818E-05 1.407E-07 8.699E-07 9.917E+12 2.177E+05 1.340E+01 4.022E-07 8.082E-08
   7.250E+06 9.680E+00 3.896E+14 1.987E+00 1.046E+03 1.681E+05 7.264E-09 1.130E-08 3.472E-06 2.492E-03 3.819E-05 1.731E-07 7.734E-07 8.228E+12 1.320E+05 1.754E+01 4.040E-07 8.243E-08
   7.350E+06 8.040E+00 3.238E+14 1.844E+00 7.903E+02 1.613E+05 1.130E-08 1.266E-08 3.553E-06 2.490E-03 3.820E-05 2.000E-07 6.867E-07 6.816E+12 8.211E+04 2.204E+01 4.057E-07 8.396E-08
   7.450E+06 6.678E+00 2.689E+14 1.652E+00 5.956E+02 1.466E+05 1.677E-08 1.414E-08 3.639E-06 2.491E-03 3.821E-05 2.188E-07 6.086E-07 5.634E+12 5.163E+04 2.683E+01 4.073E-07 8.543E-08
   7.550E+06 5.548E+00 2.229E+14 1.438E+00 4.476E+02 1.263E+05 2.387E-08 1.574E-08 3.728E-06 2.497E-03 3.822E-05 2.269E-07 5.384E-07 4.642E+12 3.245E+04 3.187E+01 4.087E-07 8.683E-08
   7.650E+06 4.612E+00 1.847E+14 1.232E+00 3.358E+02 1.044E+05 3.288E-08 1.743E-08 3.823E-06 2.506E-03 3.823E-05 2.256E-07 4.754E-07 3.818E+12 2.035E+04 3.737E+01 4.101E-07 8.814E-08
   7.750E+06 3.837E+00 1.531E+14 1.048E+00 2.516E+02 8.344E+04 4.414E-08 1.921E-08 3.923E-06 2.517E-03 3.823E-05 2.166E-07 4.190E-07 3.134E+12 1.271E+04 4.360E+01 4.113E-07 8.937E-08
   7.850E+06 3.195E+00 1.267E+14 8.868E-01 1.881E+02 6.428E+04 5.798E-08 2.108E-08 4.027E-06 2.532E-03 3.824E-05 2.003E-07 3.686E-07 2.566E+12 7.869E+03 5.076E+01 4.124E-07 9.049E-08
   7.950E+06 2.664E+00 1.049E+14 7.489E-01 1.404E+02 4.808E+04 7.466E-08 2.304E-08 4.135E-06 2.550E-03 3.825E-05 1.797E-07 3.236E-07 2.097E+12 4.834E+03 5.913E+01 4.134E-07 9.151E-08
   8.050E+06 2.224E+00 8.696E+13 6.323E-01 1.047E+02 3.522E+04 9.443E-08 2.504E-08 4.246E-06 2.568E-03 3.825E-05 1.577E-07 2.836E-07 1.711E+12 2.956E+03 6.891E+01 4.142E-07 9.242E-08
   8.150E+06 1.859E+00 7.216E+13 5.334E-01 7.804E+01 2.528E+04 1.177E-07 2.708E-08 4.359E-06 2.586E-03 3.825E-05 1.355E-07 2.481E-07 1.395E+12 1.798E+03 8.028E+01 4.150E-07 9.322E-08
   8.250E+06 1.557E+00 5.995E+13 4.497E-01 5.810E+01 1.783E+04 1.450E-07 2.911E-08 4.471E-06 2.604E-03 3.826E-05 1.142E-07 2.168E-07 1.135E+12 1.087E+03 9.350E+01 4.156E-07 9.392E-08
   8.350E+06 1.305E+00 4.990E+13 3.796E-01 4.325E+01 1.240E+04 1.774E-07 3.118E-08 4.583E-06 2.620E-03 3.826E-05 9.487E-08 1.891E-07 9.230E+11 6.554E+02 1.089E+02 4.162E-07 9.452E-08
   8.450E+06 1.095E+00 4.164E+13 3.217E-01 3.223E+01 8.568E+03 2.165E-07 3.341E-08 4.693E-06 2.633E-03 3.826E-05 7.814E-08 1.649E-07 7.502E+11 3.948E+02 1.271E+02 4.166E-07 9.503E-08
   8.550E+06 9.203E-01 3.482E+13 2.741E-01 2.403E+01 5.862E+03 2.644E-07 3.606E-08 4.800E-06 2.643E-03 3.826E-05 6.369E-08 1.438E-07 6.090E+11 2.372E+02 1.488E+02 4.170E-07 9.546E-08
   8.650E+06 7.738E-01 2.916E+13 2.348E-01 1.793E+01 3.966E+03 3.238E-07 3.945E-08 4.903E-06 2.652E-03 3.827E-05 5.128E-08 1.254E-07 4.934E+11 1.421E+02 1.747E+02 4.173E-07 9.582E-08
   8.750E+06 6.510E-01 2.448E+13 2.018E-01 1.340E+01 2.669E+03 3.967E-07 4.386E-08 5.001E-06 2.656E-03 3.827E-05 4.105E-08 1.094E-07 3.994E+11 8.513E+01 2.051E+02 4.176E-07 9.613E-08
   8.850E+06 5.479E-01 2.058E+13 1.731E-01 1.003E+01 1.782E+03 4.841E-07 4.940E-08 5.095E-06 2.658E-03 3.827E-05 3.257E-08 9.568E-08 3.227E+11 5.096E+01 2.394E+02 4.178E-07 9.637E-08
   8.950E+06 4.613E-01 1.731E+13 1.471E-01 7.522E+00 1.174E+03 5.846E-07 5.598E-08 5.182E-06 2.660E-03 3.827E-05 2.549E-08 8.385E-08 2.600E+11 3.043E+01 2.762E+02 4.180E-07 9.658E-08
   9.050E+06 3.884E-01 1.457E+13 1.233E-01 5.649E+00 7.642E+02 6.950E-07 6.333E-08 5.262E-06 2.662E-03 3.827E-05 1.971E-08 7.370E-08 2.089E+11 1.818E+01 3.131E+02 4.181E-07 9.674E-08
   9.150E+06 3.271E-01 1.226E+13 1.016E-01 4.252E+00 4.917E+02 8.105E-07 7.106E-08 5.334E-06 2.664E-03 3.827E-05 1.506E-08 6.503E-08 1.675E+11 1.089E+01 3.476E+02 4.182E-07 9.688E-08
   9.250E+06 2.755E-01 1.031E+13 8.227E-02 3.208E+00 3.124E+02 9.260E-07 7.880E-08 5.398E-06 2.666E-03 3.827E-05 1.136E-08 5.763E-08 1.340E+11 6.569E+00 3.776E+02 4.183E-07 9.699E-08
   9.350E+06 2.322E-01 8.664E+12 6.545E-02 2.425E+00 1.949E+02 1.037E-06 8.623E-08 5.454E-06 2.673E-03 3.827E-05 8.417E-09 5.132E-08 1.069E+11 4.002E+00 4.020E+02 4.184E-07 9.708E-08
   9.450E+06 1.959E-01 7.272E+12 5.132E-02 1.838E+00 1.200E+02 1.140E-06 9.308E-08 5.502E-06 2.682E-03 3.827E-05 6.152E-09 4.595E-08 8.509E+10 2.487E+00 4.200E+02 4.185E-07 9.715E-08
   9.550E+06 1.653E-01 6.105E+12 3.980E-02 1.400E+00 7.327E+01 1.232E-06 9.922E-08 5.542E-06 2.693E-03 3.827E-05 4.457E-09 4.138E-08 6.770E+10 1.593E+00 4.317E+02 4.185E-07 9.720E-08
   9.650E+06 1.398E-01 5.110E+12 3.054E-02 1.068E+00 4.360E+01 1.313E-06 1.046E-07 5.576E-06 2.703E-03 3.827E-05 3.158E-09 3.748E-08 5.369E+10 1.058E+00 4.384E+02 4.185E-07 9.725E-08
   9.750E+06 1.184E-01 4.270E+12 2.327E-02 8.169E-01 2.546E+01 1.383E-06 1.093E-07 5.604E-06 2.708E-03 3.827E-05 2.202E-09 3.414E-08 4.251E+10 7.368E-01 4.408E+02 4.186E-07 9.728E-08
   9.850E+06 1.006E-01 3.575E+12 1.769E-02 6.289E-01 1.485E+01 1.442E-06 1.132E-07 5.627E-06 2.712E-03 3.827E-05 1.532E-09 3.127E-08 3.374E+10 5.415E-01 4.391E+02 4.186E-07 9.731E-08
   9.950E+06 8.566E-02 2.980E+12 1.337E-02 4.840E-01 8.534E+00 1.491E-06 1.164E-07 5.645E-06 2.717E-03 3.827E-05 1.054E-09 2.877E-08 2.667E+10 4.213E-01 4.357E+02 4.186E-07 9.734E-08
