
     Z         PRESS      DEN     ProOH1    ProOH25    ProO3D    PO2D       PO2      PH2O      PO3D      PH2O2     FO3      FH2O      NumO2      NumOH      NumO1D     PN2O     PCH3CL      FOH      FHO2      FNO     FNO2      FH    FH2O2     FNO3    FN2O5    FHNO3      FO       FN      FH2     FCH4    FN2O
   5.000E+04 9.562E+05 2.410E+19 3.609E+05 1.233E+01 2.616E+06 0.000E+00 7.218E-17 3.929E-17 9.794E-06 2.556E-06 1.108E-08 1.302E-02 5.127E+17 3.095E+06 3.502E-03 1.151E-13 1.492E-15 1.284E-13 1.066E-11 8.250E-12 1.986E-11 5.634E-20 7.330E-10 1.017E-14 1.286E-16 1.062E-10 2.791E-16 5.078E-20 5.000E-07 8.080E-07 2.730E-07
   1.500E+05 8.485E+05 2.163E+19 3.003E+05 3.758E+01 2.714E+06 0.000E+00 2.365E-16 1.714E-16 1.074E-05 2.769E-06 1.168E-08 1.014E-02 4.602E+17 2.524E+06 4.158E-03 4.249E-13 6.803E-15 1.167E-13 1.033E-11 3.457E-12 7.500E-12 5.078E-20 7.448E-10 6.278E-15 3.846E-17 1.033E-10 3.557E-16 4.915E-20 4.992E-07 8.044E-07 2.728E-07
   2.500E+05 7.515E+05 1.954E+19 2.216E+05 8.987E+01 2.965E+06 0.000E+00 7.058E-16 6.965E-16 1.143E-05 2.957E-06 1.327E-08 6.602E-03 4.159E+17 2.288E+06 5.190E-03 1.429E-12 2.741E-14 1.171E-13 9.764E-12 2.594E-12 4.969E-12 4.915E-20 7.246E-10 5.207E-15 3.251E-17 1.050E-10 4.770E-16 5.325E-20 4.986E-07 8.014E-07 2.725E-07
   3.500E+05 6.641E+05 1.758E+19 1.731E+05 1.971E+02 3.390E+06 0.000E+00 1.888E-15 2.542E-15 1.201E-05 3.123E-06 1.606E-08 4.411E-03 3.742E+17 2.275E+06 6.720E-03 4.252E-12 9.482E-14 1.294E-13 9.670E-12 2.698E-12 4.762E-12 5.325E-20 6.758E-10 5.371E-15 4.814E-17 1.099E-10 6.917E-16 5.643E-20 4.982E-07 7.990E-07 2.723E-07
   4.500E+05 5.856E+05 1.581E+19 1.224E+05 3.542E+02 3.926E+06 0.000E+00 4.561E-15 8.472E-15 1.235E-05 3.269E-06 2.011E-08 2.645E-03 3.365E+17 2.211E+06 8.766E-03 1.131E-11 2.886E-13 1.399E-13 9.337E-12 3.246E-12 5.284E-12 5.643E-20 6.018E-10 5.842E-15 9.704E-17 1.162E-10 1.030E-15 5.796E-20 4.979E-07 7.970E-07 2.720E-07
   5.500E+05 5.149E+05 1.421E+19 7.773E+04 5.175E+02 4.508E+06 0.000E+00 9.977E-15 2.514E-14 1.250E-05 3.397E-06 2.538E-08 1.448E-03 3.027E+17 2.089E+06 1.125E-02 2.696E-11 7.698E-13 1.470E-13 8.689E-12 4.066E-12 6.051E-12 5.796E-20 5.104E-10 6.308E-15 2.196E-16 1.219E-10 1.532E-15 5.692E-20 4.978E-07 7.954E-07 2.717E-07
   6.500E+05 4.515E+05 1.277E+19 4.360E+04 6.023E+02 5.057E+06 0.000E+00 1.987E-14 6.542E-14 1.247E-05 3.511E-06 3.175E-08 7.209E-04 2.720E+17 1.892E+06 1.402E-02 5.757E-11 1.796E-12 1.482E-13 7.724E-12 4.887E-12 6.553E-12 5.692E-20 4.121E-10 6.469E-15 4.905E-16 1.250E-10 2.243E-15 5.284E-20 4.978E-07 7.942E-07 2.713E-07
   7.500E+05 3.945E+05 1.147E+19 2.105E+04 5.601E+02 5.515E+06 0.000E+00 3.637E-14 1.531E-13 1.230E-05 3.612E-06 3.911E-08 3.190E-04 2.443E+17 1.622E+06 1.692E-02 1.113E-10 3.728E-12 1.414E-13 6.543E-12 5.440E-12 6.447E-12 5.284E-20 3.184E-10 6.206E-15 1.045E-15 1.253E-10 3.211E-15 4.772E-20 4.977E-07 7.932E-07 2.709E-07
   8.500E+05 3.434E+05 1.028E+19 8.652E+03 4.062E+02 5.842E+06 0.000E+00 6.181E-14 3.184E-13 1.199E-05 3.702E-06 4.741E-08 1.241E-04 2.189E+17 1.346E+06 1.979E-02 1.974E-10 6.980E-12 1.310E-13 5.368E-12 5.851E-12 6.029E-12 4.772E-20 2.392E-10 5.772E-15 2.328E-15 1.241E-10 4.514E-15 4.444E-20 4.977E-07 7.924E-07 2.705E-07
   9.500E+05 2.977E+05 9.179E+18 2.931E+03 2.185E+02 6.083E+06 6.428-159 9.868E-14 5.865E-13 1.160E-05 3.782E-06 5.712E-08 4.058E-05 1.956E+17 1.146E+06 2.278E-02 3.250E-10 1.194E-11 1.249E-13 4.381E-12 6.688E-12 5.962E-12 4.444E-20 1.776E-10 5.574E-15 6.166E-15 1.237E-10 6.325E-15 4.277E-20 4.977E-07 7.917E-07 2.699E-07
   1.050E+06 2.570E+05 8.162E+18 7.351E+02 7.568E+01 6.593E+06 8.255-127 1.495E-13 9.824E-13 1.118E-05 3.854E-06 7.224E-08 9.438E-06 1.739E+17 1.008E+06 2.739E-02 5.035E-10 1.902E-11 1.235E-13 3.537E-12 8.045E-12 6.482E-12 4.277E-20 1.239E-10 5.917E-15 1.683E-14 1.260E-10 9.395E-15 4.499E-20 4.977E-07 7.907E-07 2.691E-07
   1.150E+06 2.209E+05 7.207E+18 8.712E+02 1.015E+02 8.128E+06 9.541-109 2.172E-13 1.545E-12 1.079E-05 3.920E-06 1.045E-07 9.121E-06 1.535E+17 9.739E+05 3.774E-02 7.438E-10 2.871E-11 1.351E-13 2.960E-12 1.019E-11 8.521E-12 4.499E-20 7.681E-11 8.056E-15 3.109E-14 1.379E-10 1.629E-14 4.595E-20 4.975E-07 7.887E-07 2.673E-07
   1.250E+06 1.892E+05 6.313E+18 1.138E+03 1.239E+02 1.161E+07 2.107E-93 3.064E-13 2.341E-12 1.051E-05 3.982E-06 1.749E-07 8.381E-06 1.345E+17 9.209E+05 6.086E-02 1.062E-09 4.180E-11 1.459E-13 2.564E-12 1.223E-11 1.255E-11 4.595E-20 4.562E-11 1.413E-14 7.718E-14 1.679E-10 3.359E-14 4.745E-20 4.971E-07 7.845E-07 2.633E-07
   1.350E+06 1.615E+05 5.488E+18 1.425E+03 1.310E+02 1.788E+07 1.084E-80 4.265E-13 3.492E-12 1.048E-05 4.043E-06 3.110E-07 6.836E-06 1.169E+17 8.925E+05 1.068E-01 1.490E-09 5.969E-11 1.626E-13 2.464E-12 1.442E-11 1.996E-11 4.745E-20 3.264E-11 2.911E-14 2.439E-13 2.283E-10 7.565E-14 4.874E-20 4.961E-07 7.764E-07 2.552E-07
   1.450E+06 1.375E+05 4.743E+18 1.620E+03 1.296E+02 2.669E+07 2.167E-70 5.964E-13 5.229E-12 1.065E-05 4.110E-06 5.286E-07 5.224E-06 1.010E+17 8.570E+05 1.832E-01 2.088E-09 8.511E-11 1.807E-13 2.464E-12 1.846E-11 3.359E-11 4.874E-20 2.758E-11 5.666E-14 7.520E-13 3.234E-10 1.664E-13 5.284E-20 4.943E-07 7.633E-07 2.419E-07
   1.550E+06 1.168E+05 4.080E+18 1.835E+03 1.387E+02 3.722E+07 5.358E-62 8.497E-13 7.993E-12 1.112E-05 4.188E-06 8.203E-07 4.253E-06 8.692E+16 8.342E+05 2.950E-01 2.965E-09 1.229E-10 2.045E-13 2.561E-12 2.545E-11 5.628E-11 5.284E-20 2.565E-11 9.609E-14 1.908E-12 4.450E-10 3.399E-13 6.510E-20 4.916E-07 7.451E-07 2.236E-07
   1.650E+06 9.909E+04 3.493E+18 2.163E+03 1.665E+02 4.935E+07 5.187E-55 1.242E-12 1.258E-11 1.206E-05 4.285E-06 1.171E-06 3.789E-06 7.442E+16 8.614E+05 4.545E-01 4.292E-09 1.809E-10 2.466E-13 2.872E-12 3.570E-11 8.980E-11 6.510E-20 2.724E-11 1.463E-13 3.956E-12 5.816E-10 6.521E-13 9.797E-20 4.878E-07 7.217E-07 2.010E-07
   1.750E+06 8.395E+04 2.974E+18 2.812E+03 2.328E+02 6.325E+07 4.492E-49 1.859E-12 2.034E-11 1.371E-05 4.411E-06 1.551E-06 3.848E-06 6.335E+16 9.942E+05 6.826E-01 6.315E-09 2.709E-10 3.343E-13 3.684E-12 4.813E-11 1.314E-10 9.797E-20 3.565E-11 2.063E-13 6.669E-12 7.198E-10 1.193E-12 1.686E-19 4.831E-07 6.940E-07 1.756E-07
   1.850E+06 7.110E+04 2.518E+18 3.605E+03 3.301E+02 7.966E+07 5.702E-44 2.824E-12 3.348E-11 1.636E-05 4.576E-06 1.934E-06 3.915E-06 5.363E+16 1.196E+06 1.016E+00 9.361E-09 4.089E-10 4.749E-13 5.010E-12 6.365E-11 1.826E-10 1.686E-19 5.076E-11 2.740E-13 9.777E-12 8.421E-10 2.116E-12 3.201E-19 4.775E-07 6.627E-07 1.490E-07
   1.950E+06 6.024E+04 2.127E+18 4.563E+03 4.701E+02 9.895E+07 1.373E-39 4.304E-12 5.541E-11 2.024E-05 4.792E-06 2.299E-06 3.988E-06 4.531E+16 1.486E+06 1.496E+00 1.382E-08 6.153E-10 6.984E-13 7.040E-12 8.268E-11 2.412E-10 3.201E-19 7.491E-11 3.465E-13 1.261E-11 9.373E-10 3.638E-12 6.442E-19 4.712E-07 6.288E-07 1.229E-07
   2.050E+06 5.106E+04 1.798E+18 5.702E+03 6.658E+02 1.213E+08 7.860E-36 6.519E-12 9.111E-11 2.567E-05 5.074E-06 2.627E-06 4.064E-06 3.830E+16 1.890E+06 2.171E+00 2.012E-08 9.137E-10 1.051E-12 9.958E-12 1.058E-10 3.022E-10 6.442E-19 1.101E-10 4.182E-13 1.434E-11 1.001E-09 6.045E-12 1.348E-18 4.644E-07 5.938E-07 9.892E-08
   2.150E+06 4.330E+04 1.522E+18 7.056E+03 9.293E+02 1.472E+08 1.304E-32 9.746E-12 1.475E-10 3.322E-05 5.440E-06 2.913E-06 4.140E-06 3.241E+16 2.440E+06 3.118E+00 2.870E-08 1.330E-09 1.603E-12 1.401E-11 1.331E-10 3.607E-10 1.348E-18 1.575E-10 4.850E-13 1.456E-11 1.036E-09 9.793E-12 2.905E-18 4.573E-07 5.584E-07 7.782E-08
   2.250E+06 3.674E+04 1.289E+18 8.657E+03 1.269E+03 1.773E+08 7.459E-30 1.433E-11 2.336E-10 4.369E-05 5.909E-06 3.149E-06 4.217E-06 2.745E+16 3.165E+06 4.438E+00 3.990E-08 1.887E-09 2.456E-12 1.940E-11 1.644E-10 4.125E-10 2.905E-18 2.152E-10 5.424E-13 1.332E-11 1.043E-09 1.561E-11 6.434E-18 4.501E-07 5.231E-07 6.000E-08
   2.350E+06 3.118E+04 1.091E+18 1.051E+04 1.687E+03 2.114E+08 1.704E-27 2.070E-11 3.602E-10 5.825E-05 6.509E-06 3.326E-06 4.292E-06 2.324E+16 4.091E+06 6.257E+00 5.392E-08 2.602E-09 3.749E-12 2.621E-11 1.996E-10 4.545E-10 6.434E-18 2.765E-10 5.854E-13 1.107E-11 1.025E-09 2.468E-11 1.463E-17 4.431E-07 4.884E-07 4.549E-08
   2.450E+06 2.647E+04 9.238E+17 1.259E+04 2.175E+03 2.489E+08 1.766E-25 2.933E-11 5.393E-10 7.849E-05 7.269E-06 3.432E-06 4.365E-06 1.967E+16 5.250E+06 8.715E+00 7.074E-08 3.484E-09 5.682E-12 3.433E-11 2.386E-10 4.836E-10 1.463E-17 3.299E-10 6.089E-13 8.401E-12 9.818E-10 3.889E-11 3.419E-17 4.363E-07 4.544E-07 3.400E-08
   2.550E+06 2.249E+04 7.815E+17 1.481E+04 2.711E+03 2.879E+08 9.260E-24 4.079E-11 7.820E-10 1.066E-04 8.224E-06 3.456E-06 4.436E-06 1.664E+16 6.677E+06 1.194E+01 9.002E-08 4.522E-09 8.543E-12 4.333E-11 2.809E-10 4.965E-10 3.419E-17 3.627E-10 6.094E-13 5.822E-12 9.157E-10 6.126E-11 8.218E-17 4.300E-07 4.213E-07 2.511E-08
   2.650E+06 1.913E+04 6.607E+17 1.703E+04 3.265E+03 3.254E+08 2.703E-22 5.565E-11 1.097E-09 1.456E-04 9.415E-06 3.383E-06 4.504E-06 1.407E+16 8.423E+06 1.602E+01 1.111E-07 5.690E-09 1.275E-11 5.251E-11 3.255E-10 4.901E-10 8.218E-17 3.648E-10 5.859E-13 3.682E-12 8.278E-10 9.653E-11 2.025E-16 4.244E-07 3.889E-07 1.836E-08
   2.750E+06 1.628E+04 5.584E+17 1.907E+04 3.799E+03 3.586E+08 4.763E-21 7.438E-11 1.489E-09 2.004E-04 1.088E-05 3.205E-06 4.570E-06 1.189E+16 1.056E+07 2.097E+01 1.331E-07 6.946E-09 1.892E-11 6.091E-11 3.715E-10 4.625E-10 2.025E-16 3.345E-10 5.403E-13 2.121E-12 7.223E-10 1.518E-10 5.101E-16 4.199E-07 3.576E-07 1.335E-08
   2.850E+06 1.388E+04 4.721E+17 2.084E+04 4.277E+03 3.861E+08 5.444E-20 9.714E-11 1.956E-09 2.804E-04 1.269E-05 2.916E-06 4.631E-06 1.005E+16 1.321E+07 2.681E+01 1.548E-07 8.238E-09 2.798E-11 6.762E-11 4.177E-10 4.145E-10 5.101E-16 2.803E-10 4.769E-13 1.109E-12 6.055E-10 2.376E-10 1.307E-15 4.169E-07 3.276E-07 9.683E-09
   2.950E+06 1.185E+04 3.992E+17 2.221E+04 4.666E+03 4.058E+08 4.299E-19 1.233E-10 2.493E-09 4.039E-04 1.488E-05 2.516E-06 4.688E-06 8.502E+15 1.644E+07 3.348E+01 1.750E-07 9.511E-09 4.119E-11 7.207E-11 4.629E-10 3.504E-10 1.307E-15 2.169E-10 3.998E-13 5.202E-13 4.825E-10 3.701E-10 3.286E-15 4.161E-07 2.987E-07 7.011E-09
   3.050E+06 1.013E+04 3.378E+17 2.265E+04 4.946E+03 4.085E+08 2.484E-18 1.510E-10 3.090E-09 5.905E-04 1.746E-05 2.048E-06 4.738E-06 7.193E+15 1.995E+07 4.005E+01 1.930E-07 1.072E-08 5.907E-11 7.431E-11 5.050E-10 2.799E-10 3.286E-15 1.602E-10 3.137E-13 2.168E-13 3.587E-10 5.673E-10 7.629E-15 4.180E-07 2.714E-07 5.086E-09
   3.150E+06 8.678E+03 2.860E+17 2.152E+04 5.117E+03 3.839E+08 1.106E-17 1.779E-10 3.742E-09 8.366E-04 2.028E-05 1.604E-06 4.780E-06 6.091E+15 2.279E+07 4.469E+01 2.081E-07 1.185E-08 7.967E-11 7.544E-11 5.372E-10 2.132E-10 7.629E-15 1.198E-10 2.264E-13 8.041E-14 2.441E-10 8.382E-10 1.594E-14 4.237E-07 2.465E-07 3.714E-09
   3.250E+06 7.446E+03 2.426E+17 1.911E+04 5.203E+03 3.378E+08 3.977E-17 2.028E-10 4.457E-09 1.109E-03 2.305E-05 1.255E-06 4.813E-06 5.166E+15 2.426E+07 4.664E+01 2.208E-07 1.290E-08 9.999E-11 7.695E-11 5.494E-10 1.560E-10 1.594E-14 9.494E-11 1.506E-13 2.694E-14 1.517E-10 1.188E-09 3.063E-14 4.339E-07 2.238E-07 2.729E-09
   3.350E+06 6.401E+03 2.063E+17 1.630E+04 5.241E+03 2.862E+08 1.206E-16 2.253E-10 5.254E-09 1.375E-03 2.556E-05 1.009E-06 4.835E-06 4.393E+15 2.452E+07 4.671E+01 2.315E-07 1.392E-08 1.189E-10 7.963E-11 5.386E-10 1.100E-10 3.063E-14 8.038E-11 9.465E-14 8.427E-15 8.781E-11 1.635E-09 5.545E-14 4.494E-07 2.036E-07 2.017E-09
   3.450E+06 5.511E+03 1.761E+17 1.363E+04 5.263E+03 2.384E+08 3.193E-16 2.461E-10 6.168E-09 1.616E-03 2.775E-05 8.380E-07 4.846E-06 3.749E+15 2.406E+07 4.579E+01 2.408E-07 1.491E-08 1.366E-10 8.354E-11 5.097E-10 7.547E-11 5.545E-14 7.187E-11 5.779E-14 2.554E-15 4.873E-11 2.199E-09 9.584E-14 4.707E-07 1.859E-07 1.502E-09
   3.550E+06 4.750E+03 1.509E+17 1.128E+04 5.297E+03 1.970E+08 7.607E-16 2.659E-10 7.245E-09 1.826E-03 2.961E-05 7.153E-07 4.846E-06 3.213E+15 2.324E+07 4.428E+01 2.491E-07 1.590E-08 1.540E-10 8.854E-11 4.708E-10 5.091E-11 9.584E-14 6.700E-11 3.490E-14 7.716E-16 2.656E-11 2.896E-09 1.591E-13 4.979E-07 1.705E-07 1.128E-09
   3.650E+06 4.097E+03 1.298E+17 9.254E+03 5.364E+03 1.619E+08 1.663E-15 2.851E-10 8.544E-09 2.004E-03 3.117E-05 6.223E-07 4.836E-06 2.764E+15 2.228E+07 4.234E+01 2.567E-07 1.691E-08 1.716E-10 9.451E-11 4.287E-10 3.422E-11 1.591E-13 6.459E-11 2.112E-14 2.382E-16 1.455E-11 3.725E-09 2.561E-13 5.309E-07 1.574E-07 8.582E-10
   3.750E+06 3.534E+03 1.120E+17 7.514E+03 5.473E+03 1.320E+08 3.386E-15 3.045E-10 1.014E-08 2.154E-03 3.247E-05 5.471E-07 4.817E-06 2.386E+15 2.130E+07 3.999E+01 2.637E-07 1.795E-08 1.901E-10 1.015E-10 3.875E-10 2.311E-11 2.561E-13 6.399E-11 1.286E-14 7.568E-17 8.085E-12 4.690E-09 4.011E-13 5.694E-07 1.462E-07 6.606E-10
   3.850E+06 3.048E+03 9.695E+16 6.036E+03 5.633E+03 1.067E+08 6.442E-15 3.245E-10 1.213E-08 2.277E-03 3.355E-05 4.834E-07 4.789E-06 2.064E+15 2.039E+07 3.730E+01 2.702E-07 1.903E-08 2.103E-10 1.098E-10 3.492E-10 1.580E-11 4.011E-13 6.503E-11 7.918E-15 2.502E-17 4.608E-12 5.773E-09 6.143E-13 6.134E-07 1.364E-07 5.141E-10
   3.950E+06 2.627E+03 8.407E+16 4.793E+03 5.842E+03 8.548E+07 1.147E-14 3.457E-10 1.462E-08 2.377E-03 3.443E-05 4.277E-07 4.753E-06 1.790E+15 1.959E+07 3.435E+01 2.764E-07 2.017E-08 2.331E-10 1.196E-10 3.149E-10 1.102E-11 6.143E-13 6.777E-11 4.958E-15 8.694E-18 2.719E-12 6.953E-09 9.277E-13 6.625E-07 1.279E-07 4.049E-10
   4.050E+06 2.262E+03 7.295E+16 3.750E+03 6.086E+03 6.760E+07 1.922E-14 3.687E-10 1.771E-08 2.458E-03 3.515E-05 3.770E-07 4.710E-06 1.553E+15 1.893E+07 3.119E+01 2.823E-07 2.137E-08 2.594E-10 1.313E-10 2.850E-10 7.874E-12 9.277E-13 7.224E-11 3.161E-15 3.176E-18 1.662E-12 8.225E-09 1.387E-12 7.166E-07 1.203E-07 3.225E-10
   4.150E+06 1.945E+03 6.331E+16 2.890E+03 6.349E+03 5.272E+07 3.042E-14 3.942E-10 2.152E-08 2.522E-03 3.572E-05 3.303E-07 4.661E-06 1.348E+15 1.839E+07 2.791E+01 2.880E-07 2.265E-08 2.905E-10 1.455E-10 2.594E-10 5.793E-12 1.387E-12 7.869E-11 2.061E-15 1.227E-18 1.057E-12 9.571E-09 2.063E-12 7.758E-07 1.133E-07 2.592E-10
   4.250E+06 1.671E+03 5.489E+16 2.190E+03 6.607E+03 4.051E+07 4.600E-14 4.231E-10 2.613E-08 2.571E-03 3.618E-05 2.870E-07 4.606E-06 1.169E+15 1.798E+07 2.462E+01 2.936E-07 2.401E-08 3.275E-10 1.628E-10 2.379E-10 4.411E-12 2.063E-12 8.731E-11 1.379E-15 5.046E-19 6.999E-13 1.099E-08 3.060E-12 8.396E-07 1.068E-07 2.105E-10
   4.350E+06 1.433E+03 4.753E+16 1.634E+03 6.837E+03 3.067E+07 6.781E-14 4.560E-10 3.164E-08 2.608E-03 3.655E-05 2.474E-07 4.546E-06 1.012E+15 1.765E+07 2.143E+01 2.989E-07 2.547E-08 3.715E-10 1.834E-10 2.205E-10 3.493E-12 3.060E-12 9.834E-11 9.527E-16 2.224E-19 4.842E-13 1.249E-08 4.539E-12 9.074E-07 1.007E-07 1.728E-10
   4.450E+06 1.227E+03 4.109E+16 1.201E+03 7.017E+03 2.292E+07 1.030E-13 4.937E-10 3.811E-08 2.637E-03 3.683E-05 2.116E-07 4.482E-06 8.747E+14 1.740E+07 1.843E+01 3.042E-07 2.701E-08 4.234E-10 2.081E-10 2.066E-10 2.879E-12 4.539E-12 1.120E-10 6.798E-16 1.050E-19 3.492E-13 1.409E-08 6.732E-12 9.796E-07 9.487E-08 1.431E-10
   4.550E+06 1.049E+03 3.546E+16 8.720E+02 7.141E+03 1.694E+07 1.816E-13 5.367E-10 4.564E-08 2.657E-03 3.705E-05 1.797E-07 4.412E-06 7.550E+14 1.718E+07 1.571E+01 3.094E-07 2.866E-08 4.845E-10 2.371E-10 1.956E-10 2.470E-12 6.732E-12 1.287E-10 5.017E-16 5.319E-20 2.621E-13 1.580E-08 9.998E-12 1.057E-06 8.904E-08 1.194E-10
   4.650E+06 8.962E+02 3.056E+16 6.259E+02 7.230E+03 1.239E+07 4.097E-13 5.854E-10 5.454E-08 2.673E-03 3.723E-05 1.517E-07 4.337E-06 6.506E+14 1.701E+07 1.327E+01 3.145E-07 3.039E-08 5.566E-10 2.716E-10 1.873E-10 2.204E-12 9.998E-12 1.493E-10 3.832E-16 2.889E-20 2.049E-13 1.763E-08 1.488E-11 1.139E-06 8.324E-08 1.003E-10
   4.750E+06 7.643E+02 2.630E+16 4.435E+02 7.350E+03 8.959E+06 1.083E-12 6.405E-10 6.564E-08 2.683E-03 3.737E-05 1.269E-07 4.257E-06 5.599E+14 1.694E+07 1.110E+01 3.195E-07 3.220E-08 6.442E-10 3.135E-10 1.814E-10 2.049E-12 1.488E-11 1.757E-10 3.031E-16 1.687E-20 1.676E-13 1.954E-08 2.227E-11 1.225E-06 7.736E-08 8.474E-11
   4.850E+06 6.509E+02 2.260E+16 3.086E+02 7.620E+03 6.374E+06 2.862E-12 7.029E-10 8.082E-08 2.691E-03 3.748E-05 1.048E-07 4.172E-06 4.811E+14 1.708E+07 9.150E+00 3.244E-07 3.408E-08 7.560E-10 3.671E-10 1.773E-10 1.993E-12 2.227E-11 2.121E-10 2.493E-16 1.066E-20 1.449E-13 2.141E-08 3.359E-11 1.318E-06 7.133E-08 7.182E-11
   4.950E+06 5.536E+02 1.939E+16 2.100E+02 8.192E+03 4.441E+06 6.935E-12 7.737E-10 1.035E-07 2.696E-03 3.756E-05 8.494E-08 4.081E-06 4.128E+14 1.758E+07 7.398E+00 3.292E-07 3.600E-08 9.063E-10 4.396E-10 1.749E-10 2.042E-12 3.359E-11 2.655E-10 2.148E-16 7.404E-21 1.341E-13 2.307E-08 5.125E-11 1.416E-06 6.512E-08 6.100E-11
   5.050E+06 4.701E+02 1.662E+16 1.397E+02 9.192E+03 3.027E+06 1.507E-11 8.553E-10 1.389E-07 2.698E-03 3.763E-05 6.751E-08 3.983E-06 3.537E+14 1.850E+07 5.865E+00 3.338E-07 3.796E-08 1.114E-09 5.397E-10 1.737E-10 2.202E-12 5.125E-11 3.453E-10 1.941E-16 5.646E-21 1.327E-13 2.445E-08 7.921E-11 1.521E-06 5.877E-08 5.184E-11
   5.150E+06 3.987E+02 1.422E+16 9.151E+01 1.066E+04 2.034E+06 2.940E-11 9.502E-10 1.933E-07 2.700E-03 3.769E-05 5.300E-08 3.879E-06 3.026E+14 1.984E+07 4.598E+00 3.384E-07 3.995E-08 1.395E-09 6.756E-10 1.736E-10 2.460E-12 7.921E-11 4.617E-10 1.831E-16 4.635E-21 1.378E-13 2.566E-08 1.241E-10 1.632E-06 5.239E-08 4.405E-11
   5.250E+06 3.376E+02 1.215E+16 5.986E+01 1.250E+04 1.364E+06 5.208E-11 1.062E-09 2.729E-07 2.700E-03 3.774E-05 4.158E-08 3.770E-06 2.585E+14 2.142E+07 3.613E+00 3.428E-07 4.196E-08 1.763E-09 8.520E-10 1.742E-10 2.782E-12 1.241E-10 6.219E-10 1.775E-16 3.940E-21 1.453E-13 2.700E-08 1.965E-10 1.748E-06 4.615E-08 3.744E-11
   5.350E+06 2.855E+02 1.036E+16 3.958E+01 1.449E+04 9.209E+05 8.471E-11 1.193E-09 3.826E-07 2.698E-03 3.778E-05 3.293E-08 3.656E-06 2.205E+14 2.302E+07 2.879E+00 3.470E-07 4.397E-08 2.222E-09 1.070E-09 1.752E-10 3.115E-12 1.965E-10 8.282E-10 1.733E-16 3.328E-21 1.508E-13 2.879E-08 3.138E-10 1.868E-06 4.018E-08 3.179E-11
   5.450E+06 2.411E+02 8.824E+15 2.661E+01 1.635E+04 6.293E+05 1.280E-10 1.348E-09 5.244E-07 2.696E-03 3.782E-05 2.646E-08 3.534E-06 1.878E+14 2.443E+07 2.346E+00 3.511E-07 4.601E-08 2.769E-09 1.325E-09 1.765E-10 3.404E-12 3.138E-10 1.077E-09 1.669E-16 2.693E-21 1.508E-13 3.129E-08 5.035E-10 1.994E-06 3.457E-08 2.687E-11
   5.550E+06 2.034E+02 7.502E+15 1.826E+01 1.780E+04 4.359E+05 1.816E-10 1.528E-09 6.969E-07 2.689E-03 3.785E-05 2.161E-08 3.404E-06 1.596E+14 2.549E+07 1.961E+00 3.551E-07 4.806E-08 3.398E-09 1.613E-09 1.780E-10 3.599E-12 5.035E-10 1.358E-09 1.561E-16 2.040E-21 1.438E-13 3.475E-08 8.095E-10 2.128E-06 2.939E-08 2.255E-11
   5.650E+06 1.713E+02 6.365E+15 1.277E+01 1.862E+04 3.047E+05 2.440E-10 1.737E-09 8.955E-07 2.676E-03 3.788E-05 1.788E-08 3.267E-06 1.354E+14 2.609E+07 1.679E+00 3.590E-07 5.013E-08 4.099E-09 1.924E-09 1.794E-10 3.668E-12 8.095E-10 1.655E-09 1.399E-16 1.420E-21 1.298E-13 3.940E-08 1.300E-09 2.267E-06 2.475E-08 1.878E-11
   5.750E+06 1.442E+02 5.390E+15 9.098E+00 1.874E+04 2.148E+05 3.132E-10 1.977E-09 1.113E-06 2.664E-03 3.790E-05 1.496E-08 3.123E-06 1.147E+14 2.620E+07 1.475E+00 3.627E-07 5.223E-08 4.861E-09 2.249E-09 1.808E-10 3.598E-12 1.300E-09 1.944E-09 1.193E-16 9.021E-22 1.109E-13 4.549E-08 2.077E-09 2.411E-06 2.073E-08 1.551E-11
   5.850E+06 1.212E+02 4.559E+15 6.598E+00 1.819E+04 1.526E+05 3.868E-10 2.246E-09 1.343E-06 2.652E-03 3.793E-05 1.262E-08 2.972E-06 9.698E+13 2.584E+07 1.326E+00 3.663E-07 5.436E-08 5.669E-09 2.575E-09 1.819E-10 3.400E-12 2.077E-09 2.205E-09 9.679E-17 5.246E-22 9.000E-14 5.326E-08 3.300E-09 2.561E-06 1.727E-08 1.266E-11
   5.950E+06 1.017E+02 3.850E+15 4.851E+00 1.707E+04 1.089E+05 4.622E-10 2.544E-09 1.575E-06 2.640E-03 3.795E-05 1.071E-08 2.815E-06 8.189E+13 2.505E+07 1.217E+00 3.698E-07 5.651E-08 6.508E-09 2.889E-09 1.826E-10 3.091E-12 3.300E-09 2.416E-09 7.456E-17 2.785E-22 6.930E-14 6.316E-08 5.209E-09 2.717E-06 1.435E-08 1.020E-11
   6.050E+06 8.536E+01 3.247E+15 3.607E+00 1.553E+04 7.797E+04 5.375E-10 2.869E-09 1.804E-06 2.629E-03 3.797E-05 9.135E-09 2.652E-06 6.906E+13 2.389E+07 1.137E+00 3.732E-07 5.867E-08 7.358E-09 3.178E-09 1.829E-10 2.704E-12 5.209E-09 2.557E-09 5.465E-17 1.356E-22 5.080E-14 7.572E-08 8.162E-09 2.876E-06 1.192E-08 8.096E-12
   6.150E+06 7.155E+01 2.736E+15 2.709E+00 1.376E+04 5.606E+04 6.110E-10 3.221E-09 2.023E-06 2.617E-03 3.799E-05 7.828E-09 2.486E-06 5.819E+13 2.243E+07 1.078E+00 3.764E-07 6.084E-08 8.197E-09 3.427E-09 1.827E-10 2.277E-12 8.162E-09 2.618E-09 3.830E-17 6.101E-23 3.555E-14 9.170E-08 1.271E-08 3.036E-06 9.920E-09 6.326E-12
   6.250E+06 5.992E+01 2.304E+15 2.050E+00 1.191E+04 4.049E+04 6.817E-10 3.600E-09 2.228E-06 2.605E-03 3.801E-05 6.745E-09 2.320E-06 4.900E+13 2.073E+07 1.037E+00 3.795E-07 6.299E-08 8.997E-09 3.623E-09 1.819E-10 1.844E-12 1.271E-08 2.594E-09 2.573E-17 2.550E-23 2.380E-14 1.122E-07 1.969E-08 3.196E-06 8.290E-09 4.852E-12
   6.350E+06 5.014E+01 1.939E+15 1.561E+00 1.010E+04 2.938E+04 7.491E-10 4.010E-09 2.418E-06 2.592E-03 3.802E-05 5.847E-09 2.155E-06 4.122E+13 1.885E+07 1.008E+00 3.825E-07 6.511E-08 9.723E-09 3.754E-09 1.805E-10 1.436E-12 1.969E-08 2.492E-09 1.662E-17 9.956E-24 1.528E-14 1.391E-07 3.041E-08 3.353E-06 6.971E-09 3.646E-12
   6.450E+06 4.191E+01 1.630E+15 1.192E+00 8.416E+03 2.138E+04 8.132E-10 4.457E-09 2.590E-06 2.579E-03 3.804E-05 5.088E-09 1.994E-06 3.465E+13 1.687E+07 9.879E-01 3.853E-07 6.719E-08 1.035E-08 3.817E-09 1.784E-10 1.075E-12 3.041E-08 2.336E-09 1.039E-17 3.663E-24 9.479E-15 1.744E-07 4.720E-08 3.503E-06 5.900E-09 2.665E-12
   6.550E+06 3.500E+01 1.369E+15 9.030E-01 6.901E+03 1.511E+04 8.747E-10 4.951E-09 2.744E-06 2.565E-03 3.806E-05 4.305E-09 1.838E-06 2.910E+13 1.543E+07 9.649E-01 3.879E-07 6.923E-08 1.127E-08 3.927E-09 1.757E-10 8.020E-13 4.720E-08 2.173E-09 6.460E-18 1.313E-24 5.809E-15 2.148E-07 8.392E-08 3.645E-06 5.023E-09 1.865E-12
   6.650E+06 2.920E+01 1.148E+15 6.769E-01 5.566E+03 1.016E+04 9.391E-10 5.505E-09 2.881E-06 2.551E-03 3.807E-05 3.467E-09 1.682E-06 2.441E+13 1.653E+07 9.396E-01 3.904E-07 7.122E-08 1.439E-08 4.522E-09 1.724E-10 6.072E-13 8.392E-08 1.989E-09 4.215E-18 4.706E-25 3.535E-15 2.587E-07 2.365E-07 3.774E-06 4.305E-09 1.214E-12
   6.750E+06 2.434E+01 9.626E+14 6.554E-01 4.339E+03 1.548E+04 1.027E-09 6.132E-09 3.002E-06 2.537E-03 3.808E-05 6.337E-09 1.502E-06 2.046E+13 1.021E+07 1.213E+00 3.928E-07 7.315E-08 1.061E-08 3.385E-09 1.686E-10 1.715E-13 2.365E-07 1.374E-09 1.798E-18 1.112E-25 1.602E-15 8.671E-07 5.201E-07 3.874E-06 3.718E-09 6.935E-13
   6.850E+06 2.027E+01 8.056E+14 1.103E+00 3.288E+03 5.219E+04 1.196E-09 6.853E-09 3.108E-06 2.524E-03 3.809E-05 2.567E-08 1.313E-06 1.712E+13 2.141E+06 2.785E+00 3.951E-07 7.503E-08 2.657E-09 9.187E-10 1.639E-10 1.362E-14 5.201E-07 7.355E-10 2.404E-19 2.329E-26 6.852E-16 6.876E-06 7.967E-07 3.919E-06 3.236E-09 3.532E-13
   6.950E+06 1.686E+01 6.731E+14 1.587E+00 2.478E+03 9.865E+04 1.572E-09 7.680E-09 3.202E-06 2.514E-03 3.811E-05 5.830E-08 1.150E-06 1.429E+13 7.822E+05 5.473E+00 3.972E-07 7.684E-08 1.162E-09 3.265E-10 1.584E-10 2.567E-15 7.967E-07 3.973E-10 4.378E-20 5.161E-27 3.048E-16 2.568E-05 1.042E-06 3.938E-06 2.840E-09 1.733E-13
   7.050E+06 1.402E+01 5.619E+14 1.870E+00 1.869E+03 1.350E+05 2.361E-09 8.623E-09 3.288E-06 2.503E-03 3.812E-05 9.594E-08 1.012E-06 1.192E+13 3.903E+05 8.762E+00 3.993E-07 7.859E-08 6.945E-10 1.465E-10 1.527E-10 1.212E-15 1.042E-06 2.205E-10 1.797E-20 1.215E-27 1.409E-16 6.316E-05 1.251E-06 3.947E-06 2.514E-09 8.608E-14
   7.150E+06 1.165E+01 4.684E+14 1.949E+00 1.415E+03 1.543E+05 3.833E-09 9.693E-09 3.368E-06 2.495E-03 3.813E-05 1.320E-07 8.971E-07 9.919E+12 2.225E+05 1.234E+01 4.012E-07 8.028E-08 4.751E-10 7.512E-11 1.469E-10 8.462E-16 1.251E-06 1.264E-10 1.066E-20 3.050E-28 6.802E-17 1.238E-04 1.433E-06 3.951E-06 2.246E-09 4.477E-14
   7.250E+06 9.680E+00 3.896E+14 1.890E+00 1.072E+03 1.583E+05 6.268E-09 1.090E-08 3.447E-06 2.492E-03 3.814E-05 1.631E-07 7.981E-07 8.230E+12 1.342E+05 1.616E+01 4.031E-07 8.190E-08 3.445E-10 4.151E-11 1.410E-10 6.544E-16 1.433E-06 7.386E-11 6.929E-21 7.965E-29 3.369E-17 2.135E-04 1.597E-06 3.953E-06 2.016E-09 2.436E-14
   7.350E+06 8.040E+00 3.238E+14 1.757E+00 8.102E+02 1.524E+05 9.899E-09 1.223E-08 3.528E-06 2.490E-03 3.815E-05 1.890E-07 7.091E-07 6.819E+12 8.326E+04 2.035E+01 4.048E-07 8.346E-08 2.571E-10 2.401E-11 1.350E-10 5.180E-16 1.597E-06 4.311E-11 4.588E-21 2.092E-29 1.673E-17 3.413E-04 1.743E-06 3.954E-06 1.810E-09 1.369E-14
   7.450E+06 6.678E+00 2.689E+14 1.578E+00 6.109E+02 1.388E+05 1.491E-08 1.367E-08 3.612E-06 2.491E-03 3.816E-05 2.072E-07 6.289E-07 5.637E+12 5.226E+04 2.481E+01 4.064E-07 8.495E-08 1.943E-10 1.442E-11 1.287E-10 4.109E-16 1.743E-06 2.509E-11 3.032E-21 5.501E-30 8.314E-18 5.140E-04 1.874E-06 3.955E-06 1.625E-09 7.976E-15
   7.550E+06 5.548E+00 2.229E+14 1.378E+00 4.593E+02 1.199E+05 2.148E-08 1.524E-08 3.700E-06 2.497E-03 3.817E-05 2.153E-07 5.568E-07 4.646E+12 3.282E+04 2.953E+01 4.079E-07 8.637E-08 1.472E-10 8.914E-12 1.223E-10 3.245E-16 1.874E-06 1.455E-11 1.983E-21 1.449E-30 4.131E-18 7.375E-04 1.991E-06 3.955E-06 1.459E-09 4.839E-15
   7.650E+06 4.612E+00 1.847E+14 1.183E+00 3.447E+02 9.932E+04 2.986E-08 1.690E-08 3.793E-06 2.506E-03 3.818E-05 2.146E-07 4.920E-07 3.822E+12 2.058E+04 3.469E+01 4.093E-07 8.771E-08 1.114E-10 5.652E-12 1.159E-10 2.553E-16 1.991E-06 8.411E-12 1.288E-21 3.825E-31 2.053E-18 1.018E-03 2.094E-06 3.955E-06 1.310E-09 3.066E-15
   7.750E+06 3.837E+00 1.531E+14 1.009E+00 2.585E+02 7.949E+04 4.037E-08 1.865E-08 3.891E-06 2.516E-03 3.818E-05 2.064E-07 4.339E-07 3.139E+12 1.286E+04 4.054E+01 4.106E-07 8.897E-08 8.398E-11 3.659E-12 1.096E-10 2.001E-16 2.094E-06 4.845E-12 8.330E-22 1.011E-31 1.020E-18 1.359E-03 2.185E-06 3.955E-06 1.176E-09 2.034E-15
   7.850E+06 3.195E+00 1.267E+14 8.565E-01 1.933E+02 6.135E+04 5.336E-08 2.050E-08 3.994E-06 2.532E-03 3.819E-05 1.912E-07 3.820E-07 2.571E+12 7.962E+03 4.731E+01 4.117E-07 9.012E-08 6.283E-11 2.408E-12 1.034E-10 1.563E-16 2.185E-06 2.781E-12 5.344E-22 2.681E-32 5.074E-19 1.768E-03 2.265E-06 3.955E-06 1.055E-09 1.416E-15
   7.950E+06 2.664E+00 1.049E+14 7.258E-01 1.444E+02 4.597E+04 6.910E-08 2.243E-08 4.101E-06 2.550E-03 3.820E-05 1.719E-07 3.356E-07 2.102E+12 4.895E+03 5.526E+01 4.127E-07 9.117E-08 4.666E-11 1.607E-12 9.749E-11 1.218E-16 2.265E-06 1.590E-12 3.413E-22 7.123E-33 2.525E-19 2.248E-03 2.335E-06 3.956E-06 9.471E-10 1.036E-15
   8.050E+06 2.224E+00 8.696E+13 6.152E-01 1.078E+02 3.374E+04 8.781E-08 2.443E-08 4.211E-06 2.568E-03 3.820E-05 1.511E-07 2.944E-07 1.717E+12 2.996E+03 6.459E+01 4.136E-07 9.212E-08 3.445E-11 1.086E-12 9.185E-11 9.492E-17 2.335E-06 9.063E-13 2.183E-22 1.898E-33 1.257E-19 2.805E-03 2.396E-06 3.955E-06 8.501E-10 7.975E-16
   8.150E+06 1.859E+00 7.216E+13 5.209E-01 8.039E+01 2.427E+04 1.098E-07 2.645E-08 4.323E-06 2.586E-03 3.820E-05 1.301E-07 2.577E-07 1.400E+12 1.824E+03 7.546E+01 4.144E-07 9.295E-08 2.527E-11 7.413E-13 8.656E-11 7.404E-17 2.396E-06 5.151E-13 1.398E-22 5.073E-34 6.263E-20 3.442E-03 2.450E-06 3.955E-06 7.633E-10 6.453E-16
   8.250E+06 1.557E+00 5.995E+13 4.404E-01 5.991E+01 1.715E+04 1.357E-07 2.848E-08 4.435E-06 2.604E-03 3.821E-05 1.099E-07 2.253E-07 1.140E+12 1.104E+03 8.809E+01 4.151E-07 9.368E-08 1.842E-11 5.108E-13 8.162E-11 5.783E-17 2.450E-06 2.922E-13 8.971E-23 1.362E-34 3.125E-20 4.164E-03 2.496E-06 3.955E-06 6.856E-10 5.479E-16
   8.350E+06 1.305E+00 4.990E+13 3.726E-01 4.464E+01 1.196E+04 1.662E-07 3.052E-08 4.547E-06 2.620E-03 3.821E-05 9.146E-08 1.968E-07 9.279E+11 6.665E+02 1.028E+02 4.156E-07 9.431E-08 1.336E-11 3.549E-13 7.704E-11 4.530E-17 2.496E-06 1.656E-13 5.788E-23 3.675E-35 1.562E-20 4.974E-03 2.536E-06 3.954E-06 6.161E-10 4.863E-16
   8.450E+06 1.095E+00 4.164E+13 3.161E-01 3.330E+01 8.277E+03 2.028E-07 3.267E-08 4.657E-06 2.633E-03 3.821E-05 7.550E-08 1.717E-07 7.548E+11 4.020E+02 1.199E+02 4.161E-07 9.485E-08 9.654E-12 2.486E-13 7.280E-11 3.565E-17 2.536E-06 9.392E-14 3.770E-23 9.979E-36 7.820E-21 5.874E-03 2.571E-06 3.953E-06 5.541E-10 4.485E-16
   8.550E+06 9.203E-01 3.482E+13 2.693E-01 2.485E+01 5.676E+03 2.474E-07 3.513E-08 4.765E-06 2.643E-03 3.822E-05 6.168E-08 1.498E-07 6.134E+11 2.419E+02 1.403E+02 4.165E-07 9.531E-08 6.948E-12 1.753E-13 6.890E-11 2.816E-17 2.571E-06 5.344E-14 2.473E-23 2.732E-36 3.927E-21 6.866E-03 2.601E-06 3.952E-06 4.990E-10 4.271E-16
   8.650E+06 7.738E-01 2.916E+13 2.306E-01 1.856E+01 3.849E+03 3.024E-07 3.824E-08 4.869E-06 2.651E-03 3.822E-05 4.978E-08 1.307E-07 4.975E+11 1.451E+02 1.647E+02 4.169E-07 9.569E-08 4.977E-12 1.243E-13 6.531E-11 2.231E-17 2.601E-06 3.056E-14 1.631E-23 7.562E-37 1.979E-21 7.949E-03 2.627E-06 3.950E-06 4.501E-10 4.167E-16
   8.750E+06 6.510E-01 2.448E+13 1.985E-01 1.389E+01 2.598E+03 3.704E-07 4.226E-08 4.969E-06 2.656E-03 3.822E-05 3.995E-08 1.142E-07 4.031E+11 8.709E+01 1.934E+02 4.171E-07 9.601E-08 3.557E-12 8.868E-14 6.202E-11 1.777E-17 2.627E-06 1.760E-14 1.087E-23 2.121E-37 1.002E-21 9.124E-03 2.650E-06 3.948E-06 4.068E-10 4.135E-16
   8.850E+06 5.479E-01 2.058E+13 1.707E-01 1.041E+01 1.739E+03 4.525E-07 4.739E-08 5.064E-06 2.658E-03 3.822E-05 3.178E-08 9.986E-08 3.261E+11 5.222E+01 2.263E+02 4.174E-07 9.627E-08 2.537E-12 6.360E-14 5.901E-11 1.422E-17 2.650E-06 1.023E-14 7.299E-24 6.055E-38 5.097E-22 1.038E-02 2.671E-06 3.946E-06 3.685E-10 4.145E-16
   8.950E+06 4.613E-01 1.731E+13 1.458E-01 7.810E+00 1.149E+03 5.485E-07 5.361E-08 5.153E-06 2.660E-03 3.822E-05 2.495E-08 8.755E-08 2.630E+11 3.123E+01 2.622E+02 4.176E-07 9.649E-08 1.804E-12 4.580E-14 5.629E-11 1.140E-17 2.671E-06 6.012E-15 4.915E-24 1.765E-38 2.610E-22 1.173E-02 2.689E-06 3.945E-06 3.348E-10 4.173E-16
   9.050E+06 3.884E-01 1.457E+13 1.231E-01 5.871E+00 7.498E+02 6.554E-07 6.070E-08 5.235E-06 2.662E-03 3.822E-05 1.934E-08 7.699E-08 2.116E+11 1.868E+01 2.991E+02 4.177E-07 9.667E-08 1.282E-12 3.311E-14 5.385E-11 9.174E-18 2.689E-06 3.576E-15 3.323E-24 5.276E-39 1.347E-22 1.314E-02 2.706E-06 3.944E-06 3.050E-10 4.198E-16
   9.150E+06 3.271E-01 1.226E+13 1.022E-01 4.423E+00 4.837E+02 7.690E-07 6.830E-08 5.309E-06 2.663E-03 3.822E-05 1.482E-08 6.795E-08 1.699E+11 1.121E+01 3.345E+02 4.178E-07 9.681E-08 9.144E-13 2.404E-14 5.169E-11 7.409E-18 2.706E-06 2.156E-15 2.255E-24 1.623E-39 7.010E-23 1.463E-02 2.722E-06 3.943E-06 2.789E-10 4.206E-16
   9.250E+06 2.755E-01 1.031E+13 8.337E-02 3.340E+00 3.081E+02 8.843E-07 7.603E-08 5.376E-06 2.666E-03 3.822E-05 1.121E-08 6.024E-08 1.361E+11 6.771E+00 3.660E+02 4.179E-07 9.693E-08 6.565E-13 1.751E-14 4.981E-11 6.004E-18 2.722E-06 1.319E-15 1.534E-24 5.156E-40 3.686E-23 1.618E-02 2.737E-06 3.942E-06 2.559E-10 4.189E-16
   9.350E+06 2.322E-01 8.664E+12 6.682E-02 2.527E+00 1.927E+02 9.965E-07 8.355E-08 5.434E-06 2.672E-03 3.822E-05 8.324E-09 5.366E-08 1.086E+11 4.131E+00 3.925E+02 4.180E-07 9.703E-08 4.768E-13 1.278E-14 4.820E-11 4.873E-18 2.737E-06 8.199E-16 1.040E-24 1.691E-40 1.960E-23 1.779E-02 2.750E-06 3.941E-06 2.356E-10 4.139E-16
   9.450E+06 1.959E-01 7.272E+12 5.275E-02 1.917E+00 1.189E+02 1.102E-06 9.058E-08 5.484E-06 2.682E-03 3.822E-05 6.098E-09 4.806E-08 8.652E+10 2.571E+00 4.128E+02 4.181E-07 9.710E-08 3.535E-13 9.353E-15 4.687E-11 3.967E-18 2.750E-06 5.184E-16 7.054E-25 5.720E-41 1.056E-23 1.948E-02 2.762E-06 3.940E-06 2.177E-10 4.058E-16
   9.550E+06 1.653E-01 6.105E+12 4.115E-02 1.461E+00 7.275E+01 1.197E-06 9.693E-08 5.527E-06 2.693E-03 3.822E-05 4.426E-09 4.328E-08 6.889E+10 1.649E+00 4.268E+02 4.181E-07 9.716E-08 2.701E-13 6.865E-15 4.579E-11 3.244E-18 2.762E-06 3.349E-16 4.798E-25 1.994E-41 5.781E-24 2.123E-02 2.773E-06 3.938E-06 2.018E-10 3.946E-16
   9.650E+06 1.398E-01 5.110E+12 3.174E-02 1.114E+00 4.337E+01 1.281E-06 1.026E-07 5.563E-06 2.702E-03 3.822E-05 3.141E-09 3.921E-08 5.467E+10 1.097E+00 4.356E+02 4.182E-07 9.721E-08 2.146E-13 5.036E-15 4.495E-11 2.651E-18 2.773E-06 2.225E-16 3.228E-25 7.124E-42 3.234E-24 2.307E-02 2.781E-06 3.934E-06 1.876E-10 3.807E-16
   9.750E+06 1.184E-01 4.270E+12 2.429E-02 8.530E-01 2.537E+01 1.354E-06 1.074E-07 5.593E-06 2.708E-03 3.822E-05 2.194E-09 3.572E-08 4.332E+10 7.648E-01 4.399E+02 4.182E-07 9.725E-08 1.791E-13 3.695E-15 4.432E-11 2.168E-18 2.781E-06 1.546E-16 2.159E-25 2.605E-42 1.875E-24 2.501E-02 2.786E-06 3.927E-06 1.747E-10 3.646E-16
   9.850E+06 1.006E-01 3.575E+12 1.854E-02 6.569E-01 1.482E+01 1.416E-06 1.115E-07 5.617E-06 2.712E-03 3.822E-05 1.528E-09 3.271E-08 3.440E+10 5.628E-01 4.398E+02 4.182E-07 9.728E-08 1.574E-13 2.719E-15 4.386E-11 1.782E-18 2.786E-06 1.157E-16 1.452E-25 9.956E-43 1.164E-24 2.704E-02 2.786E-06 3.914E-06 1.630E-10 3.469E-16
   9.950E+06 8.566E-02 2.980E+12 1.406E-02 5.057E-01 8.526E+00 1.469E-06 1.150E-07 5.637E-06 2.716E-03 3.822E-05 1.053E-09 3.010E-08 2.721E+10 4.382E-01 4.377E+02 4.183E-07 9.731E-08 1.470E-13 1.992E-15 4.355E-11 1.456E-18 2.786E-06 9.730E-17 9.561E-26 4.423E-43 8.250E-25 2.920E-02 0.000E+00 3.894E-06 1.520E-10 3.282E-16
