
     Z         PRESS      DEN     ProOH1    ProOH25    ProO3D    PO2D       PO2      PH2O      PO3D      PH2O2     FO3      FH2O      NumO2      NumOH      NumO1D     PN2O     PCH3CL      FOH      FHO2      FNO     FNO2      FH    FH2O2     FNO3    FN2O5    FHNO3      FO       FN      FH2     FCH4    FN2O
   5.000E+04 9.558E+05 2.433E+19 8.859E+05 3.295E+05 7.496E+06 0.000E+00 8.252E-12 1.254E-12 1.543E-04 5.661E-06 1.996E-09 1.080E-02 5.177E+15 6.411E+06 1.024E-02 6.158E-09 3.217E-11 2.634E-13 1.867E-11 5.703E-12 1.281E-11 1.248E-17 1.394E-09 7.828E-15 7.741E-17 1.030E-10 9.158E-15 1.517E-17 5.000E-07 8.080E-07 2.730E-07
   1.500E+05 8.471E+05 2.181E+19 7.011E+05 4.614E+05 7.466E+06 0.000E+00 1.293E-11 2.529E-12 1.749E-04 6.451E-06 1.957E-09 8.363E-03 4.739E+15 6.171E+06 1.164E-02 1.054E-08 7.389E-11 2.829E-13 2.016E-11 2.621E-12 5.693E-12 1.517E-17 1.488E-09 7.131E-15 4.038E-17 9.191E-11 1.120E-14 1.900E-17 4.949E-07 7.943E-07 2.643E-07
   2.500E+05 7.493E+05 1.970E+19 6.651E+05 5.039E+05 1.079E+07 0.000E+00 1.787E-11 4.809E-12 1.930E-04 7.193E-06 2.838E-09 5.318E-03 4.369E+15 7.085E+06 1.913E-02 1.611E-08 1.521E-10 3.596E-13 2.192E-11 2.404E-12 5.096E-12 1.900E-17 1.537E-09 8.463E-15 6.758E-17 8.825E-11 1.966E-14 2.524E-17 4.903E-07 7.815E-07 2.549E-07
   3.500E+05 6.612E+05 1.771E+19 7.081E+05 5.441E+05 1.775E+07 0.000E+00 2.324E-11 9.100E-12 2.089E-04 7.907E-06 4.796E-09 3.375E-03 4.004E+15 8.748E+06 3.554E-02 2.330E-08 2.897E-10 4.938E-13 2.437E-11 2.553E-12 5.467E-12 2.524E-17 1.517E-09 1.184E-14 1.599E-16 8.945E-11 4.041E-14 3.237E-17 4.862E-07 7.696E-07 2.449E-07
   4.500E+05 5.821E+05 1.591E+19 7.042E+05 5.560E+05 2.971E+07 0.000E+00 2.925E-11 1.766E-11 2.231E-04 8.609E-06 8.367E-09 1.979E-03 3.663E+15 1.056E+07 6.680E-02 3.265E-08 5.229E-10 6.636E-13 2.635E-11 2.861E-12 6.138E-12 3.237E-17 1.427E-09 1.740E-14 4.492E-16 9.211E-11 8.507E-14 3.854E-17 4.826E-07 7.590E-07 2.344E-07
   5.500E+05 5.110E+05 1.430E+19 6.044E+05 5.251E+05 4.785E+07 0.000E+00 3.628E-11 3.508E-11 2.369E-04 9.321E-06 1.413E-08 1.047E-03 3.346E+15 1.199E+07 1.199E-01 4.481E-08 9.017E-10 8.386E-13 2.703E-11 3.315E-12 6.929E-12 3.854E-17 1.269E-09 2.511E-14 1.376E-15 9.302E-11 1.715E-13 4.205E-17 4.796E-07 7.499E-07 2.235E-07
   6.500E+05 4.472E+05 1.284E+19 4.324E+05 4.487E+05 7.212E+07 0.000E+00 4.490E-11 7.045E-11 2.514E-04 1.007E-05 2.233E-08 4.958E-04 3.050E+15 1.264E+07 2.003E-01 6.016E-08 1.482E-09 9.838E-13 2.595E-11 3.970E-12 7.779E-12 4.205E-17 1.052E-09 3.457E-14 4.413E-15 9.087E-11 3.220E-13 4.234E-17 4.774E-07 7.423E-07 2.124E-07
   7.500E+05 3.899E+05 1.153E+19 2.537E+05 3.428E+05 1.012E+08 0.000E+00 5.595E-11 1.432E-10 2.685E-04 1.088E-05 3.271E-08 2.077E-04 2.770E+15 1.252E+07 3.104E-01 7.886E-08 2.329E-09 1.086E-12 2.325E-11 5.214E-12 9.175E-12 4.234E-17 8.029E-10 4.666E-14 1.568E-14 8.828E-11 5.610E-13 3.998E-17 4.758E-07 7.361E-07 2.014E-07
   8.500E+05 3.386E+05 1.032E+19 1.214E+05 2.302E+05 1.329E+08 1.853E-78 7.003E-11 2.936E-10 2.904E-04 1.179E-05 4.435E-08 7.600E-05 2.502E+15 1.195E+07 4.496E-01 1.006E-07 3.493E-09 1.158E-12 1.940E-11 7.688E-12 1.159E-11 3.998E-17 5.538E-10 6.264E-14 5.563E-14 8.760E-11 9.152E-13 3.485E-17 4.746E-07 7.310E-07 1.909E-07
   9.500E+05 2.927E+05 9.205E+18 4.567E+04 1.253E+05 1.665E+08 1.480E-38 8.770E-11 5.930E-10 3.205E-04 1.285E-05 5.641E-08 2.295E-05 2.244E+15 1.096E+07 6.223E-01 1.250E-07 4.981E-09 1.191E-12 1.464E-11 1.239E-11 1.515E-11 3.485E-17 3.337E-10 8.122E-14 1.469E-13 8.772E-11 1.430E-12 2.534E-17 4.737E-07 7.264E-07 1.805E-07
   1.050E+06 2.519E+05 8.173E+18 1.137E+04 3.847E+04 2.096E+08 6.263E-28 1.092E-10 1.031E-09 3.647E-04 1.412E-05 7.033E-08 4.564E-06 1.992E+15 8.891E+06 8.697E-01 1.512E-07 6.675E-09 1.088E-12 8.815E-12 2.214E-11 2.072E-11 2.534E-17 1.518E-10 1.006E-13 2.691E-13 8.647E-11 2.271E-12 3.872E-17 4.727E-07 7.206E-07 1.675E-07
   1.150E+06 2.158E+05 7.209E+18 1.378E+04 4.975E+04 2.662E+08 1.851E-24 1.354E-10 1.576E-09 4.347E-04 1.572E-05 8.496E-08 4.380E-06 1.758E+15 1.167E+07 1.234E+00 1.788E-07 8.517E-09 1.619E-12 9.102E-12 2.618E-11 2.315E-11 3.872E-17 9.862E-11 1.470E-13 3.576E-13 1.017E-10 3.685E-12 6.090E-17 4.708E-07 7.096E-07 1.464E-07
   1.250E+06 1.841E+05 6.308E+18 1.482E+04 5.810E+04 3.202E+08 1.527E-21 1.683E-10 2.339E-09 5.501E-04 1.781E-05 9.228E-08 3.938E-06 1.540E+15 1.532E+07 1.674E+00 2.083E-07 1.061E-08 2.429E-12 9.467E-12 3.144E-11 2.601E-11 6.090E-17 7.880E-11 2.142E-13 4.586E-13 1.233E-10 5.790E-12 9.231E-17 4.675E-07 6.884E-07 1.144E-07
   1.350E+06 1.564E+05 5.476E+18 1.200E+04 5.610E+04 3.423E+08 2.662E-19 2.085E-10 3.419E-09 7.284E-04 2.044E-05 8.583E-08 2.997E-06 1.340E+15 1.831E+07 2.039E+00 2.388E-07 1.297E-08 3.344E-12 9.021E-12 4.096E-11 2.937E-11 9.231E-17 5.728E-11 2.636E-13 4.907E-13 1.389E-10 8.361E-12 1.355E-16 4.627E-07 6.530E-07 7.635E-08
   1.450E+06 1.325E+05 4.726E+18 7.842E+03 4.703E+04 3.312E+08 9.407E-18 2.545E-10 4.898E-09 9.638E-04 2.348E-05 7.271E-08 2.032E-06 1.161E+15 1.973E+07 2.263E+00 2.689E-07 1.552E-08 4.175E-12 8.249E-12 5.172E-11 3.077E-11 1.355E-16 4.047E-11 2.650E-13 3.953E-13 1.345E-10 1.132E-11 2.003E-16 4.576E-07 6.050E-07 4.333E-08
   1.550E+06 1.119E+05 4.063E+18 4.900E+03 3.891E+04 3.020E+08 1.040E-16 3.044E-10 6.853E-09 1.230E-03 2.664E-05 6.046E-08 1.398E-06 1.004E+15 2.015E+07 2.378E+00 2.975E-07 1.819E-08 4.961E-12 7.901E-12 5.624E-11 2.855E-11 2.003E-16 3.199E-11 2.351E-13 2.498E-13 1.117E-10 1.487E-11 2.962E-16 4.537E-07 5.511E-07 2.173E-08
   1.650E+06 9.427E+04 3.481E+18 2.983E+03 3.179E+04 2.654E+08 5.742E-16 3.572E-10 9.397E-09 1.496E-03 2.971E-05 5.097E-08 9.717E-07 8.664E+14 1.965E+07 2.416E+00 3.239E-07 2.092E-08 5.645E-12 7.905E-12 5.260E-11 2.372E-11 2.962E-16 2.774E-11 1.899E-13 1.300E-13 8.084E-11 1.930E-11 4.446E-16 4.520E-07 4.960E-07 9.919E-09
   1.750E+06 7.917E+04 2.970E+18 1.818E+03 2.640E+04 2.250E+08 2.032E-15 4.134E-10 1.267E-08 1.738E-03 3.254E-05 4.361E-08 7.012E-07 7.455E+14 1.877E+07 2.380E+00 3.479E-07 2.368E-08 6.319E-12 8.207E-12 4.359E-11 1.793E-11 4.446E-16 2.565E-11 1.391E-13 5.638E-14 5.266E-11 2.486E-11 6.905E-16 4.529E-07 4.436E-07 4.288E-09
   1.850E+06 6.632E+04 2.521E+18 1.159E+03 2.326E+04 1.843E+08 5.456E-15 4.739E-10 1.684E-08 1.951E-03 3.505E-05 3.747E-08 5.477E-07 6.386E+14 1.819E+07 2.279E+00 3.694E-07 2.646E-08 7.215E-12 8.845E-12 3.307E-11 1.247E-11 6.905E-16 2.506E-11 9.151E-14 2.037E-14 3.208E-11 3.176E-11 1.123E-15 4.563E-07 3.950E-07 1.804E-09
   1.950E+06 5.544E+04 2.129E+18 7.934E+02 2.232E+04 1.458E+08 1.242E-14 5.398E-10 2.209E-08 2.133E-03 3.720E-05 3.211E-08 4.747E-07 5.442E+14 1.837E+07 2.123E+00 3.886E-07 2.925E-08 8.627E-12 9.905E-12 2.388E-11 8.175E-12 1.123E-15 2.586E-11 5.468E-14 6.318E-15 1.907E-11 4.024E-11 1.901E-15 4.619E-07 3.510E-07 7.584E-10
   2.050E+06 4.628E+04 1.790E+18 5.763E+02 2.293E+04 1.125E+08 2.586E-14 6.122E-10 2.862E-08 2.283E-03 3.899E-05 2.752E-08 4.477E-07 4.617E+14 1.931E+07 1.940E+00 4.057E-07 3.207E-08 1.078E-11 1.141E-11 1.718E-11 5.227E-12 1.901E-15 2.783E-11 3.091E-14 1.816E-15 1.145E-11 5.073E-11 3.299E-15 4.696E-07 3.120E-07 3.265E-10
   2.150E+06 3.859E+04 1.501E+18 4.325E+02 2.435E+04 8.542E+07 5.179E-14 6.924E-10 3.661E-08 2.403E-03 4.046E-05 2.367E-08 4.429E-07 3.905E+14 2.075E+07 1.751E+00 4.210E-07 3.492E-08 1.382E-11 1.335E-11 1.269E-11 3.359E-12 3.299E-15 3.071E-11 1.731E-14 5.209E-16 7.046E-12 6.378E-11 5.794E-15 4.793E-07 2.778E-07 1.455E-10
   2.250E+06 3.215E+04 1.257E+18 3.283E+02 2.601E+04 6.428E+07 1.024E-13 7.816E-10 4.625E-08 2.497E-03 4.165E-05 2.048E-08 4.472E-07 3.296E+14 2.240E+07 1.569E+00 4.347E-07 3.781E-08 1.781E-11 1.571E-11 9.778E-12 2.210E-12 5.794E-15 3.427E-11 9.904E-15 1.567E-16 4.462E-12 8.007E-11 1.022E-14 4.909E-07 2.478E-07 6.754E-11
   2.350E+06 2.675E+04 1.052E+18 2.495E+02 2.760E+04 4.803E+07 1.999E-13 8.815E-10 5.765E-08 2.568E-03 4.261E-05 1.779E-08 4.554E-07 2.777E+14 2.404E+07 1.398E+00 4.470E-07 4.077E-08 2.287E-11 1.850E-11 7.874E-12 1.499E-12 1.022E-14 3.845E-11 5.867E-15 5.041E-17 2.902E-12 1.004E-10 1.800E-14 5.044E-07 2.217E-07 3.282E-11
   2.450E+06 2.225E+04 8.788E+17 1.887E+02 2.890E+04 3.567E+07 3.801E-13 9.942E-10 7.084E-08 2.621E-03 4.338E-05 1.548E-08 4.643E-07 2.336E+14 2.553E+07 1.238E+00 4.581E-07 4.377E-08 2.906E-11 2.176E-11 6.600E-12 1.047E-12 1.800E-14 4.319E-11 3.602E-15 1.731E-17 1.926E-12 1.255E-10 3.163E-14 5.199E-07 1.988E-07 1.671E-11
   2.550E+06 1.849E+04 7.337E+17 1.420E+02 2.995E+04 2.624E+07 6.972E-13 1.123E-09 8.584E-08 2.660E-03 4.401E-05 1.344E-08 4.756E-07 1.962E+14 2.684E+07 1.088E+00 4.682E-07 4.684E-08 3.659E-11 2.561E-11 5.714E-12 7.523E-13 3.163E-14 4.870E-11 2.285E-15 6.309E-18 1.303E-12 1.562E-10 5.532E-14 5.376E-07 1.784E-07 8.895E-12
   2.650E+06 1.535E+04 6.119E+17 1.063E+02 3.077E+04 1.908E+07 1.235E-12 1.271E-09 1.026E-07 2.688E-03 4.451E-05 1.160E-08 4.901E-07 1.645E+14 2.796E+07 9.462E-01 4.774E-07 4.995E-08 4.570E-11 3.021E-11 5.074E-12 5.549E-13 5.532E-14 5.520E-11 1.493E-15 2.427E-18 8.958E-13 1.930E-10 9.608E-14 5.577E-07 1.597E-07 4.930E-12
   2.750E+06 1.273E+04 5.097E+17 7.851E+01 3.105E+04 1.374E+07 2.133E-12 1.444E-09 1.211E-07 2.707E-03 4.492E-05 9.958E-09 5.029E-07 1.377E+14 2.874E+07 8.162E-01 4.858E-07 5.311E-08 5.638E-11 3.554E-11 4.605E-12 4.199E-13 9.608E-14 6.237E-11 9.962E-16 9.741E-19 6.228E-13 2.374E-10 1.656E-13 5.802E-07 1.424E-07 2.841E-12
   2.850E+06 1.055E+04 4.240E+17 5.693E+01 3.067E+04 9.809E+06 3.651E-12 1.644E-09 1.415E-07 2.722E-03 4.525E-05 8.498E-09 5.112E-07 1.151E+14 2.911E+07 6.989E-01 4.936E-07 5.631E-08 6.864E-11 4.164E-11 4.254E-12 3.259E-13 1.656E-13 7.008E-11 6.743E-16 4.048E-19 4.369E-13 2.911E-10 2.840E-13 6.055E-07 1.259E-07 1.698E-12
   2.950E+06 8.746E+03 3.522E+17 4.052E+01 2.990E+04 6.921E+06 6.358E-12 1.875E-09 1.645E-07 2.734E-03 4.552E-05 7.187E-09 5.159E-07 9.599E+13 2.916E+07 5.929E-01 5.008E-07 5.952E-08 8.278E-11 4.880E-11 3.982E-12 2.601E-13 2.840E-13 7.880E-11 4.633E-16 1.744E-19 3.104E-13 3.551E-10 4.885E-13 6.341E-07 1.096E-07 1.042E-12
   3.050E+06 7.245E+03 2.921E+17 2.821E+01 2.915E+04 4.805E+06 1.153E-11 2.143E-09 1.929E-07 2.746E-03 4.573E-05 5.991E-09 5.173E-07 7.991E+13 2.908E+07 4.964E-01 5.074E-07 6.273E-08 9.956E-11 5.772E-11 3.767E-12 2.151E-13 4.885E-13 8.978E-11 3.257E-16 7.897E-20 2.258E-13 4.297E-10 8.476E-13 6.661E-07 9.312E-08 6.549E-13
   3.150E+06 6.002E+03 2.419E+17 1.915E+01 2.902E+04 3.267E+06 2.160E-11 2.449E-09 2.327E-07 2.759E-03 4.591E-05 4.896E-09 5.156E-07 6.641E+13 2.913E+07 4.083E-01 5.135E-07 6.591E-08 1.204E-10 6.966E-11 3.593E-12 1.869E-13 8.476E-13 1.057E-10 2.395E-16 3.894E-20 1.717E-13 5.123E-10 1.491E-12 7.012E-07 7.661E-08 4.204E-13
   3.250E+06 4.973E+03 2.002E+17 1.265E+01 2.997E+04 2.171E+06 4.022E-11 2.800E-09 2.934E-07 2.772E-03 4.606E-05 3.913E-09 5.103E-07 5.514E+13 2.950E+07 3.294E-01 5.190E-07 6.904E-08 1.474E-10 8.645E-11 3.446E-12 1.725E-13 1.491E-12 1.306E-10 1.878E-16 2.157E-20 1.389E-13 5.994E-10 2.654E-12 7.393E-07 6.029E-08 2.736E-13
   3.350E+06 4.122E+03 1.657E+17 8.209E+00 3.203E+04 1.421E+06 7.153E-11 3.198E-09 3.860E-07 2.783E-03 4.617E-05 3.082E-09 5.008E-07 4.579E+13 3.019E+07 2.632E-01 5.241E-07 7.208E-08 1.822E-10 1.099E-10 3.318E-12 1.683E-13 2.654E-12 1.687E-10 1.571E-16 1.342E-20 1.191E-13 6.905E-10 4.747E-12 7.798E-07 4.493E-08 1.797E-13
   3.450E+06 3.417E+03 1.373E+17 5.318E+00 3.467E+04 9.298E+05 1.189E-10 3.650E-09 5.194E-07 2.789E-03 4.627E-05 2.428E-09 4.861E-07 3.806E+13 3.093E+07 2.120E-01 5.288E-07 7.504E-08 2.252E-10 1.408E-10 3.207E-12 1.697E-13 4.747E-12 2.230E-10 1.370E-16 8.985E-21 1.055E-13 7.912E-10 8.447E-12 8.215E-07 3.153E-08 1.188E-13
   3.550E+06 2.832E+03 1.140E+17 3.494E+00 3.700E+04 6.156E+05 1.838E-10 4.161E-09 6.972E-07 2.790E-03 4.636E-05 1.936E-09 4.655E-07 3.167E+13 3.142E+07 1.752E-01 5.331E-07 7.788E-08 2.756E-10 1.786E-10 3.114E-12 1.720E-13 8.447E-12 2.932E-10 1.200E-16 6.086E-21 9.321E-14 9.122E-10 1.480E-11 8.634E-07 2.085E-08 7.902E-14
   3.650E+06 2.347E+03 9.476E+16 2.355E+00 3.815E+04 4.158E+05 2.672E-10 4.738E-09 9.162E-07 2.784E-03 4.643E-05 1.576E-09 4.394E-07 2.640E+13 3.143E+07 1.502E-01 5.370E-07 8.060E-08 3.316E-10 2.215E-10 3.037E-12 1.718E-13 1.480E-11 3.754E-10 1.031E-16 4.000E-21 8.039E-14 1.064E-09 2.545E-11 9.050E-07 1.310E-08 5.293E-14
   3.750E+06 1.944E+03 7.885E+16 1.630E+00 3.759E+04 2.868E+05 3.758E-10 5.393E-09 1.167E-06 2.771E-03 4.648E-05 1.312E-09 4.083E-07 2.201E+13 3.084E+07 1.342E-01 5.406E-07 8.319E-08 3.911E-10 2.668E-10 2.973E-12 1.669E-13 2.545E-11 4.612E-10 8.484E-17 2.459E-21 6.649E-14 1.263E-09 4.308E-11 9.465E-07 7.874E-09 3.562E-14
   3.850E+06 1.608E+03 6.562E+16 1.157E+00 3.519E+04 2.022E+05 5.393E-10 6.138E-09 1.438E-06 2.755E-03 4.653E-05 1.118E-09 3.728E-07 1.835E+13 2.962E+07 1.251E-01 5.439E-07 8.565E-08 4.514E-10 3.113E-10 2.920E-12 1.564E-13 4.308E-11 5.397E-10 6.592E-17 1.378E-21 5.213E-14 1.532E-09 7.227E-11 9.885E-07 4.568E-09 2.399E-14
   3.950E+06 1.329E+03 5.456E+16 8.423E-01 3.130E+04 1.462E+05 8.390E-10 6.984E-09 1.716E-06 2.737E-03 4.658E-05 9.790E-10 3.342E-07 1.529E+13 2.782E+07 1.220E-01 5.470E-07 8.798E-08 5.100E-10 3.519E-10 2.872E-12 1.406E-13 7.227E-11 5.997E-10 4.798E-17 6.938E-22 3.844E-14 1.909E-09 1.217E-10 1.031E-06 2.589E-09 1.614E-14
   4.050E+06 1.097E+03 4.530E+16 6.306E-01 2.642E+04 1.091E+05 1.435E-09 7.943E-09 1.990E-06 2.720E-03 4.661E-05 8.853E-10 2.931E-07 1.272E+13 2.552E+07 1.251E-01 5.498E-07 9.017E-08 5.634E-10 3.859E-10 2.826E-12 1.203E-13 1.217E-10 6.310E-10 3.240E-17 3.073E-22 2.635E-14 2.471E-09 2.079E-10 1.074E-06 1.446E-09 1.081E-14
   4.150E+06 9.044E+02 3.754E+16 4.859E-01 2.117E+04 8.455E+04 2.564E-09 9.021E-09 2.252E-06 2.705E-03 4.664E-05 8.327E-10 2.503E-07 1.056E+13 2.278E+07 1.360E-01 5.523E-07 9.223E-08 6.069E-10 4.106E-10 2.779E-12 9.701E-14 2.079E-10 6.269E-10 2.017E-17 1.177E-22 1.655E-14 3.355E-09 3.626E-10 1.118E-06 8.014E-10 7.160E-15
   4.250E+06 7.452E+02 3.105E+16 3.832E-01 1.608E+04 6.839E+04 4.501E-09 1.022E-08 2.498E-06 2.693E-03 4.667E-05 8.179E-10 2.073E-07 8.749E+12 1.972E+07 1.563E-01 5.547E-07 9.417E-08 6.350E-10 4.227E-10 2.727E-12 7.285E-14 3.626E-10 5.840E-10 1.164E-17 3.871E-23 9.375E-15 4.801E-09 6.433E-10 1.162E-06 4.445E-10 4.683E-15
   4.350E+06 6.137E+02 2.564E+16 3.048E-01 1.159E+04 5.775E+04 7.494E-09 1.153E-08 2.726E-06 2.685E-03 4.670E-05 8.389E-10 1.659E-07 7.238E+12 1.648E+07 1.881E-01 5.568E-07 9.598E-08 6.426E-10 4.179E-10 2.667E-12 5.020E-14 6.433E-10 5.022E-10 6.320E-18 1.093E-23 4.709E-15 7.251E-09 1.148E-09 1.204E-06 2.495E-10 3.031E-15
   4.450E+06 5.052E+02 2.114E+16 2.393E-01 7.905E+03 5.103E+04 1.173E-08 1.295E-08 2.937E-06 2.681E-03 4.672E-05 9.005E-10 1.273E-07 5.981E+12 1.317E+07 2.332E-01 5.588E-07 9.768E-08 6.230E-10 3.913E-10 2.597E-12 3.113E-14 1.148E-09 3.881E-10 3.295E-18 2.586E-24 2.045E-15 1.160E-08 2.032E-09 1.243E-06 1.421E-10 1.943E-15
   4.550E+06 4.159E+02 1.741E+16 1.825E-01 5.089E+03 4.769E+04 1.734E-08 1.445E-08 3.133E-06 2.679E-03 4.673E-05 1.022E-09 9.328E-08 4.942E+12 9.933E+06 2.945E-01 5.606E-07 9.927E-08 5.704E-10 3.398E-10 2.514E-12 1.699E-14 2.032E-09 2.602E-10 1.680E-18-3.111E-24 7.464E-16 1.982E-08 3.532E-09 1.277E-06 8.205E-11 1.243E-15
   4.650E+06 3.423E+02 1.434E+16 1.352E-01 3.116E+03 4.776E+04 2.451E-08 1.601E-08 3.316E-06 2.678E-03 4.675E-05 1.244E-09 6.555E-08 4.083E+12 6.967E+06 3.769E-01 5.622E-07 1.008E-07 4.859E-10 2.682E-10 2.418E-12 7.998E-15 3.532E-09 1.467E-10 8.306E-19 9.986E-26 2.240E-16 3.665E-08 6.026E-09 1.304E-06 4.834E-11 8.105E-16
   4.750E+06 2.817E+02 1.181E+16 9.823E-02 1.837E+03 5.179E+04 3.350E-08 1.761E-08 3.487E-06 2.677E-03 4.676E-05 1.639E-09 4.461E-08 3.376E+12 4.482E+06 4.888E-01 5.637E-07 1.021E-07 3.796E-10 1.905E-10 2.311E-12 3.220E-15 6.026E-09 6.863E-11 3.817E-19 1.660E-26 5.483E-17 7.415E-08 1.025E-08 1.325E-06 2.908E-11 5.500E-16
   4.850E+06 2.319E+02 9.720E+15 7.108E-02 1.053E+03 6.137E+04 4.466E-08 1.924E-08 3.651E-06 2.676E-03 4.677E-05 2.359E-09 2.968E-08 2.793E+12 2.637E+06 6.455E-01 5.650E-07 1.034E-07 2.713E-10 1.219E-10 2.192E-12 1.131E-15 1.025E-08 2.673E-11 1.565E-19 1.104E-25 1.119E-17 1.661E-07 1.720E-08 1.338E-06 1.782E-11 3.966E-16
   4.950E+06 1.909E+02 8.005E+15 5.331E-02 5.891E+02 8.712E+04 5.834E-08 2.090E-08 3.808E-06 2.675E-03 4.678E-05 4.069E-09 1.933E-08 2.311E+12 1.314E+06 9.027E-01 5.662E-07 1.046E-07 1.641E-10 6.351E-11 2.064E-12 3.568E-16 1.720E-08 8.057E-12 5.674E-20 3.876E-24 1.925E-18 4.521E-07 2.553E-08 1.346E-06 1.114E-11 3.168E-16
   5.050E+06 1.571E+02 6.593E+15 4.194E-02 3.215E+02 1.393E+05 7.494E-08 2.260E-08 3.960E-06 2.672E-03 4.679E-05 7.909E-09 1.231E-08 1.911E+12 5.681E+05 1.353E+00 5.673E-07 1.056E-07 8.616E-11 2.630E-11 1.928E-12 1.621E-16 2.553E-08 1.956E-12 2.626E-20 1.897E-25 3.407E-19 1.362E-06 3.263E-08 1.349E-06 7.095E-12 2.974E-16
   5.150E+06 1.293E+02 5.432E+15 3.172E-02 1.739E+02 1.944E+05 9.493E-08 2.434E-08 4.109E-06 2.668E-03 4.680E-05 1.341E-08 7.792E-09 1.577E+12 2.687E+05 1.962E+00 5.682E-07 1.065E-07 4.946E-11 1.108E-11 1.787E-12 1.134E-16 3.263E-08 4.522E-13 1.653E-20 6.821E-27 7.600E-20 3.438E-06 3.788E-08 1.351E-06 4.614E-12 3.164E-16
   5.250E+06 1.063E+02 4.476E+15 2.227E-02 9.457E+01 2.282E+05 1.190E-07 2.614E-08 4.254E-06 2.663E-03 4.681E-05 1.915E-08 4.967E-09 1.299E+12 1.414E+05 2.620E+00 5.690E-07 1.074E-07 3.158E-11 5.147E-12 1.647E-12 8.651E-17 3.788E-08 1.076E-13 1.080E-20 3.227E-28 2.156E-20 7.098E-06 4.163E-08 1.352E-06 3.075E-12 3.509E-16
   5.350E+06 8.746E+01 3.689E+15 1.467E-02 5.204E+01 2.345E+05 1.480E-07 2.800E-08 4.396E-06 2.657E-03 4.682E-05 2.393E-08 3.209E-09 1.066E+12 7.857E+04 3.240E+00 5.697E-07 1.081E-07 2.130E-11 2.606E-12 1.509E-12 6.612E-17 4.163E-08 2.699E-14 6.939E-21 1.118E-29 7.115E-21 1.266E-05 4.435E-08 1.353E-06 2.099E-12 3.876E-16
   5.450E+06 7.191E+01 3.040E+15 9.265E-03 2.898E+01 2.189E+05 1.836E-07 2.998E-08 4.535E-06 2.648E-03 4.682E-05 2.719E-08 2.102E-09 8.711E+11 4.463E+04 3.787E+00 5.702E-07 1.087E-07 1.468E-11 1.405E-12 1.375E-12 5.012E-17 4.435E-08 7.156E-15 4.392E-21 7.914E-31 2.521E-21 2.048E-05 4.639E-08 1.354E-06 1.463E-12 4.212E-16
   5.550E+06 5.910E+01 2.505E+15 5.710E-03 1.631E+01 1.904E+05 2.283E-07 3.225E-08 4.671E-06 2.639E-03 4.683E-05 2.881E-08 1.394E-09 7.086E+11 2.548E+04 4.266E+00 5.707E-07 1.093E-07 1.017E-11 7.909E-13 1.244E-12 3.763E-17 4.639E-08 1.998E-15 2.745E-21 1.039E-31 9.158E-22 3.096E-05 4.798E-08 1.354E-06 1.038E-12 4.508E-16
   5.650E+06 4.854E+01 2.064E+15 3.495E-03 9.304E+00 1.563E+05 2.855E-07 3.516E-08 4.802E-06 2.629E-03 4.683E-05 2.881E-08 9.388E-10 5.729E+11 1.449E+04 4.702E+00 5.711E-07 1.097E-07 7.022E-12 4.601E-13 1.118E-12 2.803E-17 4.798E-08 5.887E-16 1.699E-21 2.480E-32 3.353E-22 4.452E-05 4.927E-08 1.355E-06 7.500E-13 4.769E-16
   5.750E+06 3.985E+01 1.700E+15 2.158E-03 5.398E+00 1.219E+05 3.596E-07 3.920E-08 4.929E-06 2.617E-03 4.684E-05 2.740E-08 6.442E-10 4.601E+11 8.182E+03 5.130E+00 5.715E-07 1.101E-07 4.814E-12 2.749E-13 1.000E-12 2.074E-17 4.927E-08 1.840E-16 1.044E-21 7.442E-33 1.231E-22 6.144E-05 5.038E-08 1.356E-06 5.533E-13 5.001E-16
   5.850E+06 3.270E+01 1.399E+15 1.352E-03 3.176E+00 9.077E+04 4.540E-07 4.479E-08 5.050E-06 2.605E-03 4.684E-05 2.490E-08 4.496E-10 3.664E+11 4.570E+03 5.586E+00 5.718E-07 1.104E-07 3.266E-12 1.676E-13 8.900E-13 1.524E-17 5.038E-08 6.056E-17 6.357E-22 2.331E-33 4.493E-23 8.206E-05 5.139E-08 1.358E-06 4.155E-13 5.206E-16
   5.950E+06 2.681E+01 1.151E+15 8.571E-04 1.893E+00 6.470E+04 5.695E-07 5.206E-08 5.163E-06 2.594E-03 4.684E-05 2.167E-08 3.185E-10 2.891E+11 2.522E+03 6.071E+00 5.720E-07 1.106E-07 2.191E-12 1.039E-13 7.872E-13 1.112E-17 5.139E-08 2.086E-17 3.840E-22 7.276E-34 1.617E-23 1.064E-04 5.231E-08 1.359E-06 3.169E-13 5.374E-16
   6.050E+06 2.198E+01 9.461E+14 5.489E-04 1.144E+00 4.412E+04 7.023E-07 6.074E-08 5.266E-06 2.583E-03 4.684E-05 1.805E-08 2.296E-10 2.260E+11 1.376E+03 6.553E+00 5.722E-07 1.108E-07 1.454E-12 6.568E-14 6.933E-13 8.071E-18 5.231E-08 7.539E-18 2.304E-22 2.251E-34 5.851E-24 1.340E-04 5.321E-08 1.360E-06 2.458E-13 5.493E-16
   6.150E+06 1.800E+01 7.771E+14 3.528E-04 7.018E-01 2.885E+04 8.453E-07 7.027E-08 5.359E-06 2.573E-03 4.684E-05 1.443E-08 1.685E-10 1.751E+11 7.422E+02 6.981E+00 5.723E-07 1.110E-07 9.551E-13 4.229E-14 6.087E-13 5.832E-18 5.321E-08 2.858E-18 1.374E-22 6.902E-35 2.115E-24 1.640E-04 5.408E-08 1.362E-06 1.939E-13 5.554E-16
   6.250E+06 1.474E+01 6.377E+14 2.264E-04 4.364E-01 1.811E+04 9.894E-07 7.996E-08 5.439E-06 2.565E-03 4.684E-05 1.107E-08 1.258E-10 1.345E+11 3.964E+02 7.307E+00 5.724E-07 1.111E-07 6.216E-13 2.772E-14 5.334E-13 4.200E-18 5.408E-08 1.133E-18 8.148E-23 2.095E-35 7.660E-25 1.953E-04 5.496E-08 1.364E-06 1.553E-13 5.555E-16
   6.350E+06 1.207E+01 5.228E+14 1.451E-04 2.755E-01 1.097E+04 1.126E-06 8.920E-08 5.508E-06 2.559E-03 4.685E-05 8.202E-09 9.568E-11 1.027E+11 2.102E+02 7.503E+00 5.725E-07 1.112E-07 4.021E-13 1.852E-14 4.675E-13 3.022E-18 5.496E-08 4.711E-19 4.819E-23 6.337E-36 2.799E-25 2.269E-04 5.586E-08 1.366E-06 1.264E-13 5.504E-16
   6.450E+06 9.874E+00 4.285E+14 9.273E-05 1.764E-01 6.452E+03 1.250E-06 9.755E-08 5.564E-06 2.554E-03 4.685E-05 5.897E-09 7.400E-11 7.810E+10 1.110E+02 7.563E+00 5.726E-07 1.113E-07 2.590E-13 1.258E-14 4.102E-13 2.175E-18 5.586E-08 2.045E-19 2.847E-23 1.915E-36 1.033E-25 2.580E-04 5.680E-08 1.369E-06 1.044E-13 5.412E-16
   6.550E+06 8.080E+00 3.506E+14 5.905E-05 1.142E-01 3.687E+03 1.357E-06 1.048E-07 5.610E-06 2.553E-03 4.685E-05 4.119E-09 5.805E-11 5.910E+10 5.834E+01 7.500E+00 5.726E-07 1.113E-07 1.664E-13 8.677E-15 3.606E-13 1.566E-18 5.680E-08 9.207E-20 1.676E-23 5.750E-37 3.857E-26 2.880E-04 5.782E-08 1.371E-06 8.723E-14 5.290E-16
   6.650E+06 6.612E+00 2.867E+14 3.759E-05 7.478E-02 2.060E+03 1.448E-06 1.109E-07 5.647E-06 2.556E-03 4.685E-05 2.811E-09 4.619E-11 4.463E+10 3.066E+01 7.342E+00 5.726E-07 1.114E-07 1.069E-13 6.074E-15 3.182E-13 1.130E-18 5.782E-08 4.297E-20 9.863E-24 1.725E-37 1.464E-26 3.164E-04 5.891E-08 1.374E-06 7.375E-14 5.150E-16
   6.750E+06 5.413E+00 2.345E+14 2.402E-05 4.959E-02 1.135E+03 1.522E-06 1.160E-07 5.676E-06 2.559E-03 4.685E-05 1.890E-09 3.726E-11 3.371E+10 1.618E+01 7.114E+00 5.727E-07 1.114E-07 6.900E-14 4.317E-15 2.823E-13 8.198E-19 5.891E-08 2.076E-20 5.835E-24 5.213E-38 5.679E-27 3.428E-04 6.010E-08 1.378E-06 6.307E-14 5.002E-16
   6.850E+06 4.433E+00 1.915E+14 1.544E-05 3.325E-02 6.136E+02 1.581E-06 1.200E-07 5.699E-06 2.570E-03 4.685E-05 1.247E-09 3.047E-11 2.546E+10 8.573E+00 6.855E+00 5.727E-07 1.114E-07 4.477E-14 3.110E-15 2.523E-13 5.977E-19 6.010E-08 1.038E-20 3.451E-24 1.583E-38 2.257E-27 3.670E-04 6.141E-08 1.382E-06 5.453E-14 4.853E-16
   6.950E+06 3.633E+00 1.562E+14 1.001E-05 2.255E-02 3.271E+02 1.629E-06 1.233E-07 5.717E-06 2.588E-03 4.685E-05 8.090E-10 2.525E-11 1.925E+10 4.575E+00 6.585E+00 5.727E-07 1.114E-07 2.929E-14 2.270E-15 2.274E-13 4.385E-19 6.141E-08 5.368E-21 2.043E-24 4.833E-39 9.233E-28 3.891E-04 6.286E-08 1.386E-06 4.765E-14 4.707E-16
   7.050E+06 2.981E+00 1.275E+14 6.568E-06 1.550E-02 1.738E+02 1.667E-06 1.259E-07 5.731E-06 2.606E-03 4.685E-05 5.230E-10 2.121E-11 1.463E+10 2.480E+00 6.313E+00 5.727E-07 1.115E-07 1.944E-14 1.682E-15 2.069E-13 3.251E-19 6.286E-08 2.869E-21 1.223E-24 1.498E-39 3.895E-28 4.090E-04 6.448E-08 1.391E-06 4.207E-14 4.567E-16
   7.150E+06 2.449E+00 1.040E+14 4.368E-06 1.079E-02 9.162E+01 1.696E-06 1.279E-07 5.742E-06 2.632E-03 4.685E-05 3.346E-10 1.807E-11 1.114E+10 1.365E+00 6.058E+00 5.727E-07 1.115E-07 1.312E-14 1.261E-15 1.903E-13 2.431E-19 6.448E-08 1.591E-21 7.347E-25 4.730E-40 1.710E-28 4.271E-04 6.635E-08 1.396E-06 3.754E-14 4.436E-16
   7.250E+06 2.015E+00 8.476E+13 2.923E-06 7.562E-03 4.778E+01 1.719E-06 1.296E-07 5.750E-06 2.667E-03 4.685E-05 2.114E-10 1.551E-11 8.498E+09 7.659E-01 5.816E+00 5.727E-07 1.115E-07 9.036E-15 9.537E-16 1.765E-13 1.829E-19 6.635E-08 9.033E-22 4.408E-25 1.492E-40 7.679E-29 4.441E-04 6.859E-08 1.402E-06 3.370E-14 4.308E-16
   7.350E+06 1.662E+00 6.914E+13 1.957E-06 5.313E-03 2.486E+01 1.738E-06 1.309E-07 5.757E-06 2.704E-03 4.685E-05 1.329E-10 1.335E-11 6.483E+09 4.418E-01 5.570E+00 5.728E-07 1.115E-07 6.390E-15 7.266E-16 1.646E-13 1.384E-19 6.859E-08 5.149E-22 2.658E-25 4.625E-41 3.451E-29 4.608E-04 7.131E-08 1.410E-06 3.030E-14 4.179E-16
   7.450E+06 1.373E+00 5.643E+13 1.310E-06 3.740E-03 1.288E+01 1.752E-06 1.319E-07 5.762E-06 2.746E-03 4.685E-05 8.311E-11 1.150E-11 4.945E+09 2.644E-01 5.327E+00 5.728E-07 1.115E-07 4.685E-15 5.575E-16 1.547E-13 1.055E-19 7.131E-08 2.943E-22 1.608E-25 1.415E-41 1.552E-29 4.775E-04 7.459E-08 1.418E-06 2.728E-14 4.048E-16
   7.550E+06 1.138E+00 4.603E+13 8.770E-07 2.635E-03 6.610E+00 1.763E-06 1.328E-07 5.766E-06 2.797E-03 4.685E-05 5.134E-11 9.931E-12 3.768E+09 1.659E-01 5.095E+00 5.728E-07 1.115E-07 3.604E-15 4.305E-16 1.466E-13 8.080E-20 7.459E-08 1.687E-22 9.710E-26 4.283E-42 6.987E-30 4.943E-04 7.854E-08 1.428E-06 2.460E-14 3.916E-16
   7.650E+06 9.463E-01 3.759E+13 5.887E-07 1.864E-03 3.387E+00 1.771E-06 1.335E-07 5.769E-06 2.851E-03 4.685E-05 3.160E-11 8.594E-12 2.874E+09 1.108E-01 4.870E+00 5.728E-07 1.115E-07 2.947E-15 3.352E-16 1.401E-13 6.246E-20 7.854E-08 9.713E-23 5.896E-26 1.289E-42 3.157E-30 5.113E-04 8.330E-08 1.440E-06 2.222E-14 3.782E-16
   7.750E+06 7.895E-01 3.077E+13 3.968E-07 1.324E-03 1.737E+00 1.778E-06 1.341E-07 5.771E-06 2.905E-03 4.685E-05 1.944E-11 7.458E-12 2.196E+09 7.960E-02 4.653E+00 5.728E-07 1.115E-07 2.587E-15 2.633E-16 1.352E-13 4.875E-20 8.330E-08 5.619E-23 3.607E-26 3.880E-43 1.431E-30 5.288E-04 8.899E-08 1.454E-06 2.011E-14 3.647E-16
   7.850E+06 6.613E-01 2.517E+13 2.683E-07 9.436E-04 8.823E-01 1.783E-06 1.347E-07 5.773E-06 2.967E-03 4.685E-05 1.182E-11 6.494E-12 1.677E+09 6.203E-02 4.453E+00 5.728E-07 1.115E-07 2.465E-15 2.082E-16 1.316E-13 3.824E-20 8.899E-08 3.272E-23 2.198E-26 1.165E-43 6.540E-31 5.469E-04 9.578E-08 1.469E-06 1.824E-14 3.511E-16
   7.950E+06 5.563E-01 2.063E+13 1.825E-07 6.765E-04 4.475E-01 1.787E-06 1.351E-07 5.774E-06 3.028E-03 4.685E-05 7.164E-12 5.680E-12 1.283E+09 5.264E-02 4.263E+00 5.728E-07 1.115E-07 2.552E-15 1.660E-16 1.290E-13 3.020E-20 9.578E-08 1.921E-23 1.342E-26 3.500E-44 3.012E-31 5.660E-04 1.038E-07 1.486E-06 1.659E-14 3.374E-16
   8.050E+06 4.702E-01 1.697E+13 1.253E-07 4.896E-04 2.267E-01 1.790E-06 1.356E-07 5.775E-06 3.055E-03 4.685E-05 4.373E-12 4.995E-12 9.863E+08 4.835E-02 4.080E+00 5.728E-07 1.115E-07 2.849E-15 1.337E-16 1.273E-13 2.404E-20 1.038E-07 1.143E-23 8.267E-27 1.057E-44 1.398E-31 5.862E-04 1.133E-07 1.506E-06 1.514E-14 3.236E-16
   8.150E+06 3.993E-01 1.399E+13 8.677E-08 3.574E-04 1.142E-01 1.792E-06 1.359E-07 5.776E-06 3.064E-03 4.685E-05 2.664E-12 4.423E-12 7.598E+08 4.836E-02 3.908E+00 5.728E-07 1.115E-07 3.457E-15 1.084E-16 1.261E-13 1.919E-20 1.133E-07 6.988E-24 5.081E-27 3.211E-45 6.592E-32 6.078E-04 1.243E-07 1.527E-06 1.387E-14 3.098E-16
   8.250E+06 3.407E-01 1.158E+13 6.084E-08 2.641E-04 5.799E-02 1.794E-06 1.361E-07 5.777E-06 3.072E-03 4.685E-05 1.631E-12 3.950E-12 5.879E+08 5.239E-02 3.745E+00 5.728E-07 1.115E-07 4.526E-15 8.858E-17 1.252E-13 1.537E-20 1.243E-07 4.541E-24 3.130E-27 9.834E-46 3.160E-32 6.309E-04 1.371E-07 1.550E-06 1.275E-14 2.959E-16
   8.350E+06 2.922E-01 9.627E+12 4.335E-08 1.983E-04 3.001E-02 1.796E-06 1.364E-07 5.777E-06 3.079E-03 4.685E-05 1.012E-12 3.565E-12 4.578E+08 6.026E-02 3.587E+00 5.728E-07 1.115E-07 6.259E-15 7.305E-17 1.245E-13 1.238E-20 1.371E-07 3.385E-24 1.948E-27 3.054E-46 1.548E-32 6.558E-04 1.518E-07 1.575E-06 1.177E-14 2.822E-16
   8.450E+06 2.517E-01 8.042E+12 3.143E-08 1.514E-04 1.576E-02 1.797E-06 1.367E-07 5.778E-06 3.086E-03 4.685E-05 6.350E-13 3.259E-12 3.585E+08 7.331E-02 3.437E+00 5.728E-07 1.115E-07 9.116E-15 6.069E-17 1.240E-13 1.001E-20 1.518E-07 3.210E-24 1.226E-27 9.666E-47 7.788E-33 6.826E-04 1.686E-07 1.601E-06 1.092E-14 2.686E-16
   8.550E+06 2.178E-01 6.748E+12 2.326E-08 1.180E-04 8.409E-03 1.798E-06 1.369E-07 5.778E-06 3.093E-03 4.685E-05 4.029E-13 3.025E-12 2.826E+08 9.294E-02 3.294E+00 5.728E-07 1.115E-07 1.377E-14 5.079E-17 1.235E-13 8.111E-21 1.686E-07 3.991E-24 8.443E-28 3.158E-47 4.067E-33 7.115E-04 1.878E-07 1.629E-06 1.019E-14 2.553E-16
   8.650E+06 1.894E-01 5.671E+12 1.757E-08 9.365E-05 4.486E-03 1.799E-06 1.372E-07 5.778E-06 3.100E-03 4.685E-05 2.551E-13 2.858E-12 2.235E+08 1.263E-01 3.164E+00 5.728E-07 1.115E-07 2.227E-14 4.264E-17 1.231E-13 6.556E-21 1.878E-07 5.947E-24 4.946E-28 1.031E-47 2.238E-33 7.424E-04 2.094E-07 1.659E-06 9.552E-15 2.423E-16
   8.750E+06 1.656E-01 4.738E+12 1.349E-08 7.532E-05 2.298E-03 1.800E-06 1.376E-07 5.778E-06 3.111E-03 4.685E-05 1.559E-13 2.751E-12 1.760E+08 2.040E-01 3.055E+00 5.728E-07 1.115E-07 4.306E-14 3.555E-17 1.227E-13 5.204E-21 2.094E-07 9.566E-24 2.849E-28 3.365E-48 1.323E-33 7.756E-04 2.334E-07 1.689E-06 9.003E-15 2.298E-16
   8.850E+06 1.458E-01 3.959E+12 1.058E-08 6.181E-05 1.160E-03 1.800E-06 1.380E-07 5.779E-06 3.123E-03 4.685E-05 9.385E-14 2.701E-12 1.390E+08 3.631E-01 2.959E+00 5.728E-07 1.115E-07 9.171E-14 2.957E-17 1.223E-13 4.095E-21 2.334E-07 1.561E-23 1.645E-28 1.111E-48 8.645E-34 8.107E-04 2.596E-07 1.719E-06 8.526E-15 2.177E-16
   8.950E+06 1.291E-01 3.315E+12 8.498E-09 5.182E-05 5.822E-04 1.801E-06 1.384E-07 5.779E-06 3.130E-03 4.685E-05 5.610E-14 2.705E-12 1.103E+08 6.871E-01 2.873E+00 5.728E-07 1.115E-07 2.072E-13 2.456E-17 1.218E-13 3.200E-21 2.596E-07 2.515E-23 9.035E-29 3.717E-49 6.362E-34 8.475E-04 2.880E-07 1.747E-06 8.112E-15 2.063E-16
   9.050E+06 1.153E-01 2.739E+12 6.877E-09 4.365E-05 2.684E-04 1.798E-06 1.050E-07 5.779E-06 3.134E-03 4.685E-05 3.127E-14 2.758E-12 8.648E+07 1.667E+00 2.808E+00 5.728E-07 1.115E-07 6.087E-13 1.991E-17 1.214E-13 2.400E-21 2.880E-07 3.973E-23 2.537E-29 1.248E-49 5.258E-34 8.859E-04 3.177E-07 1.773E-06 7.747E-15 1.956E-16
   9.150E+06 1.039E-01 2.259E+12 5.665E-09 3.729E-05 1.199E-04 1.799E-06 1.050E-07 5.779E-06 3.139E-03 4.685E-05 1.691E-14 2.856E-12 6.789E+07 4.335E+00 2.757E+00 5.728E-07 1.115E-07 1.919E-12 1.595E-17 1.210E-13 1.765E-21 3.177E-07 6.110E-23-9.650E-29 4.172E-50 4.728E-34 9.249E-04 3.480E-07 1.793E-06 7.421E-15 1.857E-16
   9.250E+06 9.449E-02 1.887E+12 4.787E-09 3.264E-05 5.571E-05 1.799E-06 1.050E-07 5.779E-06 3.144E-03 4.685E-05 9.391E-15 2.993E-12 5.414E+07 1.014E+01 2.704E+00 5.728E-07 1.115E-07 5.371E-12 1.286E-17 1.206E-13 1.309E-21 3.480E-07 9.116E-23-2.015E-29 1.575E-50 4.407E-34 9.637E-04 3.783E-07 1.807E-06 7.130E-15 1.768E-16
   9.350E+06 8.660E-02 1.580E+12 4.097E-09 2.888E-05 2.584E-05 1.799E-06 1.050E-07 5.779E-06 3.150E-03 4.685E-05 5.191E-15 3.163E-12 4.338E+07 2.368E+01 2.657E+00 5.728E-07 1.115E-07 1.499E-11 1.029E-17 1.202E-13 9.594E-22 3.783E-07 1.325E-22 2.516E-30 6.321E-51 4.140E-34 1.002E-03 4.079E-07 1.815E-06 6.865E-15 1.687E-16
   9.450E+06 7.996E-02 1.332E+12 3.554E-09 2.585E-05 1.256E-05 1.799E-06 1.050E-07 5.779E-06 3.252E-03 4.685E-05 2.900E-15 3.359E-12 3.508E+07 5.231E+01 2.612E+00 5.728E-07 1.115E-07 3.928E-11 8.213E-18 1.198E-13 7.021E-22 4.079E-07 1.874E-22 1.738E-30 2.634E-51 3.856E-34 1.039E-03 4.357E-07 1.817E-06 6.622E-15 1.615E-16
   9.550E+06 7.434E-02 1.139E+12 3.133E-09 2.349E-05 6.396E-06 1.799E-06 1.050E-07 5.779E-06 3.328E-03 4.685E-05 1.688E-15 3.570E-12 2.886E+07 1.020E+02 2.564E+00 5.728E-07 1.115E-07 8.957E-11 6.628E-18 1.195E-13 5.234E-22 4.357E-07 2.576E-22 1.384E-30 1.393E-51 3.545E-34 1.076E-03 4.606E-07 1.814E-06 6.398E-15 1.551E-16
   9.650E+06 6.950E-02 9.854E+11 2.789E-09 2.153E-05 3.350E-06 1.799E-06 1.050E-07 5.779E-06 3.328E-03 4.685E-05 1.022E-15 3.781E-12 2.409E+07 1.809E+02 2.516E+00 5.728E-07 1.115E-07 1.836E-10 5.387E-18 1.191E-13 3.965E-22 4.606E-07 3.429E-22 8.996E-31 6.674E-52 3.226E-34 1.110E-03 4.816E-07 1.808E-06 6.190E-15 1.494E-16
   9.750E+06 6.529E-02 8.615E+11 2.489E-09 1.977E-05 1.838E-06 1.799E-06 1.050E-07 5.779E-06 3.328E-03 4.685E-05 6.412E-16 3.970E-12 2.035E+07 2.971E+02 2.467E+00 5.728E-07 1.115E-07 3.449E-10 4.396E-18 1.188E-13 3.048E-22 4.816E-07 4.383E-22 5.190E-31 3.915E-52 2.927E-34 1.144E-03 4.969E-07 1.799E-06 5.995E-15 1.443E-16
   9.850E+06 6.159E-02 7.607E+11 2.209E-09 1.803E-05 1.063E-06 1.799E-06 1.050E-07 5.779E-06 3.328E-03 4.685E-05 4.201E-16 4.102E-12 1.739E+07 4.536E+02 2.418E+00 5.728E-07 1.115E-07 5.963E-10 3.597E-18 1.185E-13 2.384E-22 4.969E-07 5.296E-22 3.003E-31 2.251E-52 2.665E-34 1.176E-03 5.051E-07 1.789E-06 5.810E-15 1.398E-16
   9.950E+06 5.831E-02 6.808E+11 1.935E-09 1.623E-05 6.868E-07 1.799E-06 1.050E-07 5.779E-06 3.328E-03 4.685E-05 3.032E-16 4.126E-12 1.508E+07 6.185E+02 2.368E+00 5.728E-07 1.115E-07 9.085E-10 2.983E-18 1.182E-13 1.943E-22 5.051E-07 5.895E-22 1.930E-31 1.550E-52 2.456E-34 1.207E-03 0.000E+00 1.781E-06 5.636E-15 1.356E-16
