
     Z         PRESS      DEN     ProOH1    ProOH25    ProO3D    PO2D       PO2      PH2O      PO3D      PH2O2     FO3      FH2O      NumO2      NumOH      NumO1D     PN2O     PCH3CL      FOH      FHO2      FNO     FNO2      FH    FH2O2     FNO3    FN2O5    FHNO3      FO       FN      FH2     FCH4    FN2O
   5.000E+04 9.558E+05 2.433E+19 3.416E+05 1.011E+04 2.888E+06 0.000E+00 6.909E-14 3.848E-14 1.320E-05 2.693E-06 8.990E-09 1.080E-02 5.177E+15 3.273E+06 3.949E-03 1.105E-10 1.459E-12 1.345E-13 1.044E-11 8.917E-12 1.794E-11 5.536E-18 7.127E-10 7.817E-15 1.083E-16 9.364E-11 2.581E-14 4.694E-18 5.000E-07 8.080E-07 2.730E-07
   1.500E+05 8.471E+05 2.181E+19 2.729E+05 1.674E+04 2.903E+06 0.000E+00 1.282E-13 9.178E-14 1.481E-05 2.983E-06 8.986E-09 8.363E-03 4.886E+15 2.578E+06 4.532E-03 2.257E-10 3.573E-12 1.182E-13 1.019E-11 3.570E-12 6.237E-12 4.694E-18 7.308E-10 4.312E-15 2.677E-17 8.423E-11 2.997E-14 4.317E-18 4.993E-07 8.046E-07 2.724E-07
   2.500E+05 7.493E+05 1.970E+19 1.884E+05 2.152E+04 3.055E+06 0.000E+00 2.113E-13 2.054E-13 1.612E-05 3.252E-06 9.620E-09 5.318E-03 4.648E+15 2.278E+06 5.421E-03 4.134E-10 7.847E-12 1.156E-13 9.654E-12 2.456E-12 3.608E-12 4.317E-18 7.161E-10 3.121E-15 1.767E-17 7.744E-11 3.619E-14 4.503E-18 4.988E-07 8.019E-07 2.716E-07
   3.500E+05 6.612E+05 1.771E+19 1.348E+05 2.627E+04 3.377E+06 0.000E+00 3.249E-13 4.394E-13 1.724E-05 3.504E-06 1.106E-08 3.375E-03 4.403E+15 2.226E+06 6.767E-03 7.021E-10 1.570E-11 1.256E-13 9.610E-12 2.451E-12 3.151E-12 4.503E-18 6.739E-10 2.864E-15 2.233E-17 7.340E-11 4.761E-14 4.781E-18 4.985E-07 7.997E-07 2.709E-07
   4.500E+05 5.821E+05 1.591E+19 9.062E+04 2.854E+04 3.821E+06 0.000E+00 4.735E-13 9.065E-13 1.810E-05 3.742E-06 1.327E-08 1.979E-03 4.167E+15 2.218E+06 8.596E-03 1.122E-09 2.907E-11 1.394E-13 9.509E-12 2.945E-12 3.338E-12 4.781E-18 6.081E-10 2.925E-15 4.126E-17 7.098E-11 6.504E-14 4.910E-18 4.983E-07 7.978E-07 2.700E-07
   5.500E+05 5.110E+05 1.430E+19 5.450E+04 2.640E+04 4.315E+06 0.000E+00 6.568E-13 1.764E-12 1.871E-05 3.965E-06 1.612E-08 1.047E-03 3.945E+15 2.187E+06 1.081E-02 1.690E-09 4.965E-11 1.530E-13 9.067E-12 3.760E-12 3.707E-12 4.910E-18 5.209E-10 3.069E-15 9.106E-17 6.893E-11 8.896E-14 4.746E-18 4.982E-07 7.964E-07 2.691E-07
   6.500E+05 4.472E+05 1.284E+19 2.859E+04 2.026E+04 4.770E+06 0.000E+00 8.676E-13 3.182E-12 1.909E-05 4.176E-06 1.946E-08 4.958E-04 3.733E+15 2.086E+06 1.324E-02 2.388E-09 7.778E-11 1.624E-13 8.202E-12 4.641E-12 3.888E-12 4.746E-18 4.201E-10 3.117E-15 2.047E-16 6.622E-11 1.197E-13 4.305E-18 4.982E-07 7.953E-07 2.681E-07
   7.500E+05 3.899E+05 1.153E+19 1.285E+04 1.282E+04 5.127E+06 0.000E+00 1.095E-12 5.357E-12 1.924E-05 4.373E-06 2.312E-08 2.077E-04 3.527E+15 1.911E+06 1.572E-02 3.178E-09 1.126E-10 1.658E-13 7.023E-12 5.473E-12 3.789E-12 4.305E-18 3.189E-10 3.023E-15 4.611E-16 6.290E-11 1.577E-13 3.858E-18 4.983E-07 7.944E-07 2.671E-07
   8.500E+05 3.386E+05 1.032E+19 4.893E+03 6.567E+03 5.357E+06 2.249-116 1.328E-12 8.375E-12 1.919E-05 4.559E-06 2.706E-08 7.600E-05 3.323E+15 1.758E+06 1.812E-02 4.014E-09 1.519E-10 1.704E-13 5.768E-12 6.893E-12 3.852E-12 3.858E-18 2.302E-10 2.974E-15 1.225E-15 6.016E-11 2.043E-13 3.603E-18 4.983E-07 7.937E-07 2.660E-07
   9.500E+05 2.927E+05 9.205E+18 1.507E+03 2.552E+03 5.497E+06 1.480E-60 1.559E-12 1.208E-11 1.901E-05 4.732E-06 3.142E-08 2.295E-05 3.128E+15 1.692E+06 2.054E-02 4.862E-09 1.932E-10 1.838E-13 4.599E-12 9.577E-12 4.264E-12 3.603E-18 1.598E-10 3.097E-15 3.512E-15 5.883E-11 2.628E-13 3.390E-18 4.984E-07 7.931E-07 2.649E-07
   1.050E+06 2.519E+05 8.173E+18 3.136E+02 5.978E+02 5.783E+06 3.377E-44 1.786E-12 1.602E-11 1.871E-05 4.892E-06 3.782E-08 4.564E-06 2.992E+15 1.655E+06 2.398E-02 5.708E-09 2.347E-10 2.024E-13 3.495E-12 1.368E-11 4.942E-12 3.390E-18 1.000E-10 3.410E-15 8.143E-15 5.942E-11 3.463E-13 3.231E-18 4.985E-07 7.924E-07 2.632E-07
   1.150E+06 2.158E+05 7.209E+18 3.474E+02 6.332E+02 6.726E+06 2.226E-40 2.014E-12 2.008E-11 1.837E-05 5.042E-06 5.080E-08 4.374E-06 3.062E+15 1.722E+06 3.116E-02 6.561E-09 2.764E-10 2.388E-13 2.756E-12 1.898E-11 6.228E-12 3.231E-18 5.312E-11 4.436E-15 1.308E-14 6.526E-11 4.813E-13 2.554E-18 4.986E-07 7.911E-07 2.600E-07
   1.250E+06 1.841E+05 6.308E+18 4.144E+02 6.077E+02 8.980E+06 3.668E-37 2.254E-12 2.452E-11 1.819E-05 5.182E-06 7.825E-08 3.928E-06 3.536E+15 1.712E+06 4.693E-02 7.448E-09 3.200E-10 2.715E-13 2.210E-12 2.533E-11 8.799E-12 2.554E-18 2.620E-11 6.756E-15 2.562E-14 8.051E-11 6.915E-13 1.674E-18 4.988E-07 7.889E-07 2.534E-07
   1.350E+06 1.564E+05 5.476E+18 4.573E+02 4.858E+02 1.306E+07 1.301E-34 2.522E-12 2.962E-11 1.815E-05 5.316E-06 1.314E-07 2.995E-06 4.606E+15 1.604E+06 7.774E-02 8.418E-09 3.680E-10 2.929E-13 1.828E-12 3.441E-11 1.428E-11 1.674E-18 1.434E-11 1.158E-14 6.416E-14 1.109E-10 9.785E-13 1.002E-18 4.992E-07 7.850E-07 2.417E-07
   1.450E+06 1.325E+05 4.726E+18 4.473E+02 3.443E+02 1.891E+07 1.111E-32 2.844E-12 3.586E-11 1.825E-05 5.449E-06 2.193E-07 2.031E-06 6.234E+15 1.365E+06 1.291E-01 9.555E-09 4.242E-10 2.889E-13 1.468E-12 5.024E-11 2.532E-11 1.002E-18 8.214E-12 1.916E-14 1.657E-13 1.559E-10 1.342E-12 6.561E-19 4.997E-07 7.794E-07 2.245E-07
   1.550E+06 1.119E+05 4.063E+18 4.197E+02 2.502E+02 2.591E+07 3.935E-31 3.260E-12 4.408E-11 1.852E-05 5.586E-06 3.444E-07 1.397E-06 8.114E+15 1.127E+06 2.038E-01 1.098E-08 4.951E-10 2.773E-13 1.184E-12 7.586E-11 4.434E-11 6.561E-19 4.840E-12 2.873E-14 3.720E-13 2.074E-10 1.813E-12 5.150E-19 5.004E-07 7.721E-07 2.032E-07
   1.650E+06 9.427E+04 3.481E+18 3.843E+02 1.879E+02 3.427E+07 9.574E-30 3.828E-12 5.561E-11 1.936E-05 5.735E-06 5.086E-07 9.709E-07 9.962E+15 9.675E+05 3.115E-01 1.287E-08 5.895E-10 2.779E-13 1.021E-12 1.118E-10 7.202E-11 5.150E-19 3.202E-12 4.024E-14 7.080E-13 2.567E-10 2.457E-12 5.043E-19 5.011E-07 7.628E-07 1.793E-07
   1.750E+06 7.917E+04 2.970E+18 3.520E+02 1.509E+02 4.369E+07 2.001E-28 4.631E-12 7.251E-11 2.072E-05 5.906E-06 7.099E-07 7.006E-07 1.147E+16 9.061E+05 4.611E-01 1.546E-08 7.198E-10 3.051E-13 9.980E-13 1.543E-10 1.049E-10 5.043E-19 2.648E-12 5.431E-14 1.142E-12 2.969E-10 3.390E-12 6.101E-19 5.019E-07 7.517E-07 1.544E-07
   1.850E+06 6.632E+04 2.521E+18 3.413E+02 1.352E+02 5.444E+07 3.975E-27 5.781E-12 9.800E-11 2.275E-05 6.107E-06 9.489E-07 5.471E-07 1.246E+16 9.383E+05 6.714E-01 1.903E-08 9.025E-10 3.722E-13 1.136E-12 1.962E-10 1.378E-10 6.101E-19 2.878E-12 7.275E-14 1.610E-12 3.262E-10 4.813E-12 8.861E-19 5.027E-07 7.388E-07 1.299E-07
   1.950E+06 5.544E+04 2.129E+18 3.634E+02 1.383E+02 6.707E+07 7.638E-26 7.437E-12 1.370E-10 2.575E-05 6.351E-06 1.223E-06 4.742E-07 1.288E+16 1.065E+06 9.736E-01 2.397E-08 1.159E-09 5.005E-13 1.488E-12 2.306E-10 1.654E-10 8.861E-19 4.008E-12 9.742E-14 2.027E-12 3.442E-10 7.056E-12 1.481E-18 5.035E-07 7.242E-07 1.068E-07
   2.050E+06 4.628E+04 1.790E+18 4.185E+02 1.578E+02 8.205E+07 1.379E-24 9.814E-12 1.971E-10 3.006E-05 6.655E-06 1.525E-06 4.473E-07 1.276E+16 1.292E+06 1.410E+00 3.072E-08 1.518E-09 7.220E-13 2.139E-12 2.547E-10 1.848E-10 1.481E-18 6.491E-12 1.287E-13 2.288E-12 3.494E-10 1.061E-11 2.732E-18 5.044E-07 7.084E-07 8.615E-08
   2.150E+06 3.859E+04 1.501E+18 5.038E+02 1.925E+02 1.000E+08 2.240E-23 1.320E-11 2.898E-10 3.610E-05 7.036E-06 1.845E-06 4.425E-07 1.224E+16 1.625E+06 2.041E+00 3.979E-08 2.013E-09 1.082E-12 3.189E-12 2.692E-10 1.957E-10 2.732E-18 1.101E-11 1.647E-13 2.319E-12 3.409E-10 1.619E-11 5.405E-18 5.053E-07 6.915E-07 6.812E-08
   2.250E+06 3.215E+04 1.257E+18 6.165E+02 2.425E+02 1.214E+08 3.143E-22 1.797E-11 4.317E-10 4.449E-05 7.518E-06 2.170E-06 4.469E-07 1.145E+16 2.067E+06 2.949E+00 5.174E-08 2.683E-09 1.644E-12 4.714E-12 2.762E-10 1.987E-10 5.405E-18 1.804E-11 2.007E-13 2.099E-12 3.192E-10 2.491E-11 1.127E-17 5.063E-07 6.737E-07 5.284E-08
   2.350E+06 2.675E+04 1.052E+18 7.557E+02 3.093E+02 1.463E+08 3.690E-21 2.460E-11 6.465E-10 5.610E-05 8.129E-06 2.480E-06 4.550E-07 1.050E+16 2.622E+06 4.237E+00 6.707E-08 3.571E-09 2.494E-12 6.722E-12 2.777E-10 1.948E-10 1.127E-17 2.720E-11 2.294E-13 1.683E-12 2.871E-10 3.846E-11 2.446E-17 5.075E-07 6.552E-07 4.027E-08
   2.450E+06 2.225E+04 8.788E+17 9.191E+02 3.938E+02 1.747E+08 3.541E-20 3.368E-11 9.657E-10 7.212E-05 8.902E-06 2.757E-06 4.640E-07 9.479E+15 3.298E+06 6.036E+00 8.614E-08 4.715E-09 3.753E-12 9.134E-12 2.750E-10 1.842E-10 2.446E-17 3.698E-11 2.428E-13 1.184E-12 2.481E-10 5.949E-11 5.516E-17 5.090E-07 6.361E-07 3.018E-08
   2.550E+06 1.849E+04 7.337E+17 1.110E+03 4.981E+02 2.062E+08 2.740E-19 4.588E-11 1.428E-09 9.418E-05 9.876E-06 2.984E-06 4.754E-07 8.454E+15 4.118E+06 8.506E+00 1.090E-07 6.140E-09 5.612E-12 1.184E-11 2.683E-10 1.673E-10 5.516E-17 4.546E-11 2.359E-13 7.220E-13 2.059E-10 9.227E-11 1.289E-16 5.107E-07 6.163E-07 2.226E-08
   2.650E+06 1.535E+04 6.119E+17 1.330E+03 6.234E+02 2.397E+08 1.705E-18 6.197E-11 2.077E-09 1.246E-04 1.110E-05 3.144E-06 4.906E-07 7.465E+15 5.116E+06 1.182E+01 1.355E-07 7.852E-09 8.360E-12 1.471E-11 2.572E-10 1.444E-10 1.289E-16 5.105E-11 2.090E-13 3.764E-13 1.634E-10 1.436E-10 3.118E-16 5.130E-07 5.960E-07 1.617E-08
   2.750E+06 1.273E+04 5.097E+17 1.591E+03 7.750E+02 2.736E+08 8.579E-18 8.279E-11 2.955E-09 1.667E-04 1.262E-05 3.220E-06 5.145E-07 6.535E+15 6.342E+06 1.616E+01 1.648E-07 9.831E-09 1.244E-11 1.768E-11 2.416E-10 1.172E-10 3.118E-16 5.328E-11 1.686E-13 1.664E-13 1.232E-10 2.245E-10 7.780E-16 5.160E-07 5.752E-07 1.162E-08
   2.850E+06 1.055E+04 4.240E+17 1.906E+03 9.593E+02 3.059E+08 3.542E-17 1.092E-10 4.101E-09 2.261E-04 1.451E-05 3.190E-06 5.516E-07 5.678E+15 7.842E+06 2.168E+01 1.960E-07 1.202E-08 1.849E-11 2.077E-11 2.220E-10 8.881E-11 7.780E-16 5.275E-11 1.244E-13 6.230E-14 8.756E-11 3.522E-10 1.974E-15 5.199E-07 5.541E-07 8.278E-09
   2.950E+06 8.746E+03 3.522E+17 2.248E+03 1.159E+03 3.354E+08 1.223E-16 1.416E-10 5.544E-09 3.141E-04 1.685E-05 3.031E-06 5.936E-07 4.903E+15 9.569E+06 2.860E+01 2.273E-07 1.435E-08 2.717E-11 2.397E-11 1.993E-10 6.246E-11 1.974E-15 5.036E-11 8.433E-14 1.980E-14 5.776E-11 5.542E-10 5.051E-15 5.251E-07 5.325E-07 5.852E-09
   3.050E+06 7.245E+03 2.921E+17 2.592E+03 1.354E+03 3.619E+08 3.606E-16 1.796E-10 7.312E-09 4.537E-04 1.973E-05 2.731E-06 6.338E-07 4.210E+15 1.140E+07 3.722E+01 2.572E-07 1.671E-08 3.904E-11 2.747E-11 1.760E-10 4.065E-11 5.051E-15 4.741E-11 5.268E-14 5.345E-15 3.488E-11 8.784E-10 1.274E-14 5.320E-07 5.107E-07 4.123E-09
   3.150E+06 6.002E+03 2.419E+17 2.885E+03 1.533E+03 3.802E+08 9.277E-16 2.215E-10 9.447E-09 6.765E-04 2.323E-05 2.324E-06 6.711E-07 3.596E+15 1.308E+07 4.726E+01 2.840E-07 1.902E-08 5.408E-11 3.162E-11 1.540E-10 2.445E-11 1.274E-14 4.516E-11 3.025E-14 1.227E-15 1.902E-11 1.397E-09 3.035E-14 5.409E-07 4.891E-07 2.914E-09
   3.250E+06 4.973E+03 2.002E+17 3.008E+03 1.697E+03 3.773E+08 2.127E-15 2.643E-10 1.203E-08 9.929E-04 2.721E-05 1.898E-06 7.047E-07 3.060E+15 1.420E+07 5.672E+01 3.069E-07 2.122E-08 7.093E-11 3.658E-11 1.334E-10 1.372E-11 3.035E-14 4.399E-11 1.595E-14 2.429E-16 9.310E-12 2.180E-09 6.656E-14 5.525E-07 4.678E-07 2.067E-09
   3.350E+06 4.122E+03 1.657E+17 2.898E+03 1.847E+03 3.490E+08 4.427E-15 3.058E-10 1.519E-08 1.370E-03 3.133E-05 1.538E-06 7.339E-07 2.599E+15 1.461E+07 6.341E+01 3.261E-07 2.333E-08 8.818E-11 4.230E-11 1.146E-10 7.432E-12 6.656E-14 4.363E-11 7.948E-15 4.444E-17 4.230E-12 3.282E-09 1.350E-13 5.673E-07 4.470E-07 1.474E-09
   3.450E+06 3.417E+03 1.373E+17 2.601E+03 1.990E+03 3.036E+08 8.476E-15 3.457E-10 1.912E-08 1.754E-03 3.521E-05 1.260E-06 7.579E-07 2.204E+15 1.449E+07 6.651E+01 3.423E-07 2.541E-08 1.055E-10 4.862E-11 9.860E-11 4.057E-12 1.350E-13 4.386E-11 3.927E-15 8.271E-18 1.888E-12 4.735E-09 2.566E-13 5.857E-07 4.267E-07 1.059E-09
   3.550E+06 2.832E+03 1.140E+17 2.199E+03 2.124E+03 2.507E+08 1.508E-14 3.847E-10 2.400E-08 2.104E-03 3.861E-05 1.045E-06 7.765E-07 1.867E+15 1.404E+07 6.610E+01 3.563E-07 2.749E-08 1.232E-10 5.551E-11 8.585E-11 2.313E-12 2.566E-13 4.462E-11 1.995E-15 1.686E-18 8.676E-13 6.545E-09 4.616E-13 6.080E-07 4.071E-07 7.687E-10
   3.650E+06 2.347E+03 9.476E+16 1.767E+03 2.248E+03 1.983E+08 2.509E-14 4.242E-10 3.004E-08 2.397E-03 4.143E-05 8.731E-07 7.899E-07 1.580E+15 1.344E+07 6.273E+01 3.686E-07 2.963E-08 1.418E-10 6.302E-11 7.627E-11 1.407E-12 4.616E-13 4.605E-11 1.066E-15 3.942E-19 4.243E-13 8.679E-09 7.981E-13 6.340E-07 3.879E-07 5.658E-10
   3.750E+06 1.944E+03 7.885E+16 1.360E+03 2.354E+03 1.512E+08 3.948E-14 4.654E-10 3.738E-08 2.624E-03 4.368E-05 7.304E-07 7.987E-07 1.336E+15 1.280E+07 5.727E+01 3.796E-07 3.185E-08 1.623E-10 7.147E-11 6.937E-11 9.197E-13 7.981E-13 4.833E-11 6.033E-16 1.068E-19 2.234E-13 1.111E-08 1.344E-12 6.640E-07 3.690E-07 4.221E-10
   3.850E+06 1.608E+03 6.562E+16 1.009E+03 2.431E+03 1.117E+08 5.984E-14 5.102E-10 4.612E-08 2.792E-03 4.542E-05 6.094E-07 8.035E-07 1.128E+15 1.218E+07 5.065E+01 3.896E-07 3.417E-08 1.856E-10 8.124E-11 6.465E-11 6.463E-13 1.344E-12 5.166E-11 3.621E-16 3.339E-20 1.269E-13 1.384E-08 2.229E-12 6.982E-07 3.497E-07 3.189E-10
   3.950E+06 1.329E+03 5.456E+16 7.262E+02 2.474E+03 8.033E+07 9.320E-14 5.598E-10 5.632E-08 2.910E-03 4.672E-05 5.060E-07 8.051E-07 9.500E+14 1.162E+07 4.365E+01 3.989E-07 3.660E-08 2.129E-10 9.279E-11 6.176E-11 4.873E-13 2.229E-12 5.621E-11 2.304E-16 1.198E-20 7.770E-14 1.687E-08 3.670E-12 7.366E-07 3.299E-07 2.442E-10
   4.050E+06 1.097E+03 4.530E+16 5.088E+02 2.480E+03 5.647E+07 1.808E-13 6.159E-10 6.811E-08 2.989E-03 4.768E-05 4.170E-07 8.038E-07 7.977E+14 1.112E+07 3.681E+01 4.077E-07 3.915E-08 2.454E-10 1.066E-10 6.038E-11 3.926E-13 3.670E-12 6.211E-11 1.548E-16 4.861E-21 5.088E-14 2.025E-08 6.034E-12 7.795E-07 3.091E-07 1.891E-10
   4.150E+06 9.044E+02 3.754E+16 3.481E+02 2.462E+03 3.885E+07 5.099E-13 6.798E-10 8.195E-08 3.041E-03 4.838E-05 3.403E-07 8.001E-07 6.677E+14 1.069E+07 3.047E+01 4.160E-07 4.179E-08 2.847E-10 1.235E-10 6.029E-11 3.368E-13 6.034E-12 6.975E-11 1.095E-16 2.206E-21 3.549E-14 2.402E-08 9.955E-12 8.275E-07 2.868E-07 1.478E-10
   4.250E+06 7.452E+02 3.105E+16 2.323E+02 2.456E+03 2.614E+07 1.695E-12 7.533E-10 9.956E-08 3.075E-03 4.888E-05 2.737E-07 7.943E-07 5.573E+14 1.039E+07 2.473E+01 4.238E-07 4.453E-08 3.344E-10 1.452E-10 6.133E-11 3.080E-13 9.955E-12 8.038E-11 8.151E-17 1.119E-21 2.652E-14 2.811E-08 1.656E-11 8.807E-07 2.628E-07 1.165E-10
   4.350E+06 6.137E+02 2.564E+16 1.504E+02 2.525E+03 1.709E+07 5.220E-12 8.386E-10 1.252E-07 3.098E-03 4.923E-05 2.152E-07 7.866E-07 4.638E+14 1.031E+07 1.956E+01 4.314E-07 4.732E-08 4.022E-10 1.751E-10 6.333E-11 3.031E-13 1.656E-11 9.689E-11 6.428E-17 6.427E-22 2.163E-14 3.226E-08 2.790E-11 9.387E-07 2.373E-07 9.265E-11
   4.450E+06 5.052E+02 2.114E+16 9.397E+01 2.739E+03 1.081E+07 1.378E-11 9.392E-10 1.668E-07 3.114E-03 4.948E-05 1.643E-07 7.767E-07 3.851E+14 1.057E+07 1.501E+01 4.386E-07 5.016E-08 5.002E-10 2.188E-10 6.614E-11 3.240E-13 2.790E-11 1.242E-10 5.412E-17 4.247E-22 1.960E-14 3.607E-08 4.765E-11 1.002E-06 2.102E-07 7.411E-11
   4.550E+06 4.159E+02 1.741E+16 5.706E+01 3.132E+03 6.668E+06 3.111E-11 1.060E-09 2.355E-07 3.124E-03 4.966E-05 1.226E-07 7.639E-07 3.192E+14 1.118E+07 1.124E+01 4.454E-07 5.303E-08 6.419E-10 2.826E-10 6.957E-11 3.723E-13 4.765E-11 1.682E-10 4.842E-17 3.181E-22 1.953E-14 3.948E-08 8.251E-11 1.070E-06 1.818E-07 5.937E-11
   4.650E+06 3.423E+02 1.434E+16 3.429E+01 3.676E+03 4.085E+06 6.121E-11 1.205E-09 3.430E-07 3.132E-03 4.978E-05 9.097E-08 7.475E-07 2.644E+14 1.200E+07 8.385E+00 4.520E-07 5.591E-08 8.369E-10 3.708E-10 7.337E-11 4.425E-13 8.251E-11 2.335E-10 4.486E-17 2.537E-22 2.033E-14 4.306E-08 1.444E-10 1.142E-06 1.533E-07 4.759E-11
   4.750E+06 2.817E+02 1.181E+16 2.078E+01 4.273E+03 2.534E+06 1.071E-10 1.381E-09 4.985E-07 3.136E-03 4.988E-05 6.844E-08 7.262E-07 2.188E+14 1.283E+07 6.352E+00 4.583E-07 5.881E-08 1.087E-09 4.842E-10 7.730E-11 5.215E-13 1.444E-10 3.207E-10 4.172E-17 2.004E-22 2.093E-14 4.763E-08 2.540E-10 1.217E-06 1.258E-07 3.803E-11
   4.850E+06 2.319E+02 9.720E+15 1.283E+01 4.790E+03 1.610E+06 1.700E-10 1.592E-09 7.052E-07 3.138E-03 4.995E-05 5.276E-08 6.987E-07 1.810E+14 1.348E+07 4.952E+00 4.643E-07 6.172E-08 1.387E-09 6.199E-10 8.116E-11 5.926E-13 2.540E-10 4.253E-10 3.798E-17 1.488E-22 2.047E-14 5.400E-08 4.466E-10 1.293E-06 1.003E-07 3.016E-11
   4.950E+06 1.909E+02 8.005E+15 8.101E+00 5.104E+03 1.050E+06 2.488E-10 1.842E-09 9.600E-07 3.139E-03 5.001E-05 4.180E-08 6.642E-07 1.496E+14 1.382E+07 3.992E+00 4.701E-07 6.465E-08 1.726E-09 7.716E-10 8.472E-11 6.399E-13 4.466E-10 5.374E-10 3.325E-17 1.007E-22 1.866E-14 6.290E-08 7.808E-10 1.371E-06 7.792E-08 2.366E-11
   5.050E+06 1.571E+02 6.593E+15 5.213E+00 5.144E+03 7.026E+05 3.407E-10 2.134E-09 1.253E-06 3.137E-03 5.006E-05 3.397E-08 6.224E-07 1.237E+14 1.376E+07 3.327E+00 4.757E-07 6.761E-08 2.087E-09 9.307E-10 8.776E-11 6.524E-13 7.808E-10 6.432E-10 2.772E-17 6.108E-23 1.570E-14 7.518E-08 1.352E-09 1.448E-06 5.914E-08 1.829E-11
   5.150E+06 1.293E+02 5.432E+15 3.408E+00 4.906E+03 4.808E+05 4.416E-10 2.469E-09 1.573E-06 3.133E-03 5.010E-05 2.825E-08 5.742E-07 1.023E+14 1.330E+07 2.861E+00 4.811E-07 7.061E-08 2.449E-09 1.086E-09 9.010E-11 6.268E-13 1.352E-09 7.276E-10 2.190E-17 3.308E-23 1.217E-14 9.197E-08 2.314E-09 1.524E-06 4.411E-08 1.390E-11
   5.250E+06 1.063E+02 4.476E+15 2.257E+00 4.445E+03 3.358E+05 5.473E-10 2.846E-09 1.905E-06 3.128E-03 5.014E-05 2.399E-08 5.212E-07 8.451E+13 1.249E+07 2.531E+00 4.862E-07 7.365E-08 2.790E-09 1.227E-09 9.159E-11 5.668E-13 2.314E-09 7.771E-10 1.641E-17 1.599E-23 8.693E-15 1.149E-07 3.913E-09 1.597E-06 3.257E-08 1.039E-11
   5.350E+06 8.746E+01 3.689E+15 1.508E+00 3.838E+03 2.390E+05 6.538E-10 3.264E-09 2.237E-06 3.120E-03 5.018E-05 2.077E-08 4.652E-07 6.982E+13 1.137E+07 2.297E+00 4.912E-07 7.672E-08 3.083E-09 1.339E-09 9.217E-11 4.815E-13 3.913E-09 7.820E-10 1.166E-17 6.426E-24 5.710E-15 1.466E-07 6.534E-09 1.668E-06 2.395E-08 7.616E-12
   5.450E+06 7.191E+01 3.040E+15 1.015E+00 3.171E+03 1.738E+05 7.580E-10 3.720E-09 2.557E-06 3.111E-03 5.021E-05 1.837E-08 4.079E-07 5.767E+13 1.002E+07 2.137E+00 4.960E-07 7.980E-08 3.296E-09 1.410E-09 9.182E-11 3.827E-13 6.534E-09 7.388E-10 7.874E-18-7.371E-24 3.437E-15 1.914E-07 1.079E-08 1.735E-06 1.757E-08 5.448E-12
   5.550E+06 5.910E+01 2.505E+15 6.867E-01 2.515E+03 1.294E+05 8.578E-10 4.214E-09 2.859E-06 3.100E-03 5.024E-05 1.666E-08 3.512E-07 4.762E+13 8.510E+06 2.037E+00 5.005E-07 8.286E-08 3.397E-09 1.428E-09 9.052E-11 2.830E-13 1.079E-08 6.531E-10 5.055E-18-1.600E-23 1.884E-15 2.569E-07 1.766E-08 1.798E-06 1.288E-08 3.777E-12
   5.650E+06 4.854E+01 2.064E+15 4.653E-01 1.927E+03 9.826E+04 9.521E-10 4.750E-09 3.137E-06 3.088E-03 5.026E-05 1.542E-08 2.976E-07 3.930E+13 6.999E+06 1.974E+00 5.048E-07 8.589E-08 3.392E-09 1.397E-09 8.832E-11 1.962E-13 1.766E-08 5.456E-10 3.109E-18-2.312E-24 9.525E-16 3.531E-07 2.960E-08 1.854E-06 9.479E-09 2.524E-12
   5.750E+06 3.985E+01 1.700E+15 3.098E-01 1.435E+03 7.386E+04 1.041E-09 5.337E-09 3.389E-06 3.074E-03 5.029E-05 1.413E-08 2.490E-07 3.242E+13 5.910E+06 1.905E+00 5.089E-07 8.886E-08 3.477E-09 1.400E-09 8.531E-11 1.356E-13 2.960E-08 4.442E-10 1.915E-18-2.291E-25 4.681E-16 4.838E-07 6.035E-08 1.901E-06 7.039E-09 1.608E-12
   5.850E+06 3.270E+01 1.399E+15 2.454E-01 1.024E+03 7.564E+04 1.124E-09 5.989E-09 3.614E-06 3.061E-03 5.031E-05 1.766E-08 2.026E-07 2.672E+13 4.406E+06 2.251E+00 5.127E-07 9.176E-08 3.149E-09 1.223E-09 8.154E-11 6.305E-14 6.035E-08 2.931E-10 9.923E-19-1.709E-26 1.753E-16 9.310E-07 1.267E-07 1.935E-06 5.274E-09 9.448E-13
   5.950E+06 2.681E+01 1.151E+15 3.831E-01 6.882E+02 1.921E+05 1.205E-09 6.728E-09 3.813E-06 3.047E-03 5.033E-05 5.478E-08 1.568E-07 2.200E+13 1.468E+06 5.512E+00 5.164E-07 9.459E-08 1.275E-09 4.329E-10 7.697E-11 6.657E-15 1.267E-07 1.084E-10 1.654E-19-2.145E-27 4.266E-17 4.696E-06 1.939E-07 1.951E-06 3.987E-09 5.074E-13
   6.050E+06 2.198E+01 9.461E+14 5.903E-01 4.535E+02 4.194E+05 1.304E-09 7.578E-09 3.987E-06 3.035E-03 5.036E-05 1.461E-07 1.202E-07 1.810E+13 5.397E+05 1.346E+01 5.198E-07 9.734E-08 5.705E-10 1.330E-10 7.179E-11 1.246E-15 1.939E-07 3.738E-11 3.217E-20-2.710E-28 1.068E-17 1.949E-05 2.503E-07 1.957E-06 3.051E-09 2.669E-13
   6.150E+06 1.800E+01 7.771E+14 6.825E-01 2.978E+02 6.444E+05 1.490E-09 8.570E-09 4.139E-06 3.024E-03 5.038E-05 2.742E-07 9.260E-08 1.486E+13 2.676E+05 2.458E+01 5.230E-07 1.000E-07 3.443E-10 5.046E-11 6.643E-11 6.832E-16 2.503E-07 1.330E-11 1.549E-20-3.436E-29 2.847E-18 5.470E-05 2.959E-07 1.958E-06 2.365E-09 1.443E-13
   6.250E+06 1.474E+01 6.377E+14 6.497E-01 1.961E+02 7.932E+05 1.938E-09 9.732E-09 4.272E-06 3.015E-03 5.041E-05 4.125E-07 7.198E-08 1.218E+13 1.497E+05 3.665E+01 5.261E-07 1.026E-07 2.348E-10 2.222E-11 6.116E-11 4.901E-16 2.959E-07 4.948E-12 9.361E-21-4.434E-30 8.076E-19 1.206E-04 3.326E-07 1.958E-06 1.857E-09 8.220E-14
   6.350E+06 1.207E+01 5.228E+14 5.421E-01 1.301E+02 8.366E+05 2.981E-09 1.108E-08 4.393E-06 3.009E-03 5.043E-05 5.317E-07 5.665E-08 9.966E+12 8.726E+04 4.735E+01 5.291E-07 1.051E-07 1.669E-10 1.093E-11 5.614E-11 3.660E-16 3.326E-07 1.931E-12 5.807E-21-5.775E-31 2.441E-19 2.256E-04 3.629E-07 1.958E-06 1.480E-09 4.995E-14
   6.450E+06 9.874E+00 4.285E+14 4.137E-01 8.709E+01 7.888E+05 5.080E-09 1.263E-08 4.506E-06 3.004E-03 5.046E-05 6.129E-07 4.511E-08 8.138E+12 5.136E+04 5.534E+01 5.318E-07 1.075E-07 1.199E-10 5.835E-12 5.142E-11 2.745E-16 3.629E-07 7.886E-13 3.597E-21-7.133E-32 7.821E-20 3.764E-04 3.887E-07 1.958E-06 1.196E-09 3.241E-14
   6.550E+06 8.080E+00 3.506E+14 2.962E-01 5.874E+01 6.812E+05 8.725E-09 1.439E-08 4.618E-06 3.005E-03 5.048E-05 6.466E-07 3.627E-08 6.626E+12 3.012E+04 6.022E+01 5.345E-07 1.098E-07 8.589E-11 3.312E-12 4.700E-11 2.054E-16 3.887E-07 3.346E-13 2.210E-21-6.678E-33 2.632E-20 5.787E-04 4.115E-07 1.957E-06 9.773E-10 2.233E-14
   6.650E+06 6.612E+00 2.867E+14 2.038E-01 3.998E+01 5.487E+05 1.431E-08 1.635E-08 4.734E-06 3.009E-03 5.050E-05 6.359E-07 2.946E-08 5.382E+12 1.755E+04 6.241E+01 5.369E-07 1.120E-07 6.123E-11 1.976E-12 4.291E-11 1.533E-16 4.115E-07 1.474E-13 1.351E-21 2.608E-34 9.282E-21 8.348E-04 4.324E-07 1.957E-06 8.079E-10 1.627E-14
   6.750E+06 5.413E+00 2.345E+14 1.378E-01 2.750E+01 4.191E+05 2.215E-08 1.849E-08 4.856E-06 3.014E-03 5.052E-05 5.930E-07 2.415E-08 4.366E+12 1.018E+04 6.297E+01 5.392E-07 1.141E-07 4.343E-11 1.228E-12 3.920E-11 1.145E-16 4.324E-07 6.735E-14 8.253E-22 4.587E-34 3.423E-21 1.145E-03 4.521E-07 1.956E-06 6.756E-10 1.246E-14
   6.850E+06 4.433E+00 1.915E+14 9.284E-02 1.909E+01 3.042E+05 3.260E-08 2.080E-08 4.986E-06 3.027E-03 5.053E-05 5.247E-07 1.999E-08 3.530E+12 5.859E+03 6.281E+01 5.413E-07 1.161E-07 3.059E-11 7.885E-13 3.586E-11 8.550E-17 4.521E-07 3.190E-14 5.016E-22 2.071E-34 1.318E-21 1.510E-03 4.715E-07 1.956E-06 5.714E-10 9.982E-15
   6.950E+06 3.633E+00 1.562E+14 6.353E-02 1.337E+01 2.114E+05 4.614E-08 2.327E-08 5.124E-06 3.049E-03 5.055E-05 4.439E-07 1.671E-08 2.846E+12 3.347E+03 6.317E+01 5.432E-07 1.180E-07 2.143E-11 5.203E-13 3.292E-11 6.391E-17 4.715E-07 1.565E-14 3.038E-22 7.617E-35 5.286E-22 1.927E-03 4.910E-07 1.956E-06 4.888E-10 8.309E-15
   7.050E+06 2.981E+00 1.275E+14 4.515E-02 9.477E+00 1.428E+05 6.336E-08 2.587E-08 5.270E-06 3.070E-03 5.056E-05 3.647E-07 1.410E-08 2.294E+12 1.911E+03 6.528E+01 5.450E-07 1.197E-07 1.498E-11 3.521E-13 3.037E-11 4.806E-17 4.910E-07 7.945E-15 1.853E-22 2.630E-35 2.209E-22 2.393E-03 5.113E-07 1.955E-06 4.227E-10 7.147E-15
   7.150E+06 2.449E+00 1.040E+14 3.346E-02 6.785E+00 9.340E+04 8.486E-08 2.863E-08 5.424E-06 3.101E-03 5.057E-05 2.896E-07 1.202E-08 1.844E+12 1.087E+03 6.973E+01 5.465E-07 1.212E-07 1.045E-11 2.433E-13 2.821E-11 3.632E-17 5.113E-07 4.194E-15 1.131E-22 8.883E-36 9.656E-23 2.905E-03 5.334E-07 1.955E-06 3.698E-10 6.322E-15
   7.250E+06 2.015E+00 8.476E+13 2.575E-02 4.878E+00 5.955E+04 1.111E-07 3.152E-08 5.584E-06 3.142E-03 5.058E-05 2.236E-07 1.031E-08 1.478E+12 6.159E+02 7.714E+01 5.478E-07 1.226E-07 7.266E-12 1.702E-13 2.635E-11 2.754E-17 5.334E-07 2.266E-15 6.883E-23 2.934E-36 4.340E-23 3.479E-03 5.589E-07 1.954E-06 3.255E-10 5.700E-15
   7.350E+06 1.662E+00 6.914E+13 2.038E-02 3.507E+00 3.758E+04 1.427E-07 3.449E-08 5.748E-06 3.187E-03 5.058E-05 1.706E-07 8.825E-09 1.182E+12 3.500E+02 8.777E+01 5.489E-07 1.239E-07 5.062E-12 1.201E-13 2.473E-11 2.099E-17 5.589E-07 1.227E-15 4.211E-23 9.432E-37 1.958E-23 4.142E-03 5.887E-07 1.954E-06 2.870E-10 5.200E-15
   7.450E+06 1.373E+00 5.643E+13 1.641E-02 2.518E+00 2.342E+04 1.804E-07 3.749E-08 5.913E-06 3.236E-03 5.059E-05 1.283E-07 7.546E-09 9.428E+11 1.995E+02 1.017E+02 5.499E-07 1.249E-07 3.535E-12 8.547E-14 2.335E-11 1.609E-17 5.887E-07 6.650E-16 2.587E-23 2.957E-37 8.850E-24 4.903E-03 6.238E-07 1.953E-06 2.532E-10 4.789E-15
   7.550E+06 1.138E+00 4.603E+13 1.334E-02 1.803E+00 1.431E+04 2.258E-07 4.055E-08 6.078E-06 3.296E-03 5.059E-05 9.433E-08 6.446E-09 7.487E+11 1.138E+02 1.194E+02 5.507E-07 1.259E-07 2.472E-12 6.133E-14 2.223E-11 1.241E-17 6.238E-07 3.602E-16 1.588E-23 9.238E-38 4.010E-24 5.767E-03 6.653E-07 1.951E-06 2.236E-10 4.445E-15
   7.650E+06 9.463E-01 3.759E+13 1.095E-02 1.290E+00 8.638E+03 2.813E-07 4.385E-08 6.239E-06 3.360E-03 5.060E-05 6.839E-08 5.501E-09 5.931E+11 6.529E+01 1.414E+02 5.514E-07 1.266E-07 1.737E-12 4.448E-14 2.135E-11 9.660E-18 6.653E-07 1.950E-16 9.831E-24 2.857E-38 1.823E-24 6.738E-03 7.145E-07 1.948E-06 1.977E-10 4.151E-15
   7.750E+06 7.895E-01 3.077E+13 9.061E-03 9.239E-01 5.158E+03 3.503E-07 4.778E-08 6.396E-06 3.424E-03 5.060E-05 4.897E-08 4.695E-09 4.688E+11 3.776E+01 1.688E+02 5.520E-07 1.272E-07 1.227E-12 3.263E-14 2.070E-11 7.595E-18 7.145E-07 1.055E-16 6.144E-24 8.837E-39 8.324E-25 7.818E-03 7.727E-07 1.944E-06 1.752E-10 3.894E-15
   7.850E+06 6.613E-01 2.517E+13 7.542E-03 6.606E-01 3.009E+03 4.369E-07 5.291E-08 6.546E-06 3.496E-03 5.060E-05 3.420E-08 4.010E-09 3.688E+11 2.190E+01 2.027E+02 5.524E-07 1.278E-07 8.700E-13 2.415E-14 2.023E-11 6.004E-18 7.727E-07 5.692E-17 3.835E-24 2.720E-39 3.823E-25 9.007E-03 8.414E-07 1.938E-06 1.555E-10 3.665E-15
   7.950E+06 5.563E-01 2.063E+13 6.290E-03 4.729E-01 1.730E+03 5.439E-07 5.965E-08 6.687E-06 3.569E-03 5.060E-05 2.350E-08 3.428E-09 2.893E+11 1.280E+01 2.434E+02 5.528E-07 1.282E-07 6.208E-13 1.807E-14 1.991E-11 4.779E-18 8.414E-07 3.063E-17 2.405E-24 8.390E-40 1.768E-25 1.030E-02 9.220E-07 1.929E-06 1.385E-10 3.458E-15
   8.050E+06 4.702E-01 1.697E+13 5.225E-03 3.399E-01 9.796E+02 6.713E-07 6.803E-08 6.818E-06 3.599E-03 5.060E-05 1.604E-08 2.937E-09 2.268E+11 7.601E+00 2.893E+02 5.531E-07 1.285E-07 4.478E-13 1.370E-14 1.970E-11 3.835E-18 9.220E-07 1.642E-17 1.525E-24 2.603E-40 8.245E-26 1.169E-02 1.016E-06 1.916E-06 1.237E-10 3.266E-15
   8.150E+06 3.993E-01 1.399E+13 4.284E-03 2.450E-01 5.434E+02 8.154E-07 7.766E-08 6.938E-06 3.609E-03 5.061E-05 1.076E-08 2.524E-09 1.775E+11 4.569E+00 3.381E+02 5.533E-07 1.288E-07 3.266E-13 1.049E-14 1.956E-11 3.086E-18 1.016E-06 8.767E-18 9.669E-25 8.147E-41 3.885E-26 1.317E-02 1.126E-06 1.900E-06 1.108E-10 3.085E-15
   8.250E+06 3.407E-01 1.158E+13 3.457E-03 1.776E-01 2.994E+02 9.694E-07 8.811E-08 7.044E-06 3.617E-03 5.061E-05 7.153E-09 2.178E-09 1.388E+11 2.804E+00 3.859E+02 5.535E-07 1.290E-07 2.423E-13 8.130E-15 1.945E-11 2.493E-18 1.126E-06 4.655E-18 6.175E-25 2.572E-41 1.852E-26 1.472E-02 1.252E-06 1.878E-06 9.980E-11 2.914E-15
   8.350E+06 2.922E-01 9.627E+12 2.746E-03 1.298E-01 1.659E+02 1.125E-06 9.875E-08 7.138E-06 3.624E-03 5.061E-05 4.755E-09 1.888E-09 1.089E+11 1.777E+00 4.288E+02 5.537E-07 1.292E-07 1.846E-13 6.385E-15 1.937E-11 2.026E-18 1.252E-06 2.461E-18 3.972E-25 8.263E-42 8.955E-27 1.632E-02 1.397E-06 1.849E-06 9.031E-11 2.750E-15
   8.450E+06 2.517E-01 8.042E+12 2.150E-03 9.567E-02 9.207E+01 1.277E-06 1.091E-07 7.220E-06 3.632E-03 5.061E-05 3.153E-09 1.648E-09 8.561E+10 1.172E+00 4.648E+02 5.538E-07 1.293E-07 1.458E-13 5.074E-15 1.931E-11 1.653E-18 1.397E-06 1.295E-18 2.584E-25 2.694E-42 4.400E-27 1.796E-02 1.562E-06 1.813E-06 8.218E-11 2.594E-15
   8.550E+06 2.178E-01 6.748E+12 1.666E-03 7.124E-02 5.133E+01 1.418E-06 1.187E-07 7.289E-06 3.639E-03 5.061E-05 2.090E-09 1.448E-09 6.754E+10 8.161E-01 4.927E+02 5.539E-07 1.294E-07 1.209E-13 4.079E-15 1.925E-11 1.354E-18 1.562E-06 6.794E-19 1.693E-25 8.981E-43 2.203E-27 1.964E-02 1.749E-06 1.769E-06 7.525E-11 2.445E-15
   8.650E+06 1.894E-01 5.671E+12 1.280E-03 5.347E-02 2.828E+01 1.546E-06 1.275E-07 7.348E-06 3.647E-03 5.061E-05 1.367E-09 1.283E-09 5.335E+10 6.113E-01 5.130E+02 5.540E-07 1.295E-07 1.078E-13 3.303E-15 1.919E-11 1.107E-18 1.749E-06 3.538E-19 1.104E-25 3.039E-43 1.127E-27 2.135E-02 1.960E-06 1.715E-06 6.936E-11 2.303E-15
   8.750E+06 1.656E-01 4.738E+12 9.718E-04 4.018E-02 1.474E+01 1.659E-06 1.353E-07 7.397E-06 3.659E-03 5.061E-05 8.505E-10 1.146E-09 4.190E+10 5.257E-01 5.283E+02 5.540E-07 1.296E-07 1.110E-13 2.665E-15 1.913E-11 8.914E-19 1.960E-06 1.809E-19 6.928E-26 1.027E-43 5.902E-28 2.309E-02 2.193E-06 1.649E-06 6.434E-11 2.168E-15
   8.850E+06 1.458E-01 3.959E+12 7.357E-04 3.042E-02 7.487E+00 1.757E-06 1.422E-07 7.437E-06 3.672E-03 5.061E-05 5.150E-10 1.033E-09 3.294E+10 5.594E-01 5.380E+02 5.541E-07 1.297E-07 1.413E-13 2.153E-15 1.907E-11 7.133E-19 2.193E-06 9.018E-20 4.278E-26 3.471E-44 3.175E-28 2.485E-02 2.448E-06 1.570E-06 6.006E-11 2.042E-15
   8.950E+06 1.291E-01 3.315E+12 5.578E-04 2.326E-02 3.730E+00 1.840E-06 1.481E-07 7.470E-06 3.679E-03 5.061E-05 3.058E-10 9.393E-10 2.599E+10 7.433E-01 5.430E+02 5.541E-07 1.297E-07 2.242E-13 1.742E-15 1.901E-11 5.684E-19 2.448E-06 4.346E-20 2.616E-26 1.166E-44 1.762E-28 2.662E-02 2.723E-06 1.477E-06 5.642E-11 1.925E-15
   9.050E+06 1.153E-01 2.739E+12 4.176E-04 1.767E-02 1.660E+00 1.906E-06 1.086E-07 7.497E-06 3.683E-03 5.061E-05 1.646E-10 8.608E-10 2.025E+10 1.399E+00 5.463E+02 5.541E-07 1.297E-07 5.110E-13 1.379E-15 1.895E-11 4.375E-19 2.723E-06 1.971E-20-1.398E-26 3.315E-45 1.008E-28 2.841E-02 3.009E-06 1.368E-06 5.327E-11 1.817E-15
   9.150E+06 1.039E-01 2.259E+12 3.136E-04 1.351E-02 6.972E-01 1.962E-06 1.122E-07 7.519E-06 3.688E-03 5.061E-05 8.368E-11 7.951E-10 1.579E+10 3.080E+00 5.483E+02 5.541E-07 1.297E-07 1.363E-12 1.081E-15 1.888E-11 3.316E-19 3.009E-06 8.340E-21 8.043E-27 1.299E-45 5.977E-29 3.018E-02 3.298E-06 1.244E-06 5.053E-11 1.719E-15
   9.250E+06 9.449E-02 1.887E+12 2.392E-04 1.053E-02 2.999E-01 2.008E-06 1.152E-07 7.536E-06 3.693E-03 5.061E-05 4.303E-11 7.401E-10 1.250E+10 6.236E+00 5.463E+02 5.541E-07 1.297E-07 3.304E-12 8.537E-16 1.882E-11 2.544E-19 3.298E-06 3.330E-21 4.528E-27 5.550E-46 3.684E-29 3.191E-02 3.583E-06 1.109E-06 4.815E-11 1.631E-15
   9.350E+06 8.660E-02 1.580E+12 1.836E-04 8.274E-03 1.256E-01 2.046E-06 1.176E-07 7.550E-06 3.701E-03 5.061E-05 2.147E-11 6.936E-10 9.943E+09 1.253E+01 5.429E+02 5.541E-07 1.297E-07 7.927E-12 6.696E-16 1.876E-11 1.937E-19 3.583E-06 1.251E-21 2.508E-27 2.467E-46 2.358E-29 3.360E-02 3.853E-06 9.667E-07 4.605E-11 1.553E-15
   9.450E+06 7.996E-02 1.332E+12 1.425E-04 6.585E-03 5.430E-02 2.077E-06 1.195E-07 7.561E-06 3.828E-03 5.061E-05 1.065E-11 6.540E-10 7.983E+09 2.348E+01 5.378E+02 5.541E-07 1.297E-07 1.763E-11 5.243E-16 1.871E-11 1.477E-19 3.853E-06 4.474E-22 1.398E-27 1.142E-46 1.570E-29 3.522E-02 4.098E-06 8.232E-07 4.418E-11 1.484E-15
   9.550E+06 7.434E-02 1.139E+12 1.127E-04 5.346E-03 2.469E-02 2.102E-06 1.211E-07 7.570E-06 3.921E-03 5.061E-05 5.530E-12 6.201E-10 6.520E+09 3.822E+01 5.307E+02 5.541E-07 1.297E-07 3.357E-11 4.149E-16 1.865E-11 1.148E-19 4.098E-06 1.562E-22 8.157E-28 5.812E-47 1.092E-29 3.677E-02 4.307E-06 6.871E-07 4.251E-11 1.423E-15
   9.650E+06 6.950E-02 9.854E+11 9.049E-05 4.412E-03 1.162E-02 2.123E-06 1.225E-07 7.577E-06 3.921E-03 5.061E-05 3.009E-12 5.910E-10 5.402E+09 5.600E+01 5.223E+02 5.541E-07 1.297E-07 5.683E-11 3.306E-16 1.860E-11 9.068E-20 4.307E-06 5.459E-23 4.939E-28 2.741E-47 7.962E-30 3.826E-02 4.472E-06 5.658E-07 4.099E-11 1.370E-15
   9.750E+06 6.529E-02 8.615E+11 7.372E-05 3.695E-03 5.781E-03 2.141E-06 1.236E-07 7.584E-06 3.921E-03 5.061E-05 1.711E-12 5.656E-10 4.532E+09 7.617E+01 5.131E+02 5.541E-07 1.297E-07 8.842E-11 2.647E-16 1.855E-11 7.268E-20 4.472E-06 2.022E-23 3.090E-28 1.524E-47 6.124E-30 3.969E-02 4.587E-06 4.661E-07 3.961E-11 1.322E-15
   9.850E+06 6.159E-02 7.607E+11 6.088E-05 3.136E-03 3.048E-03 2.156E-06 1.246E-07 7.589E-06 3.921E-03 5.061E-05 1.022E-12 5.433E-10 3.848E+09 9.933E+01 5.033E+02 5.541E-07 1.297E-07 1.306E-10 2.129E-16 1.851E-11 5.914E-20 4.587E-06 9.121E-24 1.999E-28 9.002E-48 5.011E-30 4.105E-02 4.645E-06 3.938E-07 3.833E-11 1.280E-15
   9.950E+06 5.831E-02 6.808E+11 5.111E-05 2.707E-03 1.787E-03 2.169E-06 1.254E-07 7.593E-06 3.921E-03 5.061E-05 6.693E-13 5.237E-10 3.317E+09 1.260E+02 4.928E+02 5.541E-07 1.297E-07 1.851E-10 1.731E-16 1.846E-11 4.933E-20 4.645E-06 6.127E-24 1.365E-28 6.165E-48 4.390E-30 4.237E-02 0.000E+00 3.546E-07 3.715E-11 1.242E-15
