 4.54658E-11 2.07099E-15 1.12652E-02 1.36790E-13 1.54173E-11 1.25230E-09 4.83027E-10 8.04523E-18
 4.85786E-08 2.80698E-07 3.02862E-08 4.38964E-10 4.12123E-12 1.48272E-09 3.65911E-13 5.15702E-13
 5.59341E-15 5.15611E-12 1.61488E-14 2.27576E-16 8.67643E-20 3.86608E-23 1.35048E-10 1.60524E-13
 4.35304E-17 8.46370E-15 6.63044E-12 1.14645E-14 2.10000E-04 8.74685E-13 2.87730E-16 1.71130E-16
 1.50354E-11 2.63979E-12 6.57701E-14 4.00000E-04 5.09624E-11 4.79118E-15 6.98338E-03 2.22064E-13
 1.72417E-11 1.27556E-09 9.30763E-10 1.06048E-17 4.85894E-08 2.76274E-07 2.29017E-08 4.78004E-10
 5.41774E-12 1.43997E-09 4.08043E-13 5.98766E-13 9.05509E-15 7.87065E-12 4.62763E-14 5.28400E-16
 3.78858E-19 2.48670E-22 1.23858E-10 3.12436E-13 9.72605E-17 1.59286E-14 1.02818E-11 2.20119E-14
 2.14494E-04 6.90446E-13 2.23978E-16 4.58847E-16 2.12060E-11 5.48519E-12 6.17683E-14 4.04518E-04
 5.49724E-11 1.19437E-14 4.15346E-03 3.46497E-13 1.85342E-11 1.20036E-09 1.95361E-09 1.30701E-17
 4.85957E-08 2.72029E-07 1.69745E-08 4.84915E-10 6.80240E-12 1.39433E-09 4.76015E-13 7.18710E-13
 1.46932E-14 1.12643E-11 1.36114E-13 1.16602E-15 1.69369E-18 3.33069E-21 1.13280E-10 7.94780E-13
 2.09058E-16 4.25978E-14 1.47929E-11 5.36576E-14 2.18889E-04 5.16243E-13 1.39019E-16 8.73660E-16
 2.26659E-11 8.62540E-12 4.98117E-14 4.08935E-04 5.51968E-11 2.82036E-14 2.26153E-03 4.94032E-13
 1.89449E-11 1.04234E-09 3.91333E-09 1.47203E-17 4.85995E-08 2.68096E-07 1.24975E-08 4.41619E-10
 7.63191E-12 1.34608E-09 5.78583E-13 8.69621E-13 2.26228E-14 1.45469E-11 3.87244E-13 2.23375E-15
 7.22438E-18 5.22121E-20 1.03641E-10 2.04876E-12 3.86611E-16 1.21300E-13 1.87264E-11 1.34472E-13
 2.23130E-04 4.12189E-13 8.53216E-17 1.43401E-15 2.18858E-11 1.14100E-11 4.06667E-14 4.13198E-04
 5.36918E-11 6.24463E-14 1.41683E-03 7.32080E-13 2.04429E-11 8.97078E-10 7.12092E-09 1.85665E-17
 4.86015E-08 2.64546E-07 9.24033E-09 3.81527E-10 8.35454E-12 1.29543E-09 6.55394E-13 1.01955E-12
 3.28781E-14 1.74323E-11 8.10131E-13 3.98923E-15 2.40676E-17 4.88400E-19 9.51043E-11 4.69429E-12
 6.37316E-16 2.98056E-13 2.10018E-11 2.86768E-13 2.27162E-04 3.42069E-13 5.93968E-17 2.05954E-15
 2.02636E-11 1.40881E-11 3.30884E-14 4.17250E-04 4.87720E-11 1.28428E-13 7.83162E-04 9.64828E-13
 2.08326E-11 7.56092E-10 1.22412E-08 2.13032E-17 4.86202E-08 2.61544E-07 7.03656E-09 3.07235E-10
 8.08373E-12 1.24285E-09 7.61310E-13 1.18379E-12 4.39549E-14 1.92807E-11 1.63078E-12 6.14563E-15
 7.73496E-17 3.51806E-18 8.80244E-11 8.59567E-12 8.60822E-16 5.96466E-13 2.11924E-11 5.20896E-13
 2.30902E-04 3.13307E-13 4.35619E-17 3.03722E-15 1.94983E-11 1.63403E-11 2.92279E-14 4.21010E-04
 4.12084E-11 2.44200E-13 3.74039E-04 1.11450E-12 1.97286E-11 6.17944E-10 1.97403E-08 2.19068E-17
 4.86644E-08 2.59170E-07 5.66223E-09 2.33274E-10 6.99544E-12 1.18933E-09 9.20630E-13 1.37464E-12
 5.40996E-14 1.98053E-11 2.71391E-12 8.29831E-15 2.48277E-16 2.10352E-17 8.25554E-11 1.27049E-11
 9.95488E-16 1.00082E-12 2.00599E-11 8.28186E-13 2.34226E-04 3.19608E-13 3.41359E-17 4.83100E-15
 2.03672E-11 1.81288E-11 2.81581E-14 4.24354E-04 3.34282E-11 4.35591E-13 1.66204E-04 1.19691E-12
 1.79927E-11 4.90714E-10 2.96434E-08 2.18472E-17 4.87292E-08 2.57357E-07 4.91262E-09 1.70707E-10
 5.69926E-12 1.13600E-09 1.17309E-12 1.64794E-12 6.49909E-14 1.94988E-11 3.46498E-12 1.05616E-14
 7.93438E-16 9.99733E-17 7.85407E-11 1.59681E-11 1.07045E-15 1.46765E-12 1.87185E-11 1.20015E-12
 2.36995E-04 3.47510E-13 2.90514E-17 7.99258E-15 2.27434E-11 1.94537E-11 2.80090E-14 4.27145E-04
 2.60910E-11 7.35915E-13 6.68518E-05 1.22237E-12 1.58274E-11 3.67795E-10 4.16797E-08 2.16441E-17
 4.88063E-08 2.55994E-07 4.66526E-09 1.18480E-10 4.39455E-12 1.08419E-09 1.59408E-12 2.05195E-12
 7.88307E-14 1.85795E-11 3.78062E-12 1.33574E-14 2.51935E-15 4.04228E-16 7.57308E-11 1.75601E-11
 1.12382E-15 1.94756E-12 1.81344E-11 1.67080E-12 2.39049E-04 3.91724E-13 2.66725E-17 1.33321E-14
 2.60768E-11 1.95340E-11 2.78153E-14 4.29220E-04 1.77350E-11 1.09502E-12 1.30408E-05 9.17421E-13
 9.93180E-12 2.15185E-10 5.58509E-08 1.31371E-17 4.88928E-08 2.54913E-07 4.86685E-09 6.60809E-11
 2.58944E-12 1.03320E-09 2.68320E-12 2.74973E-12 9.22430E-14 1.61025E-11 3.63947E-12 1.85086E-14
 8.39337E-15 3.73625E-15 7.37885E-11 1.58391E-11 1.23321E-15 2.68273E-12 1.94647E-11 2.71331E-12
 2.40241E-04 4.58885E-13 2.32187E-17 2.44704E-14 2.86377E-11 1.59308E-11 2.70463E-14 4.30437E-04
 1.00566E-11 1.52558E-12 9.32097E-07 5.43857E-13 4.35406E-12 8.96676E-11 7.42041E-08 5.74818E-18
 4.89970E-08 2.53578E-07 5.49476E-09 2.58480E-11 1.05535E-12 9.69868E-10 4.65124E-12 3.60578E-12
 9.23999E-14 1.20467E-11 2.62147E-12 2.92704E-14 1.83305E-14 3.96729E-14 7.17704E-11 1.12725E-11
 1.59064E-15 3.77913E-12 2.26069E-11 4.63703E-12 2.40211E-04 4.47552E-14 1.72168E-18 2.11802E-14
 1.37276E-11 7.49674E-12 2.21005E-15 4.30437E-04 7.83440E-12 3.08747E-12 9.37468E-07 6.81416E-13
 4.50872E-12 4.79404E-11 9.91904E-08 1.01415E-17 4.91660E-08 2.50834E-07 6.52146E-09 1.51123E-11
 9.71557E-13 8.66101E-10 5.26632E-12 4.19224E-12 1.02121E-13 1.12102E-11 2.17149E-12 3.44142E-14
 1.95928E-14 4.59617E-14 6.80942E-11 1.17219E-11 1.94572E-15 4.66703E-12 2.50354E-11 4.53439E-12
 2.40168E-04 2.14993E-15 8.21355E-20 8.01530E-15 4.64825E-12 2.60739E-12 7.49563E-17 4.30438E-04
 8.13150E-12 6.17143E-12 9.49210E-07 1.00403E-12 5.22154E-12 3.95374E-11 1.24466E-07 2.12667E-17
 4.94823E-08 2.44798E-07 7.80474E-09 1.40852E-11 1.18685E-12 7.00836E-10 5.30962E-12 4.33089E-12
 1.17798E-13 1.14983E-11 1.68529E-12 3.93860E-14 1.72363E-14 6.28881E-14 6.11030E-11 1.50374E-11
 2.97205E-15 6.33245E-12 2.74688E-11 4.07569E-12 2.40119E-04 4.35383E-17 1.85254E-21 1.66972E-15
 8.52682E-13 5.74593E-13 1.08938E-18 4.30441E-04 8.85214E-12 1.10260E-11 9.71867E-07 1.56562E-12
 5.92973E-12 3.46269E-11 1.29484E-07 4.54778E-17 5.00095E-08 2.33186E-07 8.70678E-09 1.31953E-11
 1.46366E-12 4.92655E-10 5.52361E-12 4.14538E-12 1.47800E-13 1.16610E-11 1.14297E-12 4.16327E-14
 1.26703E-14 8.55647E-14 4.99690E-11 1.90164E-11 5.71134E-15 8.68153E-12 3.29795E-11 3.32150E-12
 2.40089E-04 4.01282E-19 2.34985E-23 1.94330E-16 7.83482E-14 7.21938E-14 8.09761E-21 4.30448E-04
 9.22362E-12 1.67010E-11 1.00702E-06 2.40994E-12 6.49657E-12 2.87814E-11 1.07970E-07 9.17452E-17
 5.07451E-08 2.15207E-07 8.98946E-09 1.10720E-11 1.66830E-12 3.00380E-10 5.99651E-12 3.71849E-12
 1.90269E-13 1.10347E-11 6.97560E-13 3.78845E-14 7.44724E-15 9.76919E-14 3.65165E-11 2.15425E-11
 1.20017E-14 1.10588E-11 4.24870E-11 2.33041E-12 2.40085E-04 2.04145E-21 2.11132E-25 1.44674E-17
 4.08171E-15 5.41906E-15 4.00498E-23 4.30459E-04 9.09202E-12 2.23475E-11 1.05129E-06 3.51748E-12
 7.09310E-12 2.47247E-11 8.05596E-08 1.72902E-16 5.16741E-08 1.92545E-07 9.09201E-09 8.94728E-12
 1.76772E-12 1.65370E-10 6.35582E-12 3.16817E-12 2.25846E-13 9.59144E-12 4.15423E-13 3.00871E-14
 3.67401E-15 9.16279E-14 2.41035E-11 2.23315E-11 2.38463E-14 1.28640E-11 5.31903E-11 1.44305E-12
 2.40079E-04 7.03854E-24 1.91977E-27 7.60190E-19 1.47281E-16 2.82061E-16 2.14707E-25 4.30471E-04
 8.55187E-12 2.82845E-11 1.10032E-06 4.88327E-12 7.87238E-12 2.28788E-11 6.00689E-08 3.11624E-16
 5.28869E-08 1.67334E-07 9.28582E-09 7.27283E-12 1.77585E-12 8.53728E-11 6.32465E-12 2.58634E-12
 2.38435E-13 7.76780E-12 2.50515E-13 2.19460E-14 1.63466E-15 7.68591E-14 1.45593E-11 2.23901E-11
 4.29916E-14 1.41392E-11 6.20160E-11 8.34498E-13 2.40059E-04 1.88680E-26 4.12186E-29 3.03707E-20
 4.28847E-18 1.50938E-17 3.22898E-27 4.30483E-04 7.77577E-12 3.50583E-11 1.14877E-06 6.55039E-12
 8.86972E-12 2.24782E-11 4.63157E-08 5.47520E-16 5.45366E-08 1.42174E-07 9.58606E-09 5.94060E-12
 1.71043E-12 4.34678E-11 5.96674E-12 2.04545E-12 2.29700E-13 5.99881E-12 1.53221E-13 1.52565E-14
 6.87823E-16 6.10265E-14 8.24814E-12 2.22140E-11 7.15508E-14 1.50527E-11 6.79569E-11 4.66217E-13
 2.40028E-04 5.53787E-29 2.88489E-30 1.75740E-21 1.94077E-19 6.25363E-18 1.58788E-28 4.30491E-04
 6.90001E-12 4.28370E-11 1.19300E-06 8.57036E-12 1.01015E-11 2.30027E-11 3.67104E-08 9.44106E-16
 5.68361E-08 1.18775E-07 9.97725E-09 4.85142E-12 1.59111E-12 2.26974E-11 5.44119E-12 1.58514E-12
 2.07866E-13 4.49285E-12 9.49175E-14 1.03087E-14 2.80930E-16 4.68740E-14 4.46599E-12 2.19319E-11
 1.12499E-13 1.56844E-11 7.15828E-11 2.55621E-13 2.39994E-04 9.63012E-30 2.49335E-30 1.06953E-21
 9.77395E-20 6.34955E-18 9.71371E-29 4.30495E-04 6.02960E-12 5.17590E-11 1.23057E-06 1.10036E-11
 1.15931E-11 2.41906E-11 2.96703E-08 1.60424E-15 5.99790E-08 9.82686E-08 1.04541E-08 3.96314E-12
 1.44282E-12 1.25259E-11 4.88439E-12 1.21832E-12 1.81080E-13 3.31208E-12 5.97017E-14 6.87596E-15
 1.13932E-16 3.49842E-14 2.35814E-12 2.15257E-11 1.69412E-13 1.60401E-11 7.38199E-11 1.38834E-13
 2.39962E-04 1.49060E-29 4.27047E-30 1.26488E-21 9.97994E-20 6.34606E-18 1.20752E-28 4.30494E-04
 5.23212E-12 6.20407E-11 1.26032E-06 1.39289E-11 1.33820E-11 2.59215E-11 2.43260E-08 2.69649E-15
 6.40896E-08 8.11735E-08 1.10133E-08 3.24962E-12 1.28799E-12 7.41622E-12 4.38062E-12 9.38366E-13
 1.54890E-13 2.43309E-12 3.82569E-14 4.58712E-15 4.67815E-17 2.52912E-14 1.24075E-12 2.09268E-11
 2.45947E-13 1.60883E-11 7.54895E-11 7.50895E-14 2.39935E-04 2.38310E-29 7.34512E-30 1.49338E-21
 1.05247E-19 6.33908E-18 1.53662E-28 4.30487E-04 4.52575E-12 7.38740E-11 1.28265E-06 1.74471E-11
 1.55242E-11 2.81727E-11 2.01379E-08 4.49551E-15 6.92992E-08 6.72344E-08 1.16532E-08 2.67846E-12
 1.13839E-12 4.67500E-12 3.95194E-12 7.27761E-13 1.31484E-13 1.79200E-12 2.49811E-14 3.08282E-15
 1.96201E-17 1.76449E-14 6.57244E-13 2.00997E-11 3.45539E-13 1.58094E-11 7.71241E-11 4.04639E-14
 2.39913E-04 3.79266E-29 1.24019E-29 1.72850E-21 1.11782E-19 6.33094E-18 1.94882E-28 4.30477E-04
 3.91110E-12 8.74319E-11 1.29830E-06 2.16791E-11 1.80898E-11 3.09695E-11 1.67698E-08 7.44597E-15
 7.57188E-08 5.60238E-08 1.23762E-08 2.22021E-12 9.99607E-13 3.09259E-12 3.59888E-12 5.69979E-13
 1.11471E-13 1.32782E-12 1.66176E-14 2.09666E-15 8.44651E-18 1.18117E-14 3.53080E-13 1.90092E-11
 4.70345E-13 1.51866E-11 7.90419E-11 2.16895E-14 2.39896E-04 5.98856E-29 2.05407E-29 1.96786E-21
 1.19319E-19 6.32175E-18 2.45764E-28 4.30463E-04 3.38169E-12 1.02819E-10 1.30808E-06 2.67586E-11
 2.11608E-11 3.43629E-11 1.40008E-08 1.22566E-14 8.34416E-08 4.70890E-08 1.31911E-08 1.85093E-12
 8.73859E-13 2.11712E-12 3.31330E-12 4.51861E-13 9.46772E-14 9.91911E-13 1.12627E-14 1.44746E-15
 3.74553E-18 7.53697E-15 1.93592E-13 1.76353E-11 6.20095E-13 1.42213E-11 8.14041E-11 1.15414E-14
 2.39883E-04 9.36438E-29 3.33744E-29 2.21213E-21 1.27907E-19 6.31146E-18 3.08197E-28 4.30446E-04
 2.92627E-12 1.20018E-10 1.31278E-06 3.28205E-11 2.48272E-11 3.84159E-11 1.16807E-08 2.00323E-14
 9.25953E-08 3.99703E-08 1.41141E-08 1.55089E-12 7.61080E-13 1.48183E-12 3.08190E-12 3.63361E-13
 8.05587E-14 7.47903E-13 7.78127E-15 1.01608E-15 1.71477E-18 4.55960E-15 1.08677E-13 1.59947E-11
 7.91421E-13 1.29526E-11 8.42330E-11 6.08886E-15 2.39873E-04 1.44924E-28 5.32428E-29 2.46574E-21
 1.37715E-19 6.29990E-18 3.84955E-28 4.30426E-04 2.53373E-12 1.38906E-10 1.31303E-06 3.99909E-11
 2.91809E-11 4.31880E-11 9.71225E-09 3.24588E-14 1.03348E-07 3.42692E-08 1.51678E-08 1.30490E-12
 6.60534E-13 1.05106E-12 2.89198E-12 2.97172E-13 6.85633E-14 5.69943E-13 5.48718E-15 7.26246E-16
 8.12783E-19 2.60613E-15 6.25528E-14 1.41428E-11 9.77702E-13 1.14574E-11 8.74413E-11 3.18610E-15
 2.39867E-04 2.21927E-28 8.34981E-29 2.73735E-21 1.49025E-19 6.28678E-18 4.80106E-28 4.30404E-04
 2.19413E-12 1.59337E-10 1.30927E-06 4.83798E-11 3.43079E-11 4.87237E-11 8.03535E-09 5.20653E-14
 1.15923E-07 2.96552E-08 1.63793E-08 1.10135E-12 5.71308E-13 7.50557E-13 2.73305E-12 2.47901E-13
 5.82485E-14 4.39631E-13 3.95575E-15 5.29118E-16 4.00080E-19 1.40629E-15 3.68942E-14 1.21695E-11
 1.16993E-12 9.84148E-12 9.08625E-11 1.65710E-15 2.39863E-04 3.36182E-28 1.28874E-28 3.03983E-21
 1.62236E-19 6.27165E-18 5.99567E-28 4.30379E-04 1.90161E-12 1.81297E-10 1.30180E-06 5.80829E-11
 4.02798E-11 5.50361E-11 6.61437E-09 8.26190E-14 1.30475E-07 2.58993E-08 1.77733E-08 9.32499E-13
 4.93129E-13 5.38615E-13 2.59955E-12 2.11575E-13 4.93508E-14 3.43925E-13 2.92006E-15 3.93446E-16
 2.05251E-19 7.17906E-16 2.23616E-14 1.01834E-11 1.35822E-12 8.21875E-12 9.42942E-11 8.59813E-16
 2.39862E-04 5.03168E-28 1.95844E-28 3.38927E-21 1.77824E-19 6.25403E-18 7.51566E-28 4.30352E-04
 1.64976E-12 2.05028E-10 1.29081E-06 6.91823E-11 4.71483E-11 6.20985E-11 5.42431E-09 1.29731E-13
 1.47213E-07 2.28020E-08 1.93745E-08 7.91736E-13 4.25236E-13 3.88070E-13 2.48683E-12 1.84901E-13
 4.16653E-14 2.72910E-13 2.20597E-15 2.98410E-16 1.09718E-19 3.48676E-16 1.39439E-14 8.29525E-12
 1.53432E-12 6.69268E-12 9.75364E-11 4.46517E-16 2.39862E-04 7.42763E-28 2.92989E-28 3.80524E-21
 1.96365E-19 6.23332E-18 9.47574E-28 4.30323E-04 1.43066E-12 2.31132E-10 1.27621E-06 8.17397E-11
 5.49385E-11 6.98373E-11 4.44239E-09 2.01792E-13 1.66580E-07 2.01753E-08 2.12171E-08 6.72826E-13
 3.66160E-13 2.79755E-13 2.39010E-12 1.65076E-13 3.50143E-14 2.19034E-13 1.69923E-15 2.30019E-16
 6.07251E-20 1.62443E-16 8.90362E-15 6.59324E-12 1.69300E-12 5.33664E-12 1.00436E-10 2.32382E-16
 2.39864E-04 1.07953E-27 4.31403E-28 4.31351E-21 2.18623E-19 6.20868E-18 1.20404E-27 4.30291E-04
 1.24021E-12 2.60593E-10 1.25803E-06 9.58107E-11 6.36447E-11 7.81169E-11 3.64386E-09 3.11399E-13
 1.88779E-07 1.79116E-08 2.33279E-08 5.71978E-13 3.15110E-13 2.02042E-13 2.30808E-12 1.50024E-13
 2.93000E-14 1.77171E-13 1.32827E-15 1.79417E-16 3.45232E-20 7.32681E-17 5.82790E-15 5.12900E-12
 1.83219E-12 4.18642E-12 1.02909E-10 1.21283E-16 2.39868E-04 1.54144E-27 6.24740E-28 4.94464E-21
 2.45464E-19 6.17923E-18 1.54361E-27 4.30256E-04 1.07489E-12 2.94702E-10 1.23635E-06 1.11443E-10
 7.32360E-11 8.67547E-11 3.00127E-09 4.77460E-13 2.13897E-07 1.59299E-08 2.57347E-08 4.86114E-13
 2.71169E-13 1.46596E-13 2.23980E-12 1.38156E-13 2.44268E-14 1.43799E-13 1.04781E-15 1.40901E-16
 1.99679E-20 3.22933E-17 3.92025E-15 3.91895E-12 1.95260E-12 3.24616E-12 1.04935E-10 6.34636E-17
 2.39874E-04 2.15873E-27 8.89407E-28 5.73620E-21 2.77884E-19 6.14393E-18 1.99762E-27 4.30219E-04
 9.30719E-13 3.35021E-10 1.21088E-06 1.28653E-10 8.36724E-11 9.55718E-11 2.48711E-09 7.28392E-13
 2.42389E-07 1.41363E-08 2.85051E-08 4.11824E-13 2.32810E-13 1.06670E-13 2.18259E-12 1.28236E-13
 2.02787E-14 1.16510E-13 8.29378E-16 1.10767E-16 1.16221E-20 1.40200E-17 2.70035E-15 2.95103E-12
 2.05629E-12 2.49799E-12 1.06542E-10 3.32402E-17 2.39881E-04 2.96575E-27 1.24573E-27 6.74028E-21
 3.17242E-19 6.10135E-18 2.61163E-27 4.30179E-04 8.10417E-13 3.83285E-10 1.18145E-06 1.47494E-10
 9.49739E-11 1.04510E-10 2.07558E-09 1.10750E-12 2.74560E-07 1.24683E-08 3.17660E-08 3.46746E-13
 1.98808E-13 7.78028E-14 2.13447E-12 1.19544E-13 1.67666E-14 9.39567E-14 6.56570E-16 8.68768E-17
 6.76208E-21 6.02818E-18 1.90146E-15 2.19709E-12 2.14511E-12 1.91293E-12 1.07787E-10 1.74083E-17
 2.39890E-04 4.00383E-27 1.71923E-27 8.01663E-21 3.64968E-19 6.04998E-18 3.44925E-27 4.30136E-04
 7.30390E-13 4.41162E-10 1.14805E-06 1.68212E-10 1.07386E-10 1.13905E-10 1.74359E-09 1.68322E-12
 3.10487E-07 1.08868E-08 3.57896E-08 2.89339E-13 1.68184E-13 5.69199E-14 2.09367E-12 1.11846E-13
 1.38231E-14 7.54875E-14 5.20421E-16 6.80428E-17 3.93519E-21 2.57133E-18 1.36855E-15 1.62291E-12
 2.21906E-12 1.45902E-12 1.08735E-10 9.11636E-18 2.39901E-04 5.33663E-27 2.34502E-27 9.61689E-21
 4.22171E-19 5.98868E-18 4.59723E-27 4.30089E-04 7.26993E-13 5.09792E-10 1.11078E-06 1.91509E-10
 1.21633E-10 1.24855E-10 1.47110E-09 2.56976E-12 3.50141E-07 9.36760E-09 4.11295E-08 2.38593E-13
 1.40159E-13 4.17815E-14 2.05812E-12 1.05343E-13 1.13951E-14 6.08019E-14 4.15875E-16 5.35623E-17
 2.31310E-21 1.08533E-18 1.00642E-15 1.19452E-12 2.27509E-12 1.10696E-12 1.09453E-10 4.78150E-18
 2.39914E-04 7.08939E-27 3.17908E-27 1.15524E-20 4.89101E-19 5.91718E-18 6.17130E-27 4.30038E-04
 8.50710E-13 5.89230E-10 1.06994E-06 2.18845E-10 1.39140E-10 1.39456E-10 1.24182E-09 3.96688E-12
 3.93218E-07 7.91009E-09 4.87014E-08 1.94084E-13 1.14431E-13 3.08171E-14 2.02589E-12 1.00521E-13
 9.43669E-15 4.96585E-14 3.39050E-16 4.28742E-17 1.39865E-21 4.51298E-19 7.56766E-16 8.81284E-13
 2.30826E-12 8.33565E-13 1.10000E-10 2.52207E-18 2.39930E-04 9.51250E-27 4.31755E-27 1.37481E-20
 5.64493E-19 5.83685E-18 8.31823E-27 4.29983E-04 1.13354E-12 6.78788E-10 1.02540E-06 2.52300E-10
 1.61944E-10 1.60652E-10 1.04495E-09 6.22848E-12 4.39828E-07 6.51787E-09 5.98407E-08 1.55301E-13
 9.09617E-14 2.28016E-14 1.99506E-12 9.77508E-14 7.88429E-15 4.15564E-14 2.85089E-16 3.52684E-17
 8.84474E-22 1.84541E-19 5.80427E-16 6.55975E-13 2.31472E-12 6.22447E-13 1.10423E-10 1.34429E-18
 2.39949E-04 1.30713E-26 5.92655E-27 1.60741E-20 6.46932E-19 5.74924E-18 1.12407E-26 4.29922E-04
 1.54749E-12 7.78754E-10 9.76902E-07 2.93922E-10 1.92155E-10 1.91495E-10 8.75650E-10 9.96762E-12
 4.90196E-07 5.21204E-09 7.61691E-08 1.21811E-13 7.01010E-14 1.68861E-14 1.96472E-12 9.69119E-14
 6.65398E-15 3.57043E-14 2.47672E-16 2.98774E-17 5.86460E-22 7.46875E-20 4.52902E-16 4.95151E-13
 2.29596E-12 4.62408E-13 1.10755E-10 7.26603E-19 2.39972E-04 1.84923E-26 8.25670E-27 1.84421E-20
 7.36409E-19 5.65442E-18 1.52297E-26 4.29853E-04 1.99735E-12 8.92484E-10 9.24541E-07 3.44930E-10
 2.31092E-10 2.33851E-10 7.32819E-10 1.61999E-11 5.44129E-07 4.03602E-09 9.92786E-08 9.33991E-14
 5.24050E-14 1.25221E-14 1.93534E-12 9.72152E-14 5.65656E-15 3.11843E-14 2.19723E-16 2.58090E-17
 4.00721E-22 3.04048E-20 3.59562E-16 3.79870E-13 2.26079E-12 3.44523E-13 1.11016E-10 3.98495E-19
 2.40000E-04 2.66871E-26 1.16197E-26 2.08989E-20 8.35031E-19 5.55025E-18 2.06883E-26 4.29774E-04
 2.35933E-12 1.02748E-09 8.68089E-07 4.05025E-10 2.78549E-10 2.87152E-10 6.15788E-10 2.65313E-11
 6.01797E-07 3.02120E-09 1.30866E-07 6.96615E-14 3.80316E-14 9.28574E-15 1.90773E-12 9.73629E-14
 4.81350E-15 2.71693E-14 1.94903E-16 2.22976E-17 2.73065E-22 1.26936E-20 2.90134E-16 2.95729E-13
 2.22084E-12 2.59952E-13 1.11216E-10 2.20950E-19 2.40035E-04 3.85709E-26 1.63484E-26 2.36904E-20
 9.48093E-19 5.43117E-18 2.82009E-26 4.29684E-04 2.54064E-12 1.19524E-09 8.07311E-07 4.72499E-10
 3.32592E-10 3.47654E-10 5.22460E-10 4.34164E-11 6.63402E-07 2.18509E-09 1.73004E-07 5.02771E-14
 2.68143E-14 6.87299E-15 1.88269E-12 9.60109E-14 4.07319E-15 2.31501E-14 1.69102E-16 1.88707E-17
 1.79220E-22 5.51443E-21 2.37745E-16 2.32571E-13 2.18660E-12 2.00086E-13 1.11365E-10 1.23046E-19
 2.40076E-04 5.47254E-26 2.27289E-26 2.72013E-20 1.08282E-18 5.28956E-18 3.85868E-26 4.29580E-04
 2.52129E-12 1.41171E-09 7.42781E-07 5.44952E-10 3.89930E-10 4.08706E-10 4.49618E-10 7.05757E-11
 7.28374E-07 1.53387E-09 2.28419E-07 3.51016E-14 1.84496E-14 5.08373E-15 1.86071E-12 9.22175E-14
 3.41194E-15 1.90062E-14 1.41066E-16 1.54071E-17 1.10346E-22 2.50504E-21 1.98131E-16 1.83581E-13
 2.16599E-12 1.57486E-13 1.11468E-10 6.82600E-20 2.40125E-04 7.48978E-26 3.08838E-26 3.18591E-20
 1.24572E-18 5.11851E-18 5.28857E-26 4.29459E-04 2.34481E-12 1.70033E-09 6.75516E-07 6.19479E-10
 4.46661E-10 4.62467E-10 3.94031E-10 1.13772E-10 7.95745E-07 1.05343E-09 3.01692E-07 2.38130E-14
 1.24757E-14 3.76696E-15 1.84170E-12 8.56451E-14 2.82062E-15 1.48905E-14 1.11935E-16 1.20306E-17
 6.27158E-23 1.18161E-21 1.68222E-16 1.44205E-13 2.16261E-12 1.26307E-13 1.11532E-10 3.73231E-20
 2.40185E-04 9.76069E-26 4.06389E-26 3.81361E-20 1.44145E-18 4.91290E-18 7.23706E-26 4.29317E-04
 2.07266E-12 2.09845E-09 6.05810E-07 6.91679E-10 4.98892E-10 5.02183E-10 3.53155E-10 1.82282E-10
 8.65291E-07 7.10785E-10 4.02396E-07 1.57472E-14 8.31305E-15 2.79230E-15 1.82460E-12 7.64970E-14
 2.29217E-15 1.10403E-14 8.39758E-17 8.93744E-18 3.25468E-23 5.67722E-22 1.45372E-16 1.11389E-13
 2.17367E-12 1.02234E-13 1.11568E-10 1.98153E-20 2.40258E-04 1.20280E-25 5.14679E-26 4.67144E-20
 1.67462E-18 4.66745E-18 9.87975E-26 4.29145E-04 1.76329E-12 2.66583E-09 5.34068E-07 7.55703E-10
 5.42973E-10 5.22937E-10 3.24939E-10 2.91504E-10 9.36677E-07 4.72580E-10 5.48177E-07 1.01795E-14
 5.46428E-15 2.06603E-15 1.80801E-12 6.53877E-14 1.82285E-15 7.68271E-15 5.92976E-17 6.30565E-18
 1.53156E-23 2.70716E-22 1.27692E-16 8.34249E-14 2.19345E-12 8.24332E-14 1.11585E-10 1.00338E-20
 2.40355E-04 1.39567E-25 6.24647E-26 5.85510E-20 1.94719E-18 4.37922E-18 1.34446E-25 4.28923E-04
 1.46669E-12 3.49589E-09 4.62059E-07 8.06041E-10 5.75370E-10 5.21103E-10 3.07452E-10 4.67079E-10
 1.00820E-06 3.12258E-10 7.66137E-07 6.47468E-15 3.56506E-15 1.52911E-15 1.79085E-12 5.32150E-14
 1.41450E-15 4.98541E-15 3.91871E-17 4.24430E-18 6.53377E-24 1.25088E-22 1.14039E-16 5.97850E-14
 2.21967E-12 6.54224E-14 1.11589E-10 4.76566E-21 2.40488E-04 1.51806E-25 7.24166E-26 7.47812E-20
 2.25248E-18 4.05377E-18 1.81485E-25 4.28626E-04 1.20646E-12 4.74312E-09 3.91144E-07 8.36408E-10
 5.91911E-10 4.93927E-10 2.99408E-10 7.50791E-10 1.07853E-06 2.05991E-10 1.09877E-06 4.05179E-15
 2.31159E-15 1.13185E-15 1.77182E-12 4.09472E-14 1.06657E-15 2.98868E-15 2.40024E-17 2.74501E-18
 2.52775E-24 5.48003E-23 1.03400E-16 4.04009E-14 2.25239E-12 5.05513E-14 1.11579E-10 2.08576E-21
 2.40676E-04 1.54269E-25 8.02269E-26 9.72069E-20 2.58078E-18 3.69904E-18 2.42022E-25 4.28209E-04
 9.88704E-13 6.67760E-09 3.22683E-07 8.40416E-10 5.87439E-10 4.39734E-10 3.00507E-10 1.20748E-09
 1.14633E-06 1.35874E-10 1.60642E-06 2.47452E-15 1.48402E-15 8.37218E-16 1.74959E-12 2.95277E-14
 7.77203E-16 1.63508E-15 1.34211E-17 1.72338E-18 8.88029E-25 2.23788E-23 9.49814E-17 2.53306E-14
 2.29711E-12 3.77074E-14 1.11550E-10 8.26680E-22 2.40950E-04 1.45607E-25 8.50838E-26 1.28800E-19
 2.91892E-18 3.32519E-18 3.17319E-25 4.27612E-04 8.12943E-13 9.79217E-09 2.58956E-07 8.14137E-10
 5.57294E-10 3.61173E-10 3.11654E-10 1.93084E-09 1.20930E-06 8.99690E-11 2.35781E-06 1.45614E-15
 9.38564E-16 6.20792E-16 1.72336E-12 1.97858E-14 5.44667E-16 8.07957E-16 6.72773E-18 1.06419E-18
 2.84778E-25 8.46255E-24 8.82642E-17 1.45203E-14 2.36767E-12 2.70619E-14 1.11487E-10 2.93239E-22
 2.41342E-04 1.26238E-25 8.64242E-26 1.74180E-19 3.24649E-18 2.94804E-18 4.05787E-25 4.26767E-04
 6.72768E-13 1.50461E-08 2.02087E-07 7.55832E-10 5.00096E-10 2.68380E-10 3.35807E-10 3.04762E-09
 1.26529E-06 5.99403E-11 3.42081E-06 8.08300E-16 5.77051E-16 4.63340E-16 1.69263E-12 1.22278E-14
 3.64772E-16 3.56901E-16 2.96761E-18 6.51497E-19 8.34713E-26 2.97526E-24 8.28357E-17 7.51341E-15
 2.48098E-12 1.87247E-14 1.11376E-10 9.25010E-23 2.41884E-04 9.90218E-26 8.39134E-26 2.41270E-19
 3.54015E-18 2.58300E-18 5.02556E-25 4.25604E-04 5.59959E-13 2.43552E-08 1.54021E-07 6.69164E-10
 4.21064E-10 1.77933E-10 3.78043E-10 4.72459E-09 1.31225E-06 4.03446E-11 4.83443E-06 4.13413E-16
 3.38261E-16 3.50175E-16 1.65766E-12 6.93972E-15 2.32319E-16 1.40304E-16 1.13653E-18 3.94189E-19
 2.22579E-26 9.97156E-25 7.84100E-17 3.49805E-15 2.65747E-12 1.26492E-14 1.11195E-10 2.61017E-23
 2.42595E-04 6.91577E-26 7.75039E-26 3.42826E-19 3.77169E-18 2.24557E-18 5.98735E-25 4.24085E-04
 4.65182E-13 4.15543E-08 1.15702E-07 5.64175E-10 3.32418E-10 1.05368E-10 4.44914E-10 7.19682E-09
 1.34913E-06 2.75812E-11 6.58802E-06 1.92171E-16 1.85474E-16 2.69122E-16 1.61922E-12 3.62328E-15
 1.40573E-16 4.94003E-17 3.77824E-19 2.31929E-19 5.34811E-27 3.34040E-25 7.47760E-17 1.48161E-15
 2.91887E-12 8.54418E-15 1.10924E-10 6.72546E-24 2.43466E-04 4.27053E-26 6.78773E-26 4.97696E-19
 3.91034E-18 1.94770E-18 6.83005E-25 4.22223E-04 3.78074E-13 7.39713E-08 8.64022E-08 4.57017E-10
 2.49806E-10 5.69093E-11 5.40637E-10 1.08711E-08 1.37641E-06 1.91803E-11 8.64287E-06 8.17923E-17
 9.47509E-17 2.09568E-16 1.57789E-12 1.76875E-15 8.15436E-17 1.59060E-17 1.11715E-19 1.30286E-19
 1.14383E-27 1.18227E-25 7.17381E-17 5.86304E-16 3.29328E-12 5.93426E-15 1.10538E-10 1.63638E-24
 2.44474E-04 2.37280E-26 5.69795E-26 7.26899E-19 3.93191E-18 1.69258E-18 7.45844E-25 4.20056E-04
 2.91658E-13 1.38473E-07 6.43554E-08 3.62841E-10 1.82624E-10 2.85077E-11 6.75274E-10 1.68418E-08
 1.39530E-06 1.35432E-11 1.09556E-05 3.24041E-17 4.54907E-17 1.63595E-16 1.53390E-12 8.15701E-16
 4.62075E-17 4.77111E-18 3.00714E-20 6.90331E-20 2.24524E-28 4.58979E-26 6.91364E-17 2.19963E-16
 3.88123E-12 4.31791E-15 1.09935E-10 3.81433E-25 2.45591E-04 1.19975E-26 4.63530E-26 1.04574E-18
 3.82398E-18 1.47729E-18 7.80266E-25 4.17625E-04 2.01695E-13 3.26855E-07 4.74880E-08 2.49011E-10
 1.12970E-10 1.18986E-11 1.01830E-09 2.75417E-08 1.40667E-06 9.68846E-12 1.34826E-05 1.18066E-17
 2.06154E-17 1.28592E-16 1.48735E-12 3.05268E-16 2.26310E-17 1.21508E-18 6.14563E-21 3.11349E-20
 3.37063E-29 2.00797E-26 6.68642E-17 6.18175E-17 5.03564E-12 3.33531E-15 1.08764E-10 7.15812E-26
 2.46749E-04 4.06694E-27 2.84365E-26 1.56677E-18 3.47871E-18 1.29707E-18 7.19024E-25 4.14974E-04
 1.09757E-13 9.84774E-07 3.45790E-08 1.32891E-10 5.19977E-11 4.00283E-12 1.95828E-09 4.26573E-08
 1.41188E-06 7.03359E-12 1.61263E-05 4.12357E-18 1.04288E-17 1.08026E-16 1.43872E-12 1.18247E-16
 8.65159E-18 2.80469E-19 1.02920E-21 1.36728E-20 4.79253E-30 1.11837E-26 6.48686E-17 1.07138E-17
 7.16194E-12 2.90987E-15 1.06620E-10 1.19651E-26 2.47727E-04 7.16852E-28 9.48227E-27 2.25852E-18
 2.93039E-18 1.14920E-18 4.74653E-25 4.12200E-04 4.97667E-14 2.61503E-06 2.51027E-08 7.38885E-11
 2.32526E-11 1.26692E-12 3.51552E-09 5.77755E-08 1.41364E-06 5.19440E-12 1.87816E-05 1.46633E-18
 6.34106E-18 1.01251E-16 1.38906E-12 7.92475E-17 3.41435E-18 7.15265E-20 2.09840E-22 8.86646E-21
 1.18564E-30 7.16333E-27 6.31135E-17 1.81802E-18 1.00022E-11 2.72097E-15 1.03761E-10 3.03941E-27
 2.48220E-04 9.54532E-29 2.44635E-27 2.57232E-18 2.73159E-18 1.02984E-18 2.41126E-25 4.09411E-04
 2.28448E-14 5.65621E-06 1.82634E-08 4.70547E-11 1.13919E-11 4.00923E-13 5.41181E-09 7.08419E-08
 1.41378E-06 3.89295E-12 2.14320E-05 5.41286E-19 4.41564E-18 1.02985E-16 1.33875E-12 6.55919E-17
 1.53431E-18 2.14732E-20 5.52706E-23 6.59689E-21 4.75637E-31 4.60578E-27 6.15509E-17 3.92783E-19
 1.31842E-11 2.54701E-15 1.00559E-10 1.04663E-27 2.48002E-04 1.17891E-29 6.64097E-28 2.51209E-18
 2.88472E-18 9.32518E-19 1.15436E-25 4.06619E-04 1.16021E-14 1.04661E-05 1.33531E-08 3.28920E-11
 6.07489E-12 1.28909E-13 7.36514E-09 8.15701E-08 1.41318E-06 2.95590E-12 2.40745E-05 2.08690E-19
 3.40094E-18 1.09019E-16 1.28824E-12 5.55061E-17 7.56284E-19 7.58003E-21 1.72358E-23 4.88776E-21
 2.17018E-31 2.86861E-27 6.01508E-17 1.05272E-19 1.65204E-11 2.34587E-15 9.72017E-11 4.01818E-28
 2.46894E-04 1.48074E-30 2.06591E-28 2.33981E-18 3.13279E-18 8.52097E-19 5.75854E-26 4.03829E-04
 6.56018E-15 1.72633E-05 9.85343E-09 2.42199E-11 3.46728E-12 4.26216E-14 9.10721E-09 9.01761E-08
 1.41223E-06 2.27705E-12 2.66841E-05 8.47453E-20 2.83625E-18 1.16857E-16 1.23836E-12 4.66612E-17
 3.92799E-19 3.04706E-21 5.93862E-24 3.55984E-21 9.94506E-32 1.71717E-27 5.89035E-17 3.30764E-20
 1.98987E-11 2.11778E-15 9.38014E-11 1.63809E-28 2.44774E-04 2.04417E-31 7.50107E-29 2.19535E-18
 3.33932E-18 7.85165E-19 3.11026E-26 4.01065E-04 4.05275E-15 2.61772E-05 7.35073E-09 1.82987E-11
 2.08452E-12 1.45562E-14 1.04501E-08 9.70729E-08 1.41116E-06 1.77940E-12 2.92546E-05 3.63230E-20
 2.51154E-18 1.25273E-16 1.18955E-12 3.89424E-17 2.09352E-19 1.33302E-21 2.17681E-24 2.56178E-21
 4.49355E-32 9.87393E-28 5.77921E-17 1.16433E-20 2.32653E-11 1.87353E-15 9.04118E-11 6.96870E-29
 2.41575E-04 3.30336E-32 3.13388E-29 2.11384E-18 3.47231E-18 7.28569E-19 1.82421E-26 3.98333E-04
 2.68898E-15 3.72533E-05 5.54708E-09 1.39744E-11 1.30459E-12 5.14316E-15 1.12874E-08 1.02640E-07
 1.41006E-06 1.40975E-12 3.17858E-05 1.64156E-20 2.32131E-18 1.33818E-16 1.14204E-12 3.23368E-17
 1.12783E-19 6.12037E-22 8.32789E-25 1.82986E-21 2.00547E-32 5.45692E-28 5.67998E-17 4.45060E-21
 2.65832E-11 1.62470E-15 8.70698E-11 3.05811E-29 2.37277E-04 6.45432E-33 1.47530E-29 2.09463E-18
 3.53487E-18 6.79867E-19 1.15176E-26 3.95633E-04 1.89726E-15 5.03791E-05 4.24207E-09 1.06992E-11
 8.43960E-13 1.89134E-15 1.15753E-08 1.07149E-07 1.40899E-06 1.13312E-12 3.42648E-05 7.83478E-21
 2.20934E-18 1.42428E-16 1.09627E-12 2.67690E-17 6.09401E-20 2.89167E-22 3.30060E-25 1.30126E-21
 8.88942E-33 2.89962E-28 5.59163E-17 1.81268E-21 2.98017E-11 1.38118E-15 8.38261E-11 1.37435E-29
 2.31929E-04 1.10447E-33 7.69617E-30 2.13126E-18 3.53500E-18 6.37536E-19 7.75586E-27 3.92979E-04
 1.40718E-15 6.54702E-05 3.28411E-09 8.17145E-12 5.60164E-13 7.23128E-16 1.13647E-08 1.10850E-07
 1.40798E-06 9.22579E-13 3.67041E-05 3.92939E-21 2.14273E-18 1.51262E-16 1.05216E-12 2.21147E-17
 3.28533E-20 1.38631E-22 1.34394E-25 9.22730E-22 3.92126E-33 1.48417E-28 5.51234E-17 7.73108E-22
 3.29068E-11 1.15219E-15 8.06945E-11 6.27808E-30 2.25581E-04-4.45864E-33 4.36127E-30 2.21540E-18
 3.48245E-18 6.00121E-19 5.50156E-27 3.90357E-04 1.08666E-15 8.24283E-05 2.56876E-09 6.20712E-12
 3.79291E-13 2.86230E-16 1.07484E-08 1.13930E-07 1.40703E-06 7.59301E-13 3.91211E-05 2.05509E-21
 2.10257E-18 1.60442E-16 1.00951E-12 1.82417E-17 1.76128E-20 6.67994E-23 5.58148E-26 6.52983E-22
 1.72187E-33 7.33154E-29 5.44042E-17 3.40938E-22 3.58964E-11 9.44144E-16 7.76769E-11 2.89840E-30
 2.18291E-04-5.01144E-32 2.64178E-30 2.34109E-18 3.38423E-18 5.66519E-19 4.06794E-27 3.87746E-04
 8.70397E-16 1.00935E-04 2.03049E-09 4.68365E-12 2.61432E-13 1.17473E-16 9.82259E-09 1.16501E-07
 1.40617E-06 6.31582E-13 4.15071E-05 1.11736E-21 2.07818E-18 1.69836E-16 9.68544E-13 1.50337E-17
 9.38180E-21 3.22888E-23 2.36122E-26 4.61517E-22 7.54598E-34 3.50098E-29 5.37508E-17 1.54650E-22
 3.87437E-11 7.60509E-16 7.47998E-11 1.34962E-30 2.10214E-04-4.88647E-31 1.69578E-30 2.50537E-18
 3.24381E-18 5.36247E-19 3.11590E-27 3.85156E-04 7.20954E-16 1.20586E-04 1.62240E-09 3.50905E-12
 1.83138E-13 5.00491E-17 8.69863E-09 1.18648E-07 1.40538E-06 5.30879E-13 4.38514E-05 6.29494E-22
 2.06316E-18 1.79127E-16 9.29470E-13 1.23856E-17 4.96467E-21 1.56510E-23 1.01650E-26 3.25991E-22
 3.30594E-34 1.61949E-29 5.31564E-17 7.18930E-23 4.14289E-11 6.02801E-16 7.20830E-11 6.33041E-31
 2.01549E-04-7.78723E-32 1.14465E-30 2.70518E-18 3.06457E-18 5.08953E-19 2.45814E-27 3.82595E-04
 6.15982E-16 1.40922E-04 1.31078E-09 2.61085E-12 1.30237E-13 2.21520E-17 7.48567E-09 1.20441E-07
 1.40467E-06 4.50901E-13 4.61416E-05 3.66302E-22 2.05366E-18 1.87884E-16 8.92462E-13 1.02053E-17
 2.61122E-21 7.61215E-24 4.44992E-27 2.30241E-22 1.44974E-34 7.27624E-30 5.26148E-17 3.41699E-23
 4.39390E-11 4.70784E-16 6.95392E-11 2.98914E-31 1.92522E-04-1.40706E-32 8.06626E-31 2.93631E-18
 2.85102E-18 4.84367E-19 1.98641E-27 3.80077E-04 5.41729E-16 1.61456E-04 1.07130E-09 1.93040E-12
 9.39470E-14 1.01916E-17 6.27744E-09 1.21935E-07 1.40403E-06 3.86991E-13 4.83637E-05 2.19584E-22
 2.04736E-18 1.95672E-16 8.57666E-13 8.41358E-18 1.36635E-21 3.72020E-24 1.98021E-27 1.62674E-22
 6.37094E-35 3.18506E-30 5.21203E-17 1.65798E-23 4.62670E-11 3.62842E-16 6.71756E-11 1.42063E-31
 1.83367E-04-9.24433E-34 5.89476E-31 3.19255E-18 2.60961E-18 4.62265E-19 1.63572E-27 3.77613E-04
 4.89493E-16 1.81724E-04 8.86311E-10 1.41975E-12 6.87019E-14 4.87936E-18 5.14457E-09 1.23176E-07
 1.40345E-06 3.35668E-13 5.05041E-05 1.35416E-22 2.04292E-18 2.02145E-16 8.25187E-13 6.94295E-18
 7.12208E-22 1.83170E-24 8.95864E-28 1.15023E-22 2.80925E-35 1.36294E-30 5.16680E-17 8.20529E-24
 4.84107E-11 2.76436E-16 6.49941E-11 6.79636E-32 1.74314E-04 8.52117E-35 4.43904E-31 3.46506E-18
 2.34936E-18 4.42445E-19 1.36570E-27 3.75218E-04 4.53607E-16 2.01312E-04 7.42931E-10 1.04011E-12
 5.09094E-14 2.44282E-18 4.13290E-09 1.24205E-07 1.40294E-06 2.94317E-13 5.25505E-05 8.60399E-23
 2.03952E-18 2.07097E-16 7.95084E-13 5.73672E-18 3.70718E-22 9.14955E-25 4.13484E-28 8.14191E-23
 1.24834E-35 5.72711E-31 5.12533E-17 4.14036E-24 5.03718E-11 2.08588E-16 6.29929E-11 3.27486E-32
 1.65563E-04 2.38187E-34 3.42333E-31 3.74135E-18 2.08296E-18 4.24717E-19 1.15046E-27 3.72902E-04
 4.26963E-16 2.20631E-04 6.27255E-10 7.58177E-13 3.80118E-14 1.25889E-18 3.26710E-09 1.25087E-07
 1.40245E-06 2.59617E-13 5.45710E-05 5.56126E-23 2.03656E-18 2.10596E-16 7.66253E-13 4.74065E-18
 1.91981E-22 4.58398E-25 1.92249E-28 5.76316E-23 5.53762E-36 2.36270E-31 5.08568E-17 2.10870E-24
 5.22272E-11 1.55995E-16 6.10931E-11 1.58026E-32 1.56945E-04 1.52940E-33 2.67564E-31 4.01300E-18
 1.81933E-18 4.08256E-19 9.71959E-28 3.70585E-04 4.04463E-16 2.40233E-04 5.29716E-10 5.48945E-13
 2.84399E-14 6.53459E-19 2.54713E-09 1.25875E-07 1.40197E-06 2.29147E-13 5.66443E-05 3.59912E-23
 2.03367E-18 2.12699E-16 7.37534E-13 3.91236E-18 9.84512E-23 2.26282E-25 8.86418E-29 4.07354E-23
 2.42291E-36 9.55220E-32 5.04589E-17 1.07315E-24 5.40543E-11 1.15602E-16 5.92148E-11 7.58958E-33
 1.48226E-04 9.25152E-33 2.10334E-31 4.27479E-18 1.56400E-18 3.92289E-19 8.20208E-28 3.68170E-04
 3.85163E-16 2.59956E-04 4.47106E-10 3.95105E-13 2.13207E-14 3.40742E-19 1.96016E-09 1.26579E-07
 1.40149E-06 2.02247E-13 5.87699E-05 2.32800E-23 2.03065E-18 2.13392E-16 7.08925E-13 3.22424E-18
 5.00959E-23 1.10088E-25 4.06198E-29 2.87484E-23 1.04959E-36 3.79572E-32 5.00562E-17 5.45960E-25
 5.58551E-11 8.49519E-17 5.73546E-11 3.63015E-33 1.39494E-04 1.93473E-33 1.66114E-31 4.51879E-18
 1.32477E-18 3.76729E-19 6.90676E-28 3.65649E-04 3.68704E-16 2.79561E-04 3.77238E-10 2.82997E-13
 1.60228E-14 1.78526E-19 1.49008E-09 1.27205E-07 1.40101E-06 1.78510E-13 6.09353E-05 1.50547E-23
 2.02735E-18 2.12748E-16 6.80577E-13 2.65373E-18 2.53333E-23 5.29185E-26 1.85593E-29 2.02595E-23
 4.51771E-37 1.48517E-32 4.96474E-17 2.77980E-25 5.76215E-11 6.19491E-17 5.55189E-11 1.73059E-33
 1.30865E-04 8.48487E-34 1.31851E-31 4.73975E-18 1.10674E-18 3.61578E-19 5.80330E-28 3.63027E-04
 3.54732E-16 2.98858E-04 3.18216E-10 2.01932E-13 1.20738E-14 9.39937E-20 1.11991E-09 1.27758E-07
 1.40051E-06 1.57575E-13 6.31288E-05 9.73626E-24 2.02367E-18 2.10914E-16 6.52618E-13 2.18158E-18
 1.27474E-23 2.51831E-26 8.47144E-30 1.42577E-23 1.93572E-37 5.72973E-33 4.92310E-17 1.41742E-25
 5.93470E-11 4.48576E-17 5.37131E-11 8.22674E-34 1.22437E-04 2.58514E-34 1.05200E-31 4.93474E-18
 9.12625E-19 3.46826E-19 4.86630E-28 3.60305E-04 3.42911E-16 3.17702E-04 2.68406E-10 1.43711E-13
 9.12320E-15 4.97330E-20 8.32994E-10 1.28244E-07 1.39999E-06 1.39119E-13 6.53393E-05 6.29889E-24
 2.01950E-18 2.08069E-16 6.25158E-13 1.79150E-18 6.39070E-24 1.18839E-26 3.86761E-30 1.00209E-23
 8.26494E-38 2.18233E-33 4.88055E-17 7.24036E-26 6.10254E-11 3.22740E-17 5.19415E-11 3.90084E-34
 1.14285E-04 8.09780E-35 8.43889E-32 5.10252E-18 7.43452E-19 3.32457E-19 4.07332E-28 3.57484E-04
 3.32930E-16 3.35989E-04 2.26404E-10 1.02142E-13 6.91258E-15 2.64447E-20 6.13788E-10 1.28668E-07
 1.39943E-06 1.22855E-13 6.75568E-05 4.07749E-24 2.01473E-18 2.04406E-16 5.98284E-13 1.46971E-18
 3.19645E-24 5.56883E-27 1.76737E-30 7.03443E-24 3.51864E-38 8.21602E-34 4.83690E-17 3.70555E-26
 6.26514E-11 2.30858E-17 5.02074E-11 1.84528E-34 1.06464E-04 1.22003E-35 6.80712E-32 5.24317E-18
 5.98874E-19 3.18449E-19 3.40437E-28 3.54563E-04 3.24512E-16 3.53656E-04 1.91009E-10 7.26100E-14
 5.25141E-15 1.41306E-20 4.48484E-10 1.29035E-07 1.39884E-06 1.08527E-13 6.97723E-05 2.64163E-24
 2.00925E-18 2.00106E-16 5.72069E-13 1.20462E-18 1.59757E-24 2.59458E-27 8.08697E-31 4.93206E-24
 1.49422E-38 3.06086E-34 4.79194E-17 1.90005E-26 6.42200E-11 1.64270E-17 4.85134E-11 8.70926E-35
 9.90124E-05 3.33630E-36 5.52219E-32 5.35779E-18 4.77506E-19 3.04773E-19 2.84169E-28 3.51535E-04
 3.17413E-16 3.70674E-04 1.61198E-10 5.17170E-14 3.99936E-15 7.58719E-21 3.25269E-10 1.29350E-07
 1.39820E-06 9.59096E-14 7.19777E-05 1.71309E-24 2.00293E-18 1.95335E-16 5.46574E-13 9.86513E-19
 7.99314E-25 1.20326E-27 3.70603E-31 3.45399E-24 6.33104E-39 1.12958E-34 4.74544E-17 9.75984E-27
 6.57264E-11 1.16336E-17 4.68618E-11 4.10129E-35 9.19544E-05 7.60870E-37 4.50595E-32 5.44814E-18
 3.77256E-19 2.91401E-19 2.36957E-28 3.48394E-04 3.11419E-16 3.87042E-04 1.36100E-10 3.69867E-14
 3.05285E-15 4.09323E-21 2.34369E-10 1.29616E-07 1.39750E-06 8.48018E-14 7.41656E-05 1.11219E-24
 1.99564E-18 1.90234E-16 5.21846E-13 8.07283E-19 4.01227E-25 5.56050E-28 1.70111E-31 2.41613E-24
 2.67694E-39 4.13324E-35 4.69713E-17 5.02103E-27 6.71658E-11 8.20377E-18 4.52544E-11 1.92693E-35
 8.53017E-05 2.70449E-37 3.69855E-32 5.51630E-18 2.95638E-19 2.78300E-19 1.97424E-28 3.45130E-04
 3.06341E-16 4.02784E-04 1.14978E-10 2.66298E-14 2.33526E-15 2.21862E-21 1.67912E-10 1.29838E-07
 1.39671E-06 7.50265E-14 7.63294E-05 7.22974E-25 1.98724E-18 1.84919E-16 4.97928E-13 6.60162E-19
 2.02597E-25 2.56329E-28 7.82097E-32 1.68823E-24 1.12974E-39 1.50081E-35 4.64672E-17 2.58643E-27
 6.85334E-11 5.76285E-18 4.36925E-11 9.03194E-36 7.90563E-05 7.17698E-38 3.05408E-32 5.56446E-18
 2.30033E-19 2.65436E-19 1.64371E-28 3.41729E-04 3.02014E-16 4.17945E-04 9.72068E-11 1.93639E-14
 1.78972E-15 1.20812E-21 1.19710E-10 1.30020E-07 1.39583E-06 6.64267E-14 7.84629E-05 4.70599E-25
 1.97756E-18 1.79484E-16 4.74855E-13 5.39526E-19 1.03236E-25 1.18002E-28 3.60142E-32 1.17833E-24
 4.75943E-40 5.41177E-36 4.59388E-17 1.33362E-27 6.98240E-11 4.03406E-18 4.21776E-11 4.22298E-36
 7.32133E-05 2.79273E-38 2.53713E-32 5.59468E-18 1.77885E-19 2.52775E-19 1.36765E-28 3.38176E-04
 2.98293E-16 4.32588E-04 8.22571E-11 1.42755E-14 1.37392E-15 6.60910E-22 8.49871E-11 1.30164E-07
 1.39483E-06 5.88639E-14 8.05608E-05 3.06756E-25 1.96642E-18 1.74002E-16 4.52657E-13 4.40707E-19
 5.33032E-26 5.43124E-29 1.66091E-32 8.21544E-25 2.00187E-40 1.93914E-36 4.53823E-17 6.88068E-28
 7.10322E-11 2.81491E-18 4.07107E-11 1.96933E-36 6.77619E-05 8.36577E-39 2.12033E-32 5.60875E-18
 1.36836E-19 2.40282E-19 1.13722E-28 3.34451E-04 2.95053E-16 4.46791E-04 6.96832E-11 1.07173E-14
 1.05624E-15 3.63236E-22 6.01228E-11 1.30273E-07 1.39369E-06 5.22161E-14 8.26178E-05 2.00247E-25
 1.95361E-18 1.68528E-16 4.31365E-13 3.59840E-19 2.80080E-26 2.50259E-29 7.67088E-33 5.72192E-25
 8.40799E-41 6.90830E-37 4.47938E-17 3.55081E-28 7.21519E-11 1.95847E-18 3.92929E-11 9.15813E-37
 6.26876E-05 2.09090E-39 1.78248E-32 5.60816E-18 1.04794E-19 2.27925E-19 9.44943E-29 3.30534E-04
 2.92184E-16 4.60647E-04 5.91093E-11 8.23278E-15 8.12993E-16 2.00579E-22 4.24082E-11 1.30349E-07
 1.39238E-06 4.63754E-14 8.46291E-05 1.30912E-25 1.93893E-18 1.63102E-16 4.11007E-13 2.93729E-19
 1.50510E-26 1.15610E-29 3.54765E-33 3.98122E-25 3.52697E-41 2.44802E-37 4.41690E-17 1.83202E-28
 7.31767E-11 1.35892E-18 3.79254E-11 4.24631E-37 5.79730E-05 6.64616E-40 1.50704E-32 5.59404E-18
 7.99615E-20 2.15671E-19 7.84493E-29 3.26400E-04 2.89593E-16 4.74261E-04 5.02188E-11 6.50106E-15
 6.26356E-16 1.11300E-22 2.98417E-11 1.30393E-07 1.39088E-06 4.12472E-14 8.65903E-05 8.57106E-26
 1.92213E-18 1.57753E-16 3.91613E-13 2.39733E-19 8.31186E-27 5.36342E-30 1.64289E-33 2.76747E-25
 1.47796E-41 8.63165E-38 4.35031E-17 9.44560E-29 7.40995E-11 9.40512E-19 3.66095E-11 1.96270E-37
 5.35988E-05 2.31099E-40 1.28114E-32 5.56716E-18 6.08347E-20 2.03493E-19 6.50582E-29 3.22021E-04
 2.87206E-16 4.87752E-04 4.27455E-11 5.29718E-15 4.82895E-16 6.20739E-23 2.09593E-11 1.30406E-07
 1.38914E-06 3.67481E-14 8.84972E-05 5.61988E-26 1.90296E-18 1.52502E-16 3.73216E-13 1.95675E-19
 4.73655E-27 2.50358E-30 7.61778E-34 1.92212E-25 6.18859E-42 3.02913E-38 4.27914E-17 4.86402E-29
 7.49125E-11 6.49358E-19 3.53462E-11 9.04191E-38 4.95447E-05 8.68210E-41 1.09467E-32 5.52799E-18
 4.61785E-20 1.91368E-19 5.38796E-29 3.17370E-04 2.84968E-16 5.01249E-04 3.64658E-11 4.46376E-15
 3.72438E-16 3.48058E-23 1.46998E-11 1.30389E-07 1.38712E-06 3.28050E-14 9.03459E-05 3.69019E-26
 1.88117E-18 1.47360E-16 3.55851E-13 1.59760E-19 2.79255E-27 1.17845E-30 3.53670E-34 1.33404E-25
 2.59024E-42 1.05817E-38 4.20287E-17 2.50019E-29 7.56073E-11 4.47282E-19 3.41372E-11 4.15106E-38
 4.57898E-05 3.60794E-41 9.39698E-33 5.47674E-18 3.49965E-20 1.79280E-19 4.45461E-29 3.12414E-04
 2.82846E-16 5.14896E-04 3.11926E-11 3.89077E-15 2.87271E-16 1.96283E-23 1.02991E-11 1.30340E-07
 1.38478E-06 2.93539E-14 9.21331E-05 2.42657E-26 1.85648E-18 1.42335E-16 3.39561E-13 1.30513E-19
 1.70455E-27 5.60747E-31 1.64408E-34 9.25387E-26 1.08416E-42 3.67983E-39 4.12101E-17 1.28196E-29
 7.61748E-11 3.07371E-19 3.29840E-11 1.89886E-38 4.23130E-05 1.87871E-41 8.09969E-33 5.41338E-18
 2.64952E-20 1.67222E-19 3.67527E-29 3.07122E-04 2.80837E-16 5.28850E-04 2.67692E-11 3.50130E-15
 2.21521E-16 1.11378E-23 7.21107E-12 1.30260E-07 1.38206E-06 2.63390E-14 9.38556E-05 1.59794E-26
 1.82863E-18 1.37433E-16 3.24392E-13 1.06719E-19 1.07572E-27 2.70466E-31 7.65293E-35 6.41728E-26
 4.54032E-43 1.27384E-39 4.03304E-17 6.55227E-30 7.66055E-11 2.10723E-19 3.18885E-11 8.65409E-39
 3.90930E-05 1.03133E-41 7.00541E-33 5.33773E-18 2.00502E-20 1.55198E-19 3.02464E-29 3.01461E-04
 2.78968E-16 5.43280E-04 2.30653E-11 3.24154E-15 1.70709E-16 6.36278E-24 5.04707E-12 1.30145E-07
 1.37889E-06 2.37120E-14 9.55109E-05 1.05387E-26 1.79736E-18 1.32656E-16 3.10402E-13 8.73808E-20
 6.99819E-28 1.32615E-31 3.56741E-35 4.45031E-26 1.90372E-43 4.38872E-40 3.93853E-17 3.33556E-30
 7.68893E-11 1.44106E-19 3.08525E-11 3.92937E-39 3.61092E-05 5.96583E-42 6.07504E-33 5.24951E-18
 1.51747E-20 1.43226E-19 2.48175E-29 2.95399E-04 2.77305E-16 5.58372E-04 1.99728E-11 3.07373E-15
 1.31409E-16 3.66231E-24 3.53201E-12 1.29994E-07 1.37520E-06 2.14308E-14 9.70971E-05 6.96285E-27
 1.76242E-18 1.28004E-16 2.97657E-13 7.16808E-20 4.67508E-28 6.62881E-32 1.66555E-35 3.08759E-26
 7.99838E-44 1.50440E-40 3.83707E-17 1.68972E-30 7.70158E-11 9.82884E-20 2.98785E-11 1.77748E-39
 3.33408E-05 3.48727E-42 5.27762E-33 5.14841E-18 1.14922E-20 1.31339E-19 2.02919E-29 2.88906E-04
 2.75960E-16 5.74325E-04 1.74030E-11 2.97122E-15 1.00995E-16 2.12634E-24 2.47179E-12 1.29803E-07
 1.37089E-06 1.94598E-14 9.86129E-05 4.61199E-27 1.72363E-18 1.23480E-16 2.86234E-13 5.89471E-20
 3.19411E-28 3.38689E-32 7.78977E-36 2.14416E-26 3.37059E-44 5.12844E-41 3.72837E-17 8.50924E-31
 7.69747E-11 6.68432E-20 2.89686E-11 8.01116E-40 3.07676E-05 2.08473E-42 4.58867E-33 5.03416E-18
 8.71405E-21 1.19587E-19 1.65247E-29 2.81957E-04 2.75086E-16 5.91352E-04 1.52835E-11 2.91511E-15
 7.74515E-17 1.24821E-24 1.72997E-12 1.29566E-07 1.36586E-06 1.77687E-14 1.00058E-04 3.06881E-27
 1.68083E-18 1.19083E-16 2.76220E-13 4.86294E-20 2.22362E-28 1.77328E-32 3.65060E-36 1.49133E-26
 1.42635E-44 1.73751E-41 3.61224E-17 4.25511E-31 7.67562E-11 4.53103E-20 2.81255E-11 3.59797E-40
 2.83699E-05 1.26519E-42 3.98889E-33 4.90657E-18 6.62087E-21 1.08039E-19 1.33952E-29 2.74530E-04
 2.74866E-16 6.09685E-04 1.35570E-11 2.89179E-15 5.92273E-17 7.45067E-25 1.21080E-12 1.29278E-07
 1.35998E-06 1.63321E-14 1.01432E-04 2.06206E-27 1.63394E-18 1.14815E-16 2.67716E-13 4.02768E-20
 1.57254E-28 9.54490E-33 1.71520E-36 1.03962E-26 6.07013E-45 5.84543E-42 3.48868E-17 2.11022E-31
 7.63511E-11 3.06001E-20 2.73515E-11 1.61056E-40 2.61281E-05 7.52012E-43 3.46315E-33 4.76563E-18
 5.04898E-21 9.67764E-20 1.08027E-29 2.66613E-04 2.75448E-16 6.29569E-04 1.21784E-11 2.89135E-15
 4.51261E-17 4.59188E-25 8.47282E-13 1.28932E-07 1.35312E-06 1.51295E-14 1.02738E-04 1.41737E-27
 1.58296E-18 1.10681E-16 2.60836E-13 3.35202E-20 1.12714E-28 5.32464E-33 8.09944E-37 7.26968E-27
 2.60499E-45 1.95068E-42 3.35784E-17 1.03650E-31 7.57512E-11 2.05768E-20 2.66492E-11 7.18861E-41
 2.40233E-05 4.51619E-43 2.99966E-33 4.61154E-18 3.88099E-21 8.58966E-20 8.66245E-30 2.58203E-04
 2.76766E-16 6.51263E-04 1.11146E-11 2.90645E-15 3.42246E-17 3.03848E-25 5.92706E-13 1.28519E-07
 1.34510E-06 1.41449E-14 1.03976E-04 1.02596E-27 1.52799E-18 1.06683E-16 2.55704E-13 2.80571E-20
 8.18152E-29 3.16317E-33 3.90650E-37 5.10351E-27 1.14176E-45 6.45493E-43 3.22013E-17 5.04617E-32
 7.49502E-11 1.37702E-20 2.60208E-11 3.21328E-41 2.20368E-05 2.77843E-43 2.58933E-33 4.44477E-18
 3.04257E-21 7.55046E-20 6.90299E-30 2.49307E-04 2.78056E-16 6.75043E-04 1.03424E-11 2.93187E-15
 2.58105E-17 2.33940E-25 4.18117E-13 1.28029E-07 1.33572E-06 1.33660E-14 1.05151E-04 8.25463E-28
 1.46922E-18 1.02826E-16 2.52457E-13 2.36452E-20 6.09807E-29 2.17129E-33 2.12654E-37 3.60239E-27
 5.59589E-46 2.20348E-43 3.07617E-17 2.55586E-32 7.39438E-11 9.24960E-21 2.54682E-11 1.53119E-41
 2.01508E-05 1.92728E-43 2.22533E-33 4.26608E-18 2.50748E-21 6.57069E-20 5.46411E-30 2.39945E-04
 2.85150E+02 2.78650E+02 2.72150E+02 2.65660E+02 2.61170E+02 2.55680E+02 2.49190E+02 2.42700E+02
 2.36210E+02 2.25000E+02 2.10000E+02 2.10000E+02 2.10000E+02 2.10000E+02 2.10000E+02 2.10000E+02
 2.10000E+02 2.10000E+02 2.10000E+02 2.10000E+02 2.10000E+02 2.10000E+02 2.10000E+02 2.10000E+02
 2.10000E+02 2.10000E+02 2.10000E+02 2.10000E+02 2.10000E+02 2.10000E+02 2.10000E+02 2.10000E+02
 2.10000E+02 2.10000E+02 2.10000E+02 2.10000E+02 2.10000E+02 2.10000E+02 2.10000E+02 2.10000E+02
 2.10000E+02 2.10000E+02 2.10000E+02 2.10000E+02 2.10000E+02 2.10000E+02 2.10000E+02 2.10000E+02
 2.10000E+02 2.10000E+02 2.10000E+02 2.10000E+02 2.10000E+02 2.10000E+02 2.10000E+02 2.10000E+02
 2.10000E+02 2.10000E+02 2.10000E+02 2.10000E+02 2.10000E+02 2.10000E+02 2.10000E+02 2.10000E+02
 2.10000E+02 2.10000E+02 2.10000E+02 2.10000E+02 2.10000E+02 2.10000E+02 2.10000E+02 2.10000E+02
 2.10000E+02 2.10000E+02 2.10000E+02 2.10000E+02 2.10000E+02 2.10000E+02 2.10000E+02 2.10000E+02
 2.10000E+02 2.10000E+02 2.10000E+02 2.10000E+02 2.10000E+02 2.10000E+02 2.10000E+02 2.10000E+02
 2.10000E+02 2.10000E+02 2.10000E+02 2.10000E+02 2.10000E+02 2.10000E+02 2.10000E+02 2.10000E+02
 2.10000E+02 2.10000E+02 2.10000E+02 2.10000E+02 1.00000E+05 1.00000E+05 1.00000E+05 1.00000E+05
 1.00000E+05 1.00000E+05 1.00000E+05 1.00000E+05 1.00000E+05 8.94400E+04 4.89900E+04 2.25800E+04
 1.16600E+04 6.81200E+03 5.16500E+03 4.29000E+03 3.95000E+03 3.90000E+03 3.99900E+03 4.34300E+03
 4.84400E+03 5.43900E+03 6.18700E+03 7.03600E+03 7.98400E+03 8.98600E+03 1.00300E+04 1.12800E+04
 1.24900E+04 1.36300E+04 1.51300E+04 1.66900E+04 1.81800E+04 1.99800E+04 2.19800E+04 2.44500E+04
 2.74600E+04 3.04600E+04 3.39400E+04 3.79500E+04 4.19500E+04 4.64300E+04 5.19100E+04 5.84000E+04
 6.44500E+04 7.13600E+04 7.99000E+04 8.79100E+04 9.68700E+04 1.06900E+05 1.17800E+05 1.31800E+05
 1.48300E+05 1.65800E+05 1.83300E+05 2.01800E+05 2.25600E+05 2.52200E+05 2.77200E+05 3.07000E+05
 3.42100E+05 3.79500E+05 4.21900E+05 4.71700E+05 5.17400E+05 5.67400E+05 6.22400E+05 6.82600E+05
 7.48700E+05 8.21200E+05 9.00700E+05 9.87900E+05 1.00000E+06 1.00000E+06 1.00000E+06 1.00000E+06
 1.00000E+06 1.00000E+06 1.00000E+06 1.00000E+06 1.00000E+06 1.00000E+06 1.00000E+06 1.00000E+06
 1.00000E+06 1.00000E+06 1.00000E+06 1.00000E+06 1.00000E+06 1.00000E+06 1.00000E+06 1.00000E+06
 1.00000E+06 1.00000E+06 1.00000E+06 1.00000E+06 1.00000E+06 1.00000E+06 1.00000E+06 1.00000E+06
 2.42865E+19 2.20948E+19 2.00569E+19 1.81644E+19 1.62930E+19 1.46409E+19 1.31756E+19 1.18245E+19
 1.05814E+19 9.62411E+18 8.85714E+18 7.56705E+18 6.46519E+18 5.52405E+18 4.72014E+18 4.03342E+18
 3.44678E+18 2.94561E+18 2.51743E+18 2.15160E+18 1.83903E+18 1.57193E+18 1.34370E+18 1.14866E+18
 9.81981E+17 8.39528E+17 7.17775E+17 6.13710E+17 5.24758E+17 4.48721E+17 3.83720E+17 3.28151E+17
 2.80644E+17 2.40025E+17 2.05296E+17 1.75600E+17 1.50207E+17 1.28492E+17 1.09922E+17 9.40403E+16
 8.04571E+16 6.88392E+16 5.89018E+16 5.04013E+16 4.31297E+16 3.69090E+16 3.15871E+16 2.70338E+16
 2.31380E+16 1.98046E+16 1.69523E+16 1.45114E+16 1.24226E+16 1.06350E+16 9.10507E+15 7.79560E+15
 6.67479E+15 5.71539E+15 4.89413E+15 4.19109E+15 3.58921E+15 3.07391E+15 2.63273E+15 2.25497E+15
 1.93151E+15 1.65453E+15 1.41733E+15 1.21420E+15 1.04024E+15 8.91238E+14 7.63618E+14 6.54304E+14
 5.60665E+14 4.80451E+14 4.11733E+14 3.52861E+14 3.02421E+14 2.59203E+14 2.22173E+14 1.90442E+14
 1.63250E+14 1.39948E+14 1.19978E+14 1.02862E+14 8.81926E+13 7.56187E+13 6.48405E+13 5.56013E+13
 4.76809E+13 4.08907E+13 3.50692E+13 3.00779E+13 2.57983E+13 2.21286E+13 1.89819E+13 1.62834E+13
 1.39692E+13 1.19845E+13 1.02822E+13 8.82220E+12 1.04058E-10 1.26784E-10 1.74398E-10 2.33617E-10
 2.98388E-10 3.63821E-10 4.25260E-10 4.78357E-10 5.18660E-10 5.44006E-10 5.57492E-10 5.68023E-10
 5.65781E-10 5.50751E-10 5.24186E-10 4.88144E-10 4.45117E-10 3.99699E-10 3.55571E-10 3.15469E-10
 2.80924E-10 2.51653E-10 2.27035E-10 2.06420E-10 1.88495E-10 1.71901E-10 1.56143E-10 1.41231E-10
 1.27121E-10 1.13646E-10 1.00880E-10 8.89339E-11 7.77335E-11 6.73072E-11 5.77386E-11 4.90888E-11
 4.14147E-11 3.46512E-11 2.87187E-11 2.35837E-11 1.91644E-11 1.53841E-11 1.22065E-11 9.58618E-12
 7.43558E-12 5.68061E-12 4.27935E-12 3.17329E-12 2.30808E-12 1.64518E-12 1.13830E-12 7.73868E-13
 5.17674E-13 3.39597E-13 2.17104E-13 1.34872E-13 8.20239E-14 4.87877E-14 2.80923E-14 1.56974E-14
 8.53037E-15 4.48941E-15 2.28774E-15 1.13154E-15 5.34885E-16 2.40909E-16 1.03088E-16 4.17683E-17
 1.59698E-17 5.74083E-18 1.93270E-18 6.06836E-19 1.59610E-19 3.35902E-20 5.45006E-21 6.52855E-22
 5.48939E-23 3.05456E-24 1.05019E-25 2.05927E-27 2.09770E-29 9.95642E-32 1.93952E-34 1.33749E-37
 2.74809E-41 1.37610E-45 1.32873E-50 1.88301E-56 2.84934E-63 3.17769E-71 1.69565E-80 2.61694E-91
 1.00000-100 1.00000-100 1.00000-100 1.00000-100 1.00000-100 1.00000-100 1.00000-100 1.00000-100
 4.25980E+01 3.47577E+01 3.39310E+01 3.61381E+01 3.77074E+01 3.82221E+01 3.77455E+01 3.61220E+01
 3.32790E+01 3.01206E+01 2.66062E+01 2.28976E+01 1.93045E+01 1.59249E+01 1.28553E+01 1.01594E+01
 8.27199E+00 7.11872E+00 6.32760E+00 5.93433E+00 5.75572E+00 5.70617E+00 5.84775E+00 6.15564E+00
 5.31053E+00 4.11380E+00 3.17398E+00 2.43846E+00 1.86461E+00 1.41748E+00 1.06993E+00 8.02040E-01
 5.96492E-01 4.39581E-01 3.20929E-01 2.32243E-01 1.66865E-01 1.18894E-01 8.39092E-02 5.86714E-02
 4.05914E-02 2.77379E-02 1.87322E-02 1.25187E-02 8.26838E-03 5.37840E-03 3.44893E-03 2.17638E-03
 1.34587E-03 8.15032E-04 4.78816E-04 2.76296E-04 1.56852E-04 8.73227E-05 4.72900E-05 2.49744E-05
 1.30047E-05 6.62336E-06 3.26576E-06 1.56270E-06 7.27257E-07 3.27795E-07 1.43065E-07 6.06082E-08
 2.45402E-08 9.46779E-09 3.47059E-09 1.20465E-09 3.94597E-10 1.21532E-10 3.50560E-11 9.43132E-12
 2.12562E-12 3.83340E-13 5.33014E-14 5.47194E-15 3.94327E-16 1.88066E-17 5.54218E-19 9.31529E-21
 8.13430E-23 3.30973E-25 5.52735E-28 3.26791E-31 5.75685E-35 2.47172E-39 2.04647E-44 2.48691E-50
 3.22709E-57 3.08644E-65 1.41248E-74 1.86966E-85 6.12792E-95 5.25626E-95 4.50880E-95 3.86783E-95
 3.31813E-95 2.84670E-95 2.44236E-95 2.09555E-95 0.00000E+00 0.00000E+00 0.00000E+00 0.00000E+00
 0.00000E+00 0.00000E+00 0.00000E+00 0.00000E+00 0.00000E+00 0.00000E+00 0.00000E+00 0.00000E+00
 0.00000E+00 0.00000E+00 0.00000E+00 0.00000E+00 0.00000E+00 0.00000E+00 0.00000E+00 0.00000E+00
 0.00000E+00 0.00000E+00 0.00000E+00 0.00000E+00 0.00000E+00 0.00000E+00 0.00000E+00 0.00000E+00
 0.00000E+00 0.00000E+00 0.00000E+00 0.00000E+00 0.00000E+00 0.00000E+00 0.00000E+00 0.00000E+00
 0.00000E+00 0.00000E+00 0.00000E+00 0.00000E+00 0.00000E+00 0.00000E+00 0.00000E+00 0.00000E+00
 0.00000E+00 0.00000E+00 0.00000E+00 0.00000E+00 0.00000E+00 0.00000E+00 0.00000E+00 0.00000E+00
 0.00000E+00 0.00000E+00 0.00000E+00 0.00000E+00 0.00000E+00 0.00000E+00 0.00000E+00 0.00000E+00
 0.00000E+00 0.00000E+00 0.00000E+00 0.00000E+00 0.00000E+00 0.00000E+00 0.00000E+00 0.00000E+00
 0.00000E+00 0.00000E+00 0.00000E+00 0.00000E+00 0.00000E+00 0.00000E+00 0.00000E+00 0.00000E+00
 0.00000E+00 0.00000E+00 0.00000E+00 0.00000E+00 0.00000E+00 0.00000E+00 0.00000E+00 0.00000E+00
 0.00000E+00 0.00000E+00 0.00000E+00 0.00000E+00 0.00000E+00 0.00000E+00 0.00000E+00 0.00000E+00
 0.00000E+00 0.00000E+00 0.00000E+00 0.00000E+00 0.00000E+00 0.00000E+00 0.00000E+00 0.00000E+00
 0.00000E+00 0.00000E+00 0.00000E+00 0.00000E+00 0.00000E+00 0.00000E+00 0.00000E+00 0.00000E+00
 0.00000E+00 0.00000E+00 0.00000E+00 0.00000E+00 0.00000E+00 0.00000E+00 0.00000E+00 0.00000E+00
 0.00000E+00 0.00000E+00 0.00000E+00 0.00000E+00 0.00000E+00 0.00000E+00 0.00000E+00 0.00000E+00
 0.00000E+00 0.00000E+00 0.00000E+00 0.00000E+00 0.00000E+00 0.00000E+00 0.00000E+00 0.00000E+00
 0.00000E+00 0.00000E+00 0.00000E+00 0.00000E+00 0.00000E+00 0.00000E+00 0.00000E+00 0.00000E+00
 0.00000E+00 0.00000E+00 0.00000E+00 0.00000E+00 0.00000E+00 0.00000E+00 0.00000E+00 0.00000E+00
 0.00000E+00 0.00000E+00 0.00000E+00 0.00000E+00 0.00000E+00 0.00000E+00 0.00000E+00 0.00000E+00
 0.00000E+00 0.00000E+00 0.00000E+00 0.00000E+00 0.00000E+00 0.00000E+00 0.00000E+00 0.00000E+00
 0.00000E+00 0.00000E+00 0.00000E+00 0.00000E+00 0.00000E+00 0.00000E+00 0.00000E+00 0.00000E+00
 0.00000E+00 0.00000E+00 0.00000E+00 0.00000E+00 0.00000E+00 0.00000E+00 0.00000E+00 0.00000E+00
 0.00000E+00 0.00000E+00 0.00000E+00 0.00000E+00 0.00000E+00 0.00000E+00 0.00000E+00 0.00000E+00
 0.00000E+00 0.00000E+00 0.00000E+00 0.00000E+00 0.00000E+00 0.00000E+00 0.00000E+00 0.00000E+00
 0.00000E+00 0.00000E+00 0.00000E+00 0.00000E+00 6.94113E-04 7.68981E-04 8.55766E-04 9.37582E-04
 1.02216E-03 1.11856E-03 1.22879E-03 1.35531E-03 1.50497E-03 1.69657E-03 1.95522E-03 2.18186E-03
 2.44947E-03 2.76560E-03 3.13870E-03 3.57859E-03 4.01873E-03 4.41508E-03 4.79963E-03 5.13563E-03
 5.45940E-03 5.79084E-03 6.10396E-03 6.40646E-03 7.21814E-03 8.43793E-03 9.86820E-03 1.15452E-02
 1.35104E-02 1.58083E-02 1.85012E-02 2.16568E-02 2.53478E-02 2.96685E-02 3.47297E-02 4.06556E-02
 4.75858E-02 5.57012E-02 6.52049E-02 7.63349E-02 8.93706E-02 1.04640E-01 1.22528E-01 1.43485E-01
 1.67984E-01 1.96673E-01 2.30283E-01 2.69668E-01 3.15903E-01 3.70173E-01 4.33872E-01 5.08605E-01
 5.96248E-01 6.98988E-01 8.20056E-01 9.60664E-01 1.12195E+00 1.31026E+00 1.53010E+00 1.78674E+00
 2.08634E+00 2.43606E+00 2.84426E+00 3.32071E+00 3.87678E+00 4.52576E+00 5.28313E+00 6.16695E+00
 7.19827E+00 8.40167E+00 9.80578E+00 1.14440E+01 1.33553E+01 1.55850E+01 1.81861E+01 2.12203E+01
 2.47595E+01 2.88877E+01 3.37025E+01 3.93179E+01 4.58668E+01 5.35038E+01 6.24095E+01 7.27940E+01
 8.49023E+01 9.90200E+01 1.15480E+02 1.34669E+02 1.57039E+02 1.83116E+02 2.13514E+02 2.48945E+02
 2.90242E+02 3.38374E+02 3.94468E+02 4.59839E+02 5.36018E+02 6.24787E+02 7.28222E+02 8.48739E+02
 0.00000E+00 0.00000E+00 0.00000E+00 0.00000E+00 0.00000E+00 0.00000E+00 0.00000E+00 0.00000E+00
 0.00000E+00 0.00000E+00 0.00000E+00 0.00000E+00 0.00000E+00 0.00000E+00 0.00000E+00 0.00000E+00
 0.00000E+00 0.00000E+00 0.00000E+00 0.00000E+00 0.00000E+00 0.00000E+00 0.00000E+00 0.00000E+00
 0.00000E+00 0.00000E+00 0.00000E+00 0.00000E+00 0.00000E+00 0.00000E+00 0.00000E+00 0.00000E+00
 0.00000E+00 0.00000E+00 0.00000E+00 0.00000E+00 0.00000E+00 0.00000E+00 0.00000E+00 0.00000E+00
 0.00000E+00 0.00000E+00 0.00000E+00 0.00000E+00 0.00000E+00 0.00000E+00 0.00000E+00 0.00000E+00
 0.00000E+00 0.00000E+00 0.00000E+00 0.00000E+00 0.00000E+00 0.00000E+00 0.00000E+00 0.00000E+00
 0.00000E+00 0.00000E+00 0.00000E+00 0.00000E+00 0.00000E+00 0.00000E+00 0.00000E+00 0.00000E+00
 0.00000E+00 0.00000E+00 0.00000E+00 0.00000E+00 0.00000E+00 0.00000E+00 0.00000E+00 0.00000E+00
 0.00000E+00 0.00000E+00 0.00000E+00 0.00000E+00 0.00000E+00 0.00000E+00 0.00000E+00 0.00000E+00
 0.00000E+00 0.00000E+00 0.00000E+00 0.00000E+00 0.00000E+00 0.00000E+00 0.00000E+00 0.00000E+00
 0.00000E+00 0.00000E+00 0.00000E+00 0.00000E+00 0.00000E+00 0.00000E+00 0.00000E+00 0.00000E+00
 0.00000E+00 0.00000E+00 0.00000E+00 0.00000E+00 0.00000E+00 0.00000E+00 0.00000E+00 0.00000E+00
 0.00000E+00 0.00000E+00 0.00000E+00 0.00000E+00 0.00000E+00 0.00000E+00 0.00000E+00 0.00000E+00
 0.00000E+00 0.00000E+00 0.00000E+00 0.00000E+00 0.00000E+00 0.00000E+00 0.00000E+00 0.00000E+00
 0.00000E+00 0.00000E+00 0.00000E+00 0.00000E+00 0.00000E+00 0.00000E+00 0.00000E+00 0.00000E+00
 0.00000E+00 0.00000E+00 0.00000E+00 0.00000E+00 0.00000E+00 0.00000E+00 0.00000E+00 0.00000E+00
 0.00000E+00 0.00000E+00 0.00000E+00 0.00000E+00 0.00000E+00 0.00000E+00 0.00000E+00 0.00000E+00
 0.00000E+00 0.00000E+00 0.00000E+00 0.00000E+00 0.00000E+00 0.00000E+00 0.00000E+00 0.00000E+00
 0.00000E+00 0.00000E+00 0.00000E+00 0.00000E+00 0.00000E+00 0.00000E+00 0.00000E+00 0.00000E+00
 0.00000E+00 0.00000E+00 0.00000E+00 0.00000E+00 0.00000E+00 0.00000E+00 0.00000E+00 0.00000E+00
 0.00000E+00 0.00000E+00 0.00000E+00 0.00000E+00 0.00000E+00 0.00000E+00 0.00000E+00 0.00000E+00
 0.00000E+00 0.00000E+00 0.00000E+00 0.00000E+00 0.00000E+00 0.00000E+00 0.00000E+00 0.00000E+00
 0.00000E+00 0.00000E+00 0.00000E+00 0.00000E+00 0.00000E+00 0.00000E+00 0.00000E+00 0.00000E+00
 0.00000E+00 0.00000E+00 0.00000E+00 0.00000E+00 0.00000E+00 0.00000E+00 0.00000E+00 0.00000E+00
 1.80674E-05 1.80674E-05 1.80674E-05 1.80674E-05 1.80674E-05 1.80674E-05 1.80674E-05 1.80674E-05
 1.80674E-05 1.80674E-05 1.80674E-05 1.80674E-05 1.80674E-05 1.80674E-05 1.80674E-05 1.80674E-05
 1.77654E-05 1.70631E-05 1.61613E-05 1.50211E-05 1.38214E-05 1.26545E-05 1.14869E-05 1.03607E-05
 1.00000E-05 1.00000E-05 1.00000E-05 1.00000E-05 1.00000E-05 1.00000E-05 1.00000E-05 1.00000E-05
 1.00000E-05 1.00000E-05 1.00000E-05 1.00000E-05 1.00000E-05 1.00000E-05 1.00000E-05 1.00000E-05
 1.00000E-05 1.00000E-05 1.00000E-05 1.00000E-05 1.00000E-05 1.00000E-05 1.00000E-05 1.00000E-05
 1.00000E-05 1.00000E-05 1.00000E-05 1.00000E-05 1.00000E-05 1.00000E-05 1.00000E-05 1.00000E-05
 1.00000E-05 1.00000E-05 1.00000E-05 1.00000E-05 1.00000E-05 1.00000E-05 1.00000E-05 1.00000E-05
 1.00000E-05 1.00000E-05 1.00000E-05 1.00000E-05 1.00000E-05 1.00000E-05 1.00000E-05 1.00000E-05
 1.00000E-05 1.00000E-05 1.00000E-05 1.00000E-05 1.00000E-05 1.00000E-05 1.00000E-05 1.00000E-05
 1.00000E-05 1.00000E-05 1.00000E-05 1.00000E-05 1.00000E-05 1.00000E-05 1.00000E-05 1.00000E-05
 1.00000E-05 1.00000E-05 1.00000E-05 1.00000E-05 1.00000E-05 1.00000E-05 1.00000E-05 1.00000E-05
 1.00000E-05 1.00000E-05 1.00000E-05 1.00000E-05 0.00000E+00 0.00000E+00 0.00000E+00 0.00000E+00
 0.00000E+00 0.00000E+00 0.00000E+00 0.00000E+00 0.00000E+00 0.00000E+00 0.00000E+00 0.00000E+00
 0.00000E+00 0.00000E+00 0.00000E+00 0.00000E+00 0.00000E+00 0.00000E+00 0.00000E+00 0.00000E+00
 0.00000E+00 0.00000E+00 0.00000E+00 0.00000E+00 0.00000E+00 0.00000E+00 0.00000E+00 0.00000E+00
 0.00000E+00 0.00000E+00 0.00000E+00 0.00000E+00 0.00000E+00 0.00000E+00 0.00000E+00 0.00000E+00
 0.00000E+00 0.00000E+00 0.00000E+00 0.00000E+00 0.00000E+00 0.00000E+00 0.00000E+00 0.00000E+00
 0.00000E+00 0.00000E+00 0.00000E+00 0.00000E+00 0.00000E+00 0.00000E+00 0.00000E+00 0.00000E+00
 0.00000E+00 0.00000E+00 0.00000E+00 0.00000E+00 0.00000E+00 0.00000E+00 0.00000E+00 0.00000E+00
 0.00000E+00 0.00000E+00 0.00000E+00 0.00000E+00 0.00000E+00 0.00000E+00 0.00000E+00 0.00000E+00
 0.00000E+00 0.00000E+00 0.00000E+00 0.00000E+00 0.00000E+00 0.00000E+00 0.00000E+00 0.00000E+00
 0.00000E+00 0.00000E+00 0.00000E+00 0.00000E+00 0.00000E+00 0.00000E+00 0.00000E+00 0.00000E+00
 0.00000E+00 0.00000E+00 0.00000E+00 0.00000E+00 0.00000E+00 0.00000E+00 0.00000E+00 0.00000E+00
 0.00000E+00 0.00000E+00 0.00000E+00 0.00000E+00 0.00000E+00 0.00000E+00 0.00000E+00 0.00000E+00
 0.00000E+00 0.00000E+00 0.00000E+00 0.00000E+00 0.00000E+00 0.00000E+00 0.00000E+00 0.00000E+00
 0.00000E+00 0.00000E+00 0.00000E+00 0.00000E+00 0.00000E+00 0.00000E+00 0.00000E+00 0.00000E+00
 0.00000E+00 0.00000E+00 0.00000E+00 0.00000E+00 0.00000E+00 0.00000E+00 0.00000E+00 0.00000E+00
 0.00000E+00 0.00000E+00 0.00000E+00 0.00000E+00 0.00000E+00 0.00000E+00 0.00000E+00 0.00000E+00
 0.00000E+00 0.00000E+00 0.00000E+00 0.00000E+00 0.00000E+00 0.00000E+00 0.00000E+00 0.00000E+00
 0.00000E+00 0.00000E+00 0.00000E+00 0.00000E+00 0.00000E+00 0.00000E+00 0.00000E+00 0.00000E+00
 0.00000E+00 0.00000E+00 0.00000E+00 0.00000E+00 0.00000E+00 0.00000E+00 0.00000E+00 0.00000E+00
 0.00000E+00 0.00000E+00 0.00000E+00 0.00000E+00 0.00000E+00 0.00000E+00 0.00000E+00 0.00000E+00
 0.00000E+00 0.00000E+00 0.00000E+00 0.00000E+00 0.00000E+00 0.00000E+00 0.00000E+00 0.00000E+00
 0.00000E+00 0.00000E+00 0.00000E+00 0.00000E+00 0.00000E+00 0.00000E+00 0.00000E+00 0.00000E+00
 0.00000E+00 0.00000E+00 0.00000E+00 0.00000E+00 0.00000E+00 0.00000E+00 0.00000E+00 0.00000E+00
 0.00000E+00 0.00000E+00 0.00000E+00 0.00000E+00 0.00000E+00 0.00000E+00 0.00000E+00 0.00000E+00
 0.00000E+00 0.00000E+00 0.00000E+00 0.00000E+00
