
     Z         PRESS      DEN     ProOH1    ProOH25    ProO3D    PO2D       PO2      PH2O      PO3D      PH2O2     FO3      FH2O      NumO2      NumOH      NumO1D     PN2O     PCH3CL      FOH      FHO2      FNO     FNO2      FH    FH2O2     FNO3    FN2O5    FHNO3      FO       FN      FH2     FCH4    FN2O
   5.000E+04 9.538E+05 2.447E+19 2.405E+05 1.563E-17 2.557E+06 0.000E+00 3.899E-34 6.836E-35 5.209E-06 2.274E-06 2.006E-08 9.341E-03 5.206E+18 2.614E+06 3.190E-03 3.478E-31 1.418E-33 1.068E-13 8.344E-12 8.073E-12 2.517E-11 4.243E-21 5.244E-10 1.823E-14 4.108E-16 1.504E-10 4.300E-17 3.719E-21 5.000E-07 8.080E-07 2.730E-07
   1.500E+05 8.441E+05 2.208E+19 1.751E+05 2.599E-15 2.729E+06 0.000E+00 6.573E-32 1.904E-32 5.605E-06 2.453E-06 2.205E-08 6.181E-03 4.698E+18 2.150E+06 3.872E-03 7.267E-29 5.365E-31 9.738E-14 7.811E-12 4.757E-12 1.300E-11 3.719E-21 5.251E-10 1.261E-14 2.224E-16 1.718E-10 5.554E-17 3.904E-21 4.995E-07 8.054E-07 2.730E-07
   2.500E+05 7.454E+05 1.983E+19 1.296E+05 3.185E-13 2.918E+06 0.000E+00 8.224E-30 3.824E-30 5.926E-06 2.609E-06 2.483E-08 4.200E-03 4.218E+18 2.071E+06 4.679E-03 1.103E-26 1.244E-28 1.044E-13 7.605E-12 4.799E-12 1.163E-11 3.904E-21 5.036E-10 1.223E-14 2.840E-16 2.047E-10 7.517E-17 4.087E-21 4.992E-07 8.034E-07 2.729E-07
   3.500E+05 6.568E+05 1.783E+19 8.269E+04 2.244E-11 3.084E+06 0.000E+00 6.856E-28 5.044E-28 6.081E-06 2.745E-06 2.845E-08 2.495E-03 3.793E+18 2.000E+06 5.560E-03 1.096E-24 1.694E-26 1.122E-13 7.111E-12 6.180E-12 1.311E-11 4.087E-21 4.444E-10 1.288E-14 5.687E-16 2.412E-10 1.022E-16 4.286E-21 4.990E-07 8.017E-07 2.728E-07
   4.500E+05 5.771E+05 1.602E+19 4.782E+04 1.032E-09 3.206E+06 0.000E+00 3.876E-26 4.686E-26 6.122E-06 2.863E-06 3.269E-08 1.375E-03 3.409E+18 1.941E+06 6.457E-03 7.269E-23 1.434E-24 1.212E-13 6.375E-12 8.425E-12 1.547E-11 4.286E-21 3.619E-10 1.350E-14 1.280E-15 2.757E-10 1.383E-16 4.353E-21 4.988E-07 8.004E-07 2.728E-07
   5.500E+05 5.056E+05 1.439E+19 2.437E+04 9.934E-08 3.247E+06 0.000E+00 1.555E-24 1.002E-23 6.048E-06 2.965E-06 3.730E-08 6.891E-04 3.062E+18 1.832E+06 7.264E-03 3.732E-21 1.245E-22 1.273E-13 5.359E-12 1.126E-11 1.752E-11 4.353E-21 2.724E-10 1.338E-14 2.874E-15 3.025E-10 1.846E-16 4.104E-21 4.988E-07 7.994E-07 2.727E-07
   6.500E+05 4.414E+05 1.291E+19 1.085E+04 5.883E-06 3.197E+06 0.000E+00 4.865E-23 1.463E-21 5.877E-06 3.053E-06 4.212E-08 3.115E-04 2.747E+18 1.602E+06 7.919E-03 1.898E-19 1.165E-20 1.240E-13 4.173E-12 1.381E-11 1.779E-11 4.104E-21 1.910E-10 1.217E-14 5.868E-15 3.180E-10 2.421E-16 3.647E-21 4.988E-07 7.987E-07 2.726E-07
   7.500E+05 3.838E+05 1.156E+19 4.191E+03 8.242E-05 3.059E+06 0.000E+00 1.076E-21 5.658E-20 5.615E-06 3.130E-06 4.712E-08 1.260E-04 2.460E+18 1.309E+06 8.380E-03 5.735E-18 4.200E-19 1.132E-13 3.011E-12 1.649E-11 1.720E-11 3.647E-21 1.265E-10 1.037E-14 1.192E-14 3.253E-10 3.138E-16 3.279E-21 4.987E-07 7.982E-07 2.725E-07
   8.500E+05 3.324E+05 1.032E+19 1.386E+03 4.074E-04 2.863E+06 0.000E+00 1.554E-20 8.832E-19 5.296E-06 3.196E-06 5.236E-08 4.468E-05 2.197E+18 1.071E+06 8.680E-03 8.932E-17 6.594E-18 1.037E-13 2.043E-12 2.119E-11 1.766E-11 3.279E-21 8.110E-11 8.707E-15 2.719E-14 3.297E-10 4.050E-16 3.041E-21 4.987E-07 7.978E-07 2.724E-07
   9.500E+05 2.866E+05 9.171E+18 3.842E+02 9.356E-04 2.647E+06 0.000E+00 1.582E-19 7.588E-18 4.955E-06 3.253E-06 5.826E-08 1.344E-05 1.951E+18 8.864E+05 8.924E-03 8.570E-16 5.922E-17 9.665E-14 1.367E-12 2.792E-11 1.868E-11 3.041E-21 5.162E-11 7.340E-15 5.642E-14 3.341E-10 5.293E-16 2.739E-21 4.987E-07 7.974E-07 2.723E-07
   1.050E+06 2.460E+05 8.087E+18 7.117E+01 9.182E-04 2.522E+06 0.000E+00 1.229E-18 4.325E-17 4.630E-06 3.302E-06 6.735E-08 2.625E-06 1.721E+18 6.936E+05 9.528E-03 5.938E-15 3.670E-16 8.576E-14 9.224E-13 3.431E-11 1.941E-11 2.739E-21 3.026E-11 6.114E-15 8.792E-14 3.417E-10 7.352E-16 2.227E-21 4.986E-07 7.969E-07 2.721E-07
   1.150E+06 2.105E+05 7.064E+18 7.663E+01 3.439E-03 2.721E+06 0.000E+00 7.552E-18 1.853E-16 4.411E-06 3.344E-06 8.733E-08 2.627E-06 1.503E+18 4.766E+05 1.166E-02 3.273E-14 1.778E-15 6.747E-14 5.435E-13 4.479E-11 2.447E-11 2.227E-21 1.374E-11 4.927E-15 9.295E-14 3.654E-10 1.185E-15 1.537E-21 4.984E-07 7.959E-07 2.716E-07
   1.250E+06 1.795E+05 6.126E+18 9.859E+01 1.050E-02 3.504E+06 0.000E+00 3.744E-17 6.514E-16 4.283E-06 3.380E-06 1.336E-07 2.632E-06 1.303E+18 2.730E+05 1.718E-02 1.502E-13 7.256E-15 4.456E-14 2.833E-13 6.005E-11 3.836E-11 1.537E-21 4.319E-12 4.387E-15 1.177E-13 4.184E-10 2.312E-15 1.214E-21 4.978E-07 7.937E-07 2.705E-07
   1.350E+06 1.528E+05 5.286E+18 1.436E+02 2.790E-02 5.095E+06 0.000E+00 1.533E-16 1.998E-15 4.187E-06 3.412E-06 2.302E-07 2.642E-06 1.125E+18 1.786E+05 2.877E-02 5.865E-13 2.591E-14 3.379E-14 1.909E-13 7.853E-11 6.760E-11 1.214E-21 1.034E-12 6.187E-15 2.541E-13 5.337E-10 5.168E-15 1.248E-21 4.965E-07 7.894E-07 2.683E-07
   1.450E+06 1.298E+05 4.542E+18 2.120E+02 6.736E-02 7.490E+06 0.000E+00 5.344E-16 5.578E-15 4.136E-06 3.442E-06 3.987E-07 2.659E-06 9.664E+17 1.521E+05 4.894E-02 1.989E-12 8.267E-14 3.348E-14 1.900E-13 9.686E-11 1.145E-10 1.248E-21 3.522E-13 1.174E-14 7.019E-13 7.447E-10 1.177E-14 1.509E-21 4.943E-07 7.819E-07 2.643E-07
   1.550E+06 1.100E+05 3.880E+18 2.997E+02 1.513E-01 1.050E+07 0.000E+00 1.630E-15 1.454E-14 4.185E-06 3.472E-06 6.470E-07 2.683E-06 8.255E+17 1.498E+05 8.007E-02 5.966E-12 2.387E-13 3.861E-14 2.354E-13 1.143E-10 1.779E-10 1.509E-21 3.283E-13 2.285E-14 1.812E-12 1.061E-09 2.573E-14 2.057E-21 4.909E-07 7.710E-07 2.585E-07
   1.650E+06 9.325E+04 3.287E+18 4.121E+02 3.189E-01 1.427E+07 0.000E+00 4.445E-15 3.573E-14 4.418E-06 3.503E-06 9.826E-07 2.716E-06 6.993E+17 1.603E+05 1.284E-01 1.609E-11 6.291E-13 4.877E-14 3.372E-13 1.288E-10 2.581E-10 2.057E-21 5.304E-13 4.376E-14 4.226E-12 1.485E-09 5.471E-14 3.114E-21 4.864E-07 7.567E-07 2.507E-07
   1.750E+06 7.909E+04 2.764E+18 5.557E+02 6.330E-01 1.894E+07 0.000E+00 1.102E-14 8.310E-14 4.880E-06 3.538E-06 1.404E-06 2.756E-06 5.880E+17 1.817E+05 2.035E-01 3.949E-11 1.525E-12 6.574E-14 5.334E-13 1.391E-10 3.527E-10 3.114E-21 1.034E-12 8.114E-14 8.833E-12 2.002E-09 1.135E-13 5.002E-21 4.807E-07 7.390E-07 2.411E-07
   1.850E+06 6.720E+04 2.322E+18 7.327E+02 1.193E+00 2.450E+07 0.000E+00 2.521E-14 1.833E-13 5.525E-06 3.578E-06 1.910E-06 2.803E-06 4.940E+17 2.123E+05 3.151E-01 8.938E-11 3.428E-12 9.140E-14 8.574E-13 1.492E-10 4.630E-10 5.002E-21 2.064E-12 1.405E-13 1.639E-11 2.587E-09 2.266E-13 8.305E-21 4.739E-07 7.184E-07 2.297E-07
   1.950E+06 5.720E+04 1.956E+18 9.444E+02 2.151E+00 3.096E+07 0.000E+00 5.394E-14 3.852E-13 6.349E-06 3.627E-06 2.493E-06 2.855E-06 4.161E+17 2.520E+05 4.749E-01 1.890E-10 7.227E-12 1.288E-13 1.344E-12 1.633E-10 5.931E-10 8.305E-21 3.952E-12 2.235E-13 2.715E-11 3.204E-09 4.315E-13 1.414E-20 4.663E-07 6.955E-07 2.170E-07
   2.050E+06 4.876E+04 1.653E+18 1.194E+03 3.727E+00 3.833E+07 8.036-174 1.092E-13 7.747E-13 7.392E-06 3.685E-06 3.138E-06 2.910E-06 3.516E+17 3.030E+05 6.989E-01 3.769E-10 1.440E-11 1.833E-13 2.047E-12 1.844E-10 7.501E-10 1.414E-20 7.206E-12 3.293E-13 4.091E-11 3.805E-09 7.854E-13 2.478E-20 4.579E-07 6.712E-07 2.034E-07
   2.150E+06 4.163E+04 1.400E+18 1.493E+03 6.218E+00 4.692E+07 4.916-152 2.105E-13 1.497E-12 8.738E-06 3.755E-06 3.837E-06 2.968E-06 2.978E+17 3.695E+05 1.014E+00 7.144E-10 2.731E-11 2.640E-13 3.068E-12 2.144E-10 9.459E-10 2.478E-20 1.274E-11 4.606E-13 5.785E-11 4.355E-09 1.383E-12 4.481E-20 4.490E-07 6.459E-07 1.892E-07
   2.250E+06 3.558E+04 1.187E+18 1.852E+03 1.001E+01 5.701E+07 2.313-133 3.890E-13 2.785E-12 1.049E-05 3.842E-06 4.579E-06 3.028E-06 2.525E+17 4.572E+05 1.458E+00 1.293E-09 4.948E-11 3.852E-13 4.566E-12 2.557E-10 1.194E-09 4.481E-20 2.209E-11 6.223E-13 7.816E-11 4.821E-09 2.376E-12 8.354E-20 4.397E-07 6.201E-07 1.747E-07
   2.350E+06 3.046E+04 1.008E+18 2.286E+03 1.558E+01 6.891E+07 2.462-117 6.911E-13 5.006E-12 1.278E-05 3.949E-06 5.349E-06 3.089E-06 2.144E+17 5.739E+05 2.083E+00 2.241E-09 8.591E-11 5.694E-13 6.767E-12 3.115E-10 1.507E-09 8.354E-20 3.762E-11 8.184E-13 1.012E-10 5.176E-09 3.998E-12 1.606E-19 4.299E-07 5.939E-07 1.601E-07
   2.450E+06 2.610E+04 8.566E+17 2.808E+03 2.348E+01 8.286E+07 1.470-103 1.184E-12 8.699E-12 1.579E-05 4.082E-06 6.127E-06 3.151E-06 1.822E+17 7.292E+05 2.958E+00 3.728E-09 1.432E-10 8.513E-13 1.000E-11 3.845E-10 1.893E-09 1.606E-19 6.279E-11 1.052E-12 1.251E-10 5.411E-09 6.611E-12 3.175E-19 4.198E-07 5.673E-07 1.456E-07
   2.550E+06 2.240E+04 7.290E+17 3.418E+03 3.427E+01 9.875E+07 1.059E-91 1.958E-12 1.463E-11 1.966E-05 4.247E-06 6.890E-06 3.214E-06 1.551E+17 9.338E+05 4.158E+00 5.964E-09 2.297E-10 1.281E-12 1.466E-11 4.789E-10 2.356E-09 3.175E-19 1.017E-10 1.319E-12 1.464E-10 5.527E-09 1.076E-11 6.445E-19 4.093E-07 5.405E-07 1.312E-07
   2.650E+06 1.925E+04 6.214E+17 4.125E+03 4.852E+01 1.167E+08 1.752E-81 3.133E-12 2.382E-11 2.467E-05 4.454E-06 7.613E-06 3.278E-06 1.322E+17 1.202E+06 5.786E+00 9.186E-09 3.547E-10 1.934E-12 2.122E-11 5.992E-10 2.889E-09 6.445E-19 1.583E-10 1.606E-12 1.604E-10 5.540E-09 1.723E-11 1.345E-18 3.983E-07 5.132E-07 1.171E-07
   2.750E+06 1.656E+04 5.303E+17 4.930E+03 6.659E+01 1.366E+08 1.148E-72 4.857E-12 3.756E-11 3.119E-05 4.712E-06 8.261E-06 3.343E-06 1.128E+17 1.548E+06 7.964E+00 1.363E-08 5.280E-10 2.918E-12 3.017E-11 7.502E-10 3.477E-09 1.345E-18 2.349E-10 1.893E-12 1.632E-10 5.464E-09 2.718E-11 2.879E-18 3.869E-07 4.858E-07 1.035E-07
   2.850E+06 1.427E+04 4.533E+17 5.826E+03 8.858E+01 1.582E+08 4.720E-65 7.304E-12 5.733E-11 3.965E-05 5.035E-06 8.800E-06 3.408E-06 9.643E+16 1.986E+06 1.082E+01 1.952E-08 7.582E-10 4.382E-12 4.184E-11 9.387E-10 4.095E-09 2.879E-18 3.282E-10 2.152E-12 1.537E-10 5.313E-09 4.227E-11 6.317E-18 3.750E-07 4.581E-07 9.068E-08
   2.950E+06 1.231E+04 3.879E+17 6.796E+03 1.142E+02 1.808E+08 1.803E-58 1.067E-11 8.470E-11 5.066E-05 5.434E-06 9.199E-06 3.475E-06 8.250E+16 2.530E+06 1.451E+01 2.698E-08 1.051E-09 6.523E-12 5.638E-11 1.172E-09 4.722E-09 6.317E-18 4.294E-10 2.371E-12 1.345E-10 5.093E-09 6.503E-11 1.415E-17 3.627E-07 4.301E-07 7.855E-08
   3.050E+06 1.063E+04 3.320E+17 7.799E+03 1.425E+02 2.032E+08 8.953E-53 1.516E-11 1.211E-10 6.494E-05 5.924E-06 9.426E-06 3.542E-06 7.063E+16 3.186E+06 1.912E+01 3.604E-08 1.408E-09 9.594E-12 7.346E-11 1.458E-09 5.324E-09 1.415E-17 5.220E-10 2.533E-12 1.097E-10 4.804E-09 9.918E-11 3.212E-17 3.500E-07 4.020E-07 6.736E-08
   3.150E+06 9.192E+03 2.845E+17 8.775E+03 1.722E+02 2.241E+08 7.685E-48 2.096E-11 1.677E-10 8.326E-05 6.515E-06 9.462E-06 3.609E-06 6.051E+16 3.957E+06 2.471E+01 4.655E-08 1.825E-09 1.391E-11 9.213E-11 1.807E-09 5.857E-09 3.212E-17 5.870E-10 2.617E-12 8.358E-11 4.450E-09 1.499E-10 7.357E-17 3.372E-07 3.741E-07 5.731E-08
   3.250E+06 7.962E+03 2.438E+17 9.650E+03 2.015E+02 2.416E+08 1.462E-43 2.823E-11 2.249E-10 1.065E-04 7.219E-06 9.306E-06 3.676E-06 5.184E+16 4.840E+06 3.123E+01 5.825E-08 2.292E-09 1.986E-11 1.113E-10 2.227E-09 6.290E-09 7.357E-17 6.115E-10 2.629E-12 5.996E-11 4.036E-09 2.253E-10 1.684E-16 3.242E-07 3.465E-07 4.837E-08
   3.350E+06 6.907E+03 2.091E+17 1.037E+04 2.291E+02 2.547E+08 7.608E-40 3.707E-11 2.928E-10 1.356E-04 8.040E-06 8.983E-06 3.741E-06 4.447E+16 5.836E+06 3.857E+01 7.075E-08 2.798E-09 2.791E-11 1.292E-10 2.727E-09 6.576E-09 1.684E-16 5.915E-10 2.553E-12 4.049E-11 3.584E-09 3.360E-10 3.835E-16 3.114E-07 3.192E-07 4.052E-08
   3.450E+06 6.002E+03 1.796E+17 1.092E+04 2.535E+02 2.632E+08 1.298E-36 4.751E-11 3.709E-10 1.718E-04 8.982E-06 8.532E-06 3.805E-06 3.820E+16 6.945E+06 4.661E+01 8.363E-08 3.327E-09 3.867E-11 1.449E-10 3.310E-09 6.681E-09 3.835E-16 5.363E-10 2.399E-12 2.584E-11 3.114E-09 4.976E-10 8.678E-16 2.989E-07 2.927E-07 3.378E-08
   3.550E+06 5.224E+03 1.545E+17 1.130E+04 2.738E+02 2.678E+08 8.480E-34 5.948E-11 4.584E-10 2.167E-04 1.005E-05 7.995E-06 3.865E-06 3.286E+16 8.180E+06 5.537E+01 9.649E-08 3.868E-09 5.294E-11 1.577E-10 3.979E-09 6.585E-09 8.678E-16 4.613E-10 2.180E-12 1.561E-11 2.647E-09 7.327E-10 1.955E-15 2.872E-07 2.674E-07 2.808E-08
   3.650E+06 4.555E+03 1.332E+17 1.157E+04 2.898E+02 2.700E+08 2.423E-31 7.280E-11 5.548E-10 2.737E-04 1.124E-05 7.404E-06 3.921E-06 2.833E+16 9.563E+06 6.506E+01 1.090E-07 4.410E-09 7.180E-11 1.678E-10 4.730E-09 6.286E-09 1.955E-15 3.817E-10 1.920E-12 8.935E-12 2.202E-09 1.076E-09 4.392E-15 2.767E-07 2.437E-07 2.337E-08
   3.750E+06 3.977E+03 1.150E+17 1.178E+04 3.015E+02 2.708E+08 3.410E-29 8.717E-11 6.599E-10 3.474E-04 1.257E-05 6.778E-06 3.972E-06 2.446E+16 1.111E+07 7.591E+01 1.209E-07 4.947E-09 9.662E-11 1.756E-10 5.557E-09 5.797E-09 4.392E-15 3.077E-10 1.638E-12 4.834E-12 1.787E-09 1.580E-09 9.798E-15 2.676E-07 2.217E-07 1.948E-08
   3.850E+06 3.478E+03 9.953E+16 1.191E+04 3.096E+02 2.704E+08 2.669E-27 1.022E-10 7.742E-10 4.426E-04 1.404E-05 6.138E-06 4.018E-06 2.117E+16 1.280E+07 8.796E+01 1.320E-07 5.475E-09 1.286E-10 1.820E-10 6.439E-09 5.150E-09 9.798E-15 2.453E-10 1.356E-12 2.465E-12 1.404E-09 2.320E-09 2.147E-14 2.601E-07 2.014E-07 1.628E-08
   3.950E+06 3.046E+03 8.625E+16 1.192E+04 3.146E+02 2.676E+08 1.227E-25 1.174E-10 8.992E-10 5.624E-04 1.563E-05 5.517E-06 4.057E-06 1.834E+16 1.450E+07 1.009E+02 1.422E-07 5.993E-09 1.682E-10 1.879E-10 7.328E-09 4.404E-09 2.147E-14 1.969E-10 1.093E-12 1.187E-12 1.059E-09 3.400E-09 4.545E-14 2.547E-07 1.831E-07 1.366E-08
   4.050E+06 2.672E+03 7.491E+16 1.176E+04 3.178E+02 2.615E+08 3.550E-24 1.323E-10 1.037E-09 7.052E-04 1.732E-05 4.949E-06 4.090E-06 1.593E+16 1.603E+07 1.139E+02 1.516E-07 6.504E-09 2.140E-10 1.945E-10 8.157E-09 3.628E-09 4.545E-14 1.621E-10 8.584E-13 5.419E-13 7.633E-10 4.943E-09 9.200E-14 2.516E-07 1.667E-07 1.151E-08
   4.150E+06 2.346E+03 6.517E+16 1.137E+04 3.198E+02 2.509E+08 6.873E-23 1.467E-10 1.192E-09 8.661E-04 1.905E-05 4.445E-06 4.117E-06 1.386E+16 1.719E+07 1.261E+02 1.602E-07 7.012E-09 2.638E-10 2.025E-10 8.857E-09 2.893E-09 9.200E-14 1.380E-10 6.601E-13 2.363E-13 5.237E-10 7.099E-09 1.761E-13 2.511E-07 1.521E-07 9.740E-09
   4.250E+06 2.062E+03 5.686E+16 1.080E+04 3.215E+02 2.369E+08 9.296E-22 1.604E-10 1.367E-09 1.037E-03 2.078E-05 4.015E-06 4.137E-06 1.209E+16 1.790E+07 1.368E+02 1.681E-07 7.522E-09 3.149E-10 2.120E-10 9.388E-09 2.245E-09 1.761E-13 1.221E-10 4.962E-13 9.950E-14 3.454E-10 9.988E-09 3.209E-13 2.533E-07 1.395E-07 8.280E-09
   4.350E+06 1.815E+03 4.969E+16 1.003E+04 3.231E+02 2.190E+08 9.245E-21 1.734E-10 1.567E-09 1.212E-03 2.246E-05 3.637E-06 4.150E-06 1.057E+16 1.814E+07 1.451E+02 1.754E-07 8.041E-09 3.650E-10 2.229E-10 9.744E-09 1.710E-09 3.209E-13 1.112E-10 3.667E-13 4.081E-14 2.202E-10 1.379E-08 5.533E-13 2.585E-07 1.287E-07 7.086E-09
   4.450E+06 1.598E+03 4.357E+16 9.161E+03 3.254E+02 1.997E+08 6.936E-20 1.856E-10 1.796E-09 1.382E-03 2.404E-05 3.316E-06 4.157E-06 9.265E+15 1.800E+07 1.511E+02 1.823E-07 8.572E-09 4.130E-10 2.346E-10 9.939E-09 1.284E-09 5.533E-13 1.038E-10 2.659E-13 1.649E-14 1.377E-10 1.854E-08 9.158E-13 2.667E-07 1.195E-07 6.101E-09
   4.550E+06 1.408E+03 3.825E+16 8.197E+03 3.278E+02 1.786E+08 4.102E-19 1.974E-10 2.061E-09 1.543E-03 2.550E-05 3.025E-06 4.158E-06 8.132E+15 1.752E+07 1.542E+02 1.887E-07 9.119E-09 4.580E-10 2.467E-10 1.000E-08 9.568E-10 9.158E-13 9.817E-11 1.902E-13 6.581E-15 8.460E-11 2.445E-08 1.452E-12 2.778E-07 1.117E-07 5.278E-09
   4.650E+06 1.241E+03 3.367E+16 7.243E+03 3.310E+02 1.579E+08 1.944E-18 2.085E-10 2.366E-09 1.692E-03 2.683E-05 2.771E-06 4.154E-06 7.160E+15 1.684E+07 1.549E+02 1.948E-07 9.684E-09 5.000E-10 2.589E-10 9.959E-09 7.101E-10 1.452E-12 9.399E-11 1.344E-13 2.629E-15 5.176E-11 3.149E-08 2.235E-12 2.919E-07 1.052E-07 4.594E-09
   4.750E+06 1.094E+03 2.966E+16 6.295E+03 3.342E+02 1.375E+08 7.657E-18 2.193E-10 2.718E-09 1.826E-03 2.801E-05 2.539E-06 4.145E-06 6.307E+15 1.599E+07 1.532E+02 2.006E-07 1.027E-08 5.390E-10 2.709E-10 9.842E-09 5.268E-10 2.235E-12 9.039E-11 9.426E-14 1.050E-15 3.153E-11 3.990E-08 3.333E-12 3.087E-07 9.961E-08 4.020E-09
   4.850E+06 9.649E+02 2.620E+16 5.424E+03 3.381E+02 1.189E+08 2.537E-17 2.297E-10 3.124E-09 1.945E-03 2.905E-05 2.334E-06 4.131E-06 5.569E+15 1.508E+07 1.499E+02 2.062E-07 1.088E-08 5.756E-10 2.827E-10 9.668E-09 3.909E-10 3.333E-12 8.747E-11 6.564E-14 4.228E-16 1.927E-11 4.960E-08 4.870E-12 3.283E-07 9.489E-08 3.533E-09
   4.950E+06 8.504E+02 2.314E+16 4.619E+03 3.419E+02 1.017E+08 7.286E-17 2.400E-10 3.592E-09 2.049E-03 2.996E-05 2.145E-06 4.113E-06 4.920E+15 1.412E+07 1.451E+02 2.116E-07 1.151E-08 6.103E-10 2.941E-10 9.455E-09 2.907E-10 4.870E-12 8.481E-11 4.552E-14 1.712E-16 1.180E-11 6.089E-08 6.964E-12 3.506E-07 9.084E-08 3.119E-09
   5.050E+06 7.493E+02 2.048E+16 3.907E+03 3.462E+02 8.656E+07 1.842E-16 2.502E-10 4.132E-09 2.139E-03 3.075E-05 1.976E-06 4.091E-06 4.353E+15 1.318E+07 1.393E+02 2.167E-07 1.216E-08 6.435E-10 3.054E-10 9.215E-09 2.167E-10 6.964E-12 8.254E-11 3.148E-14 7.008E-17 7.268E-12 7.369E-08 9.814E-12 3.753E-07 8.735E-08 2.764E-09
   5.150E+06 6.598E+02 1.813E+16 3.277E+03 3.509E+02 7.310E+07 4.204E-16 2.604E-10 4.760E-09 2.215E-03 3.142E-05 1.821E-06 4.066E-06 3.853E+15 1.225E+07 1.326E+02 2.217E-07 1.284E-08 6.757E-10 3.166E-10 8.958E-09 1.620E-10 9.814E-12 8.051E-11 2.174E-14 2.895E-17 4.504E-12 8.830E-08 1.366E-11 4.022E-07 8.432E-08 2.461E-09
   5.250E+06 5.806E+02 1.605E+16 2.731E+03 3.566E+02 6.139E+07 8.833E-16 2.708E-10 5.500E-09 2.280E-03 3.200E-05 1.677E-06 4.039E-06 3.412E+15 1.136E+07 1.255E+02 2.266E-07 1.354E-08 7.077E-10 3.279E-10 8.696E-09 1.215E-10 1.366E-11 7.875E-11 1.501E-14 1.210E-17 2.815E-12 1.048E-07 1.882E-11 4.308E-07 8.169E-08 2.203E-09
   5.350E+06 5.105E+02 1.422E+16 2.263E+03 3.640E+02 5.127E+07 1.738E-15 2.816E-10 6.384E-09 2.334E-03 3.249E-05 1.545E-06 4.010E-06 3.022E+15 1.052E+07 1.180E+02 2.313E-07 1.428E-08 7.401E-10 3.396E-10 8.431E-09 9.158E-11 1.882E-11 7.731E-11 1.037E-14 5.115E-18 1.776E-12 1.234E-07 2.578E-11 4.609E-07 7.937E-08 1.982E-09
   5.450E+06 4.484E+02 1.259E+16 1.861E+03 3.734E+02 4.254E+07 3.247E-15 2.931E-10 7.457E-09 2.380E-03 3.291E-05 1.420E-06 3.978E-06 2.675E+15 9.738E+06 1.103E+02 2.359E-07 1.505E-08 7.736E-10 3.520E-10 8.167E-09 6.932E-11 2.578E-11 7.618E-11 7.179E-15 2.182E-18 1.128E-12 1.444E-07 3.507E-11 4.926E-07 7.727E-08 1.790E-09
   5.550E+06 3.935E+02 1.115E+16 1.523E+03 3.859E+02 3.516E+07 5.761E-15 3.054E-10 8.776E-09 2.417E-03 3.326E-05 1.305E-06 3.945E-06 2.369E+15 9.024E+06 1.025E+02 2.404E-07 1.586E-08 8.096E-10 3.655E-10 7.902E-09 5.273E-11 3.507E-11 7.559E-11 4.983E-15 9.428E-19 7.233E-13 1.676E-07 4.769E-11 5.260E-07 7.533E-08 1.622E-09
   5.650E+06 3.448E+02 9.861E+15 1.237E+03 4.013E+02 2.885E+07 9.776E-15 3.190E-10 1.041E-08 2.448E-03 3.355E-05 1.195E-06 3.910E-06 2.096E+15 8.374E+06 9.476E+01 2.448E-07 1.671E-08 8.493E-10 3.809E-10 7.641E-09 4.038E-11 4.769E-11 7.555E-11 3.469E-15 4.118E-19 4.684E-13 1.938E-07 6.467E-11 5.608E-07 7.350E-08 1.473E-09
   5.750E+06 3.018E+02 8.723E+15 1.000E+03 4.203E+02 2.358E+07 1.573E-14 3.340E-10 1.244E-08 2.472E-03 3.380E-05 1.093E-06 3.873E-06 1.854E+15 7.802E+06 8.717E+01 2.492E-07 1.762E-08 8.944E-10 3.987E-10 7.387E-09 3.119E-11 6.467E-11 7.637E-11 2.432E-15 1.837E-19 3.084E-13 2.224E-07 8.780E-11 5.967E-07 7.178E-08 1.343E-09
   5.850E+06 2.638E+02 7.712E+15 8.032E+02 4.418E+02 1.915E+07 2.462E-14 3.510E-10 1.494E-08 2.492E-03 3.401E-05 9.966E-07 3.835E-06 1.639E+15 7.301E+06 7.975E+01 2.535E-07 1.860E-08 9.468E-10 4.200E-10 7.141E-09 2.436E-11 8.780E-11 7.816E-11 1.719E-15 8.363E-20 2.064E-13 2.539E-07 1.197E-10 6.339E-07 7.013E-08 1.226E-09
   5.950E+06 2.303E+02 6.808E+15 6.394E+02 4.649E+02 1.543E+07 3.724E-14 3.705E-10 1.799E-08 2.508E-03 3.418E-05 9.038E-07 3.795E-06 1.447E+15 6.865E+06 7.244E+01 2.577E-07 1.964E-08 1.008E-09 4.455E-10 6.902E-09 1.928E-11 1.197E-10 8.111E-11 1.227E-15 3.888E-20 1.405E-13 2.887E-07 1.636E-10 6.726E-07 6.850E-08 1.121E-09
   6.050E+06 2.006E+02 6.005E+15 5.053E+02 4.884E+02 1.235E+07 5.487E-14 3.926E-10 2.166E-08 2.520E-03 3.433E-05 8.159E-07 3.754E-06 1.276E+15 6.495E+06 6.539E+01 2.620E-07 2.075E-08 1.082E-09 4.763E-10 6.673E-09 1.553E-11 1.636E-10 8.550E-11 8.886E-16 1.865E-20 9.779E-14 3.262E-07 2.247E-10 7.124E-07 6.691E-08 1.027E-09
   6.150E+06 1.745E+02 5.289E+15 3.957E+02 5.109E+02 9.795E+06 8.278E-14 4.178E-10 2.602E-08 2.529E-03 3.445E-05 7.322E-07 3.712E-06 1.124E+15 6.180E+06 5.860E+01 2.662E-07 2.195E-08 1.168E-09 5.133E-10 6.455E-09 1.276E-11 2.247E-10 9.165E-11 6.540E-16 9.257E-21 6.979E-14 3.669E-07 3.105E-10 7.533E-07 6.532E-08 9.412E-10
   6.250E+06 1.516E+02 4.652E+15 3.070E+02 5.319E+02 7.702E+06 1.402E-13 4.466E-10 3.117E-08 2.536E-03 3.455E-05 6.529E-07 3.669E-06 9.884E+14 5.917E+06 5.212E+01 2.704E-07 2.322E-08 1.272E-09 5.581E-10 6.251E-09 1.073E-11 3.105E-10 1.001E-10 4.907E-16 4.775E-21 5.118E-14 4.110E-07 4.322E-10 7.955E-07 6.373E-08 8.633E-10
   6.350E+06 1.314E+02 4.083E+15 2.356E+02 5.520E+02 5.995E+06 2.868E-13 4.796E-10 3.730E-08 2.541E-03 3.464E-05 5.777E-07 3.624E-06 8.676E+14 5.702E+06 4.598E+01 2.746E-07 2.457E-08 1.396E-09 6.124E-10 6.060E-09 9.262E-12 4.322E-10 1.116E-10 3.760E-16 2.572E-21 3.875E-14 4.584E-07 6.059E-10 8.386E-07 6.214E-08 7.922E-10
   6.450E+06 1.137E+02 3.579E+15 1.787E+02 5.750E+02 4.612E+06 6.762E-13 5.171E-10 4.490E-08 2.544E-03 3.471E-05 5.065E-07 3.578E-06 7.603E+14 5.543E+06 4.015E+01 2.789E-07 2.600E-08 1.549E-09 6.797E-10 5.884E-09 8.241E-12 6.059E-10 1.280E-10 2.954E-16 1.456E-21 3.046E-14 5.081E-07 8.566E-10 8.832E-07 6.052E-08 7.267E-10
   6.550E+06 9.824E+01 3.131E+15 1.334E+02 6.075E+02 3.495E+06 1.640E-12 5.598E-10 5.496E-08 2.547E-03 3.477E-05 4.384E-07 3.530E-06 6.651E+14 5.460E+06 3.460E+01 2.831E-07 2.750E-08 1.744E-09 7.669E-10 5.722E-09 7.613E-12 8.566E-10 1.517E-10 2.392E-16 8.758E-22 2.507E-14 5.578E-07 1.224E-09 9.297E-07 5.885E-08 6.653E-10
   6.650E+06 8.471E+01 2.734E+15 9.761E+01 6.593E+02 2.599E+06 3.787E-12 6.082E-10 6.928E-08 2.548E-03 3.482E-05 3.730E-07 3.480E-06 5.809E+14 5.476E+06 2.931E+01 2.873E-07 2.907E-08 2.003E-09 8.843E-10 5.574E-09 7.360E-12 1.224E-09 1.866E-10 2.008E-16 5.673E-22 2.182E-14 6.043E-07 1.772E-09 9.781E-07 5.713E-08 6.077E-10
   6.750E+06 7.291E+01 2.383E+15 6.992E+01 7.409E+02 1.891E+06 8.072E-12 6.635E-10 9.069E-08 2.548E-03 3.487E-05 3.114E-07 3.428E-06 5.063E+14 5.613E+06 2.436E+01 2.914E-07 3.070E-08 2.355E-09 1.046E-09 5.442E-09 7.484E-12 1.772E-09 2.372E-10 1.753E-16 3.987E-22 2.017E-14 6.448E-07 2.597E-09 1.029E-06 5.534E-08 5.535E-10
   6.850E+06 6.264E+01 2.074E+15 4.918E+01 8.602E+02 1.350E+06 1.579E-11 7.266E-10 1.230E-07 2.548E-03 3.491E-05 2.555E-07 3.373E-06 4.406E+14 5.876E+06 1.994E+01 2.955E-07 3.237E-08 2.833E-09 1.266E-09 5.325E-09 7.966E-12 2.597E-09 3.078E-10 1.585E-16 3.019E-22 1.964E-14 6.793E-07 3.859E-09 1.081E-06 5.351E-08 5.025E-10
   6.950E+06 5.371E+01 1.801E+15 3.420E+01 1.018E+03 9.511E+05 2.843E-11 7.995E-10 1.705E-07 2.547E-03 3.494E-05 2.074E-07 3.315E-06 3.825E+14 6.236E+06 1.618E+01 2.995E-07 3.408E-08 3.463E-09 1.555E-09 5.223E-09 8.716E-12 3.859E-09 4.015E-10 1.462E-16 2.388E-22 1.971E-14 7.124E-07 5.808E-09 1.136E-06 5.162E-08 4.544E-10
   7.050E+06 4.597E+01 1.559E+15 2.376E+01 1.207E+03 6.662E+05 4.748E-11 8.843E-10 2.377E-07 2.546E-03 3.498E-05 1.678E-07 3.255E-06 3.312E+14 6.635E+06 1.318E+01 3.035E-07 3.581E-08 4.255E-09 1.916E-09 5.136E-09 9.559E-12 5.808E-09 5.177E-10 1.347E-16 1.894E-22 1.987E-14 7.521E-07 8.803E-09 1.193E-06 4.970E-08 4.092E-10
   7.150E+06 3.928E+01 1.348E+15 1.676E+01 1.411E+03 4.700E+05 7.408E-11 9.821E-10 3.278E-07 2.544E-03 3.500E-05 1.370E-07 3.192E-06 2.863E+14 7.003E+06 1.092E+01 3.073E-07 3.755E-08 5.194E-09 2.337E-09 5.061E-09 1.027E-11 8.803E-09 6.512E-10 1.222E-16 1.461E-22 1.966E-14 8.057E-07 1.345E-08 1.252E-06 4.777E-08 3.669E-10
   7.250E+06 3.350E+01 1.163E+15 1.204E+01 1.608E+03 3.344E+05 1.089E-10 1.096E-09 4.426E-07 2.543E-03 3.503E-05 1.131E-07 3.124E-06 2.469E+14 7.283E+06 9.267E+00 3.111E-07 3.930E-08 6.263E-09 2.803E-09 4.995E-09 1.064E-11 1.345E-08 7.972E-10 1.076E-16 1.064E-22 1.879E-14 8.816E-07 2.080E-08 1.315E-06 4.576E-08 3.259E-10
   7.350E+06 2.852E+01 9.989E+14 8.787E+00 1.770E+03 2.383E+05 1.517E-10 1.228E-09 5.817E-07 2.542E-03 3.505E-05 9.386E-08 3.046E-06 2.121E+14 7.421E+06 8.050E+00 3.147E-07 4.106E-08 7.429E-09 3.298E-09 4.931E-09 1.051E-11 2.080E-08 9.494E-10 9.080E-17 7.113E-23 1.712E-14 9.901E-07 3.222E-08 1.385E-06 4.362E-08 2.849E-10
   7.450E+06 2.425E+01 8.569E+14 6.560E+00 1.883E+03 1.714E+05 2.019E-10 1.380E-09 7.425E-07 2.540E-03 3.507E-05 7.871E-08 2.959E-06 1.819E+14 7.435E+06 7.192E+00 3.183E-07 4.283E-08 8.677E-09 3.805E-09 4.867E-09 9.951E-12 3.222E-08 1.097E-09 7.411E-17 4.406E-23 1.486E-14 1.133E-06 5.014E-08 1.463E-06 4.135E-08 2.439E-10
   7.550E+06 2.060E+01 7.334E+14 4.956E+00 1.932E+03 1.225E+05 2.580E-10 1.555E-09 9.209E-07 2.539E-03 3.509E-05 6.578E-08 2.860E-06 1.557E+14 7.373E+06 6.550E+00 3.217E-07 4.462E-08 1.005E-08 4.340E-09 4.800E-09 9.109E-12 5.014E-08 1.228E-09 5.856E-17 2.541E-23 1.231E-14 1.311E-06 7.995E-08 1.547E-06 3.900E-08 2.037E-10
   7.650E+06 1.748E+01 6.247E+14 3.725E+00 1.909E+03 8.490E+04 3.184E-10 1.756E-09 1.111E-06 2.538E-03 3.511E-05 5.355E-08 2.750E-06 1.326E+14 7.366E+06 6.006E+00 3.251E-07 4.642E-08 1.179E-08 4.994E-09 4.726E-09 8.152E-12 7.995E-08 1.322E-09 4.477E-17 1.361E-23 9.698E-15 1.528E-06 1.357E-07 1.635E-06 3.658E-08 1.647E-10
   7.750E+06 1.482E+01 5.317E+14 2.890E+00 1.826E+03 6.025E+04 3.813E-10 1.982E-09 1.308E-06 2.537E-03 3.513E-05 4.466E-08 2.625E-06 1.128E+14 7.475E+06 5.728E+00 3.283E-07 4.826E-08 1.406E-08 5.785E-09 4.640E-09 6.846E-12 1.357E-07 1.325E-09 3.305E-17 6.603E-24 7.087E-15 1.872E-06 2.549E-07 1.724E-06 3.414E-08 1.278E-10
   7.850E+06 1.256E+01 4.519E+14 2.613E+00 1.685E+03 5.630E+04 4.451E-10 2.234E-09 1.506E-06 2.537E-03 3.515E-05 4.911E-08 2.477E-06 9.588E+13 6.062E+06 6.452E+00 3.315E-07 5.012E-08 1.342E-08 5.345E-09 4.539E-09 3.650E-12 2.549E-07 1.111E-09 1.866E-17 2.417E-24 4.356E-15 3.225E-06 4.646E-07 1.803E-06 3.171E-08 9.416E-11
   7.950E+06 1.065E+01 3.827E+14 2.964E+00 1.500E+03 7.935E+04 5.087E-10 2.518E-09 1.699E-06 2.537E-03 3.517E-05 8.173E-08 2.307E-06 8.117E+13 3.080E+06 9.280E+00 3.346E-07 5.201E-08 8.050E-09 3.055E-09 4.413E-09 9.213E-13 4.646E-07 7.473E-10 5.688E-18 6.942E-25 2.333E-15 8.956E-06 7.276E-07 1.859E-06 2.932E-08 6.562E-11
   8.050E+06 9.026E+00 3.241E+14 3.581E+00 1.301E+03 1.188E+05 5.708E-10 2.828E-09 1.884E-06 2.537E-03 3.518E-05 1.445E-07 2.130E-06 6.872E+13 1.430E+06 1.435E+01 3.376E-07 5.393E-08 4.413E-09 1.457E-09 4.262E-09 1.930E-13 7.276E-07 4.616E-10 1.235E-18 1.909E-25 1.218E-15 2.548E-05 1.010E-06 1.894E-06 2.700E-08 4.379E-11
   8.150E+06 7.653E+00 2.744E+14 4.033E+00 1.103E+03 1.575E+05 6.310E-10 3.168E-09 2.059E-06 2.538E-03 3.520E-05 2.262E-07 1.953E-06 5.816E+13 7.453E+05 2.082E+01 3.405E-07 5.586E-08 2.716E-09 7.215E-10 4.093E-09 5.221E-14 1.010E-06 2.777E-10 3.065E-19 5.228E-26 6.329E-16 6.117E-05 1.293E-06 1.914E-06 2.478E-08 2.845E-11
   8.250E+06 6.492E+00 2.320E+14 4.146E+00 9.183E+02 1.849E+05 6.895E-10 3.541E-09 2.221E-06 2.539E-03 3.522E-05 3.139E-07 1.782E-06 4.915E+13 4.290E+05 2.778E+01 3.433E-07 5.780E-08 1.849E-09 3.815E-10 3.914E-09 2.092E-14 1.293E-06 1.648E-10 1.071E-19 1.433E-26 3.285E-16 1.259E-04 1.565E-06 1.926E-06 2.266E-08 1.826E-11
   8.350E+06 5.510E+00 1.963E+14 3.969E+00 7.533E+02 1.994E+05 7.462E-10 3.951E-09 2.370E-06 2.540E-03 3.523E-05 3.999E-07 1.619E-06 4.155E+13 2.640E+05 3.462E+01 3.460E-07 5.974E-08 1.345E-09 2.140E-10 3.732E-09 1.180E-14 1.565E-06 9.674E-11 5.178E-20 3.928E-27 1.703E-16 2.305E-04 1.819E-06 1.932E-06 2.066E-08 1.171E-11
   8.450E+06 4.680E+00 1.662E+14 3.596E+00 6.109E+02 2.022E+05 8.016E-10 4.401E-09 2.505E-06 2.541E-03 3.525E-05 4.786E-07 1.467E-06 3.516E+13 1.693E+05 4.092E+01 3.486E-07 6.167E-08 1.019E-09 1.261E-10 3.551E-09 8.101E-15 1.819E-06 5.612E-11 3.028E-20 1.078E-27 8.813E-17 3.856E-04 2.051E-06 1.936E-06 1.880E-08 7.563E-12
   8.550E+06 3.976E+00 1.411E+14 3.130E+00 4.912E+02 1.964E+05 8.561E-10 4.901E-09 2.627E-06 2.541E-03 3.526E-05 5.479E-07 1.325E-06 2.980E+13 1.115E+05 4.648E+01 3.511E-07 6.359E-08 7.906E-10 7.738E-11 3.373E-09 6.081E-15 2.051E-06 3.219E-11 1.938E-20 2.958E-28 4.556E-17 6.018E-04 2.262E-06 1.938E-06 1.707E-08 4.954E-12
   8.650E+06 3.378E+00 1.197E+14 2.618E+00 3.915E+02 1.828E+05 9.125E-10 5.466E-09 2.737E-06 2.542E-03 3.528E-05 6.007E-07 1.195E-06 2.526E+13 7.428E+04 5.083E+01 3.535E-07 6.550E-08 6.203E-10 4.903E-11 3.200E-09 4.733E-15 2.262E-06 1.826E-11 1.283E-20 8.131E-29 2.353E-17 8.885E-04 2.450E-06 1.939E-06 1.548E-08 3.306E-12
   8.750E+06 2.871E+00 1.018E+14 2.132E+00 3.103E+02 1.653E+05 9.787E-10 6.109E-09 2.836E-06 2.542E-03 3.529E-05 6.389E-07 1.075E-06 2.143E+13 4.988E+04 5.412E+01 3.558E-07 6.739E-08 4.902E-10 3.194E-11 3.033E-09 3.745E-15 2.450E-06 1.026E-11 8.650E-21 2.238E-29 1.214E-17 1.254E-03 2.616E-06 1.938E-06 1.402E-08 2.254E-12
   8.850E+06 2.440E+00 8.670E+13 1.715E+00 2.451E+02 1.470E+05 1.078E-09 6.844E-09 2.924E-06 2.542E-03 3.530E-05 6.670E-07 9.668E-07 1.822E+13 3.378E+04 5.676E+01 3.581E-07 6.926E-08 3.896E-10 2.133E-11 2.873E-09 2.992E-15 2.616E-06 5.729E-12 5.922E-21 6.169E-30 6.261E-18 1.706E-03 2.761E-06 1.938E-06 1.269E-08 1.574E-12
   8.950E+06 2.073E+00 7.384E+13 1.356E+00 1.927E+02 1.271E+05 1.264E-09 7.699E-09 3.004E-06 2.541E-03 3.531E-05 6.771E-07 8.689E-07 1.548E+13 2.280E+04 5.859E+01 3.603E-07 7.111E-08 3.088E-10 1.451E-11 2.720E-09 2.398E-15 2.761E-06 3.185E-12 4.064E-21 1.705E-30 3.230E-18 2.250E-03 2.887E-06 1.936E-06 1.149E-08 1.126E-12
   9.050E+06 1.760E+00 6.290E+13 1.071E+00 1.511E+02 1.075E+05 1.635E-09 8.700E-09 3.077E-06 2.541E-03 3.533E-05 6.724E-07 7.809E-07 1.315E+13 1.535E+04 6.041E+01 3.624E-07 7.294E-08 2.440E-10 1.003E-11 2.576E-09 1.926E-15 2.887E-06 1.769E-12 2.798E-21 4.730E-31 1.667E-18 2.893E-03 2.995E-06 1.935E-06 1.041E-08 8.272E-13
   9.150E+06 1.494E+00 5.363E+13 8.631E-01 1.185E+02 8.952E+04 2.332E-09 9.872E-09 3.145E-06 2.539E-03 3.534E-05 6.573E-07 7.023E-07 1.117E+13 1.031E+04 6.337E+01 3.645E-07 7.476E-08 1.922E-10 7.029E-12 2.441E-09 1.553E-15 2.995E-06 9.837E-13 1.938E-21 1.317E-31 8.608E-19 3.639E-03 3.088E-06 1.933E-06 9.443E-09 6.234E-13
   9.250E+06 1.267E+00 4.570E+13 7.154E-01 9.280E+01 7.291E+04 3.536E-09 1.126E-08 3.211E-06 2.538E-03 3.535E-05 6.286E-07 6.324E-07 9.482E+12 6.872E+03 6.834E+01 3.666E-07 7.658E-08 1.504E-10 4.983E-12 2.317E-09 1.253E-15 3.088E-06 5.494E-13 1.343E-21 3.688E-32 4.453E-19 4.493E-03 3.166E-06 1.931E-06 8.586E-09 4.825E-13
   9.350E+06 1.073E+00 3.890E+13 6.160E-01 7.275E+01 5.799E+04 5.427E-09 1.289E-08 3.277E-06 2.537E-03 3.536E-05 5.877E-07 5.708E-07 8.035E+12 4.536E+03 7.650E+01 3.686E-07 7.841E-08 1.166E-10 3.566E-12 2.204E-09 1.013E-15 3.166E-06 3.087E-13 9.310E-22 1.039E-32 2.309E-19 5.457E-03 3.232E-06 1.928E-06 7.828E-09 3.834E-13
   9.450E+06 9.090E-01 3.307E+13 5.513E-01 5.715E+01 4.502E+04 8.159E-09 1.481E-08 3.345E-06 2.535E-03 3.537E-05 5.370E-07 5.167E-07 6.796E+12 2.962E+03 8.886E+01 3.705E-07 8.027E-08 8.958E-11 2.572E-12 2.103E-09 8.207E-16 3.232E-06 1.747E-13 6.449E-22 2.955E-33 1.200E-19 6.532E-03 3.285E-06 1.925E-06 7.166E-09 3.130E-13
   9.550E+06 7.695E-01 2.809E+13 5.105E-01 4.510E+01 3.429E+04 1.185E-08 1.703E-08 3.416E-06 2.534E-03 3.538E-05 4.817E-07 4.699E-07 5.741E+12 1.918E+03 1.064E+02 3.725E-07 8.215E-08 6.827E-11 1.871E-12 2.016E-09 6.678E-16 3.285E-06 9.993E-14 4.484E-22 8.488E-34 6.268E-20 7.715E-03 3.328E-06 1.922E-06 6.592E-09 2.627E-13
   9.650E+06 6.512E-01 2.379E+13 4.817E-01 3.573E+01 2.525E+04 1.660E-08 1.957E-08 3.491E-06 2.533E-03 3.539E-05 4.188E-07 4.301E-07 4.832E+12 1.222E+03 1.294E+02 3.744E-07 8.406E-08 5.136E-11 1.367E-12 1.944E-09 5.443E-16 3.328E-06 5.796E-14 3.100E-22 2.471E-34 3.299E-20 9.001E-03 3.360E-06 1.918E-06 6.104E-09 2.269E-13
   9.750E+06 5.512E-01 2.009E+13 4.605E-01 2.848E+01 1.794E+04 2.251E-08 2.242E-08 3.571E-06 2.535E-03 3.540E-05 3.523E-07 3.970E-07 4.051E+12 7.659E+02 1.589E+02 3.762E-07 8.600E-08 3.813E-11 1.004E-12 1.889E-09 4.447E-16 3.360E-06 3.451E-14 2.129E-22 7.314E-35 1.769E-20 1.038E-02 3.381E-06 1.914E-06 5.698E-09 2.018E-13
   9.850E+06 4.668E-01 1.696E+13 4.472E-01 2.298E+01 1.256E+04 2.969E-08 2.551E-08 3.654E-06 2.536E-03 3.541E-05 2.919E-07 3.707E-07 3.395E+12 4.774E+02 1.959E+02 3.780E-07 8.793E-08 2.814E-11 7.422E-13 1.849E-09 3.666E-16 3.381E-06 2.194E-14 1.477E-22 2.240E-35 1.002E-20 1.184E-02 3.390E-06 1.909E-06 5.372E-09 1.850E-13
   9.950E+06 3.958E-01 1.424E+13 4.373E-01 1.871E+01 8.402E+03 3.833E-08 2.879E-08 3.741E-06 2.539E-03 3.541E-05 2.323E-07 3.512E-07 2.826E+12 2.926E+02 2.416E+02 3.796E-07 8.984E-08 2.054E-11 5.492E-13 1.828E-09 3.021E-16 3.390E-06 1.631E-14 1.006E-22 8.237E-36 6.696E-21 1.337E-02 0.000E+00 1.902E-06 5.127E-09 1.749E-13
