
     Z         PRESS      DEN     ProOH1    ProOH25    ProO3D    PO2D       PO2      PH2O      PO3D      PH2O2     FO3      FH2O      NumO2      NumOH      NumO1D     PN2O     PCH3CL      FOH      FHO2      FNO     FNO2      FH    FH2O2     FNO3    FN2O5    FHNO3      FO       FN      FH2     FCH4    FN2O
   5.000E+04 9.554E+05 2.448E+19 3.330E+05 1.306E+01 3.180E+06 0.000E+00 8.094E-17 5.591E-17 9.336E-06 2.542E-06 1.391E-08 9.541E-03 5.208E+17 3.068E+06 4.323E-03 1.426E-13 2.211E-15 1.253E-13 9.725E-12 7.459E-12 1.922E-11 4.864E-20 6.434E-10 1.111E-14 1.871E-16 1.038E-10 3.229E-16 4.047E-20 5.000E-07 8.080E-07 2.730E-07
   1.500E+05 8.456E+05 2.209E+19 2.454E+05 3.477E+01 3.415E+06 0.000E+00 2.690E-16 2.485E-16 1.017E-05 2.758E-06 1.521E-08 6.333E-03 4.701E+17 2.401E+06 5.296E-03 5.315E-13 9.829E-15 1.087E-13 8.896E-12 3.194E-12 7.239E-12 4.047E-20 6.359E-10 6.698E-15 6.420E-17 1.003E-10 4.154E-16 4.123E-20 4.994E-07 8.052E-07 2.728E-07
   2.500E+05 7.469E+05 1.984E+19 1.903E+05 8.695E+01 3.788E+06 0.000E+00 8.032E-16 1.010E-15 1.087E-05 2.949E-06 1.756E-08 4.338E-03 4.222E+17 2.250E+06 6.650E-03 1.769E-12 3.821E-14 1.134E-13 8.584E-12 2.383E-12 4.883E-12 4.123E-20 6.088E-10 5.745E-15 5.422E-17 1.016E-10 5.788E-16 4.189E-20 4.990E-07 8.029E-07 2.725E-07
   3.500E+05 6.582E+05 1.784E+19 1.305E+05 1.718E+02 4.286E+06 0.000E+00 2.145E-15 3.728E-15 1.130E-05 3.117E-06 2.126E-08 2.584E-03 3.797E+17 2.108E+06 8.471E-03 5.219E-12 1.295E-13 1.182E-13 8.165E-12 2.629E-12 4.861E-12 4.189E-20 5.515E-10 5.751E-15 9.090E-17 1.058E-10 8.333E-16 4.269E-20 4.988E-07 8.010E-07 2.723E-07
   4.500E+05 5.785E+05 1.603E+19 8.288E+04 2.796E+02 4.860E+06 0.000E+00 5.142E-15 1.217E-14 1.155E-05 3.265E-06 2.625E-08 1.433E-03 3.413E+17 1.980E+06 1.074E-02 1.366E-11 3.811E-13 1.235E-13 7.635E-12 3.318E-12 5.543E-12 4.269E-20 4.749E-10 6.077E-15 1.980E-16 1.108E-10 1.216E-15 4.225E-20 4.986E-07 7.996E-07 2.720E-07
   5.500E+05 5.069E+05 1.440E+19 4.699E+04 3.604E+02 5.426E+06 0.000E+00 1.113E-14 3.455E-14 1.162E-05 3.395E-06 3.243E-08 7.246E-04 3.066E+17 1.812E+06 1.332E-02 3.179E-11 9.722E-13 1.258E-13 6.853E-12 4.183E-12 6.250E-12 4.225E-20 3.879E-10 6.272E-15 4.563E-16 1.145E-10 1.763E-15 3.969E-20 4.986E-07 7.985E-07 2.717E-07
   6.500E+05 4.427E+05 1.292E+19 2.338E+04 3.743E+02 5.919E+06 0.000E+00 2.195E-14 8.763E-14 1.153E-05 3.511E-06 3.972E-08 3.306E-04 2.752E+17 1.574E+06 1.608E-02 6.645E-11 2.188E-12 1.218E-13 5.851E-12 4.767E-12 6.274E-12 3.969E-20 3.012E-10 6.053E-15 9.681E-16 1.155E-10 2.516E-15 3.595E-20 4.986E-07 7.976E-07 2.713E-07
   7.500E+05 3.851E+05 1.157E+19 1.012E+04 3.087E+02 6.288E+06 0.000E+00 3.994E-14 1.975E-13 1.131E-05 3.613E-06 4.806E-08 1.350E-04 2.465E+17 1.313E+06 1.888E-02 1.265E-10 4.413E-12 1.135E-13 4.813E-12 5.121E-12 5.847E-12 3.595E-20 2.248E-10 5.599E-15 2.045E-15 1.149E-10 3.539E-15 3.348E-20 4.986E-07 7.969E-07 2.709E-07
   8.500E+05 3.336E+05 1.033E+19 3.733E+03 1.951E+02 6.522E+06 1.163-170 6.780E-14 3.914E-13 1.098E-05 3.705E-06 5.746E-08 4.825E-05 2.201E+17 1.120E+06 2.164E-02 2.220E-10 8.074E-12 1.084E-13 3.916E-12 5.969E-12 5.834E-12 3.348E-20 1.645E-10 5.318E-15 5.197E-15 1.145E-10 4.924E-15 3.341E-20 4.986E-07 7.962E-07 2.705E-07
   9.500E+05 2.878E+05 9.185E+18 1.148E+03 9.327E+01 6.677E+06 1.157-129 1.084E-13 6.973E-13 1.062E-05 3.786E-06 6.847E-08 1.456E-05 1.957E+17 1.010E+06 2.459E-02 3.636E-10 1.362E-11 1.099E-13 3.225E-12 7.613E-12 6.376E-12 3.341E-20 1.197E-10 5.340E-15 1.336E-14 1.156E-10 6.897E-15 3.389E-20 4.985E-07 7.956E-07 2.699E-07
   1.050E+06 2.472E+05 8.105E+18 2.401E+02 2.671E+01 7.127E+06 1.484-109 1.646E-13 1.148E-12 1.026E-05 3.860E-06 8.567E-08 2.870E-06 1.727E+17 9.097E+05 2.936E-02 5.623E-10 2.154E-11 1.122E-13 2.626E-12 9.619E-12 7.283E-12 3.389E-20 8.171E-11 5.683E-15 2.787E-14 1.196E-10 1.036E-14 3.457E-20 4.985E-07 7.947E-07 2.691E-07
   1.150E+06 2.115E+05 7.088E+18 2.931E+02 3.643E+01 8.728E+06 6.870E-96 2.395E-13 1.788E-12 1.004E-05 3.927E-06 1.226E-07 2.874E-06 1.510E+17 8.131E+05 4.066E-02 8.290E-10 3.237E-11 1.147E-13 2.109E-12 1.235E-11 9.794E-12 3.457E-20 4.778E-11 7.175E-15 4.674E-14 1.329E-10 1.839E-14 3.306E-20 4.983E-07 7.930E-07 2.673E-07
   1.250E+06 1.804E+05 6.153E+18 4.202E+02 4.774E+01 1.252E+07 3.593E-84 3.382E-13 2.692E-12 9.981E-06 3.990E-06 2.038E-07 2.882E-06 1.311E+17 6.814E+05 6.661E-02 1.182E-09 4.694E-11 1.107E-13 1.689E-12 1.546E-11 1.526E-11 3.306E-20 2.467E-11 1.160E-14 1.045E-13 1.635E-10 3.890E-14 3.388E-20 4.978E-07 7.891E-07 2.631E-07
   1.350E+06 1.535E+05 5.314E+18 6.480E+02 6.163E+01 1.926E+07 3.948E-74 4.720E-13 4.002E-12 1.005E-05 4.053E-06 3.605E-07 2.898E-06 1.132E+17 6.220E+05 1.177E-01 1.657E-09 6.692E-11 1.170E-13 1.579E-12 1.915E-11 2.577E-11 3.388E-20 1.556E-11 2.367E-14 3.081E-13 2.247E-10 8.911E-14 3.870E-20 4.966E-07 7.814E-07 2.548E-07
   1.450E+06 1.304E+05 4.570E+18 9.712E+02 8.030E+01 2.867E+07 1.601E-65 6.639E-13 6.006E-12 1.033E-05 4.123E-06 6.071E-07 2.926E-06 9.735E+16 6.367E+05 2.024E-01 2.331E-09 9.566E-11 1.393E-13 1.729E-12 2.432E-11 4.324E-11 3.870E-20 1.458E-11 4.843E-14 8.948E-13 3.234E-10 1.973E-13 4.837E-20 4.946E-07 7.685E-07 2.410E-07
   1.550E+06 1.105E+05 3.909E+18 1.369E+03 1.072E+02 3.993E+07 3.914E-58 9.550E-13 9.251E-12 1.099E-05 4.207E-06 9.293E-07 2.965E-06 8.327E+16 6.883E+05 3.281E-01 3.333E-09 1.390E-10 1.761E-13 2.051E-12 3.211E-11 6.993E-11 4.837E-20 1.685E-11 8.688E-14 2.170E-12 4.510E-10 4.063E-13 6.825E-20 4.915E-07 7.502E-07 2.221E-07
   1.650E+06 9.360E+04 3.320E+18 1.857E+03 1.472E+02 5.330E+07 8.713E-52 1.411E-12 1.470E-11 1.229E-05 4.313E-06 1.306E-06 3.016E-06 7.072E+16 7.758E+05 5.149E-01 4.860E-09 2.061E-10 2.337E-13 2.615E-12 4.279E-11 1.083E-10 6.825E-20 2.193E-11 1.391E-13 4.403E-12 5.941E-10 7.947E-13 1.105E-19 4.872E-07 7.264E-07 1.986E-07
   1.750E+06 7.927E+04 2.804E+18 2.457E+03 2.069E+02 6.906E+07 2.486E-46 2.133E-12 2.397E-11 1.445E-05 4.452E-06 1.705E-06 3.078E-06 5.972E+16 9.120E+05 7.912E-01 7.191E-09 3.102E-10 3.253E-13 3.551E-12 5.652E-11 1.593E-10 1.105E-19 3.116E-11 2.039E-13 7.568E-12 7.330E-10 1.488E-12 1.977E-19 4.817E-07 6.978E-07 1.723E-07
   1.850E+06 6.717E+04 2.368E+18 3.183E+03 2.959E+02 8.739E+07 1.206E-41 3.259E-12 3.969E-11 1.758E-05 4.635E-06 2.099E-06 3.149E-06 5.044E+16 1.112E+06 1.187E+00 1.068E-08 4.694E-10 4.696E-13 4.941E-12 7.450E-11 2.214E-10 1.977E-19 4.577E-11 2.780E-13 1.118E-11 8.523E-10 2.645E-12 3.812E-19 4.753E-07 6.652E-07 1.448E-07
   1.950E+06 5.695E+04 2.003E+18 4.056E+03 4.256E+02 1.086E+08 1.275E-37 4.984E-12 6.588E-11 2.201E-05 4.875E-06 2.465E-06 3.226E-06 4.266E+16 1.402E+06 1.748E+00 1.578E-08 7.065E-10 7.001E-13 6.968E-12 9.713E-11 2.895E-10 3.812E-19 6.811E-11 3.562E-13 1.428E-11 9.425E-10 4.489E-12 7.762E-19 4.679E-07 6.300E-07 1.181E-07
   2.050E+06 4.830E+04 1.696E+18 5.100E+03 6.075E+02 1.333E+08 3.634E-34 7.562E-12 1.084E-10 2.822E-05 5.190E-06 2.785E-06 3.305E-06 3.611E+16 1.814E+06 2.535E+00 2.294E-08 1.047E-09 1.070E-12 9.896E-12 1.242E-10 3.569E-10 7.762E-19 1.008E-10 4.330E-13 1.589E-11 1.001E-09 7.362E-12 1.648E-18 4.601E-07 5.935E-07 9.382E-08
   2.150E+06 4.098E+04 1.436E+18 6.348E+03 8.512E+02 1.619E+08 3.342E-31 1.131E-11 1.751E-10 3.695E-05 5.600E-06 3.051E-06 3.386E-06 3.058E+16 2.380E+06 3.639E+00 3.259E-08 1.518E-09 1.657E-12 1.402E-11 1.552E-10 4.184E-10 1.648E-18 1.454E-10 5.046E-13 1.570E-11 1.028E-09 1.183E-11 3.612E-18 4.519E-07 5.566E-07 7.283E-08
   2.250E+06 3.479E+04 1.215E+18 7.813E+03 1.162E+03 1.945E+08 1.157E-28 1.663E-11 2.757E-10 4.918E-05 6.127E-06 3.254E-06 3.467E-06 2.588E+16 3.122E+06 5.174E+00 4.504E-08 2.141E-09 2.569E-12 1.955E-11 1.899E-10 4.707E-10 3.612E-18 1.993E-10 5.661E-13 1.395E-11 1.027E-09 1.880E-11 8.140E-18 4.436E-07 5.199E-07 5.540E-08
   2.350E+06 2.955E+04 1.028E+18 9.474E+03 1.536E+03 2.303E+08 1.725E-26 2.395E-11 4.214E-10 6.626E-05 6.798E-06 3.382E-06 3.546E-06 2.189E+16 4.060E+06 7.263E+00 6.037E-08 2.927E-09 3.950E-12 2.652E-11 2.283E-10 5.114E-10 8.140E-18 2.544E-10 6.112E-13 1.125E-11 9.994E-10 2.974E-11 1.880E-17 4.353E-07 4.838E-07 4.144E-08
   2.450E+06 2.512E+04 8.685E+17 1.126E+04 1.960E+03 2.676E+08 1.241E-24 3.378E-11 6.230E-10 8.994E-05 7.643E-06 3.426E-06 3.623E-06 1.849E+16 5.210E+06 1.002E+01 7.833E-08 3.873E-09 6.000E-12 3.464E-11 2.704E-10 5.374E-10 1.880E-17 2.984E-10 6.332E-13 8.265E-12 9.458E-10 4.695E-11 4.439E-17 4.273E-07 4.485E-07 3.058E-08
   2.550E+06 2.138E+04 7.337E+17 1.306E+04 2.414E+03 3.036E+08 4.767E-23 4.663E-11 8.896E-10 1.225E-04 8.694E-06 3.377E-06 3.699E-06 1.562E+16 6.603E+06 1.350E+01 9.839E-08 4.958E-09 9.000E-12 4.332E-11 3.160E-10 5.449E-10 4.439E-17 3.187E-10 6.273E-13 5.535E-12 8.690E-10 7.393E-11 1.071E-16 4.198E-07 4.140E-07 2.232E-08
   2.650E+06 1.823E+04 6.198E+17 1.472E+04 2.868E+03 3.350E+08 1.068E-21 6.295E-11 1.227E-09 1.673E-04 9.983E-06 3.231E-06 3.771E-06 1.320E+16 8.276E+06 1.772E+01 1.197E-07 6.147E-09 1.335E-11 5.171E-11 3.641E-10 5.306E-10 1.071E-16 3.093E-10 5.934E-13 3.372E-12 7.719E-10 1.160E-10 2.629E-16 4.131E-07 3.805E-07 1.615E-08
   2.750E+06 1.556E+04 5.237E+17 1.612E+04 3.292E+03 3.594E+08 1.508E-20 8.299E-11 1.637E-09 2.297E-04 1.154E-05 2.988E-06 3.840E-06 1.115E+16 1.028E+07 2.261E+01 1.412E-07 7.393E-09 1.964E-11 5.893E-11 4.133E-10 4.936E-10 2.629E-16 2.733E-10 5.349E-13 1.866E-12 6.599E-10 1.811E-10 6.555E-16 4.075E-07 3.483E-07 1.164E-08
   2.850E+06 1.330E+04 4.428E+17 1.718E+04 3.660E+03 3.761E+08 1.434E-19 1.065E-10 2.117E-09 3.202E-04 1.341E-05 2.652E-06 3.904E-06 9.431E+15 1.270E+07 2.814E+01 1.618E-07 8.646E-09 2.869E-11 6.430E-11 4.623E-10 4.360E-10 6.555E-16 2.219E-10 4.584E-13 9.335E-13 5.401E-10 2.811E-10 1.638E-15 4.036E-07 3.175E-07 8.391E-09
   2.950E+06 1.140E+04 3.749E+17 1.780E+04 3.955E+03 3.827E+08 9.745E-19 1.324E-10 2.663E-09 4.552E-04 1.561E-05 2.243E-06 3.963E-06 7.983E+15 1.552E+07 3.404E+01 1.806E-07 9.864E-09 4.140E-11 6.757E-11 5.089E-10 3.635E-10 1.638E-15 1.687E-10 3.706E-13 4.181E-13 4.181E-10 4.320E-10 3.943E-15 4.019E-07 2.882E-07 6.042E-09
   3.050E+06 9.784E+03 3.178E+17 1.758E+04 4.172E+03 3.724E+08 4.995E-18 1.589E-10 3.270E-09 6.444E-04 1.809E-05 1.818E-06 4.014E-06 6.769E+15 1.833E+07 3.930E+01 1.970E-07 1.102E-08 5.767E-11 6.919E-11 5.483E-10 2.864E-10 3.943E-15 1.252E-10 2.798E-13 1.672E-13 3.005E-10 6.497E-10 8.728E-15 4.033E-07 2.609E-07 4.362E-09
   3.150E+06 8.414E+03 2.704E+17 1.646E+04 4.324E+03 3.443E+08 2.020E-17 1.842E-10 3.943E-09 8.756E-04 2.067E-05 1.454E-06 4.056E-06 5.758E+15 2.051E+07 4.293E+01 2.109E-07 1.211E-08 7.584E-11 7.036E-11 5.712E-10 2.146E-10 8.728E-15 9.625E-11 1.970E-13 6.064E-14 1.991E-10 9.419E-10 1.768E-14 4.085E-07 2.362E-07 3.171E-09
   3.250E+06 7.246E+03 2.308E+17 1.475E+04 4.432E+03 3.056E+08 6.737E-17 2.077E-10 4.697E-09 1.123E-03 2.318E-05 1.179E-06 4.088E-06 4.915E+15 2.173E+07 4.484E+01 2.228E-07 1.316E-08 9.413E-11 7.221E-11 5.698E-10 1.538E-10 1.768E-14 7.887E-11 1.307E-13 2.035E-14 1.222E-10 1.320E-09 3.305E-14 4.185E-07 2.142E-07 2.318E-09
   3.350E+06 6.247E+03 1.981E+17 1.292E+04 4.526E+03 2.662E+08 1.918E-16 2.292E-10 5.560E-09 1.365E-03 2.548E-05 9.844E-07 4.109E-06 4.218E+15 2.216E+07 4.559E+01 2.332E-07 1.419E-08 1.119E-10 7.509E-11 5.444E-10 1.063E-10 3.305E-14 6.913E-11 8.352E-14 6.544E-15 7.143E-11 1.792E-09 5.828E-14 4.338E-07 1.949E-07 1.705E-09
   3.450E+06 5.388E+03 1.707E+17 1.114E+04 4.619E+03 2.289E+08 4.834E-16 2.494E-10 6.570E-09 1.589E-03 2.753E-05 8.439E-07 4.119E-06 3.635E+15 2.204E+07 4.553E+01 2.424E-07 1.522E-08 1.291E-10 7.902E-11 5.030E-10 7.159E-11 5.828E-14 6.381E-11 5.207E-14 2.057E-15 4.049E-11 2.372E-09 9.864E-14 4.546E-07 1.783E-07 1.264E-09
   3.550E+06 4.648E+03 1.474E+17 9.458E+03 4.725E+03 1.943E+08 1.110E-15 2.690E-10 7.782E-09 1.790E-03 2.933E-05 7.365E-07 4.119E-06 3.139E+15 2.156E+07 4.473E+01 2.508E-07 1.626E-08 1.463E-10 8.394E-11 4.543E-10 4.751E-11 9.864E-14 6.108E-11 3.190E-14 6.379E-16 2.254E-11 3.079E-09 1.597E-13 4.810E-07 1.641E-07 9.464E-10
   3.650E+06 4.007E+03 1.278E+17 7.958E+03 4.869E+03 1.641E+08 2.338E-15 2.879E-10 9.269E-09 1.965E-03 3.088E-05 6.530E-07 4.109E-06 2.722E+15 2.095E+07 4.343E+01 2.585E-07 1.733E-08 1.639E-10 8.972E-11 4.044E-10 3.146E-11 1.597E-13 6.055E-11 1.953E-14 2.023E-16 1.268E-11 3.888E-09 2.522E-13 5.124E-07 1.520E-07 7.177E-10
   3.750E+06 3.451E+03 1.110E+17 6.599E+03 5.049E+03 1.369E+08 4.591E-15 3.072E-10 1.112E-08 2.116E-03 3.221E-05 5.827E-07 4.091E-06 2.364E+15 2.026E+07 4.156E+01 2.657E-07 1.843E-08 1.825E-10 9.658E-11 3.577E-10 2.091E-11 2.522E-13 6.153E-11 1.194E-14 6.522E-17 7.205E-12 4.823E-09 3.905E-13 5.486E-07 1.418E-07 5.513E-10
   3.850E+06 2.969E+03 9.642E+16 5.388E+03 5.270E+03 1.127E+08 8.422E-15 3.274E-10 1.344E-08 2.244E-03 3.333E-05 5.209E-07 4.065E-06 2.053E+15 1.958E+07 3.920E+01 2.725E-07 1.959E-08 2.030E-10 1.047E-10 3.156E-10 1.405E-11 3.905E-13 6.398E-11 7.336E-15 2.157E-17 4.167E-12 5.874E-09 5.963E-13 5.894E-07 1.329E-07 4.286E-10
   3.950E+06 2.550E+03 8.374E+16 4.327E+03 5.524E+03 9.141E+07 1.447E-14 3.491E-10 1.636E-08 2.349E-03 3.426E-05 4.647E-07 4.033E-06 1.783E+15 1.895E+07 3.641E+01 2.789E-07 2.081E-08 2.263E-10 1.144E-10 2.794E-10 9.618E-12 5.963E-13 6.798E-11 4.554E-15 7.399E-18 2.472E-12 7.040E-09 9.044E-13 6.343E-07 1.250E-07 3.375E-10
   4.050E+06 2.186E+03 7.262E+16 3.407E+03 5.797E+03 7.282E+07 2.347E-14 3.731E-10 1.998E-08 2.434E-03 3.502E-05 4.119E-07 3.995E-06 1.546E+15 1.840E+07 3.326E+01 2.850E-07 2.211E-08 2.534E-10 1.262E-10 2.488E-10 6.740E-12 9.044E-13 7.361E-11 2.866E-15 2.639E-18 1.506E-12 8.325E-09 1.366E-12 6.834E-07 1.179E-07 2.688E-10
   4.150E+06 1.871E+03 6.287E+16 2.629E+03 6.069E+03 5.694E+07 3.616E-14 4.003E-10 2.443E-08 2.502E-03 3.564E-05 3.619E-07 3.952E-06 1.339E+15 1.794E+07 2.987E+01 2.909E-07 2.349E-08 2.853E-10 1.405E-10 2.234E-10 4.867E-12 1.366E-12 8.115E-11 1.840E-15 9.887E-19 9.484E-13 9.721E-09 2.056E-12 7.368E-07 1.113E-07 2.161E-10
   4.250E+06 1.599E+03 5.434E+16 1.991E+03 6.321E+03 4.376E+07 5.365E-14 4.313E-10 2.980E-08 2.555E-03 3.613E-05 3.152E-07 3.904E-06 1.157E+15 1.757E+07 2.641E+01 2.967E-07 2.496E-08 3.233E-10 1.578E-10 2.029E-10 3.649E-12 2.056E-12 9.096E-11 1.215E-15 3.951E-19 6.218E-13 1.122E-08 3.087E-12 7.941E-07 1.051E-07 1.756E-10
   4.350E+06 1.364E+03 4.689E+16 1.483E+03 6.531E+03 3.312E+07 7.943E-14 4.667E-10 3.616E-08 2.595E-03 3.652E-05 2.722E-07 3.852E-06 9.982E+14 1.726E+07 2.303E+01 3.022E-07 2.654E-08 3.682E-10 1.784E-10 1.868E-10 2.857E-12 3.087E-12 1.034E-10 8.312E-16 1.706E-19 4.269E-13 1.281E-08 4.625E-12 8.548E-07 9.907E-08 1.442E-10
   4.450E+06 1.161E+03 4.039E+16 1.089E+03 6.685E+03 2.473E+07 1.299E-13 5.072E-10 4.360E-08 2.625E-03 3.682E-05 2.332E-07 3.796E-06 8.598E+14 1.701E+07 1.984E+01 3.077E-07 2.821E-08 4.213E-10 2.029E-10 1.743E-10 2.340E-12 4.625E-12 1.189E-10 5.906E-16 7.983E-20 3.071E-13 1.451E-08 6.923E-12 9.194E-07 9.319E-08 1.196E-10
   4.550E+06 9.866E+02 3.473E+16 7.887E+02 6.787E+03 1.825E+07 2.725E-13 5.532E-10 5.231E-08 2.647E-03 3.706E-05 1.985E-07 3.735E-06 7.394E+14 1.680E+07 1.692E+01 3.130E-07 2.998E-08 4.838E-10 2.318E-10 1.649E-10 2.005E-12 6.923E-12 1.381E-10 4.364E-16 4.053E-20 2.313E-13 1.631E-08 1.037E-11 9.884E-07 8.727E-08 9.978E-11
   4.650E+06 8.369E+02 2.981E+16 5.634E+02 6.884E+03 1.330E+07 7.239E-13 6.053E-10 6.290E-08 2.662E-03 3.724E-05 1.675E-07 3.671E-06 6.347E+14 1.666E+07 1.427E+01 3.183E-07 3.184E-08 5.589E-10 2.666E-10 1.582E-10 1.800E-12 1.037E-11 1.626E-10 3.359E-16 2.239E-20 1.831E-13 1.821E-08 1.562E-11 1.061E-06 8.129E-08 8.387E-11
   4.750E+06 7.085E+02 2.554E+16 3.950E+02 7.074E+03 9.525E+06 2.030E-12 6.645E-10 7.689E-08 2.672E-03 3.739E-05 1.395E-07 3.602E-06 5.437E+14 1.669E+07 1.186E+01 3.234E-07 3.377E-08 6.534E-10 3.105E-10 1.536E-10 1.698E-12 1.562E-11 1.958E-10 2.700E-16 1.352E-20 1.536E-13 2.013E-08 2.369E-11 1.139E-06 7.516E-08 7.091E-11
   4.850E+06 5.986E+02 2.184E+16 2.699E+02 7.507E+03 6.660E+06 5.290E-12 7.313E-10 9.745E-08 2.677E-03 3.750E-05 1.139E-07 3.528E-06 4.648E+14 1.702E+07 9.639E+00 3.284E-07 3.576E-08 7.796E-10 3.695E-10 1.508E-10 1.697E-12 2.369E-11 2.442E-10 2.283E-16 9.040E-21 1.382E-13 2.187E-08 3.645E-11 1.222E-06 6.882E-08 6.013E-11
   4.950E+06 5.049E+02 1.862E+16 1.787E+02 8.328E+03 4.518E+06 1.227E-11 8.084E-10 1.297E-07 2.676E-03 3.759E-05 9.071E-08 3.449E-06 3.962E+14 1.779E+07 7.631E+00 3.333E-07 3.778E-08 9.555E-10 4.521E-10 1.495E-10 1.799E-12 3.645E-11 3.174E-10 2.037E-16 6.704E-21 1.337E-13 2.335E-08 5.711E-11 1.310E-06 6.226E-08 5.109E-11
   5.050E+06 4.251E+02 1.583E+16 1.150E+02 9.610E+03 2.982E+06 2.530E-11 8.993E-10 1.806E-07 2.662E-03 3.766E-05 7.079E-08 3.363E-06 3.368E+14 1.899E+07 5.905E+00 3.380E-07 3.983E-08 1.200E-09 5.674E-10 1.493E-10 1.999E-12 5.711E-11 4.264E-10 1.909E-16 5.415E-21 1.369E-13 2.463E-08 9.116E-11 1.405E-06 5.556E-08 4.340E-11
   5.150E+06 3.574E+02 1.342E+16 7.328E+01 1.129E+04 1.948E+06 4.681E-11 1.008E-09 2.572E-07 2.648E-03 3.771E-05 5.483E-08 3.272E-06 2.855E+14 2.050E+07 4.549E+00 3.426E-07 4.190E-08 1.528E-09 7.215E-10 1.498E-10 2.269E-12 9.116E-11 5.805E-10 1.849E-16 4.570E-21 1.435E-13 2.601E-08 1.477E-10 1.505E-06 4.888E-08 3.685E-11
   5.250E+06 3.000E+02 1.135E+16 4.699E+01 1.317E+04 1.278E+06 7.874E-11 1.137E-09 3.653E-07 2.635E-03 3.776E-05 4.274E-08 3.176E-06 2.415E+14 2.207E+07 3.544E+00 3.470E-07 4.397E-08 1.944E-09 9.166E-10 1.509E-10 2.563E-12 1.477E-10 7.834E-10 1.809E-16 3.849E-21 1.486E-13 2.783E-08 2.419E-10 1.609E-06 4.242E-08 3.125E-11
   5.350E+06 2.516E+02 9.584E+15 3.066E+01 1.495E+04 8.494E+05 1.220E-10 1.291E-09 5.076E-07 2.621E-03 3.780E-05 3.381E-08 3.073E-06 2.040E+14 2.347E+07 2.822E+00 3.512E-07 4.606E-08 2.449E-09 1.150E-09 1.524E-10 2.828E-12 2.419E-10 1.032E-09 1.747E-16 3.107E-21 1.485E-13 3.039E-08 3.972E-10 1.719E-06 3.635E-08 2.643E-11
   5.450E+06 2.107E+02 8.084E+15 2.047E+01 1.636E+04 5.743E+05 1.763E-10 1.471E-09 6.829E-07 2.606E-03 3.784E-05 2.726E-08 2.963E-06 1.720E+14 2.453E+07 2.311E+00 3.553E-07 4.817E-08 3.034E-09 1.416E-09 1.540E-10 3.022E-12 3.972E-10 1.319E-09 1.641E-16 2.357E-21 1.417E-13 3.390E-08 6.512E-10 1.835E-06 3.077E-08 2.223E-11
   5.550E+06 1.763E+02 6.813E+15 1.399E+01 1.719E+04 3.946E+05 2.401E-10 1.681E-09 8.865E-07 2.590E-03 3.787E-05 2.236E-08 2.846E-06 1.450E+14 2.514E+07 1.947E+00 3.593E-07 5.029E-08 3.690E-09 1.706E-09 1.556E-10 3.113E-12 6.512E-10 1.629E-09 1.482E-16 1.655E-21 1.285E-13 3.858E-08 1.063E-09 1.957E-06 2.574E-08 1.853E-11
   5.650E+06 1.473E+02 5.734E+15 9.758E+00 1.733E+04 2.744E+05 3.112E-10 1.920E-09 1.111E-06 2.574E-03 3.789E-05 1.859E-08 2.721E-06 1.220E+14 2.525E+07 1.683E+00 3.631E-07 5.244E-08 4.404E-09 2.010E-09 1.572E-10 3.089E-12 1.063E-09 1.942E-09 1.276E-16 1.066E-21 1.105E-13 4.467E-08 1.726E-09 2.085E-06 2.135E-08 1.529E-11
   5.750E+06 1.229E+02 4.819E+15 6.928E+00 1.682E+04 1.923E+05 3.869E-10 2.189E-09 1.348E-06 2.556E-03 3.792E-05 1.561E-08 2.590E-06 1.025E+14 2.488E+07 1.490E+00 3.668E-07 5.461E-08 5.164E-09 2.318E-09 1.585E-10 2.950E-12 1.726E-09 2.232E-09 1.044E-16 6.282E-22 9.017E-14 5.246E-08 2.778E-09 2.217E-06 1.763E-08 1.250E-11
   5.850E+06 1.024E+02 4.046E+15 4.991E+00 1.576E+04 1.357E+05 4.644E-10 2.485E-09 1.588E-06 2.538E-03 3.794E-05 1.321E-08 2.453E-06 8.606E+13 2.408E+07 1.347E+00 3.704E-07 5.681E-08 5.953E-09 2.618E-09 1.596E-10 2.713E-12 2.778E-09 2.476E-09 8.119E-17 3.388E-22 6.993E-14 6.233E-08 4.453E-09 2.354E-06 1.452E-08 1.009E-11
   5.950E+06 8.524E+01 3.389E+15 3.629E+00 1.428E+04 9.584E+04 5.416E-10 2.810E-09 1.825E-06 2.522E-03 3.796E-05 1.121E-08 2.309E-06 7.208E+13 2.289E+07 1.239E+00 3.738E-07 5.900E-08 6.754E-09 2.897E-09 1.602E-10 2.397E-12 4.453E-09 2.648E-09 5.962E-17 1.656E-22 5.136E-14 7.498E-08 7.116E-09 2.496E-06 1.194E-08 8.010E-12
   6.050E+06 7.088E+01 2.833E+15 2.659E+00 1.256E+04 6.774E+04 6.167E-10 3.163E-09 2.050E-06 2.509E-03 3.798E-05 9.532E-09 2.162E-06 6.024E+13 2.138E+07 1.158E+00 3.771E-07 6.119E-08 7.548E-09 3.144E-09 1.603E-10 2.028E-12 7.116E-09 2.724E-09 4.132E-17 7.326E-23 3.572E-14 9.138E-08 1.130E-08 2.640E-06 9.844E-09 6.251E-12
   6.150E+06 5.889E+01 2.366E+15 1.964E+00 1.077E+04 4.812E+04 6.883E-10 3.545E-09 2.260E-06 2.495E-03 3.800E-05 8.152E-09 2.014E-06 5.030E+13 1.964E+07 1.098E+00 3.802E-07 6.335E-08 8.304E-09 3.343E-09 1.599E-10 1.648E-12 1.130E-08 2.701E-09 2.731E-17 2.977E-23 2.362E-14 1.126E-07 1.806E-08 2.784E-06 8.149E-09 4.781E-12
   6.250E+06 4.890E+01 1.968E+15 1.454E+00 9.002E+03 3.408E+04 7.564E-10 3.968E-09 2.453E-06 2.491E-03 3.802E-05 6.953E-09 1.865E-06 4.184E+13 1.769E+07 1.054E+00 3.831E-07 6.547E-08 8.991E-09 3.483E-09 1.590E-10 1.270E-12 1.806E-08 2.574E-09 1.692E-17 1.086E-23 1.472E-14 1.417E-07 2.882E-08 2.927E-06 6.784E-09 3.565E-12
   6.350E+06 4.059E+01 1.635E+15 1.080E+00 7.384E+03 2.411E+04 8.209E-10 4.435E-09 2.626E-06 2.488E-03 3.804E-05 5.928E-09 1.720E-06 3.476E+13 1.571E+07 1.022E+00 3.859E-07 6.755E-08 9.611E-09 3.565E-09 1.574E-10 9.380E-13 2.882E-08 2.384E-09 1.009E-17 3.674E-24 8.805E-15 1.803E-07 4.698E-08 3.063E-06 5.691E-09 2.574E-12
   6.450E+06 3.369E+01 1.357E+15 7.917E-01 5.957E+03 1.628E+04 8.832E-10 4.958E-09 2.780E-06 2.488E-03 3.805E-05 4.820E-09 1.579E-06 2.885E+13 1.470E+07 9.822E-01 3.885E-07 6.957E-08 1.083E-08 3.787E-09 1.551E-10 7.020E-13 4.698E-08 2.193E-09 6.089E-18 1.220E-24 5.217E-15 2.221E-07 1.004E-07 3.191E-06 4.811E-09 1.765E-12
   6.550E+06 2.798E+01 1.123E+15 5.998E-01 4.689E+03 1.202E+04 9.521E-10 5.560E-09 2.915E-06 2.498E-03 3.806E-05 4.284E-09 1.433E-06 2.387E+13 1.540E+07 9.927E-01 3.910E-07 7.154E-08 1.371E-08 4.330E-09 1.523E-10 4.491E-13 1.004E-07 1.897E-09 3.597E-18 3.634E-25 2.879E-15 3.219E-07 3.106E-07 3.305E-06 4.094E-09 1.100E-12
   6.650E+06 2.325E+01 9.296E+14 7.459E-01 3.530E+03 2.996E+04 1.055E-09 6.245E-09 3.032E-06 2.509E-03 3.808E-05 1.285E-08 1.252E-06 1.975E+13 5.322E+06 1.708E+00 3.934E-07 7.345E-08 5.725E-09 1.998E-09 1.489E-10 5.870E-14 3.106E-07 1.063E-09 8.868E-19 6.970E-26 1.161E-15 2.048E-06 5.846E-07 3.381E-06 3.509E-09 5.862E-13
   6.750E+06 1.934E+01 7.687E+14 1.295E+00 2.609E+03 8.367E+04 1.267E-09 7.031E-09 3.135E-06 2.524E-03 3.809E-05 4.312E-08 1.083E-06 1.633E+13 1.268E+06 4.156E+00 3.956E-07 7.529E-08 1.650E-09 5.237E-10 1.445E-10 4.973E-15 5.846E-07 5.448E-10 9.219E-20 1.378E-26 4.798E-16 1.328E-05 8.385E-07 3.411E-06 3.030E-09 2.857E-13
   6.850E+06 1.611E+01 6.352E+14 1.653E+00 1.922E+03 1.313E+05 1.730E-09 7.932E-09 3.226E-06 2.545E-03 3.810E-05 8.124E-08 9.381E-07 1.348E+13 5.310E+05 7.433E+00 3.977E-07 7.707E-08 8.359E-10 1.994E-10 1.394E-10 1.454E-15 8.385E-07 2.849E-10 2.354E-20 3.080E-27 2.064E-16 4.220E-05 1.060E-06 3.425E-06 2.637E-09 1.369E-13
   6.950E+06 1.344E+01 5.258E+14 1.753E+00 1.421E+03 1.589E+05 2.660E-09 8.943E-09 3.308E-06 2.565E-03 3.811E-05 1.179E-07 8.170E-07 1.114E+13 2.800E+05 1.097E+01 3.997E-07 7.878E-08 5.326E-10 9.296E-11 1.342E-10 8.852E-16 1.060E-06 1.526E-10 1.197E-20 6.609E-28 9.216E-17 9.536E-05 1.247E-06 3.432E-06 2.312E-09 6.728E-14
   7.050E+06 1.123E+01 4.356E+14 1.675E+00 1.056E+03 1.657E+05 4.306E-09 1.007E-08 3.386E-06 2.585E-03 3.812E-05 1.472E-07 7.162E-07 9.211E+12 1.630E+05 1.447E+01 4.016E-07 8.043E-08 3.742E-10 4.890E-11 1.291E-10 6.637E-16 1.247E-06 8.369E-11 7.422E-21 1.562E-28 4.271E-17 1.772E-04 1.404E-06 3.435E-06 2.045E-09 3.471E-14
   7.150E+06 9.398E+00 3.615E+14 1.510E+00 7.915E+02 1.568E+05 6.900E-09 1.132E-08 3.462E-06 2.605E-03 3.813E-05 1.666E-07 6.325E-07 7.621E+12 9.952E+04 1.784E+01 4.034E-07 8.200E-08 2.753E-10 2.796E-11 1.241E-10 5.221E-16 1.404E-06 4.712E-11 4.813E-21 3.932E-29 2.063E-17 2.897E-04 1.541E-06 3.437E-06 1.823E-09 1.910E-14
   7.250E+06 7.876E+00 3.005E+14 1.324E+00 5.960E+02 1.400E+05 1.062E-08 1.268E-08 3.540E-06 2.623E-03 3.814E-05 1.776E-07 5.604E-07 6.310E+12 6.218E+04 2.131E+01 4.051E-07 8.351E-08 2.069E-10 1.683E-11 1.192E-10 4.155E-16 1.541E-06 2.685E-11 3.156E-21 1.028E-29 1.021E-17 4.382E-04 1.663E-06 3.439E-06 1.633E-09 1.109E-14
   7.350E+06 6.609E+00 2.509E+14 1.156E+00 4.501E+02 1.225E+05 1.559E-08 1.412E-08 3.620E-06 2.634E-03 3.815E-05 1.854E-07 4.956E-07 5.242E+12 3.967E+04 2.524E+01 4.066E-07 8.496E-08 1.581E-10 1.048E-11 1.143E-10 3.326E-16 1.663E-06 1.519E-11 2.099E-21 2.696E-30 5.056E-18 6.319E-04 1.774E-06 3.441E-06 1.462E-09 6.675E-15
   7.450E+06 5.551E+00 2.097E+14 9.967E-01 3.397E+02 1.037E+05 2.197E-08 1.566E-08 3.705E-06 2.645E-03 3.816E-05 1.870E-07 4.374E-07 4.354E+12 2.544E+04 2.956E+01 4.081E-07 8.633E-08 1.213E-10 6.706E-12 1.093E-10 2.661E-16 1.774E-06 8.522E-12 1.395E-21 7.078E-31 2.503E-18 8.760E-04 1.874E-06 3.442E-06 1.309E-09 4.171E-15
   7.550E+06 4.666E+00 1.755E+14 8.553E-01 2.565E+02 8.570E+04 2.998E-08 1.728E-08 3.793E-06 2.654E-03 3.817E-05 1.840E-07 3.852E-07 3.617E+12 1.638E+04 3.445E+01 4.094E-07 8.763E-08 9.334E-11 4.392E-12 1.044E-10 2.129E-16 1.874E-06 4.743E-12 9.305E-22 1.859E-31 1.238E-18 1.175E-03 1.964E-06 3.444E-06 1.171E-09 2.711E-15
   7.650E+06 3.924E+00 1.475E+14 7.363E-01 1.940E+02 7.001E+04 3.991E-08 1.896E-08 3.886E-06 2.656E-03 3.818E-05 1.787E-07 3.386E-07 3.011E+12 1.063E+04 4.018E+01 4.107E-07 8.886E-08 7.210E-11 2.940E-12 9.966E-11 1.709E-16 1.964E-06 2.625E-12 6.274E-22 4.889E-32 6.117E-19 1.532E-03 2.045E-06 3.446E-06 1.048E-09 1.835E-15
   7.750E+06 3.301E+00 1.239E+14 6.324E-01 1.467E+02 5.576E+04 5.208E-08 2.072E-08 3.984E-06 2.658E-03 3.818E-05 1.693E-07 2.971E-07 2.502E+12 6.871E+03 4.681E+01 4.118E-07 8.999E-08 5.545E-11 2.000E-12 9.508E-11 1.372E-16 2.045E-06 1.448E-12 4.228E-22 1.289E-32 3.024E-19 1.950E-03 2.120E-06 3.448E-06 9.374E-10 1.298E-15
   7.850E+06 2.777E+00 1.042E+14 5.423E-01 1.108E+02 4.343E+04 6.678E-08 2.255E-08 4.085E-06 2.660E-03 3.819E-05 1.567E-07 2.603E-07 2.077E+12 4.417E+03 5.452E+01 4.128E-07 9.104E-08 4.241E-11 1.378E-12 9.075E-11 1.101E-16 2.120E-06 7.966E-13 2.851E-22 3.409E-33 1.496E-19 2.435E-03 2.188E-06 3.451E-06 8.391E-10 9.612E-16
   7.950E+06 2.337E+00 8.760E+13 4.643E-01 8.363E+01 3.314E+04 8.427E-08 2.445E-08 4.191E-06 2.662E-03 3.819E-05 1.421E-07 2.278E-07 1.721E+12 2.824E+03 6.345E+01 4.137E-07 9.198E-08 3.224E-11 9.609E-13 8.672E-11 8.855E-17 2.188E-06 4.381E-13 1.927E-22 9.055E-34 7.406E-20 2.988E-03 2.252E-06 3.455E-06 7.516E-10 7.464E-16
   8.050E+06 1.967E+00 7.367E+13 3.967E-01 6.308E+01 2.479E+04 1.049E-07 2.639E-08 4.299E-06 2.663E-03 3.820E-05 1.263E-07 1.992E-07 1.423E+12 1.793E+03 7.373E+01 4.145E-07 9.283E-08 2.434E-11 6.763E-13 8.303E-11 7.133E-17 2.252E-06 2.411E-13 1.304E-22 2.420E-34 3.673E-20 3.614E-03 2.312E-06 3.459E-06 6.738E-10 6.078E-16
   8.150E+06 1.656E+00 6.183E+13 3.373E-01 4.744E+01 1.797E+04 1.291E-07 2.836E-08 4.408E-06 2.670E-03 3.820E-05 1.088E-07 1.740E-07 1.171E+12 1.123E+03 8.559E+01 4.152E-07 9.358E-08 1.817E-11 4.789E-13 7.974E-11 5.743E-17 2.312E-06 1.328E-13 8.772E-23 6.523E-35 1.826E-20 4.316E-03 2.370E-06 3.465E-06 6.047E-10 5.181E-16
   8.250E+06 1.396E+00 5.184E+13 2.863E-01 3.560E+01 1.271E+04 1.577E-07 3.036E-08 4.518E-06 2.680E-03 3.820E-05 9.146E-08 1.520E-07 9.607E+11 6.963E+02 9.937E+01 4.157E-07 9.423E-08 1.343E-11 3.411E-13 7.687E-11 4.631E-17 2.370E-06 7.312E-14 5.889E-23 1.775E-35 9.104E-21 5.099E-03 2.428E-06 3.472E-06 5.434E-10 4.605E-16
   8.350E+06 1.177E+00 4.351E+13 2.435E-01 2.673E+01 8.855E+03 1.918E-07 3.243E-08 4.627E-06 2.690E-03 3.821E-05 7.565E-08 1.328E-07 7.866E+11 4.295E+02 1.155E+02 4.162E-07 9.479E-08 9.873E-12 2.446E-13 7.445E-11 3.755E-17 2.428E-06 4.030E-14 3.977E-23 4.893E-36 4.554E-21 5.966E-03 2.486E-06 3.481E-06 4.891E-10 4.243E-16
   8.450E+06 9.945E-01 3.631E+13 2.068E-01 1.994E+01 5.862E+03 2.332E-07 3.481E-08 4.733E-06 2.702E-03 3.821E-05 5.974E-08 1.160E-07 6.387E+11 2.592E+02 1.350E+02 4.167E-07 9.527E-08 7.137E-12 1.754E-13 7.248E-11 3.034E-17 2.486E-06 2.216E-14 2.635E-23 1.369E-36 2.288E-21 6.921E-03 2.546E-06 3.490E-06 4.409E-10 4.027E-16
   8.550E+06 8.419E-01 3.031E+13 1.763E-01 1.487E+01 3.786E+03 2.837E-07 3.769E-08 4.837E-06 2.708E-03 3.821E-05 4.613E-08 1.014E-07 5.169E+11 1.553E+02 1.584E+02 4.170E-07 9.568E-08 5.124E-12 1.264E-13 7.094E-11 2.460E-17 2.546E-06 1.213E-14 1.746E-23 3.889E-37 1.155E-21 7.967E-03 2.608E-06 3.501E-06 3.983E-10 3.908E-16
   8.650E+06 7.145E-01 2.537E+13 1.512E-01 1.112E+01 2.426E+03 3.455E-07 4.133E-08 4.935E-06 2.711E-03 3.821E-05 3.527E-08 8.881E-08 4.180E+11 9.318E+01 1.863E+02 4.173E-07 9.601E-08 3.673E-12 9.167E-14 6.979E-11 2.010E-17 2.608E-06 6.611E-15 1.169E-23 1.126E-37 5.861E-22 9.103E-03 2.673E-06 3.513E-06 3.607E-10 3.851E-16
   8.750E+06 6.083E-01 2.106E+13 1.288E-01 8.251E+00 1.453E+03 4.199E-07 4.600E-08 5.029E-06 2.716E-03 3.821E-05 2.539E-08 7.790E-08 3.343E+11 5.444E+01 2.196E+02 4.176E-07 9.629E-08 2.585E-12 6.622E-14 6.898E-11 1.626E-17 2.673E-06 3.561E-15 7.560E-24 3.317E-38 2.996E-22 1.033E-02 2.742E-06 3.526E-06 3.274E-10 3.829E-16
   8.850E+06 5.201E-01 1.753E+13 1.091E-01 6.140E+00 8.578E+02 5.058E-07 5.161E-08 5.116E-06 2.721E-03 3.821E-05 1.798E-08 6.847E-08 2.670E+11 3.186E+01 2.565E+02 4.178E-07 9.652E-08 1.817E-12 4.809E-14 6.841E-11 1.320E-17 2.742E-06 1.889E-15 4.905E-24 9.928E-39 1.543E-22 1.164E-02 2.815E-06 3.538E-06 2.981E-10 3.820E-16
   8.950E+06 4.466E-01 1.466E+13 9.170E-02 4.597E+00 5.075E+02 6.006E-07 5.797E-08 5.195E-06 2.726E-03 3.821E-05 1.270E-08 6.037E-08 2.136E+11 1.889E+01 2.946E+02 4.179E-07 9.671E-08 1.289E-12 3.523E-14 6.801E-11 1.080E-17 2.815E-06 9.866E-16 3.224E-24 3.031E-39 8.016E-23 1.303E-02 2.892E-06 3.549E-06 2.722E-10 3.810E-16
   9.050E+06 3.852E-01 1.219E+13 7.556E-02 3.430E+00 2.834E+02 7.008E-07 6.483E-08 5.267E-06 2.733E-03 3.821E-05 8.508E-09 5.342E-08 1.695E+11 1.111E+01 3.334E+02 4.180E-07 9.686E-08 9.114E-13 2.573E-14 6.771E-11 8.731E-18 2.892E-06 5.016E-16 2.051E-24 9.392E-40 4.211E-23 1.450E-02 2.971E-06 3.559E-06 2.495E-10 3.787E-16
   9.150E+06 3.342E-01 1.016E+13 6.131E-02 2.571E+00 1.556E+02 8.014E-07 7.180E-08 5.330E-06 2.740E-03 3.822E-05 5.587E-09 4.747E-08 1.344E+11 6.721E+00 3.693E+02 4.182E-07 9.698E-08 6.614E-13 1.887E-14 6.748E-11 7.056E-18 2.971E-06 2.469E-16 1.300E-24 2.954E-40 2.238E-23 1.602E-02 3.053E-06 3.564E-06 2.294E-10 3.746E-16
   9.250E+06 2.916E-01 8.529E+12 4.926E-02 1.948E+00 8.639E+01 8.981E-07 7.852E-08 5.384E-06 2.747E-03 3.822E-05 3.687E-09 4.241E-08 1.071E+11 4.366E+00 3.998E+02 4.182E-07 9.708E-08 5.119E-13 1.398E-14 6.727E-11 5.744E-18 3.053E-06 1.178E-16 8.382E-25 9.477E-41 1.206E-23 1.759E-02 3.135E-06 3.566E-06 2.119E-10 3.685E-16
   9.350E+06 2.557E-01 7.188E+12 3.921E-02 1.488E+00 4.778E+01 9.886E-07 8.481E-08 5.431E-06 2.754E-03 3.822E-05 2.413E-09 3.812E-08 8.556E+10 3.184E+00 4.245E+02 4.183E-07 9.716E-08 4.430E-13 1.042E-14 6.708E-11 4.684E-18 3.135E-06 5.434E-17 5.422E-25 3.108E-41 6.609E-24 1.921E-02 3.216E-06 3.563E-06 1.965E-10 3.604E-16
   9.450E+06 2.255E-01 6.042E+12 3.084E-02 1.140E+00 2.532E+01 1.071E-06 9.061E-08 5.471E-06 2.764E-03 3.822E-05 1.516E-09 3.448E-08 6.811E+10 2.869E+00 4.443E+02 4.184E-07 9.723E-08 4.748E-13 7.745E-15 6.688E-11 3.781E-18 3.216E-06 2.396E-17 3.420E-25 1.040E-41 3.686E-24 2.086E-02 3.293E-06 3.553E-06 1.831E-10 3.508E-16
   9.550E+06 2.001E-01 5.120E+12 2.426E-02 8.855E-01 1.363E+01 1.144E-06 9.579E-08 5.504E-06 2.767E-03 3.822E-05 9.623E-10 3.142E-08 5.463E+10 3.220E+00 4.575E+02 4.184E-07 9.728E-08 6.288E-13 5.813E-15 6.668E-11 3.077E-18 3.293E-06 1.015E-17 2.200E-25 3.574E-42 2.102E-24 2.253E-02 3.363E-06 3.537E-06 1.713E-10 3.400E-16
   9.650E+06 1.785E-01 4.371E+12 1.914E-02 6.977E-01 7.475E+00 1.208E-06 1.004E-07 5.533E-06 2.768E-03 3.822E-05 6.177E-10 2.885E-08 4.413E+10 4.158E+00 4.650E+02 4.184E-07 9.732E-08 9.513E-13 4.399E-15 6.647E-11 2.523E-18 3.363E-06 4.165E-18 1.440E-25 1.266E-42 1.234E-24 2.422E-02 3.423E-06 3.516E-06 1.610E-10 3.284E-16
   9.750E+06 1.599E-01 3.754E+12 1.513E-02 5.573E-01 4.155E+00 1.261E-06 7.059E-08 5.556E-06 2.770E-03 3.822E-05 3.995E-10 2.672E-08 3.588E+10 5.732E+00 4.665E+02 4.185E-07 9.734E-08 1.527E-12 3.351E-15 6.626E-11 2.081E-18 3.423E-06 1.669E-18 9.561E-26 4.661E-43 7.581E-25 2.593E-02 3.467E-06 3.491E-06 1.520E-10 3.165E-16
   9.850E+06 1.440E-01 3.234E+12 1.204E-02 4.499E-01 2.299E+00 1.308E-06 7.367E-08 5.575E-06 2.772E-03 3.822E-05 2.565E-10 2.495E-08 2.927E+10 8.323E+00 4.657E+02 4.185E-07 9.734E-08 2.574E-12 2.553E-15 6.605E-11 1.716E-18 3.467E-06 6.744E-19 6.347E-26 1.832E-43 5.033E-25 2.765E-02 3.490E-06 3.465E-06 1.441E-10 3.045E-16
   9.950E+06 1.303E-01 2.804E+12 9.669E-03 3.685E-01 1.316E+00 1.349E-06 7.631E-08 5.592E-06 2.773E-03 3.822E-05 1.692E-10 2.350E-08 2.404E+10 1.194E+01 4.616E+02 4.185E-07 9.734E-08 4.258E-12 1.952E-15 6.584E-11 1.426E-18 3.490E-06 3.317E-19 4.283E-26 8.811E-44 3.820E-25 2.938E-02 0.000E+00 3.441E-06 1.371E-10 2.927E-16
