
     Z         PRESS      DEN     ProOH1    ProOH25    ProO3D    PO2D       PO2      PH2O      PO3D      PH2O2     FO3      FH2O      NumO2      NumOH      NumO1D     PN2O     PCH3CL      FOH      FHO2      FNO     FNO2      FH    FH2O2     FNO3    FN2O5    FHNO3      FO       FN      FH2     FCH4    FN2O
   5.000E+04 9.550E+05 2.401E+19 3.139E+05 2.226E-17 2.369E+06 0.000E+00 4.425E-34 6.766E-35 5.569E-06 2.287E-06 1.772E-08 1.371E-02 5.107E+18 2.829E+06 2.906E-03 3.731E-31 1.239E-33 1.178E-13 9.771E-12 7.864E-12 2.479E-11 5.214E-21 6.270E-10 1.877E-14 2.812E-16 1.536E-10 4.177E-17 4.432E-21 5.000E-07 8.080E-07 2.730E-07
   1.500E+05 8.471E+05 2.179E+19 2.211E+05 3.191E-15 2.540E+06 0.000E+00 6.646E-32 1.707E-32 5.959E-06 2.465E-06 1.957E-08 8.579E-03 4.635E+18 2.308E+06 3.585E-03 6.997E-29 4.555E-31 1.059E-13 8.898E-12 4.623E-12 1.266E-11 4.432E-21 6.151E-10 1.263E-14 1.550E-16 1.746E-10 5.304E-17 4.339E-21 4.994E-07 8.051E-07 2.729E-07
   2.500E+05 7.493E+05 1.973E+19 1.498E+05 3.347E-13 2.747E+06 0.000E+00 7.779E-30 3.261E-30 6.244E-06 2.621E-06 2.230E-08 5.204E-03 4.197E+18 2.151E+06 4.398E-03 1.000E-26 1.042E-28 1.090E-13 8.290E-12 4.803E-12 1.141E-11 4.339E-21 5.746E-10 1.198E-14 2.193E-16 2.072E-10 7.029E-17 4.400E-21 4.990E-07 8.028E-07 2.729E-07
   3.500E+05 6.610E+05 1.782E+19 9.196E+04 2.196E-11 2.942E+06 0.000E+00 6.294E-28 4.220E-28 6.387E-06 2.757E-06 2.585E-08 2.920E-03 3.791E+18 2.057E+06 5.296E-03 9.706E-25 1.418E-26 1.154E-13 7.587E-12 6.260E-12 1.290E-11 4.400E-21 4.971E-10 1.256E-14 4.655E-16 2.436E-10 9.491E-17 4.525E-21 4.988E-07 8.009E-07 2.728E-07
   4.500E+05 5.812E+05 1.606E+19 5.147E+04 9.136E-10 3.081E+06 0.000E+00 3.519E-26 3.689E-26 6.409E-06 2.876E-06 2.994E-08 1.542E-03 3.416E+18 1.984E+06 6.192E-03 6.374E-23 1.194E-24 1.235E-13 6.700E-12 8.556E-12 1.518E-11 4.525E-21 3.994E-10 1.316E-14 1.090E-15 2.781E-10 1.282E-16 4.621E-21 4.987E-07 7.995E-07 2.728E-07
   5.500E+05 5.095E+05 1.443E+19 2.651E+04 4.615E-08 3.138E+06 0.000E+00 1.382E-24 4.120E-24 6.338E-06 2.979E-06 3.430E-08 7.761E-04 3.071E+18 1.890E+06 7.006E-03 2.978E-21 7.699E-23 1.309E-13 5.656E-12 1.141E-11 1.717E-11 4.621E-21 2.997E-10 1.321E-14 2.464E-15 3.055E-10 1.714E-16 4.487E-21 4.986E-07 7.984E-07 2.727E-07
   6.500E+05 4.451E+05 1.294E+19 1.246E+04 2.692E-06 3.105E+06 0.000E+00 4.021E-23 5.652E-22 6.196E-06 3.068E-06 3.873E-08 3.681E-04 2.753E+18 1.695E+06 7.691E-03 1.196E-19 5.439E-21 1.310E-13 4.521E-12 1.402E-11 1.760E-11 4.487E-21 2.121E-10 1.232E-14 4.960E-15 3.221E-10 2.264E-16 4.142E-21 4.986E-07 7.976E-07 2.726E-07
   7.500E+05 3.875E+05 1.157E+19 5.264E+03 4.710E-05 2.990E+06 0.000E+00 8.541E-22 2.518E-20 5.981E-06 3.145E-06 4.322E-08 1.617E-04 2.461E+18 1.427E+06 8.216E-03 3.421E-18 2.060E-19 1.234E-13 3.413E-12 1.652E-11 1.702E-11 4.142E-21 1.430E-10 1.078E-14 9.511E-15 3.300E-10 2.961E-16 3.822E-21 4.986E-07 7.970E-07 2.725E-07
   8.500E+05 3.361E+05 1.031E+19 1.947E+03 2.937E-04 2.814E+06 0.000E+00 1.255E-20 4.471E-19 5.708E-06 3.211E-06 4.782E-08 6.373E-05 2.193E+18 1.187E+06 8.590E-03 5.663E-17 3.603E-18 1.152E-13 2.444E-12 2.042E-11 1.703E-11 3.822E-21 9.351E-11 9.217E-15 1.998E-14 3.343E-10 3.853E-16 3.595E-21 4.985E-07 7.965E-07 2.724E-07
   9.500E+05 2.904E+05 9.156E+18 5.913E+02 8.145E-04 2.614E+06 0.000E+00 1.316E-19 4.254E-18 5.397E-06 3.268E-06 5.290E-08 2.091E-05 1.948E+18 9.950E+05 8.882E-03 5.899E-16 3.585E-17 1.087E-13 1.702E-12 2.617E-11 1.761E-11 3.595E-21 6.044E-11 7.886E-15 4.281E-14 3.382E-10 5.033E-16 3.245E-21 4.985E-07 7.960E-07 2.723E-07
   1.050E+06 2.498E+05 8.106E+18 1.142E+02 9.113E-04 2.473E+06 0.000E+00 1.046E-18 2.623E-17 5.037E-06 3.317E-06 6.057E-08 4.287E-06 1.725E+18 7.949E+05 9.376E-03 4.401E-15 2.424E-16 9.806E-14 1.155E-12 3.215E-11 1.797E-11 3.245E-21 3.581E-11 6.682E-15 7.573E-14 3.455E-10 6.831E-16 2.657E-21 4.984E-07 7.954E-07 2.721E-07
   1.150E+06 2.140E+05 7.152E+18 1.178E+02 3.654E-03 2.560E+06 0.000E+00 6.568E-18 1.191E-16 4.645E-06 3.359E-06 7.707E-08 4.289E-06 1.522E+18 5.770E+05 1.086E-02 2.578E-14 1.264E-15 8.068E-14 6.695E-13 4.283E-11 2.171E-11 2.657E-21 1.641E-11 5.547E-15 8.125E-14 3.694E-10 1.035E-15 2.190E-21 4.982E-07 7.943E-07 2.716E-07
   1.250E+06 1.829E+05 6.116E+18 1.534E+02 1.163E-02 3.331E+06 0.000E+00 3.306E-17 4.428E-16 4.739E-06 3.395E-06 1.150E-07 4.294E-06 1.301E+18 3.736E+05 1.652E-02 1.233E-13 5.483E-15 6.108E-14 4.499E-13 5.240E-11 3.281E-11 2.190E-21 5.578E-12 5.295E-15 1.056E-13 4.274E-10 2.113E-15 2.023E-21 4.977E-07 7.919E-07 2.706E-07
   1.350E+06 1.563E+05 5.227E+18 2.275E+02 3.228E-02 4.928E+06 0.000E+00 1.341E-16 1.435E-15 4.843E-06 3.427E-06 1.947E-07 4.305E-06 1.112E+18 2.747E+05 2.859E-02 4.880E-13 2.035E-14 5.256E-14 3.883E-13 6.138E-11 5.484E-11 2.023E-21 1.817E-12 8.077E-15 2.346E-13 5.548E-10 4.910E-15 2.237E-21 4.965E-07 7.869E-07 2.683E-07
   1.450E+06 1.336E+05 4.468E+18 3.441E+02 8.058E-02 7.421E+06 0.000E+00 4.562E-16 4.172E-15 4.964E-06 3.455E-06 3.346E-07 4.324E-06 9.505E+17 2.451E+05 5.037E-02 1.641E-12 6.581E-14 5.487E-14 4.454E-13 6.907E-11 9.000E-11 2.237E-21 1.185E-12 1.655E-14 6.784E-13 7.828E-10 1.158E-14 2.730E-21 4.943E-07 7.786E-07 2.643E-07
   1.550E+06 1.142E+05 3.819E+18 4.947E+02 1.844E-01 1.060E+07 0.000E+00 1.348E-15 1.110E-14 5.119E-06 3.483E-06 5.425E-07 4.350E-06 8.124E+17 2.423E+05 8.420E-02 4.823E-12 1.890E-13 6.347E-14 5.768E-13 7.700E-11 1.384E-10 2.730E-21 1.478E-12 3.395E-14 1.835E-12 1.117E-09 2.574E-14 3.519E-21 4.911E-07 7.666E-07 2.585E-07
   1.650E+06 9.763E+04 3.264E+18 6.751E+02 3.925E-01 1.436E+07 0.000E+00 3.559E-15 2.742E-14 5.328E-06 3.512E-06 8.256E-07 4.385E-06 6.945E+17 2.519E+05 1.334E-01 1.269E-11 4.910E-13 7.717E-14 7.744E-13 8.616E-11 2.008E-10 3.519E-21 2.180E-12 6.395E-14 4.282E-12 1.555E-09 5.375E-14 4.749E-21 4.866E-07 7.509E-07 2.507E-07
   1.750E+06 8.346E+04 2.790E+18 8.805E+02 7.849E-01 1.855E+07 0.000E+00 8.587E-15 6.354E-14 5.617E-06 3.543E-06 1.183E-06 4.427E-06 5.936E+17 2.708E+05 2.016E-01 3.051E-11 1.173E-12 9.705E-14 1.051E-12 9.695E-11 2.762E-10 4.749E-21 3.319E-12 1.085E-13 8.493E-12 2.077E-09 1.058E-13 6.691E-21 4.811E-07 7.322E-07 2.411E-07
   1.850E+06 7.134E+04 2.385E+18 1.114E+03 1.487E+00 2.321E+07 0.000E+00 1.926E-14 1.393E-13 6.017E-06 3.579E-06 1.617E-06 4.474E-06 5.075E+17 2.989E+05 2.951E-01 6.809E-11 2.609E-12 1.253E-13 1.435E-12 1.099E-10 3.648E-10 6.691E-21 5.109E-12 1.683E-13 1.471E-11 2.659E-09 1.986E-13 9.837E-21 4.746E-07 7.108E-07 2.300E-07
   1.950E+06 6.099E+04 2.039E+18 1.380E+03 2.688E+00 2.843E+07 0.000E+00 4.066E-14 2.912E-13 6.565E-06 3.621E-06 2.123E-06 4.526E-06 4.339E+17 3.376E+05 4.227E-01 1.427E-10 5.463E-12 1.655E-13 1.966E-12 1.258E-10 4.682E-10 9.837E-21 7.921E-12 2.424E-13 2.284E-11 3.271E-09 3.588E-13 1.508E-20 4.673E-07 6.877E-07 2.178E-07
   2.050E+06 5.215E+04 1.744E+18 1.684E+03 4.655E+00 3.429E+07 0.000E+00 8.154E-14 5.829E-13 7.302E-06 3.670E-06 2.693E-06 4.581E-06 3.709E+17 3.895E+05 5.963E-01 2.834E-10 1.085E-11 2.234E-13 2.703E-12 1.465E-10 5.897E-10 1.508E-20 1.240E-11 3.283E-13 3.251E-11 3.873E-09 6.270E-13 2.485E-20 4.595E-07 6.636E-07 2.049E-07
   2.150E+06 4.460E+04 1.485E+18 2.054E+03 7.721E+00 4.128E+07 2.443-161 1.562E-13 1.122E-12 8.364E-06 3.731E-06 3.323E-06 4.637E-06 3.159E+17 4.627E+05 8.446E-01 5.357E-10 2.055E-11 3.116E-13 3.872E-12 1.699E-10 7.361E-10 2.485E-20 2.033E-11 4.398E-13 4.449E-11 4.440E-09 1.089E-12 4.246E-20 4.513E-07 6.389E-07 1.915E-07
   2.250E+06 3.818E+04 1.265E+18 2.496E+03 1.236E+01 4.952E+07 3.538-141 2.869E-13 2.081E-12 9.757E-06 3.804E-06 4.012E-06 4.694E-06 2.691E+17 5.586E+05 1.192E+00 9.679E-10 3.723E-11 4.415E-13 5.553E-12 2.014E-10 9.197E-10 4.246E-20 3.324E-11 5.724E-13 5.853E-11 4.946E-09 1.853E-12 7.491E-20 4.427E-07 6.138E-07 1.778E-07
   2.350E+06 3.270E+04 1.079E+18 3.027E+03 1.915E+01 5.928E+07 7.290-124 5.075E-13 3.735E-12 1.157E-05 3.893E-06 4.750E-06 4.751E-06 2.295E+17 6.837E+05 1.676E+00 1.679E-09 6.476E-11 6.338E-13 7.946E-12 2.442E-10 1.152E-09 7.491E-20 5.362E-11 7.277E-13 7.445E-11 5.366E-09 3.095E-12 1.362E-19 4.337E-07 5.886E-07 1.641E-07
   2.450E+06 2.803E+04 9.206E+17 3.658E+03 2.879E+01 7.072E+07 5.559-109 8.674E-13 6.503E-12 1.390E-05 4.004E-06 5.526E-06 4.810E-06 1.958E+17 8.460E+05 2.348E+00 2.802E-09 1.085E-10 9.190E-13 1.132E-11 3.017E-10 1.445E-09 1.362E-19 8.483E-11 9.065E-13 9.143E-11 5.685E-09 5.088E-12 2.559E-19 4.245E-07 5.632E-07 1.503E-07
   2.550E+06 2.405E+04 7.862E+17 4.403E+03 4.210E+01 8.405E+07 3.532E-96 1.436E-12 1.100E-11 1.690E-05 4.141E-06 6.326E-06 4.868E-06 1.672E+17 1.057E+06 3.275E+00 4.514E-09 1.754E-10 1.344E-12 1.603E-11 3.776E-10 1.806E-09 2.559E-19 1.312E-10 1.108E-12 1.078E-10 5.898E-09 8.245E-12 4.974E-19 4.149E-07 5.377E-07 1.367E-07
   2.650E+06 2.064E+04 6.719E+17 5.282E+03 5.992E+01 9.954E+07 3.722E-85 2.308E-12 1.809E-11 2.078E-05 4.311E-06 7.129E-06 4.928E-06 1.429E+17 1.330E+06 4.547E+00 7.027E-09 2.743E-10 1.980E-12 2.256E-11 4.760E-10 2.236E-09 4.974E-19 1.974E-10 1.325E-12 1.207E-10 6.007E-09 1.319E-11 1.003E-18 4.049E-07 5.118E-07 1.232E-07
   2.750E+06 1.773E+04 5.746E+17 6.306E+03 8.299E+01 1.173E+08 1.168E-75 3.607E-12 2.895E-11 2.583E-05 4.525E-06 7.904E-06 4.989E-06 1.222E+17 1.683E+06 6.277E+00 1.058E-08 4.148E-10 2.929E-12 3.142E-11 6.014E-10 2.728E-09 1.003E-18 2.866E-10 1.549E-12 1.273E-10 6.021E-09 2.085E-11 2.095E-18 3.946E-07 4.858E-07 1.100E-07
   2.850E+06 1.525E+04 4.919E+17 7.482E+03 1.119E+02 1.374E+08 1.796E-67 5.486E-12 4.504E-11 3.241E-05 4.792E-06 8.619E-06 5.050E-06 1.046E+17 2.134E+06 8.608E+00 1.542E-08 6.074E-10 4.339E-12 4.308E-11 7.597E-10 3.268E-09 2.095E-18 3.982E-10 1.761E-12 1.254E-10 5.950E-09 3.257E-11 4.526E-18 3.840E-07 4.597E-07 9.734E-08
   2.950E+06 1.312E+04 4.213E+17 8.818E+03 1.466E+02 1.599E+08 2.066E-60 8.130E-12 6.809E-11 4.104E-05 5.128E-06 9.247E-06 5.112E-06 8.961E+16 2.701E+06 1.172E+01 2.178E-08 8.614E-10 6.411E-12 5.785E-11 9.578E-10 3.837E-09 4.526E-18 5.252E-10 1.946E-12 1.152E-10 5.805E-09 5.038E-11 1.006E-17 3.729E-07 4.332E-07 8.523E-08
   3.050E+06 1.129E+04 3.611E+17 1.030E+04 1.869E+02 1.844E+08 2.555E-54 1.175E-11 1.000E-10 5.237E-05 5.546E-06 9.750E-06 5.174E-06 7.681E+16 3.405E+06 1.579E+01 2.979E-08 1.184E-09 9.429E-12 7.570E-11 1.204E-09 4.403E-09 1.006E-17 6.523E-10 2.086E-12 9.837E-11 5.591E-09 7.722E-11 2.288E-17 3.615E-07 4.064E-07 7.386E-08
   3.150E+06 9.729E+03 3.098E+17 1.189E+04 2.313E+02 2.102E+08 4.628E-49 1.660E-11 1.426E-10 6.725E-05 6.064E-06 1.009E-05 5.237E-06 6.589E+16 4.267E+06 2.103E+01 3.953E-08 1.577E-09 1.377E-11 9.604E-11 1.509E-09 4.929E-09 2.288E-17 7.574E-10 2.161E-12 7.801E-11 5.311E-09 1.173E-10 5.276E-17 3.500E-07 3.798E-07 6.347E-08
   3.250E+06 8.388E+03 2.659E+17 1.351E+04 2.780E+02 2.358E+08 1.600E-44 2.292E-11 1.973E-10 8.672E-05 6.700E-06 1.022E-05 5.299E-06 5.656E+16 5.309E+06 2.753E+01 5.087E-08 2.037E-09 1.997E-11 1.176E-10 1.887E-09 5.376E-09 5.276E-17 8.180E-10 2.160E-12 5.759E-11 4.966E-09 1.767E-10 1.259E-16 3.385E-07 3.533E-07 5.406E-08
   3.350E+06 7.240E+03 2.271E+17 1.492E+04 3.221E+02 2.570E+08 1.352E-40 3.095E-11 2.646E-10 1.123E-04 7.468E-06 1.008E-05 5.361E-06 4.829E+16 6.487E+06 3.531E+01 6.351E-08 2.553E-09 2.857E-11 1.411E-10 2.334E-09 5.774E-09 1.259E-16 8.289E-10 2.182E-12 4.104E-11 4.507E-09 2.699E-10 2.997E-16 3.270E-07 3.269E-07 4.569E-08
   3.450E+06 6.260E+03 1.940E+17 1.605E+04 3.620E+02 2.730E+08 3.377E-37 4.080E-11 3.442E-10 1.450E-04 8.375E-06 9.706E-06 5.422E-06 4.126E+16 7.828E+06 4.411E+01 7.696E-08 3.108E-09 4.035E-11 1.626E-10 2.876E-09 6.030E-09 2.997E-16 7.785E-10 2.131E-12 2.748E-11 3.993E-09 4.090E-10 7.074E-16 3.158E-07 3.010E-07 3.836E-08
   3.550E+06 5.422E+03 1.661E+17 1.690E+04 3.958E+02 2.839E+08 2.963E-34 5.250E-11 4.350E-10 1.864E-04 9.428E-06 9.172E-06 5.480E-06 3.532E+16 9.354E+06 5.387E+01 9.071E-08 3.684E-09 5.633E-11 1.807E-10 3.518E-09 6.094E-09 7.074E-16 6.841E-10 1.999E-12 1.725E-11 3.461E-09 6.139E-10 1.660E-15 3.053E-07 2.759E-07 3.208E-08
   3.650E+06 4.704E+03 1.424E+17 1.754E+04 4.224E+02 2.913E+08 1.059E-31 6.597E-11 5.360E-10 2.398E-04 1.064E-05 8.528E-06 5.534E-06 3.029E+16 1.109E+07 6.475E+01 1.043E-07 4.266E-09 7.790E-11 1.952E-10 4.260E-09 5.950E-09 1.660E-15 5.710E-10 1.811E-12 1.018E-11 2.931E-09 9.171E-10 3.885E-15 2.959E-07 2.521E-07 2.682E-08
   3.750E+06 4.088E+03 1.223E+17 1.804E+04 4.415E+02 2.965E+08 1.753E-29 8.097E-11 6.463E-10 3.106E-04 1.201E-05 7.802E-06 5.584E-06 2.602E+16 1.309E+07 7.707E+01 1.174E-07 4.843E-09 1.070E-10 2.064E-10 5.104E-09 5.596E-09 3.885E-15 4.592E-10 1.584E-12 5.646E-12 2.418E-09 1.369E-09 9.070E-15 2.878E-07 2.298E-07 2.244E-08
   3.850E+06 3.559E+03 1.053E+17 1.844E+04 4.537E+02 3.001E+08 1.498E-27 9.706E-11 7.655E-10 4.060E-04 1.357E-05 7.020E-06 5.629E-06 2.239E+16 1.534E+07 9.107E+01 1.296E-07 5.406E-09 1.457E-10 2.150E-10 6.039E-09 5.049E-09 9.070E-15 3.612E-10 1.337E-12 2.924E-12 1.930E-09 2.045E-09 2.086E-14 2.815E-07 2.090E-07 1.881E-08
   3.950E+06 3.103E+03 9.079E+16 1.865E+04 4.600E+02 3.009E+08 7.241E-26 1.136E-10 8.939E-10 5.324E-04 1.531E-05 6.227E-06 5.668E-06 1.931E+16 1.771E+07 1.064E+02 1.408E-07 5.951E-09 1.951E-10 2.224E-10 7.026E-09 4.359E-09 2.086E-14 2.838E-10 1.090E-12 1.412E-12 1.474E-09 3.053E-09 4.626E-14 2.772E-07 1.900E-07 1.583E-08
   4.050E+06 2.710E+03 7.840E+16 1.849E+04 4.616E+02 2.962E+08 2.155E-24 1.299E-10 1.033E-09 6.902E-04 1.719E-05 5.474E-06 5.700E-06 1.667E+16 1.987E+07 1.218E+02 1.509E-07 6.479E-09 2.534E-10 2.300E-10 7.986E-09 3.605E-09 4.626E-14 2.279E-10 8.594E-13 6.368E-13 1.066E-09 4.521E-09 9.710E-14 2.755E-07 1.729E-07 1.337E-08
   4.150E+06 2.370E+03 6.782E+16 1.783E+04 4.602E+02 2.839E+08 4.335E-23 1.456E-10 1.185E-09 8.729E-04 1.915E-05 4.797E-06 5.726E-06 1.442E+16 2.145E+07 1.356E+02 1.600E-07 6.993E-09 3.163E-10 2.390E-10 8.826E-09 2.872E-09 9.710E-14 1.899E-10 6.581E-13 2.709E-13 7.256E-10 6.590E-09 1.911E-13 2.766E-07 1.576E-07 1.134E-08
   4.250E+06 2.076E+03 5.877E+16 1.669E+04 4.570E+02 2.645E+08 6.058E-22 1.603E-10 1.354E-09 1.069E-03 2.111E-05 4.210E-06 5.745E-06 1.250E+16 2.226E+07 1.464E+02 1.682E-07 7.499E-09 3.789E-10 2.497E-10 9.481E-09 2.223E-09 1.911E-13 1.646E-10 4.913E-13 1.102E-13 4.684E-10 9.393E-09 3.533E-13 2.809E-07 1.442E-07 9.664E-09
   4.350E+06 1.821E+03 5.100E+16 1.515E+04 4.529E+02 2.394E+08 6.183E-21 1.740E-10 1.543E-09 1.267E-03 2.297E-05 3.706E-06 5.756E-06 1.084E+16 2.231E+07 1.532E+02 1.756E-07 8.004E-09 4.374E-10 2.618E-10 9.935E-09 1.689E-09 3.533E-13 1.473E-10 3.597E-13 4.358E-14 2.900E-10 1.306E-08 6.170E-13 2.886E-07 1.327E-07 8.293E-09
   4.450E+06 1.600E+03 4.433E+16 1.337E+04 4.487E+02 2.108E+08 4.803E-20 1.868E-10 1.757E-09 1.455E-03 2.469E-05 3.269E-06 5.760E-06 9.426E+15 2.172E+07 1.559E+02 1.824E-07 8.514E-09 4.901E-10 2.743E-10 1.021E-08 1.270E-09 6.170E-13 1.345E-10 2.591E-13 1.692E-14 1.742E-10 1.772E-08 1.026E-12 2.999E-07 1.228E-07 7.159E-09
   4.550E+06 1.407E+03 3.859E+16 1.151E+04 4.448E+02 1.814E+08 2.943E-19 1.988E-10 2.002E-09 1.627E-03 2.622E-05 2.888E-06 5.758E-06 8.205E+15 2.069E+07 1.547E+02 1.887E-07 9.034E-09 5.363E-10 2.867E-10 1.033E-08 9.508E-10 1.026E-12 1.240E-10 1.844E-13 6.511E-15 1.025E-10 2.346E-08 1.642E-12 3.149E-07 1.144E-07 6.208E-09
   4.650E+06 1.240E+03 3.364E+16 9.712E+03 4.417E+02 1.530E+08 1.468E-18 2.103E-10 2.284E-09 1.779E-03 2.755E-05 2.556E-06 5.749E-06 7.152E+15 1.940E+07 1.503E+02 1.946E-07 9.570E-09 5.767E-10 2.986E-10 1.034E-08 7.124E-10 1.642E-12 1.150E-10 1.301E-13 2.505E-15 5.973E-11 3.044E-08 2.547E-12 3.336E-07 1.072E-07 5.413E-09
   4.750E+06 1.093E+03 2.937E+16 8.077E+03 4.397E+02 1.274E+08 6.106E-18 2.216E-10 2.611E-09 1.911E-03 2.868E-05 2.271E-06 5.734E-06 6.245E+15 1.800E+07 1.439E+02 2.002E-07 1.013E-08 6.127E-10 3.101E-10 1.026E-08 5.356E-10 2.547E-12 1.071E-10 9.143E-14 9.703E-16 3.479E-11 3.884E-08 3.779E-12 3.560E-07 1.011E-07 4.742E-09
   4.850E+06 9.654E+02 2.584E+16 6.770E+03 4.414E+02 1.072E+08 2.101E-17 2.322E-10 2.990E-09 2.022E-03 2.964E-05 2.051E-06 5.713E-06 5.493E+15 1.673E+07 1.377E+02 2.056E-07 1.071E-08 6.475E-10 3.216E-10 1.013E-08 4.035E-10 3.779E-12 1.017E-10 6.404E-14 3.888E-16 2.074E-11 4.819E-08 5.459E-12 3.822E-07 9.593E-08 4.168E-09
   4.950E+06 8.526E+02 2.282E+16 5.681E+03 4.449E+02 9.033E+07 6.181E-17 2.424E-10 3.429E-09 2.116E-03 3.047E-05 1.871E-06 5.686E-06 4.851E+15 1.555E+07 1.314E+02 2.107E-07 1.132E-08 6.813E-10 3.333E-10 9.951E-09 3.048E-10 5.459E-12 9.763E-11 4.483E-14 1.598E-16 1.262E-11 5.877E-08 7.785E-12 4.121E-07 9.150E-08 3.678E-09
   5.050E+06 7.529E+02 2.015E+16 4.722E+03 4.487E+02 7.549E+07 1.615E-16 2.528E-10 3.937E-09 2.196E-03 3.117E-05 1.706E-06 5.655E-06 4.284E+15 1.438E+07 1.244E+02 2.157E-07 1.195E-08 7.137E-10 3.448E-10 9.742E-09 2.311E-10 7.785E-12 9.384E-11 3.134E-14 6.619E-17 7.724E-12 7.109E-08 1.100E-11 4.455E-07 8.770E-08 3.258E-09
   5.150E+06 6.650E+02 1.780E+16 3.893E+03 4.533E+02 6.262E+07 3.827E-16 2.638E-10 4.532E-09 2.264E-03 3.176E-05 1.554E-06 5.620E-06 3.784E+15 1.327E+07 1.168E+02 2.206E-07 1.262E-08 7.454E-10 3.564E-10 9.512E-09 1.758E-10 1.100E-11 9.043E-11 2.189E-14 2.759E-17 4.761E-12 8.542E-08 1.511E-11 4.819E-07 8.443E-08 2.897E-09
   5.250E+06 5.871E+02 1.581E+16 3.245E+03 4.618E+02 5.260E+07 8.144E-16 2.741E-10 5.234E-09 2.319E-03 3.227E-05 1.435E-06 5.582E-06 3.360E+15 1.231E+07 1.102E+02 2.254E-07 1.331E-08 7.789E-10 3.686E-10 9.271E-09 1.343E-10 1.511E-11 8.862E-11 1.537E-14 1.194E-17 3.015E-12 1.006E-07 2.038E-11 5.207E-07 8.161E-08 2.590E-09
   5.350E+06 5.178E+02 1.409E+16 2.719E+03 4.737E+02 4.446E+07 1.594E-15 2.842E-10 6.070E-09 2.366E-03 3.270E-05 1.334E-06 5.540E-06 2.995E+15 1.147E+07 1.042E+02 2.301E-07 1.403E-08 8.143E-10 3.817E-10 9.023E-09 1.028E-10 2.038E-11 8.804E-11 1.084E-14 5.336E-18 1.958E-12 1.168E-07 2.743E-11 5.615E-07 7.916E-08 2.327E-09
   5.450E+06 4.562E+02 1.254E+16 2.260E+03 4.877E+02 3.730E+07 2.966E-15 2.949E-10 7.076E-09 2.405E-03 3.307E-05 1.237E-06 5.496E-06 2.665E+15 1.068E+07 9.780E+01 2.347E-07 1.479E-08 8.514E-10 3.958E-10 8.771E-09 7.906E-11 2.743E-11 8.784E-11 7.651E-15 2.404E-18 1.284E-12 1.352E-07 3.686E-11 6.044E-07 7.698E-08 2.099E-09
   5.550E+06 4.013E+02 1.115E+16 1.862E+03 5.047E+02 3.104E+07 5.282E-15 3.066E-10 8.306E-09 2.437E-03 3.338E-05 1.142E-06 5.450E-06 2.370E+15 9.932E+06 9.118E+01 2.391E-07 1.558E-08 8.910E-10 4.111E-10 8.517E-09 6.107E-11 3.686E-11 8.800E-11 5.408E-15 1.089E-18 8.474E-13 1.556E-07 4.951E-11 6.494E-07 7.497E-08 1.899E-09
   5.650E+06 3.526E+02 9.899E+15 1.522E+03 5.253E+02 2.563E+07 9.014E-15 3.195E-10 9.825E-09 2.464E-03 3.365E-05 1.051E-06 5.401E-06 2.104E+15 9.251E+06 8.444E+01 2.435E-07 1.642E-08 9.346E-10 4.285E-10 8.263E-09 4.748E-11 4.951E-11 8.867E-11 3.835E-15 4.976E-19 5.635E-13 1.784E-07 6.660E-11 6.962E-07 7.312E-08 1.724E-09
   5.750E+06 3.094E+02 8.779E+15 1.233E+03 5.500E+02 2.099E+07 1.472E-14 3.340E-10 1.171E-08 2.485E-03 3.387E-05 9.619E-07 5.351E-06 1.866E+15 8.639E+06 7.766E+01 2.478E-07 1.731E-08 9.841E-10 4.488E-10 8.014E-09 3.724E-11 6.660E-11 9.011E-11 2.734E-15 2.306E-19 3.794E-13 2.037E-07 8.987E-11 7.445E-07 7.138E-08 1.570E-09
   5.850E+06 2.711E+02 7.776E+15 9.906E+02 5.783E+02 1.705E+07 2.296E-14 3.505E-10 1.404E-08 2.503E-03 3.406E-05 8.760E-07 5.299E-06 1.653E+15 8.101E+06 7.093E+01 2.521E-07 1.826E-08 1.042E-09 4.730E-10 7.770E-09 2.954E-11 8.987E-11 9.258E-11 1.963E-15 1.086E-19 2.589E-13 2.315E-07 1.218E-10 7.944E-07 6.972E-08 1.433E-09
   5.950E+06 2.372E+02 6.879E+15 7.887E+02 6.095E+02 1.374E+07 3.435E-14 3.695E-10 1.689E-08 2.517E-03 3.422E-05 7.934E-07 5.245E-06 1.462E+15 7.636E+06 6.432E+01 2.564E-07 1.928E-08 1.110E-09 5.022E-10 7.529E-09 2.376E-11 1.218E-10 9.646E-11 1.424E-15 5.220E-20 1.796E-13 2.619E-07 1.659E-10 8.461E-07 6.811E-08 1.309E-09
   6.050E+06 2.073E+02 6.078E+15 6.225E+02 6.419E+02 1.097E+07 5.110E-14 3.914E-10 2.036E-08 2.528E-03 3.435E-05 7.144E-07 5.189E-06 1.292E+15 7.243E+06 5.791E+01 2.606E-07 2.038E-08 1.192E-09 5.378E-10 7.296E-09 1.944E-11 1.659E-10 1.022E-10 1.047E-15 2.581E-20 1.273E-13 2.950E-07 2.273E-10 8.994E-07 6.652E-08 1.198E-09
   6.150E+06 1.808E+02 5.362E+15 4.870E+02 6.741E+02 8.695E+06 7.616E-14 4.165E-10 2.450E-08 2.536E-03 3.447E-05 6.395E-07 5.131E-06 1.139E+15 6.915E+06 5.177E+01 2.648E-07 2.155E-08 1.290E-09 5.810E-10 7.072E-09 1.622E-11 2.273E-10 1.105E-10 7.817E-16 1.320E-20 9.293E-14 3.309E-07 3.133E-10 9.542E-07 6.496E-08 1.097E-09
   6.250E+06 1.575E+02 4.724E+15 3.784E+02 7.048E+02 6.845E+06 1.222E-13 4.454E-10 2.941E-08 2.542E-03 3.456E-05 5.700E-07 5.072E-06 1.004E+15 6.638E+06 4.605E+01 2.691E-07 2.281E-08 1.405E-09 6.321E-10 6.856E-09 1.383E-11 3.133E-10 1.228E-10 5.945E-16 7.130E-21 7.090E-14 3.700E-07 3.845E-10 1.010E-06 6.340E-08 1.006E-09
   6.350E+06 1.367E+02 4.290E+15 3.205E+02 7.568E+02 5.906E+06 2.134E-13 4.638E-10 3.519E-08 2.541E-03 3.464E-05 5.417E-07 5.013E-06 9.117E+14 6.629E+06 4.292E+01 2.733E-07 2.414E-08 1.545E-09 6.910E-10 6.653E-09 1.267E-11 3.845E-10 1.422E-10 5.106E-16 4.957E-21 5.946E-14 3.795E-07 5.623E-10 1.067E-06 6.187E-08 9.240E-10
   6.450E+06 1.182E+02 3.715E+15 2.349E+02 7.760E+02 4.382E+06 5.018E-13 5.042E-10 4.218E-08 2.546E-03 3.472E-05 4.632E-07 4.952E-06 7.894E+14 6.368E+06 3.676E+01 2.775E-07 2.553E-08 1.714E-09 7.680E-10 6.475E-09 1.123E-11 5.623E-10 1.612E-10 3.918E-16 2.797E-21 4.749E-14 4.326E-07 8.279E-10 1.125E-06 6.033E-08 8.491E-10
   6.550E+06 1.022E+02 3.213E+15 1.688E+02 8.050E+02 3.189E+06 1.235E-12 5.513E-10 5.126E-08 2.550E-03 3.478E-05 3.892E-07 4.887E-06 6.826E+14 6.191E+06 3.094E+01 2.817E-07 2.700E-08 1.927E-09 8.669E-10 6.310E-09 1.028E-11 8.279E-10 1.874E-10 3.073E-16 1.570E-21 3.840E-14 4.880E-07 1.165E-09 1.186E-06 5.872E-08 7.782E-10
   6.650E+06 8.833E+01 2.819E+15 1.250E+02 8.677E+02 2.400E+06 2.885E-12 5.968E-10 6.387E-08 2.551E-03 3.483E-05 3.338E-07 4.820E-06 5.988E+14 6.225E+06 2.638E+01 2.859E-07 2.856E-08 2.209E-09 9.963E-10 6.158E-09 1.006E-11 1.165E-09 2.279E-10 2.625E-16 1.022E-21 3.329E-14 5.247E-07 1.696E-09 1.250E-06 5.706E-08 7.114E-10
   6.750E+06 7.618E+01 2.451E+15 8.892E+01 9.600E+02 1.732E+06 6.302E-12 6.526E-10 8.245E-08 2.552E-03 3.487E-05 2.769E-07 4.750E-06 5.208E+14 6.331E+06 2.184E+01 2.900E-07 3.017E-08 2.583E-09 1.171E-09 6.021E-09 1.015E-11 1.696E-09 2.860E-10 2.260E-16 7.015E-22 3.043E-14 5.653E-07 2.456E-09 1.317E-06 5.534E-08 6.486E-10
   6.850E+06 6.559E+01 2.140E+15 6.314E+01 1.104E+03 1.249E+06 1.261E-11 7.130E-10 1.103E-07 2.551E-03 3.491E-05 2.287E-07 4.676E-06 4.546E+14 6.621E+06 1.797E+01 2.942E-07 3.184E-08 3.094E-09 1.409E-09 5.899E-09 1.082E-11 2.456E-09 3.689E-10 2.054E-16 5.326E-22 2.956E-14 5.939E-07 3.631E-09 1.387E-06 5.357E-08 5.895E-10
   6.950E+06 5.638E+01 1.860E+15 4.388E+01 1.298E+03 8.784E+05 2.325E-11 7.844E-10 1.518E-07 2.550E-03 3.494E-05 1.852E-07 4.599E-06 3.950E+14 7.001E+06 1.457E+01 2.982E-07 3.355E-08 3.765E-09 1.722E-09 5.792E-09 1.179E-11 3.631E-09 4.799E-10 1.881E-16 4.205E-22 2.972E-14 6.231E-07 5.343E-09 1.459E-06 5.174E-08 5.339E-10
   7.050E+06 4.836E+01 1.622E+15 3.099E+01 1.546E+03 6.259E+05 3.966E-11 8.625E-10 2.110E-07 2.548E-03 3.498E-05 1.515E-07 4.519E-06 3.444E+14 7.525E+06 1.195E+01 3.022E-07 3.528E-08 4.640E-09 2.124E-09 5.698E-09 1.316E-11 5.343E-09 6.212E-10 1.776E-16 3.468E-22 3.040E-14 6.472E-07 8.137E-09 1.535E-06 4.989E-08 4.819E-10
   7.150E+06 4.140E+01 1.399E+15 2.156E+01 1.813E+03 4.350E+05 6.329E-11 9.598E-10 2.921E-07 2.548E-03 3.500E-05 1.220E-07 4.435E-06 2.972E+14 7.942E+06 9.791E+00 3.062E-07 3.704E-08 5.675E-09 2.595E-09 5.618E-09 1.411E-11 8.137E-09 7.830E-10 1.592E-16 2.663E-22 3.023E-14 6.936E-07 1.238E-08 1.613E-06 4.801E-08 4.332E-10
   7.250E+06 3.540E+01 1.209E+15 1.546E+01 2.085E+03 3.082E+05 9.476E-11 1.070E-09 3.970E-07 2.546E-03 3.503E-05 1.001E-07 4.343E-06 2.568E+14 8.333E+06 8.265E+00 3.100E-07 3.882E-08 6.890E-09 3.133E-09 5.546E-09 1.478E-11 1.238E-08 9.646E-10 1.413E-16 1.961E-22 2.920E-14 7.522E-07 1.908E-08 1.697E-06 4.606E-08 3.861E-10
   7.350E+06 3.022E+01 1.041E+15 1.127E+01 2.322E+03 2.189E+05 1.344E-10 1.199E-09 5.262E-07 2.545E-03 3.505E-05 8.261E-08 4.240E-06 2.210E+14 8.566E+06 7.154E+00 3.137E-07 4.061E-08 8.230E-09 3.707E-09 5.476E-09 1.474E-11 1.908E-08 1.158E-09 1.200E-16 1.331E-22 2.694E-14 8.377E-07 2.926E-08 1.791E-06 4.395E-08 3.388E-10
   7.450E+06 2.576E+01 8.971E+14 8.522E+00 2.508E+03 1.590E+05 1.814E-10 1.345E-09 6.780E-07 2.544E-03 3.508E-05 6.966E-08 4.123E-06 1.905E+14 8.685E+06 6.434E+00 3.173E-07 4.241E-08 9.681E-09 4.298E-09 5.405E-09 1.413E-11 2.926E-08 1.350E-09 9.963E-17 8.482E-23 2.374E-14 9.483E-07 4.519E-08 1.896E-06 4.172E-08 2.918E-10
   7.550E+06 2.193E+01 7.696E+14 6.564E+00 2.609E+03 1.156E+05 2.351E-10 1.516E-09 8.492E-07 2.542E-03 3.510E-05 5.908E-08 3.992E-06 1.634E+14 8.533E+06 5.952E+00 3.209E-07 4.425E-08 1.109E-08 4.836E-09 5.330E-09 1.270E-11 4.519E-08 1.519E-09 7.804E-17 4.908E-23 1.976E-14 1.107E-06 6.917E-08 2.011E-06 3.937E-08 2.458E-10
   7.650E+06 1.864E+01 6.618E+14 5.190E+00 2.634E+03 8.525E+04 2.937E-10 1.706E-09 1.035E-06 2.540E-03 3.512E-05 5.071E-08 3.846E-06 1.405E+14 8.344E+06 5.659E+00 3.243E-07 4.611E-08 1.261E-08 5.376E-09 5.248E-09 1.115E-11 6.917E-08 1.661E-09 6.042E-17 2.694E-23 1.579E-14 1.297E-06 1.076E-07 2.134E-06 3.696E-08 2.015E-10
   7.750E+06 1.582E+01 5.658E+14 4.075E+00 2.566E+03 6.092E+04 3.560E-10 1.927E-09 1.230E-06 2.539E-03 3.514E-05 4.241E-08 3.686E-06 1.201E+14 8.126E+06 5.410E+00 3.277E-07 4.801E-08 1.436E-08 5.965E-09 5.152E-09 9.470E-12 1.076E-07 1.756E-09 4.477E-17 1.379E-23 1.208E-14 1.532E-06 1.744E-07 2.264E-06 3.452E-08 1.599E-10
   7.850E+06 1.340E+01 4.854E+14 3.259E+00 2.435E+03 4.395E+04 4.199E-10 2.168E-09 1.430E-06 2.535E-03 3.515E-05 3.571E-08 3.508E-06 1.030E+14 8.298E+06 5.278E+00 3.310E-07 4.995E-08 1.709E-08 6.837E-09 5.040E-09 8.017E-12 1.744E-07 1.768E-09 3.357E-17 6.770E-24 8.816E-15 1.818E-06 3.158E-07 2.393E-06 3.209E-08 1.215E-10
   7.950E+06 1.134E+01 4.136E+14 2.849E+00 2.226E+03 3.845E+04 4.846E-10 2.440E-09 1.628E-06 2.532E-03 3.517E-05 3.672E-08 3.305E-06 8.774E+13 7.102E+06 5.734E+00 3.343E-07 5.192E-08 1.717E-08 6.636E-09 4.906E-09 4.712E-12 3.158E-07 1.532E-09 2.026E-17 2.614E-24 5.543E-15 2.864E-06 5.776E-07 2.510E-06 2.969E-08 8.729E-11
   8.050E+06 9.578E+00 3.540E+14 3.125E+00 1.982E+03 5.469E+04 5.480E-10 2.724E-09 1.821E-06 2.521E-03 3.519E-05 6.129E-08 3.074E-06 7.507E+13 3.827E+06 7.867E+00 3.374E-07 5.393E-08 1.081E-08 4.088E-09 4.742E-09 1.364E-12 5.776E-07 1.064E-09 7.474E-18 7.744E-25 2.994E-15 7.529E-06 9.224E-07 2.596E-06 2.737E-08 5.888E-11
   8.150E+06 8.076E+00 3.005E+14 3.795E+00 1.707E+03 8.779E+04 6.103E-10 3.049E-09 2.006E-06 2.509E-03 3.521E-05 1.165E-07 2.832E-06 6.370E+13 1.672E+06 1.219E+01 3.404E-07 5.596E-08 5.564E-09 1.906E-09 4.546E-09 2.739E-13 9.224E-07 6.636E-10 1.661E-18 2.134E-25 1.558E-15 2.263E-05 1.296E-06 2.647E-06 2.514E-08 3.773E-11
   8.250E+06 6.799E+00 2.565E+14 4.529E+00 1.449E+03 1.293E+05 6.697E-10 3.383E-09 2.179E-06 2.482E-03 3.522E-05 2.031E-07 2.593E-06 5.435E+13 8.439E+05 1.853E+01 3.434E-07 5.799E-08 3.290E-09 9.243E-10 4.328E-09 6.790E-14 1.296E-06 4.023E-10 3.978E-19 5.833E-26 8.066E-16 5.686E-05 1.670E-06 2.677E-06 2.302E-08 2.338E-11
   8.350E+06 5.713E+00 2.169E+14 4.871E+00 1.200E+03 1.624E+05 7.276E-10 3.769E-09 2.341E-06 2.469E-03 3.524E-05 3.031E-07 2.363E-06 4.594E+13 4.690E+05 2.580E+01 3.462E-07 6.002E-08 2.162E-09 4.741E-10 4.099E-09 2.388E-14 1.670E-06 2.417E-10 1.246E-19 1.598E-26 4.177E-16 1.217E-04 2.027E-06 2.693E-06 2.104E-08 1.429E-11
   8.450E+06 4.795E+00 1.838E+14 4.938E+00 9.816E+02 1.885E+05 7.828E-10 4.186E-09 2.487E-06 2.450E-03 3.525E-05 4.186E-07 2.147E-06 3.889E+13 2.850E+05 3.386E+01 3.489E-07 6.203E-08 1.551E-09 2.596E-10 3.867E-09 1.227E-14 2.027E-06 1.445E-10 5.616E-20 4.380E-27 2.161E-16 2.292E-04 2.358E-06 2.703E-06 1.919E-08 8.718E-12
   8.550E+06 4.017E+00 1.557E+14 4.741E+00 7.944E+02 2.048E+05 8.358E-10 4.651E-09 2.620E-06 2.426E-03 3.527E-05 5.422E-07 1.947E-06 3.292E+13 1.819E+05 4.216E+01 3.515E-07 6.403E-08 1.168E-09 1.494E-10 3.638E-09 8.035E-15 2.358E-06 8.628E-11 3.202E-20 1.203E-27 1.119E-16 3.929E-04 2.660E-06 2.709E-06 1.748E-08 5.380E-12
   8.650E+06 3.363E+00 1.303E+14 4.114E+00 6.294E+02 1.981E+05 8.918E-10 5.222E-09 2.740E-06 2.426E-03 3.528E-05 6.267E-07 1.762E-06 2.752E+13 1.150E+05 4.828E+01 3.540E-07 6.600E-08 8.822E-10 8.836E-11 3.418E-09 5.803E-15 2.660E-06 5.141E-11 1.948E-20 3.322E-28 5.809E-17 6.277E-04 2.932E-06 2.712E-06 1.591E-08 3.392E-12
   8.750E+06 2.815E+00 1.091E+14 3.422E+00 4.947E+02 1.829E+05 9.594E-10 5.885E-09 2.846E-06 2.426E-03 3.530E-05 6.908E-07 1.593E-06 2.300E+13 7.362E+04 5.308E+01 3.564E-07 6.794E-08 6.749E-10 5.407E-11 3.207E-09 4.394E-15 2.932E-06 3.053E-11 1.240E-20 9.190E-29 3.013E-17 9.463E-04 3.175E-06 2.714E-06 1.447E-08 2.192E-12
   8.850E+06 2.356E+00 9.132E+13 2.753E+00 3.863E+02 1.620E+05 1.071E-09 6.663E-09 2.940E-06 2.427E-03 3.531E-05 7.310E-07 1.438E-06 1.921E+13 4.742E+04 5.650E+01 3.587E-07 6.985E-08 5.193E-10 3.408E-11 3.008E-09 3.392E-15 3.175E-06 1.807E-11 8.038E-21 2.547E-29 1.563E-17 1.359E-03 3.389E-06 2.716E-06 1.316E-08 1.457E-12
   8.950E+06 1.973E+00 7.645E+13 2.169E+00 3.002E+02 1.384E+05 1.302E-09 7.580E-09 3.024E-06 2.427E-03 3.532E-05 7.461E-07 1.298E-06 1.605E+13 3.056E+04 5.890E+01 3.609E-07 7.174E-08 3.997E-10 2.203E-11 2.823E-09 2.642E-15 3.389E-06 1.068E-11 5.252E-21 7.079E-30 8.118E-18 1.876E-03 3.576E-06 2.717E-06 1.196E-08 9.992E-13
   9.050E+06 1.652E+00 6.367E+13 1.663E+00 2.313E+02 1.113E+05 1.790E-09 8.688E-09 3.101E-06 2.440E-03 3.533E-05 7.167E-07 1.172E-06 1.332E+13 1.932E+04 6.021E+01 3.631E-07 7.360E-08 3.035E-10 1.447E-11 2.652E-09 2.053E-15 3.576E-06 6.292E-12 3.373E-21 1.977E-30 4.224E-18 2.506E-03 3.739E-06 2.717E-06 1.088E-08 7.078E-13
   9.150E+06 1.386E+00 5.285E+13 1.284E+00 1.773E+02 8.534E+04 2.724E-09 1.001E-08 3.171E-06 2.462E-03 3.535E-05 6.557E-07 1.058E-06 1.102E+13 1.204E+04 6.226E+01 3.652E-07 7.543E-08 2.277E-10 9.638E-12 2.497E-09 1.593E-15 3.739E-06 3.691E-12 2.140E-21 5.543E-31 2.199E-18 3.258E-03 3.879E-06 2.717E-06 9.911E-09 5.174E-13
   9.250E+06 1.165E+00 4.417E+13 1.059E+00 1.367E+02 6.581E+04 4.294E-09 1.153E-08 3.240E-06 2.473E-03 3.536E-05 6.024E-07 9.551E-07 9.174E+12 7.600E+03 6.814E+01 3.672E-07 7.726E-08 1.720E-10 6.560E-12 2.358E-09 1.251E-15 3.879E-06 2.159E-12 1.395E-21 1.557E-31 1.145E-18 4.137E-03 3.998E-06 2.717E-06 9.038E-09 3.898E-13
   9.350E+06 9.798E-01 3.687E+13 9.125E-01 1.054E+02 4.910E+04 6.691E-09 1.331E-08 3.309E-06 2.489E-03 3.537E-05 5.351E-07 8.638E-07 7.621E+12 4.751E+03 7.802E+01 3.692E-07 7.908E-08 1.289E-10 4.522E-12 2.235E-09 9.839E-16 3.998E-06 1.261E-12 9.059E-22 4.399E-32 5.976E-19 5.144E-03 4.098E-06 2.716E-06 8.262E-09 3.028E-13
   9.450E+06 8.254E-01 3.082E+13 8.245E-01 8.158E+01 3.601E+04 1.003E-08 1.536E-08 3.380E-06 2.504E-03 3.538E-05 4.666E-07 7.832E-07 6.336E+12 2.962E+03 9.326E+01 3.711E-07 8.090E-08 9.612E-11 3.159E-12 2.128E-09 7.790E-16 4.098E-06 7.362E-13 5.929E-22 1.249E-32 3.126E-19 6.279E-03 4.179E-06 2.714E-06 7.577E-09 2.423E-13
   9.550E+06 6.961E-01 2.586E+13 7.728E-01 6.368E+01 2.630E+04 1.440E-08 1.766E-08 3.454E-06 2.514E-03 3.539E-05 4.046E-07 7.129E-07 5.285E+12 1.855E+03 1.146E+02 3.730E-07 8.273E-08 7.172E-11 2.240E-12 2.038E-09 6.234E-16 4.179E-06 4.314E-13 3.952E-22 3.568E-33 1.641E-19 7.537E-03 4.244E-06 2.711E-06 6.980E-09 1.999E-13
   9.650E+06 5.878E-01 2.167E+13 7.348E-01 4.995E+01 1.866E+04 1.990E-08 2.024E-08 3.532E-06 2.527E-03 3.540E-05 3.408E-07 6.527E-07 4.398E+12 1.149E+03 1.425E+02 3.748E-07 8.457E-08 5.303E-11 1.603E-12 1.965E-09 5.011E-16 4.244E-06 2.550E-13 2.632E-22 1.028E-33 8.681E-20 8.908E-03 4.292E-06 2.706E-06 6.468E-09 1.701E-13
   9.750E+06 4.970E-01 1.818E+13 7.069E-01 3.957E+01 1.302E+04 2.661E-08 2.304E-08 3.613E-06 2.533E-03 3.540E-05 2.826E-07 6.023E-07 3.663E+12 7.099E+02 1.774E+02 3.765E-07 8.640E-08 3.904E-11 1.159E-12 1.910E-09 4.064E-16 4.292E-06 1.542E-13 1.771E-22 2.995E-34 4.679E-20 1.038E-02 4.323E-06 2.701E-06 6.038E-09 1.495E-13
   9.850E+06 4.209E-01 1.524E+13 6.848E-01 3.167E+01 8.838E+03 3.469E-08 2.602E-08 3.698E-06 2.537E-03 3.541E-05 2.285E-07 5.617E-07 3.046E+12 4.349E+02 2.205E+02 3.781E-07 8.820E-08 2.853E-11 8.444E-13 1.871E-09 3.318E-16 4.323E-06 9.929E-14 1.194E-22 8.968E-35 2.667E-20 1.194E-02 4.337E-06 2.694E-06 5.690E-09 1.359E-13
   9.950E+06 3.571E-01 1.280E+13 6.697E-01 2.575E+01 5.965E+03 4.423E-08 2.907E-08 3.785E-06 2.540E-03 3.542E-05 1.834E-07 5.313E-07 2.535E+12 2.676E+02 2.724E+02 3.796E-07 8.993E-08 2.090E-11 6.210E-13 1.850E-09 2.738E-16 4.337E-06 7.455E-14 8.151E-23 3.217E-35 1.788E-20 1.357E-02 0.000E+00 2.684E-06 5.422E-09 1.278E-13
