
     Z         PRESS      DEN     ProOH1    ProOH25    ProO3D    PO2D       PO2      PH2O      PO3D      PH2O2     FO3      FH2O      NumO2      NumOH      NumO1D     PN2O     PCH3CL      FOH      FHO2      FNO     FNO2      FH    FH2O2     FNO3    FN2O5    FHNO3
   5.000E+04 9.550E+05 2.401E+19 3.092E+05 1.731E-18 2.334E+06 0.000E+00 4.127E-35 5.261E-36 5.428E-06 2.276E-06 1.791E-08 1.371E-02 5.107E+18 2.814E+06 2.863E-03 3.189E-32 8.323E-35 1.172E-13 9.708E-12 7.944E-12 2.490E-11 5.186E-21 6.213E-10 1.845E-14 2.775E-16 1.535E-10
   1.500E+05 8.471E+05 2.179E+19 2.185E+05 3.253E-16 2.510E+06 0.000E+00 7.803E-33 1.740E-33 5.832E-06 2.462E-06 1.976E-08 8.579E-03 4.635E+18 2.302E+06 3.543E-03 7.690E-30 4.309E-32 1.056E-13 8.860E-12 4.685E-12 1.271E-11 4.419E-21 6.102E-10 1.231E-14 1.516E-16 1.745E-10
   2.500E+05 7.493E+05 1.973E+19 1.484E+05 4.416E-14 2.721E+06 0.000E+00 1.147E-30 4.301E-31 6.137E-06 2.628E-06 2.247E-08 5.204E-03 4.197E+18 2.151E+06 4.355E-03 1.400E-27 1.330E-29 1.090E-13 8.266E-12 4.872E-12 1.143E-11 4.337E-21 5.702E-10 1.161E-14 2.129E-16 2.072E-10
   3.500E+05 6.610E+05 1.782E+19 9.122E+04 3.700E-12 2.918E+06 0.000E+00 1.154E-28 7.111E-29 6.302E-06 2.774E-06 2.599E-08 2.920E-03 3.791E+18 2.064E+06 5.254E-03 1.709E-25 2.361E-27 1.158E-13 7.573E-12 6.357E-12 1.288E-11 4.411E-21 4.930E-10 1.215E-14 4.496E-16 2.435E-10
   4.500E+05 5.812E+05 1.606E+19 5.113E+04 1.933E-10 3.061E+06 0.000E+00 7.904E-27 7.805E-27 6.347E-06 2.903E-06 3.003E-08 1.542E-03 3.416E+18 1.998E+06 6.150E-03 1.390E-23 2.517E-25 1.244E-13 6.693E-12 8.702E-12 1.512E-11 4.550E-21 3.955E-10 1.272E-14 1.049E-15 2.781E-10
   5.500E+05 5.095E+05 1.443E+19 2.636E+04 1.365E-08 3.120E+06 0.000E+00 3.745E-25 1.219E-24 6.301E-06 3.017E-06 3.430E-08 7.761E-04 3.071E+18 1.910E+06 6.966E-03 7.981E-22 2.099E-23 1.324E-13 5.652E-12 1.163E-11 1.707E-11 4.661E-21 2.961E-10 1.277E-14 2.366E-15 3.054E-10
   6.500E+05 4.451E+05 1.294E+19 1.240E+04 1.130E-06 3.090E+06 0.000E+00 1.316E-23 2.373E-22 6.181E-06 3.117E-06 3.863E-08 3.681E-04 2.753E+18 1.720E+06 7.653E-03 4.163E-20 2.100E-21 1.330E-13 4.517E-12 1.434E-11 1.747E-11 4.540E-21 2.088E-10 1.190E-14 4.758E-15 3.220E-10
   7.500E+05 3.875E+05 1.157E+19 5.239E+03 2.369E-05 2.976E+06 0.000E+00 3.331E-22 1.266E-20 5.987E-06 3.205E-06 4.298E-08 1.617E-04 2.461E+18 1.455E+06 8.178E-03 1.484E-18 9.817E-20 1.258E-13 3.408E-12 1.699E-11 1.690E-11 4.207E-21 1.401E-10 1.042E-14 9.128E-15 3.299E-10
   8.500E+05 3.361E+05 1.031E+19 1.937E+03 1.652E-04 2.800E+06 0.000E+00 5.591E-21 2.515E-19 5.731E-06 3.281E-06 4.740E-08 6.373E-05 2.193E+18 1.217E+06 8.548E-03 2.804E-17 1.935E-18 1.180E-13 2.436E-12 2.113E-11 1.693E-11 3.898E-21 9.106E-11 8.918E-15 1.917E-14 3.341E-10
   9.500E+05 2.904E+05 9.156E+18 5.879E+02 4.961E-04 2.599E+06 0.000E+00 6.497E-20 2.591E-18 5.434E-06 3.348E-06 5.223E-08 2.091E-05 1.948E+18 1.024E+06 8.831E-03 3.177E-16 2.078E-17 1.118E-13 1.692E-12 2.720E-11 1.750E-11 3.679E-21 5.844E-11 7.630E-15 4.082E-14 3.378E-10
   1.050E+06 2.498E+05 8.106E+18 1.132E+02 5.887E-04 2.452E+06 0.000E+00 5.639E-19 1.694E-17 5.085E-06 3.406E-06 5.949E-08 4.287E-06 1.725E+18 8.211E+05 9.296E-03 2.524E-15 1.483E-16 1.013E-13 1.145E-12 3.357E-11 1.780E-11 3.330E-21 3.431E-11 6.452E-15 7.134E-14 3.445E-10
   1.150E+06 2.140E+05 7.152E+18 1.160E+02 2.469E-03 2.522E+06 0.000E+00 3.842E-18 8.050E-17 4.701E-06 3.457E-06 7.500E-08 4.289E-06 1.522E+18 5.983E+05 1.069E-02 1.566E-14 8.065E-16 8.366E-14 6.610E-13 4.489E-11 2.137E-11 2.734E-21 1.552E-11 5.320E-15 7.517E-14 3.674E-10
   1.250E+06 1.829E+05 6.116E+18 1.497E+02 8.159E-03 3.250E+06 0.000E+00 2.084E-17 3.106E-16 4.810E-06 3.501E-06 1.105E-07 4.295E-06 1.301E+18 3.905E+05 1.611E-02 7.938E-14 3.648E-15 6.386E-14 4.432E-13 5.533E-11 3.208E-11 2.269E-21 5.186E-12 4.964E-15 9.451E-14 4.234E-10
   1.350E+06 1.563E+05 5.227E+18 2.201E+02 2.345E-02 4.767E+06 0.000E+00 9.031E-17 1.042E-15 4.930E-06 3.540E-06 1.850E-07 4.305E-06 1.112E+18 2.870E+05 2.765E-02 3.324E-13 1.415E-14 5.491E-14 3.773E-13 6.557E-11 5.355E-11 2.092E-21 1.654E-12 7.291E-15 2.015E-13 5.474E-10
   1.450E+06 1.336E+05 4.468E+18 3.312E+02 6.051E-02 7.143E+06 0.000E+00 3.254E-16 3.133E-15 5.067E-06 3.575E-06 3.155E-07 4.324E-06 9.505E+17 2.540E+05 4.848E-02 1.178E-12 4.782E-14 5.685E-14 4.250E-13 7.483E-11 8.835E-11 2.291E-21 1.046E-12 1.454E-14 5.696E-13 7.698E-10
   1.550E+06 1.142E+05 3.819E+18 4.753E+02 1.429E-01 1.019E+07 0.000E+00 1.010E-15 8.605E-15 5.239E-06 3.609E-06 5.092E-07 4.350E-06 8.124E+17 2.492E+05 8.090E-02 3.625E-12 1.431E-13 6.525E-14 5.443E-13 8.446E-11 1.368E-10 2.774E-21 1.273E-12 2.951E-14 1.532E-12 1.096E-09
   1.650E+06 9.763E+04 3.264E+18 6.484E+02 3.132E-01 1.379E+07 0.000E+00 2.781E-15 2.188E-14 5.466E-06 3.643E-06 7.728E-07 4.385E-06 6.945E+17 2.575E+05 1.281E-01 9.934E-12 3.859E-13 7.889E-14 7.276E-13 9.541E-11 1.997E-10 3.554E-21 1.860E-12 5.550E-14 3.584E-12 1.525E-09
   1.750E+06 8.346E+04 2.790E+18 8.458E+02 6.432E-01 1.782E+07 0.000E+00 6.952E-15 5.207E-14 5.774E-06 3.680E-06 1.106E-06 4.427E-06 5.936E+17 2.757E+05 1.936E-01 2.473E-11 9.520E-13 9.882E-14 9.878E-13 1.080E-10 2.756E-10 4.779E-21 2.830E-12 9.444E-14 7.145E-12 2.035E-09
   1.850E+06 7.134E+04 2.385E+18 1.070E+03 1.247E+00 2.230E+07 0.000E+00 1.606E-14 1.169E-13 6.193E-06 3.721E-06 1.510E-06 4.475E-06 5.075E+17 3.036E+05 2.835E-01 5.682E-11 2.178E-12 1.273E-13 1.352E-12 1.226E-10 3.642E-10 6.718E-21 4.377E-12 1.472E-13 1.242E-11 2.607E-09
   1.950E+06 6.099E+04 2.039E+18 1.326E+03 2.299E+00 2.731E+07 0.000E+00 3.476E-14 2.491E-13 6.759E-06 3.768E-06 1.981E-06 4.527E-06 4.339E+17 3.424E+05 4.061E-01 1.220E-10 4.669E-12 1.679E-13 1.860E-12 1.402E-10 4.662E-10 9.862E-21 6.839E-12 2.130E-13 1.930E-11 3.209E-09
   2.050E+06 5.215E+04 1.744E+18 1.618E+03 4.049E+00 3.293E+07 0.000E+00 7.113E-14 5.069E-13 7.514E-06 3.823E-06 2.514E-06 4.581E-06 3.709E+17 3.950E+05 5.728E-01 2.473E-10 9.461E-12 2.265E-13 2.571E-12 1.622E-10 5.839E-10 1.510E-20 1.081E-11 2.897E-13 2.740E-11 3.804E-09
   2.150E+06 4.460E+04 1.485E+18 1.972E+03 6.809E+00 3.963E+07 3.788-170 1.386E-13 9.889E-13 8.595E-06 3.887E-06 3.105E-06 4.637E-06 3.159E+17 4.692E+05 8.109E-01 4.757E-10 1.821E-11 3.160E-13 3.704E-12 1.867E-10 7.239E-10 2.486E-20 1.793E-11 3.890E-13 3.730E-11 4.370E-09
   2.250E+06 3.818E+04 1.265E+18 2.396E+03 1.102E+01 4.753E+07 8.898-149 2.581E-13 1.856E-12 1.000E-05 3.964E-06 3.755E-06 4.694E-06 2.691E+17 5.667E+05 1.144E+00 8.719E-10 3.345E-11 4.479E-13 5.340E-12 2.192E-10 8.974E-10 4.242E-20 2.963E-11 5.068E-13 4.876E-11 4.880E-09
   2.350E+06 3.270E+04 1.079E+18 2.904E+03 1.723E+01 5.688E+07 1.997-130 4.618E-13 3.362E-12 1.183E-05 4.057E-06 4.456E-06 4.752E-06 2.295E+17 6.938E+05 1.609E+00 1.531E-09 5.888E-11 6.432E-13 7.673E-12 2.632E-10 1.117E-09 7.476E-20 4.822E-11 6.444E-13 6.163E-11 5.309E-09
   2.450E+06 2.803E+04 9.206E+17 3.509E+03 2.613E+01 6.785E+07 1.182-114 7.973E-13 5.901E-12 1.418E-05 4.171E-06 5.199E-06 4.810E-06 1.958E+17 8.588E+05 2.253E+00 2.584E-09 9.969E-11 9.329E-13 1.096E-11 3.225E-10 1.393E-09 1.358E-19 7.677E-11 8.028E-13 7.542E-11 5.641E-09
   2.550E+06 2.405E+04 7.862E+17 4.225E+03 3.847E+01 8.065E+07 4.364-101 1.332E-12 1.005E-11 1.718E-05 4.310E-06 5.971E-06 4.869E-06 1.672E+17 1.073E+06 3.142E+00 4.203E-09 1.627E-10 1.364E-12 1.555E-11 4.010E-10 1.736E-09 2.548E-19 1.192E-10 9.817E-13 8.889E-11 5.867E-09
   2.650E+06 2.064E+04 6.719E+17 5.071E+03 5.510E+01 9.555E+07 2.088E-89 2.158E-12 1.664E-11 2.106E-05 4.482E-06 6.753E-06 4.928E-06 1.429E+17 1.350E+06 4.365E+00 6.602E-09 2.566E-10 2.009E-12 2.188E-11 5.030E-10 2.147E-09 4.953E-19 1.798E-10 1.177E-12 9.999E-11 5.988E-09
   2.750E+06 1.773E+04 5.746E+17 6.058E+03 7.680E+01 1.127E+08 2.410E-79 3.398E-12 2.679E-11 2.609E-05 4.698E-06 7.516E-06 4.989E-06 1.222E+17 1.707E+06 6.030E+00 1.003E-08 3.914E-10 2.970E-12 3.046E-11 6.334E-10 2.621E-09 9.994E-19 2.616E-10 1.380E-12 1.062E-10 6.007E-09
   2.850E+06 1.525E+04 4.919E+17 7.194E+03 1.042E+02 1.321E+08 1.138E-70 5.204E-12 4.194E-11 3.264E-05 4.966E-06 8.230E-06 5.050E-06 1.046E+17 2.162E+06 8.277E+00 1.474E-08 5.777E-10 4.395E-12 4.174E-11 7.978E-10 3.144E-09 2.091E-18 3.640E-10 1.576E-12 1.056E-10 5.935E-09
   2.950E+06 1.312E+04 4.213E+17 8.492E+03 1.374E+02 1.540E+08 3.448E-63 7.765E-12 6.380E-11 4.121E-05 5.303E-06 8.867E-06 5.112E-06 8.961E+16 2.734E+06 1.128E+01 2.098E-08 8.258E-10 6.488E-12 5.604E-11 1.003E-09 3.699E-09 4.530E-18 4.813E-10 1.751E-12 9.808E-11 5.781E-09
   3.050E+06 1.129E+04 3.611E+17 9.939E+03 1.762E+02 1.779E+08 9.839E-57 1.130E-11 9.430E-11 5.246E-05 5.722E-06 9.391E-06 5.174E-06 7.681E+16 3.443E+06 1.524E+01 2.894E-08 1.143E-09 9.533E-12 7.335E-11 1.257E-09 4.254E-09 1.010E-17 5.996E-10 1.887E-12 8.469E-11 5.553E-09
   3.150E+06 9.729E+03 3.098E+17 1.150E+04 2.196E+02 2.033E+08 3.671E-51 1.605E-11 1.353E-10 6.722E-05 6.242E-06 9.762E-06 5.237E-06 6.589E+16 4.310E+06 2.033E+01 3.870E-08 1.535E-09 1.391E-11 9.316E-11 1.570E-09 4.772E-09 2.303E-17 6.993E-10 1.969E-12 6.790E-11 5.257E-09
   3.250E+06 8.388E+03 2.659E+17 1.310E+04 2.656E+02 2.287E+08 2.371E-46 2.229E-11 1.885E-10 8.653E-05 6.881E-06 9.941E-06 5.299E-06 5.656E+16 5.357E+06 2.671E+01 5.019E-08 1.998E-09 2.015E-11 1.143E-10 1.957E-09 5.215E-09 5.324E-17 7.598E-10 1.982E-12 5.063E-11 4.895E-09
   3.350E+06 7.240E+03 2.271E+17 1.453E+04 3.098E+02 2.503E+08 3.442E-42 3.027E-11 2.545E-10 1.119E-04 7.655E-06 9.851E-06 5.361E-06 4.829E+16 6.537E+06 3.439E+01 6.313E-08 2.522E-09 2.879E-11 1.375E-10 2.411E-09 5.611E-09 1.273E-16 7.761E-10 2.014E-12 3.639E-11 4.422E-09
   3.450E+06 6.260E+03 1.940E+17 1.571E+04 3.505E+02 2.670E+08 1.375E-38 4.011E-11 3.332E-10 1.443E-04 8.571E-06 9.537E-06 5.422E-06 4.126E+16 7.877E+06 4.316E+01 7.703E-08 3.090E-09 4.061E-11 1.592E-10 2.955E-09 5.868E-09 3.035E-16 7.361E-10 1.980E-12 2.456E-11 3.898E-09
   3.550E+06 5.422E+03 1.661E+17 1.662E+04 3.857E+02 2.791E+08 1.814E-35 5.188E-11 4.238E-10 1.854E-04 9.637E-06 9.067E-06 5.481E-06 3.532E+16 9.397E+06 5.295E+01 9.139E-08 3.686E-09 5.659E-11 1.778E-10 3.594E-09 5.938E-09 7.170E-16 6.540E-10 1.872E-12 1.553E-11 3.360E-09
   3.650E+06 4.704E+03 1.424E+17 1.732E+04 4.140E+02 2.875E+08 9.246E-33 6.554E-11 5.252E-10 2.379E-04 1.086E-05 8.488E-06 5.535E-06 3.029E+16 1.112E+07 6.392E+01 1.057E-07 4.293E-09 7.810E-11 1.930E-10 4.326E-09 5.804E-09 1.682E-15 5.524E-10 1.710E-12 9.234E-12 2.830E-09
   3.750E+06 4.088E+03 1.223E+17 1.789E+04 4.350E+02 2.938E+08 2.085E-30 8.093E-11 6.366E-10 3.069E-04 1.226E-05 7.825E-06 5.585E-06 2.602E+16 1.309E+07 7.639E+01 1.197E-07 4.899E-09 1.070E-10 2.051E-10 5.149E-09 5.467E-09 3.934E-15 4.497E-10 1.508E-12 5.159E-12 2.324E-09
   3.850E+06 3.559E+03 1.053E+17 1.837E+04 4.490E+02 2.989E+08 2.332E-28 9.764E-11 7.574E-10 4.001E-04 1.386E-05 7.095E-06 5.630E-06 2.239E+16 1.532E+07 9.069E+01 1.328E-07 5.493E-09 1.455E-10 2.148E-10 6.053E-09 4.941E-09 9.184E-15 3.578E-10 1.284E-12 2.692E-12 1.848E-09
   3.950E+06 3.103E+03 9.079E+16 1.871E+04 4.569E+02 3.018E+08 1.426E-26 1.151E-10 8.876E-10 5.249E-04 1.565E-05 6.332E-06 5.670E-06 1.931E+16 1.771E+07 1.067E+02 1.450E-07 6.072E-09 1.951E-10 2.233E-10 7.008E-09 4.270E-09 2.120E-14 2.835E-10 1.054E-12 1.306E-12 1.410E-09
   4.050E+06 2.710E+03 7.840E+16 1.871E+04 4.598E+02 2.996E+08 5.213E-25 1.325E-10 1.028E-09 6.843E-04 1.762E-05 5.585E-06 5.703E-06 1.667E+16 1.996E+07 1.232E+02 1.560E-07 6.632E-09 2.546E-10 2.319E-10 7.942E-09 3.529E-09 4.745E-14 2.287E-10 8.350E-13 5.891E-13 1.018E-09
   4.150E+06 2.370E+03 6.782E+16 1.821E+04 4.592E+02 2.899E+08 1.255E-23 1.494E-10 1.182E-09 8.734E-04 1.970E-05 4.894E-06 5.729E-06 1.442E+16 2.167E+07 1.384E+02 1.660E-07 7.177E-09 3.196E-10 2.417E-10 8.765E-09 2.802E-09 1.007E-13 1.908E-10 6.397E-13 2.489E-13 6.923E-10
   4.250E+06 2.076E+03 5.877E+16 1.718E+04 4.566E+02 2.722E+08 2.054E-22 1.653E-10 1.352E-09 1.081E-03 2.180E-05 4.286E-06 5.748E-06 1.250E+16 2.261E+07 1.506E+02 1.749E-07 7.713E-09 3.847E-10 2.531E-10 9.408E-09 2.158E-09 2.002E-13 1.655E-10 4.763E-13 1.001E-13 4.453E-10
   4.350E+06 1.821E+03 5.100E+16 1.569E+04 4.528E+02 2.477E+08 2.407E-21 1.801E-10 1.541E-09 1.293E-03 2.382E-05 3.757E-06 5.760E-06 1.084E+16 2.273E+07 1.586E+02 1.830E-07 8.245E-09 4.456E-10 2.658E-10 9.850E-09 1.629E-09 3.729E-13 1.481E-10 3.469E-13 3.898E-14 2.742E-10
   4.450E+06 1.600E+03 4.433E+16 1.390E+04 4.488E+02 2.190E+08 2.112E-20 1.939E-10 1.756E-09 1.497E-03 2.570E-05 3.299E-06 5.764E-06 9.426E+15 2.217E+07 1.619E+02 1.904E-07 8.781E-09 5.001E-10 2.790E-10 1.011E-08 1.217E-09 6.544E-13 1.352E-10 2.484E-13 1.490E-14 1.636E-10
   4.550E+06 1.407E+03 3.859E+16 1.199E+04 4.450E+02 1.887E+08 1.440E-19 2.067E-10 2.002E-09 1.685E-03 2.738E-05 2.902E-06 5.762E-06 8.205E+15 2.113E+07 1.610E+02 1.973E-07 9.326E-09 5.476E-10 2.919E-10 1.022E-08 9.065E-10 1.091E-12 1.246E-10 1.756E-13 5.648E-15 9.559E-11
   4.650E+06 1.240E+03 3.364E+16 1.012E+04 4.420E+02 1.594E+08 7.895E-19 2.190E-10 2.284E-09 1.852E-03 2.884E-05 2.558E-06 5.753E-06 7.152E+15 1.980E+07 1.565E+02 2.036E-07 9.888E-09 5.888E-10 3.042E-10 1.022E-08 6.760E-10 1.747E-12 1.155E-10 1.232E-13 2.144E-15 5.531E-11
   4.750E+06 1.093E+03 2.937E+16 8.417E+03 4.402E+02 1.327E+08 3.569E-18 2.310E-10 2.612E-09 1.996E-03 3.009E-05 2.263E-06 5.738E-06 6.245E+15 1.836E+07 1.498E+02 2.097E-07 1.047E-08 6.252E-10 3.159E-10 1.014E-08 5.063E-10 2.708E-12 1.075E-10 8.610E-14 8.212E-16 3.201E-11
   4.850E+06 9.654E+02 2.584E+16 7.053E+03 4.420E+02 1.115E+08 1.321E-17 2.421E-10 2.992E-09 2.119E-03 3.115E-05 2.038E-06 5.717E-06 5.493E+15 1.706E+07 1.433E+02 2.154E-07 1.108E-08 6.601E-10 3.277E-10 9.995E-09 3.803E-10 4.015E-12 1.019E-10 6.006E-14 3.262E-16 1.899E-11
   4.950E+06 8.526E+02 2.282E+16 5.914E+03 4.457E+02 9.397E+07 4.142E-17 2.527E-10 3.432E-09 2.223E-03 3.206E-05 1.853E-06 5.690E-06 4.851E+15 1.583E+07 1.367E+02 2.210E-07 1.172E-08 6.940E-10 3.396E-10 9.810E-09 2.866E-10 5.792E-12 9.774E-11 4.191E-14 1.331E-16 1.150E-11
   5.050E+06 7.529E+02 2.015E+16 4.911E+03 4.495E+02 7.846E+07 1.142E-16 2.636E-10 3.942E-09 2.311E-03 3.284E-05 1.685E-06 5.659E-06 4.284E+15 1.463E+07 1.293E+02 2.264E-07 1.238E-08 7.262E-10 3.512E-10 9.595E-09 2.168E-10 8.248E-12 9.380E-11 2.921E-14 5.481E-17 7.013E-12
   5.150E+06 6.650E+02 1.780E+16 4.044E+03 4.540E+02 6.502E+07 2.831E-16 2.750E-10 4.536E-09 2.385E-03 3.349E-05 1.532E-06 5.624E-06 3.784E+15 1.348E+07 1.213E+02 2.316E-07 1.308E-08 7.576E-10 3.629E-10 9.360E-09 1.648E-10 1.163E-11 9.022E-11 2.036E-14 2.274E-17 4.307E-12
   5.250E+06 5.871E+02 1.581E+16 3.368E+03 4.622E+02 5.456E+07 6.244E-16 2.856E-10 5.235E-09 2.446E-03 3.404E-05 1.411E-06 5.585E-06 3.360E+15 1.250E+07 1.143E+02 2.367E-07 1.380E-08 7.907E-10 3.752E-10 9.114E-09 1.257E-10 1.595E-11 8.825E-11 1.427E-14 9.808E-18 2.720E-12
   5.350E+06 5.178E+02 1.409E+16 2.819E+03 4.734E+02 4.608E+07 1.257E-15 2.959E-10 6.062E-09 2.497E-03 3.452E-05 1.310E-06 5.543E-06 2.995E+15 1.163E+07 1.080E+02 2.417E-07 1.456E-08 8.257E-10 3.883E-10 8.863E-09 9.622E-11 2.148E-11 8.750E-11 1.005E-14 4.373E-18 1.762E-12
   5.450E+06 4.562E+02 1.254E+16 2.341E+03 4.863E+02 3.862E+07 2.393E-15 3.069E-10 7.052E-09 2.540E-03 3.492E-05 1.213E-06 5.499E-06 2.665E+15 1.081E+07 1.013E+02 2.466E-07 1.535E-08 8.622E-10 4.022E-10 8.608E-09 7.395E-11 2.886E-11 8.709E-11 7.092E-15 1.967E-18 1.153E-12
   5.550E+06 4.013E+02 1.115E+16 1.928E+03 5.018E+02 3.211E+07 4.348E-15 3.187E-10 8.257E-09 2.576E-03 3.527E-05 1.118E-06 5.452E-06 2.370E+15 1.004E+07 9.434E+01 2.514E-07 1.617E-08 9.010E-10 4.174E-10 8.350E-09 5.712E-11 3.869E-11 8.701E-11 5.010E-15 8.896E-19 7.594E-13
   5.650E+06 3.526E+02 9.899E+15 1.574E+03 5.209E+02 2.649E+07 7.565E-15 3.318E-10 9.740E-09 2.605E-03 3.556E-05 1.027E-06 5.403E-06 2.104E+15 9.340E+06 8.730E+01 2.561E-07 1.705E-08 9.436E-10 4.345E-10 8.094E-09 4.441E-11 5.186E-11 8.739E-11 3.551E-15 4.062E-19 5.039E-13
   5.750E+06 3.094E+02 8.779E+15 1.274E+03 5.440E+02 2.169E+07 1.260E-14 3.463E-10 1.158E-08 2.629E-03 3.581E-05 9.394E-07 5.352E-06 1.866E+15 8.707E+06 8.024E+01 2.607E-07 1.797E-08 9.918E-10 4.543E-10 7.842E-09 3.484E-11 6.962E-11 8.849E-11 2.531E-15 1.881E-19 3.385E-13
   5.850E+06 2.711E+02 7.776E+15 1.023E+03 5.711E+02 1.761E+07 2.003E-14 3.629E-10 1.386E-08 2.649E-03 3.601E-05 8.549E-07 5.299E-06 1.653E+15 8.149E+06 7.324E+01 2.653E-07 1.895E-08 1.048E-09 4.780E-10 7.595E-09 2.764E-11 9.372E-11 9.057E-11 1.817E-15 8.853E-20 2.305E-13
   5.950E+06 2.372E+02 6.879E+15 8.140E+02 6.015E+02 1.418E+07 3.049E-14 3.818E-10 1.667E-08 2.664E-03 3.619E-05 7.736E-07 5.245E-06 1.462E+15 7.667E+06 6.638E+01 2.698E-07 2.001E-08 1.115E-09 5.067E-10 7.353E-09 2.224E-11 1.267E-10 9.399E-11 1.318E-15 4.255E-20 1.596E-13
   6.050E+06 2.073E+02 6.078E+15 6.420E+02 6.337E+02 1.132E+07 4.584E-14 4.038E-10 2.010E-08 2.676E-03 3.633E-05 6.961E-07 5.188E-06 1.292E+15 7.260E+06 5.973E+01 2.743E-07 2.114E-08 1.195E-09 5.417E-10 7.117E-09 1.820E-11 1.722E-10 9.917E-11 9.686E-16 2.103E-20 1.130E-13
   6.150E+06 1.808E+02 5.362E+15 5.019E+02 6.663E+02 8.963E+06 6.781E-14 4.290E-10 2.422E-08 2.685E-03 3.646E-05 6.226E-07 5.130E-06 1.139E+15 6.921E+06 5.337E+01 2.788E-07 2.235E-08 1.291E-09 5.843E-10 6.890E-09 1.520E-11 2.354E-10 1.068E-10 7.235E-16 1.076E-20 8.232E-14
   6.250E+06 1.575E+02 4.724E+15 3.896E+02 6.977E+02 7.050E+06 1.043E-13 4.579E-10 2.912E-08 2.691E-03 3.656E-05 5.545E-07 5.071E-06 1.004E+15 6.635E+06 4.743E+01 2.833E-07 2.366E-08 1.404E-09 6.349E-10 6.672E-09 1.296E-11 3.238E-10 1.182E-10 5.501E-16 5.809E-21 6.273E-14
   6.350E+06 1.367E+02 4.290E+15 3.301E+02 7.495E+02 6.085E+06 1.672E-13 4.762E-10 3.487E-08 2.691E-03 3.665E-05 5.271E-07 5.011E-06 9.117E+14 6.620E+06 4.422E+01 2.878E-07 2.503E-08 1.543E-09 6.932E-10 6.468E-09 1.188E-11 3.970E-10 1.363E-10 4.726E-16 4.057E-21 5.266E-14
   6.450E+06 1.182E+02 3.715E+15 2.420E+02 7.668E+02 4.516E+06 3.730E-13 5.169E-10 4.170E-08 2.696E-03 3.673E-05 4.508E-07 4.949E-06 7.894E+14 6.344E+06 3.789E+01 2.922E-07 2.648E-08 1.708E-09 7.685E-10 6.287E-09 1.051E-11 5.793E-10 1.533E-10 3.619E-16 2.276E-21 4.184E-14
   6.550E+06 1.022E+02 3.213E+15 1.742E+02 7.902E+02 3.293E+06 9.143E-13 5.644E-10 5.035E-08 2.701E-03 3.679E-05 3.795E-07 4.884E-06 6.826E+14 6.143E+06 3.195E+01 2.967E-07 2.802E-08 1.912E-09 8.636E-10 6.119E-09 9.573E-12 8.507E-10 1.762E-10 2.826E-16 1.265E-21 3.351E-14
   6.650E+06 8.833E+01 2.819E+15 1.295E+02 8.419E+02 2.488E+06 2.187E-12 6.102E-10 6.202E-08 2.701E-03 3.685E-05 3.267E-07 4.816E-06 5.988E+14 6.141E+06 2.734E+01 3.011E-07 2.964E-08 2.179E-09 9.860E-10 5.964E-09 9.288E-12 1.194E-09 2.118E-10 2.397E-16 8.122E-22 2.870E-14
   6.750E+06 7.618E+01 2.451E+15 9.252E+01 9.179E+02 1.805E+06 4.952E-12 6.665E-10 7.891E-08 2.702E-03 3.690E-05 2.724E-07 4.745E-06 5.208E+14 6.198E+06 2.274E+01 3.056E-07 3.133E-08 2.528E-09 1.149E-09 5.825E-09 9.263E-12 1.732E-09 2.627E-10 2.044E-16 5.471E-22 2.584E-14
   6.850E+06 6.559E+01 2.140E+15 6.595E+01 1.042E+03 1.307E+06 1.028E-11 7.272E-10 1.042E-07 2.702E-03 3.694E-05 2.260E-07 4.671E-06 4.546E+14 6.436E+06 1.879E+01 3.100E-07 3.308E-08 3.007E-09 1.372E-09 5.699E-09 9.761E-12 2.499E-09 3.361E-10 1.839E-16 4.075E-22 2.476E-14
   6.950E+06 5.638E+01 1.860E+15 4.588E+01 1.214E+03 9.214E+05 1.963E-11 7.990E-10 1.422E-07 2.701E-03 3.698E-05 1.834E-07 4.594E-06 3.950E+14 6.773E+06 1.525E+01 3.143E-07 3.488E-08 3.642E-09 1.669E-09 5.589E-09 1.056E-11 3.681E-09 4.358E-10 1.673E-16 3.173E-22 2.468E-14
   7.050E+06 4.836E+01 1.622E+15 3.233E+01 1.444E+03 6.562E+05 3.455E-11 8.774E-10 1.974E-07 2.699E-03 3.701E-05 1.499E-07 4.513E-06 3.444E+14 7.269E+06 1.248E+01 3.186E-07 3.672E-08 4.483E-09 2.055E-09 5.493E-09 1.176E-11 5.403E-09 5.648E-10 1.575E-16 2.605E-22 2.518E-14
   7.150E+06 4.140E+01 1.399E+15 2.238E+01 1.701E+03 4.549E+05 5.670E-11 9.753E-10 2.746E-07 2.699E-03 3.704E-05 1.205E-07 4.428E-06 2.972E+14 7.681E+06 1.018E+01 3.228E-07 3.858E-08 5.489E-09 2.515E-09 5.410E-09 1.266E-11 8.212E-09 7.149E-10 1.412E-16 2.002E-22 2.510E-14
   7.250E+06 3.540E+01 1.209E+15 1.593E+01 1.974E+03 3.211E+05 8.697E-11 1.086E-09 3.764E-07 2.697E-03 3.707E-05 9.844E-08 4.336E-06 2.568E+14 8.086E+06 8.533E+00 3.269E-07 4.046E-08 6.686E-09 3.047E-09 5.334E-09 1.335E-11 1.249E-08 8.864E-10 1.257E-16 1.482E-22 2.439E-14
   7.350E+06 3.022E+01 1.041E+15 1.153E+01 2.221E+03 2.270E+05 1.259E-10 1.217E-09 5.044E-07 2.696E-03 3.709E-05 8.091E-08 4.231E-06 2.210E+14 8.349E+06 7.335E+00 3.309E-07 4.235E-08 8.021E-09 3.623E-09 5.262E-09 1.341E-11 1.923E-08 1.072E-09 1.072E-16 1.015E-22 2.267E-14
   7.450E+06 2.576E+01 8.971E+14 8.665E+00 2.425E+03 1.643E+05 1.731E-10 1.364E-09 6.573E-07 2.694E-03 3.712E-05 6.797E-08 4.113E-06 1.905E+14 8.508E+06 6.557E+00 3.348E-07 4.426E-08 9.484E-09 4.223E-09 5.188E-09 1.297E-11 2.951E-08 1.260E-09 8.940E-17 6.522E-23 2.015E-14
   7.550E+06 2.193E+01 7.696E+14 6.643E+00 2.550E+03 1.191E+05 2.279E-10 1.537E-09 8.324E-07 2.693E-03 3.714E-05 5.747E-08 3.980E-06 1.634E+14 8.402E+06 6.041E+00 3.385E-07 4.620E-08 1.092E-08 4.776E-09 5.111E-09 1.173E-11 4.563E-08 1.429E-09 7.034E-17 3.801E-23 1.690E-14
   7.650E+06 1.864E+01 6.618E+14 5.238E+00 2.599E+03 8.763E+04 2.885E-10 1.730E-09 1.025E-06 2.691E-03 3.716E-05 4.921E-08 3.832E-06 1.405E+14 8.260E+06 5.732E+00 3.422E-07 4.817E-08 1.248E-08 5.337E-09 5.026E-09 1.037E-11 6.996E-08 1.574E-09 5.468E-17 2.102E-23 1.360E-14
   7.750E+06 1.582E+01 5.658E+14 4.107E+00 2.554E+03 6.249E+04 3.536E-10 1.955E-09 1.230E-06 2.689E-03 3.718E-05 4.107E-08 3.670E-06 1.201E+14 8.093E+06 5.476E+00 3.459E-07 5.017E-08 1.430E-08 5.955E-09 4.929E-09 8.865E-12 1.091E-07 1.675E-09 4.069E-17 1.082E-23 1.047E-14
   7.850E+06 1.340E+01 4.854E+14 3.289E+00 2.440E+03 4.513E+04 4.210E-10 2.201E-09 1.441E-06 2.685E-03 3.720E-05 3.462E-08 3.489E-06 1.030E+14 8.305E+06 5.355E+00 3.494E-07 5.222E-08 1.711E-08 6.853E-09 4.816E-09 7.520E-12 1.776E-07 1.695E-09 3.057E-17 5.328E-24 7.671E-15
   7.950E+06 1.134E+01 4.136E+14 2.898E+00 2.244E+03 3.998E+04 4.897E-10 2.481E-09 1.653E-06 2.682E-03 3.722E-05 3.604E-08 3.282E-06 8.774E+13 7.067E+06 5.873E+00 3.529E-07 5.431E-08 1.709E-08 6.616E-09 4.682E-09 4.365E-12 3.232E-07 1.462E-09 1.840E-17 2.027E-24 4.782E-15
   8.050E+06 9.578E+00 3.540E+14 3.217E+00 2.007E+03 5.770E+04 5.575E-10 2.774E-09 1.860E-06 2.670E-03 3.724E-05 6.105E-08 3.047E-06 7.507E+13 3.768E+06 8.172E+00 3.562E-07 5.643E-08 1.065E-08 4.033E-09 4.519E-09 1.242E-12 5.913E-07 1.004E-09 6.744E-18 5.831E-25 2.539E-15
   8.150E+06 8.076E+00 3.005E+14 3.929E+00 1.734E+03 9.282E+04 6.244E-10 3.109E-09 2.061E-06 2.657E-03 3.726E-05 1.163E-07 2.801E-06 6.370E+13 1.646E+06 1.276E+01 3.595E-07 5.858E-08 5.478E-09 1.879E-09 4.326E-09 2.492E-13 9.428E-07 6.172E-10 1.503E-18 1.555E-25 1.296E-15
   8.250E+06 6.799E+00 2.565E+14 4.687E+00 1.475E+03 1.364E+05 6.883E-10 3.454E-09 2.249E-06 2.629E-03 3.728E-05 2.023E-07 2.558E-06 5.435E+13 8.325E+05 1.944E+01 3.627E-07 6.074E-08 3.246E-09 9.136E-10 4.111E-09 6.227E-14 1.323E-06 3.687E-10 3.636E-19 4.107E-26 6.582E-16
   8.350E+06 5.713E+00 2.169E+14 5.024E+00 1.223E+03 1.708E+05 7.507E-10 3.853E-09 2.425E-06 2.616E-03 3.729E-05 3.011E-07 2.325E-06 4.594E+13 4.632E+05 2.705E+01 3.657E-07 6.290E-08 2.135E-09 4.700E-10 3.886E-09 2.215E-14 1.703E-06 2.181E-10 1.153E-19 1.088E-26 3.343E-16
   8.450E+06 4.795E+00 1.838E+14 5.071E+00 1.001E+03 1.977E+05 8.101E-10 4.282E-09 2.586E-06 2.595E-03 3.731E-05 4.145E-07 2.106E-06 3.889E+13 2.815E+05 3.545E+01 3.686E-07 6.505E-08 1.532E-09 2.581E-10 3.659E-09 1.149E-14 2.065E-06 1.284E-10 5.248E-20 2.881E-27 1.696E-16
   8.550E+06 4.017E+00 1.557E+14 4.842E+00 8.097E+02 2.142E+05 8.669E-10 4.758E-09 2.732E-06 2.570E-03 3.733E-05 5.353E-07 1.903E-06 3.292E+13 1.796E+05 4.404E+01 3.714E-07 6.718E-08 1.153E-09 1.489E-10 3.437E-09 7.547E-15 2.401E-06 7.548E-11 3.005E-20 7.647E-28 8.610E-17
   8.650E+06 3.363E+00 1.303E+14 4.177E+00 6.409E+02 2.066E+05 9.255E-10 5.341E-09 2.864E-06 2.570E-03 3.734E-05 6.168E-07 1.717E-06 2.752E+13 1.134E+05 5.031E+01 3.741E-07 6.928E-08 8.698E-10 8.822E-11 3.222E-09 5.452E-15 2.706E-06 4.429E-11 1.829E-20 2.041E-28 4.381E-17
   8.750E+06 2.815E+00 1.091E+14 3.451E+00 5.029E+02 1.901E+05 9.911E-10 6.016E-09 2.981E-06 2.570E-03 3.736E-05 6.780E-07 1.546E-06 2.300E+13 7.250E+04 5.514E+01 3.767E-07 7.136E-08 6.646E-10 5.408E-11 3.017E-09 4.124E-15 2.981E-06 2.590E-11 1.163E-20 5.459E-29 2.228E-17
   8.850E+06 2.356E+00 9.132E+13 2.754E+00 3.919E+02 1.679E+05 1.088E-09 6.809E-09 3.085E-06 2.570E-03 3.737E-05 7.154E-07 1.391E-06 1.921E+13 4.663E+04 5.844E+01 3.792E-07 7.341E-08 5.106E-10 3.414E-11 2.824E-09 3.179E-15 3.225E-06 1.510E-11 7.529E-21 1.463E-29 1.133E-17
   8.950E+06 1.973E+00 7.645E+13 2.147E+00 3.039E+02 1.431E+05 1.280E-09 7.744E-09 3.177E-06 2.571E-03 3.738E-05 7.282E-07 1.251E-06 1.604E+13 3.000E+04 6.050E+01 3.816E-07 7.543E-08 3.924E-10 2.210E-11 2.645E-09 2.472E-15 3.440E-06 8.789E-12 4.911E-21 3.932E-30 5.770E-18
   9.050E+06 1.652E+00 6.367E+13 1.622E+00 2.335E+02 1.148E+05 1.691E-09 8.877E-09 3.260E-06 2.584E-03 3.740E-05 6.977E-07 1.125E-06 1.332E+13 1.893E+04 6.117E+01 3.839E-07 7.743E-08 2.974E-10 1.452E-11 2.481E-09 1.917E-15 3.628E-06 5.103E-12 3.149E-21 1.062E-30 2.943E-18
   9.150E+06 1.386E+00 5.285E+13 1.228E+00 1.783E+02 8.780E+04 2.504E-09 1.023E-08 3.337E-06 2.608E-03 3.741E-05 6.369E-07 1.011E-06 1.102E+13 1.177E+04 6.228E+01 3.862E-07 7.940E-08 2.228E-10 9.681E-12 2.331E-09 1.485E-15 3.791E-06 2.950E-12 1.995E-21 2.881E-31 1.503E-18
   9.250E+06 1.165E+00 4.417E+13 9.923E-01 1.370E+02 6.756E+04 3.921E-09 1.180E-08 3.410E-06 2.620E-03 3.742E-05 5.838E-07 9.097E-07 9.174E+12 7.421E+03 6.707E+01 3.884E-07 8.136E-08 1.680E-10 6.592E-12 2.197E-09 1.164E-15 3.930E-06 1.701E-12 1.298E-21 7.836E-32 7.673E-19
   9.350E+06 9.798E-01 3.687E+13 8.411E-01 1.052E+02 5.032E+04 6.156E-09 1.365E-08 3.483E-06 2.636E-03 3.743E-05 5.177E-07 8.196E-07 7.621E+12 4.631E+03 7.579E+01 3.905E-07 8.332E-08 1.256E-10 4.544E-12 2.079E-09 9.147E-16 4.048E-06 9.797E-13 8.418E-22 2.143E-32 3.927E-19
   9.450E+06 8.254E-01 3.082E+13 7.522E-01 8.117E+01 3.684E+04 9.355E-09 1.580E-08 3.557E-06 2.652E-03 3.744E-05 4.506E-07 7.404E-07 6.336E+12 2.882E+03 9.001E+01 3.926E-07 8.529E-08 9.352E-11 3.175E-12 1.978E-09 7.232E-16 4.146E-06 5.641E-13 5.502E-22 5.896E-33 2.014E-19
   9.550E+06 6.961E-01 2.586E+13 7.023E-01 6.313E+01 2.687E+04 1.361E-08 1.824E-08 3.635E-06 2.663E-03 3.745E-05 3.902E-07 6.716E-07 5.284E+12 1.801E+03 1.106E+02 3.947E-07 8.728E-08 6.965E-11 2.250E-12 1.892E-09 5.782E-16 4.227E-06 3.260E-13 3.663E-22 1.633E-33 1.037E-19
   9.650E+06 5.878E-01 2.167E+13 6.674E-01 4.935E+01 1.904E+04 1.903E-08 2.100E-08 3.717E-06 2.677E-03 3.746E-05 3.283E-07 6.128E-07 4.397E+12 1.114E+03 1.378E+02 3.966E-07 8.928E-08 5.142E-11 1.610E-12 1.823E-09 4.643E-16 4.290E-06 1.900E-13 2.437E-22 4.568E-34 5.379E-20
   9.750E+06 4.970E-01 1.818E+13 6.431E-01 3.899E+01 1.327E+04 2.569E-08 2.403E-08 3.802E-06 2.683E-03 3.747E-05 2.719E-07 5.639E-07 3.662E+12 6.874E+02 1.724E+02 3.985E-07 9.129E-08 3.780E-11 1.163E-12 1.770E-09 3.764E-16 4.338E-06 1.133E-13 1.639E-22 1.293E-34 2.841E-20
   9.850E+06 4.209E-01 1.524E+13 6.244E-01 3.114E+01 8.998E+03 3.373E-08 2.728E-08 3.891E-06 2.688E-03 3.748E-05 2.196E-07 5.249E-07 3.045E+12 4.205E+02 2.152E+02 4.003E-07 9.327E-08 2.759E-11 8.472E-13 1.734E-09 3.071E-16 4.368E-06 7.192E-14 1.105E-22 3.764E-35 1.586E-20
   9.950E+06 3.571E-01 1.280E+13 6.128E-01 2.529E+01 6.066E+03 4.328E-08 3.064E-08 3.983E-06 2.691E-03 3.749E-05 1.760E-07 4.959E-07 2.535E+12 2.584E+02 2.670E+02 4.020E-07 9.520E-08 2.018E-11 6.229E-13 1.714E-09 2.534E-16 4.381E-06 5.341E-14 7.541E-23 1.312E-35 1.045E-20
