
     Z         PRESS      DEN     ProOH1    ProOH25    ProO3D    PO2D       PO2      PH2O      PO3D      PH2O2     FO3      FH2O      NumO2      NumOH      NumO1D     PN2O     PCH3CL      FOH      FHO2      FNO     FNO2      FH    FH2O2     FNO3    FN2O5    FHNO3      FO       FN      FH2     FCH4    FN2O
   5.000E+04 9.550E+05 2.401E+19 2.851E+05 2.261E-20 2.151E+06 0.000E+00 7.661E-37 6.870E-38 4.725E-06 2.186E-06 1.896E-08 1.371E-02 5.107E+18 2.717E+06 2.639E-03 4.890E-34 9.264E-37 1.132E-13 9.349E-12 8.288E-12 2.559E-11 5.008E-21 5.916E-10 1.716E-14 2.653E-16 1.532E-10 5.317E-17 4.316E-21 5.000E-07 8.080E-07 2.730E-07
   1.500E+05 8.471E+05 2.179E+19 2.044E+05 5.574E-18 2.349E+06 0.000E+00 1.660E-34 2.982E-35 5.172E-06 2.410E-06 2.084E-08 8.579E-03 4.635E+18 2.248E+06 3.315E-03 1.445E-31 6.892E-34 1.032E-13 8.617E-12 4.964E-12 1.304E-11 4.316E-21 5.841E-10 1.093E-14 1.382E-16 1.745E-10 6.777E-17 4.288E-21 4.994E-07 8.050E-07 2.730E-07
   2.500E+05 7.493E+05 1.973E+19 1.403E+05 1.014E-15 2.572E+06 0.000E+00 2.967E-32 9.873E-33 5.544E-06 2.618E-06 2.352E-08 5.204E-03 4.197E+18 2.129E+06 4.118E-03 3.348E-29 2.959E-31 1.079E-13 8.094E-12 5.181E-12 1.156E-11 4.288E-21 5.471E-10 1.005E-14 1.863E-16 2.072E-10 8.951E-17 4.425E-21 4.991E-07 8.026E-07 2.729E-07
   3.500E+05 6.610E+05 1.782E+19 8.701E+04 1.147E-13 2.784E+06 0.000E+00 3.734E-30 2.204E-30 5.799E-06 2.814E-06 2.694E-08 2.920E-03 3.791E+18 2.076E+06 5.011E-03 5.278E-27 7.146E-29 1.165E-13 7.457E-12 6.793E-12 1.285E-11 4.425E-21 4.724E-10 1.038E-14 3.832E-16 2.435E-10 1.202E-16 4.636E-21 4.989E-07 8.007E-07 2.728E-07
   4.500E+05 5.812E+05 1.606E+19 4.918E+04 8.168E-12 2.944E+06 0.000E+00 3.220E-28 3.298E-28 5.950E-06 2.997E-06 3.081E-08 1.542E-03 3.416E+18 2.046E+06 5.915E-03 5.538E-25 1.016E-26 1.274E-13 6.620E-12 9.361E-12 1.490E-11 4.636E-21 3.770E-10 1.081E-14 8.784E-16 2.779E-10 1.614E-16 4.822E-21 4.987E-07 7.992E-07 2.728E-07
   5.500E+05 5.095E+05 1.443E+19 2.556E+04 1.513E-09 3.025E+06 0.000E+00 1.954E-26 1.351E-25 6.017E-06 3.168E-06 3.483E-08 7.761E-04 3.071E+18 1.993E+06 6.754E-03 4.523E-23 1.558E-24 1.381E-13 5.607E-12 1.262E-11 1.665E-11 4.822E-21 2.796E-10 1.083E-14 1.958E-15 3.051E-10 2.145E-16 4.770E-21 4.987E-07 7.980E-07 2.727E-07
   6.500E+05 4.451E+05 1.294E+19 1.211E+04 2.064E-07 3.017E+06 0.000E+00 9.829E-25 4.333E-23 6.012E-06 3.327E-06 3.879E-08 3.681E-04 2.753E+18 1.829E+06 7.474E-03 4.508E-21 3.208E-22 1.414E-13 4.485E-12 1.580E-11 1.695E-11 4.770E-21 1.942E-10 1.011E-14 3.917E-15 3.216E-10 2.813E-16 4.499E-21 4.986E-07 7.971E-07 2.726E-07
   7.500E+05 3.875E+05 1.157E+19 5.145E+03 5.208E-06 2.922E+06 0.000E+00 3.453E-23 2.784E-21 5.927E-06 3.475E-06 4.263E-08 1.617E-04 2.461E+18 1.582E+06 8.031E-03 2.346E-19 1.956E-20 1.368E-13 3.375E-12 1.918E-11 1.642E-11 4.499E-21 1.276E-10 8.876E-15 7.534E-15 3.293E-10 3.647E-16 4.251E-21 4.986E-07 7.964E-07 2.726E-07
   8.500E+05 3.361E+05 1.031E+19 1.909E+03 4.105E-05 2.759E+06 0.000E+00 6.968E-22 6.249E-20 5.771E-06 3.611E-06 4.639E-08 6.373E-05 2.193E+18 1.354E+06 8.424E-03 5.214E-18 4.394E-19 1.314E-13 2.397E-12 2.449E-11 1.650E-11 4.251E-21 8.068E-11 7.629E-15 1.578E-14 3.329E-10 4.697E-16 4.074E-21 4.986E-07 7.958E-07 2.725E-07
   9.500E+05 2.904E+05 9.156E+18 5.796E+02 1.356E-04 2.562E+06 0.000E+00 9.025E-21 7.080E-19 5.560E-06 3.737E-06 5.034E-08 2.091E-05 1.948E+18 1.162E+06 8.708E-03 6.352E-17 5.103E-18 1.269E-13 1.651E-12 3.210E-11 1.694E-11 4.074E-21 5.012E-11 6.542E-15 3.268E-14 3.355E-10 6.053E-16 3.739E-21 4.986E-07 7.953E-07 2.723E-07
   1.050E+06 2.498E+05 8.106E+18 1.108E+02 1.737E-04 2.398E+06 0.000E+00 8.640E-20 5.000E-18 5.279E-06 3.852E-06 5.603E-08 4.287E-06 1.725E+18 9.491E+05 9.092E-03 5.218E-16 3.804E-17 1.171E-13 1.106E-12 4.033E-11 1.701E-11 3.739E-21 2.821E-11 5.506E-15 5.413E-14 3.398E-10 8.028E-16 3.122E-21 4.985E-07 7.947E-07 2.722E-07
   1.150E+06 2.140E+05 7.152E+18 1.104E+02 7.738E-04 2.400E+06 0.000E+00 6.621E-19 2.523E-17 4.948E-06 3.957E-06 6.782E-08 4.289E-06 1.522E+18 7.080E+05 1.018E-02 3.341E-15 2.114E-16 9.900E-14 6.323E-13 5.482E-11 1.976E-11 3.122E-21 1.200E-11 4.455E-15 5.301E-14 3.574E-10 1.163E-15 2.709E-21 4.983E-07 7.935E-07 2.718E-07
   1.250E+06 1.829E+05 6.116E+18 1.365E+02 2.683E-03 2.964E+06 0.000E+00 4.136E-18 1.022E-16 5.147E-06 4.053E-06 9.416E-08 4.295E-06 1.301E+18 4.868E+05 1.470E-02 1.801E-14 9.812E-16 7.960E-14 4.253E-13 6.971E-11 2.864E-11 2.709E-21 3.737E-12 3.863E-15 5.847E-14 4.043E-10 2.220E-15 2.502E-21 4.978E-07 7.909E-07 2.708E-07
   1.350E+06 1.563E+05 5.227E+18 1.922E+02 8.080E-03 4.162E+06 0.000E+00 2.076E-17 3.590E-16 5.357E-06 4.139E-06 1.487E-07 4.306E-06 1.112E+18 3.613E+05 2.415E-02 8.286E-14 4.003E-15 6.912E-14 3.419E-13 8.676E-11 4.698E-11 2.502E-21 1.105E-12 4.816E-15 1.027E-13 5.121E-10 4.827E-15 2.633E-21 4.967E-07 7.858E-07 2.687E-07
   1.450E+06 1.336E+05 4.468E+18 2.815E+02 2.193E-02 6.070E+06 0.000E+00 8.645E-17 1.135E-15 5.587E-06 4.217E-06 2.432E-07 4.325E-06 9.505E+17 3.091E+05 4.120E-02 3.284E-13 1.457E-14 6.920E-14 3.490E-13 1.054E-10 7.862E-11 2.633E-21 6.033E-13 8.258E-15 2.515E-13 7.084E-10 1.087E-14 3.075E-21 4.946E-07 7.771E-07 2.651E-07
   1.550E+06 1.142E+05 3.819E+18 3.991E+02 5.481E-02 8.551E+06 0.000E+00 3.081E-16 3.298E-15 5.856E-06 4.292E-06 3.824E-07 4.352E-06 8.124E+17 2.938E+05 6.790E-02 1.138E-12 4.766E-14 7.693E-14 4.159E-13 1.260E-10 1.249E-10 3.075E-21 6.331E-13 1.543E-14 6.336E-13 9.991E-10 2.353E-14 3.851E-21 4.914E-07 7.648E-07 2.597E-07
   1.650E+06 9.763E+04 3.264E+18 5.420E+02 1.279E-01 1.152E+07 0.000E+00 9.647E-16 8.928E-15 6.187E-06 4.364E-06 5.705E-07 4.387E-06 6.945E+17 2.970E+05 1.070E-01 3.501E-12 1.414E-13 9.100E-14 5.352E-13 1.490E-10 1.867E-10 3.851E-21 8.494E-13 2.800E-14 1.452E-12 1.383E-09 4.832E-14 5.111E-21 4.871E-07 7.488E-07 2.525E-07
   1.750E+06 8.346E+04 2.790E+18 7.062E+02 2.803E-01 1.487E+07 0.000E+00 2.712E-15 2.268E-14 6.605E-06 4.437E-06 8.067E-07 4.430E-06 5.936E+17 3.136E+05 1.616E-01 9.727E-12 3.836E-13 1.124E-13 7.164E-13 1.741E-10 2.621E-10 5.111E-21 1.248E-12 4.725E-14 2.894E-12 1.845E-09 9.406E-14 7.131E-21 4.817E-07 7.296E-07 2.438E-07
   1.850E+06 7.134E+04 2.385E+18 8.930E+02 5.804E-01 1.859E+07 0.000E+00 6.962E-15 5.433E-14 7.138E-06 4.512E-06 1.092E-06 4.478E-06 5.075E+17 3.420E+05 2.364E-01 2.473E-11 9.607E-13 1.434E-13 9.817E-13 2.013E-10 3.489E-10 7.131E-21 1.926E-12 7.420E-14 5.065E-12 2.365E-09 1.754E-13 1.042E-20 4.754E-07 7.079E-07 2.336E-07
   1.950E+06 6.099E+04 2.039E+18 1.105E+03 1.138E+00 2.274E+07 0.000E+00 1.653E-14 1.232E-13 7.821E-06 4.591E-06 1.426E-06 4.531E-06 4.339E+17 3.835E+05 3.381E-01 5.817E-11 2.239E-12 1.881E-13 1.367E-12 2.308E-10 4.446E-10 1.042E-20 3.070E-12 1.091E-13 7.908E-12 2.921E-09 3.155E-13 1.589E-20 4.682E-07 6.844E-07 2.223E-07
   2.050E+06 5.215E+04 1.744E+18 1.345E+03 2.123E+00 2.736E+07 0.000E+00 3.671E-14 2.655E-13 8.692E-06 4.676E-06 1.805E-06 4.586E-06 3.709E+17 4.411E+05 4.758E-01 1.278E-10 4.889E-12 2.530E-13 1.925E-12 2.635E-10 5.477E-10 1.589E-20 5.031E-12 1.515E-13 1.120E-11 3.482E-09 5.510E-13 2.604E-20 4.605E-07 6.599E-07 2.104E-07
   2.150E+06 4.460E+04 1.485E+18 1.636E+03 3.757E+00 3.283E+07 0.000E+00 7.674E-14 5.450E-13 9.904E-06 4.768E-06 2.233E-06 4.642E-06 3.159E+17 5.229E+05 6.718E-01 2.639E-10 1.006E-11 3.521E-13 2.852E-12 2.954E-10 6.620E-10 2.604E-20 8.813E-12 2.075E-13 1.512E-11 4.031E-09 9.594E-13 4.416E-20 4.523E-07 6.350E-07 1.980E-07
   2.250E+06 3.818E+04 1.265E+18 1.982E+03 6.359E+00 3.927E+07 0.000E+00 1.519E-13 1.070E-12 1.144E-05 4.872E-06 2.712E-06 4.699E-06 2.691E+17 6.308E+05 9.450E-01 5.150E-10 1.960E-11 4.986E-13 4.230E-12 3.341E-10 7.947E-10 4.416E-20 1.541E-11 2.747E-13 1.941E-11 4.546E-09 1.643E-12 7.726E-20 4.437E-07 6.097E-07 1.853E-07
   2.350E+06 3.270E+04 1.079E+18 2.398E+03 1.034E+01 4.690E+07 1.701-168 2.867E-13 2.015E-12 1.340E-05 4.988E-06 3.245E-06 4.757E-06 2.295E+17 7.718E+05 1.326E+00 9.558E-10 3.637E-11 7.154E-13 6.234E-12 3.843E-10 9.561E-10 7.726E-20 2.639E-11 3.532E-13 2.403E-11 5.004E-09 2.771E-12 1.392E-19 4.348E-07 5.842E-07 1.723E-07
   2.450E+06 2.803E+04 9.206E+17 2.894E+03 1.623E+01 5.588E+07 2.775-140 5.186E-13 3.661E-12 1.586E-05 5.123E-06 3.828E-06 4.816E-06 1.958E+17 9.536E+05 1.856E+00 1.696E-09 6.458E-11 1.036E-12 9.079E-12 4.516E-10 1.158E-09 1.392E-19 4.382E-11 4.434E-13 2.893E-11 5.384E-09 4.611E-12 2.594E-19 4.256E-07 5.587E-07 1.592E-07
   2.550E+06 2.405E+04 7.862E+17 3.485E+03 2.465E+01 6.643E+07 3.950-116 9.037E-13 6.432E-12 1.896E-05 5.281E-06 4.456E-06 4.875E-06 1.672E+17 1.187E+06 2.588E+00 2.889E-09 1.101E-10 1.510E-12 1.304E-11 5.418E-10 1.413E-09 2.594E-19 7.015E-11 5.458E-13 3.391E-11 5.669E-09 7.581E-12 5.018E-19 4.160E-07 5.331E-07 1.460E-07
   2.650E+06 2.064E+04 6.719E+17 4.188E+03 3.635E+01 7.881E+07 9.916-103 1.522E-12 1.096E-11 2.291E-05 5.470E-06 5.120E-06 4.935E-06 1.429E+17 1.487E+06 3.600E+00 4.740E-09 1.810E-10 2.213E-12 1.847E-11 6.611E-10 1.730E-09 5.018E-19 1.080E-10 6.601E-13 3.855E-11 5.846E-09 1.232E-11 1.012E-18 4.059E-07 5.072E-07 1.328E-07
   2.750E+06 1.773E+04 5.746E+17 5.016E+03 5.211E+01 9.319E+07 3.447E-91 2.485E-12 1.815E-11 2.797E-05 5.699E-06 5.798E-06 4.995E-06 1.222E+17 1.869E+06 4.987E+00 7.507E-09 2.873E-10 3.252E-12 2.574E-11 8.158E-10 2.110E-09 1.012E-18 1.593E-10 7.834E-13 4.206E-11 5.904E-09 1.979E-11 2.126E-18 3.955E-07 4.812E-07 1.196E-07
   2.850E+06 1.525E+04 4.919E+17 5.980E+03 7.269E+01 1.097E+08 3.051E-81 3.941E-12 2.923E-11 3.448E-05 5.979E-06 6.467E-06 5.056E-06 1.046E+17 2.351E+06 6.870E+00 1.149E-08 4.408E-10 4.780E-12 3.523E-11 1.012E-09 2.545E-09 2.126E-18 2.239E-10 9.096E-13 4.353E-11 5.844E-09 3.142E-11 4.643E-18 3.848E-07 4.550E-07 1.068E-07
   2.950E+06 1.312E+04 4.213E+17 7.096E+03 9.869E+01 1.285E+08 1.158E-72 6.080E-12 4.577E-11 4.292E-05 6.324E-06 7.106E-06 5.118E-06 8.961E+16 2.952E+06 9.415E+00 1.703E-08 6.547E-10 7.008E-12 4.725E-11 1.258E-09 3.024E-09 4.643E-18 2.995E-10 1.032E-12 4.245E-11 5.672E-09 4.935E-11 1.047E-17 3.735E-07 4.285E-07 9.420E-08
   3.050E+06 1.129E+04 3.611E+17 8.367E+03 1.304E+02 1.496E+08 2.930E-65 9.136E-12 6.967E-11 5.391E-05 6.753E-06 7.683E-06 5.181E-06 7.681E+16 3.692E+06 1.281E+01 2.444E-08 9.417E-10 1.022E-11 6.192E-11 1.559E-09 3.519E-09 1.047E-17 3.793E-10 1.141E-12 3.866E-11 5.399E-09 7.672E-11 2.414E-17 3.619E-07 4.018E-07 8.214E-08
   3.150E+06 9.729E+03 3.098E+17 9.777E+03 1.674E+02 1.726E+08 7.223E-59 1.339E-11 1.031E-10 6.826E-05 7.285E-06 8.161E-06 5.244E-06 6.589E+16 4.590E+06 1.726E+01 3.398E-08 1.312E-09 1.482E-11 7.904E-11 1.921E-09 3.994E-09 2.414E-17 4.525E-10 1.224E-12 3.270E-11 5.037E-09 1.181E-10 5.637E-17 3.502E-07 3.752E-07 7.087E-08
   3.250E+06 8.388E+03 2.659E+17 1.129E+04 2.090E+02 1.967E+08 2.394E-53 1.914E-11 1.481E-10 8.701E-05 7.942E-06 8.502E-06 5.307E-06 5.656E+16 5.664E+06 2.297E+01 4.580E-08 1.772E-09 2.130E-11 9.787E-11 2.356E-09 4.411E-09 5.637E-17 5.069E-10 1.269E-12 2.565E-11 4.601E-09 1.799E-10 1.359E-16 3.382E-07 3.487E-07 6.047E-08
   3.350E+06 7.240E+03 2.271E+17 1.273E+04 2.517E+02 2.190E+08 1.439E-48 2.672E-11 2.064E-10 1.117E-04 8.743E-06 8.632E-06 5.369E-06 4.829E+16 6.860E+06 3.008E+01 5.979E-08 2.319E-09 3.021E-11 1.196E-10 2.850E-09 4.793E-09 1.359E-16 5.392E-10 1.326E-12 1.923E-11 4.066E-09 2.780E-10 3.263E-16 3.262E-07 3.223E-07 5.104E-08
   3.450E+06 6.260E+03 1.940E+17 1.405E+04 2.939E+02 2.385E+08 1.988E-44 3.636E-11 2.790E-10 1.433E-04 9.703E-06 8.577E-06 5.430E-06 4.126E+16 8.202E+06 3.854E+01 7.560E-08 2.940E-09 4.228E-11 1.412E-10 3.416E-09 5.052E-09 3.263E-16 5.369E-10 1.342E-12 1.347E-11 3.496E-09 4.265E-10 7.750E-16 3.144E-07 2.962E-07 4.266E-08
   3.550E+06 5.422E+03 1.661E+17 1.522E+04 3.337E+02 2.551E+08 7.820E-41 4.826E-11 3.661E-10 1.832E-04 1.083E-05 8.386E-06 5.489E-06 3.532E+16 9.706E+06 4.840E+01 9.278E-08 3.621E-09 5.845E-11 1.614E-10 4.049E-09 5.144E-09 7.750E-16 5.040E-10 1.311E-12 8.812E-12 2.934E-09 6.488E-10 1.824E-15 3.032E-07 2.710E-07 3.539E-08
   3.650E+06 4.704E+03 1.424E+17 1.624E+04 3.692E+02 2.691E+08 1.066E-37 6.260E-11 4.677E-10 2.335E-04 1.216E-05 8.094E-06 5.545E-06 3.029E+16 1.139E+07 5.982E+01 1.108E-07 4.346E-09 7.998E-11 1.798E-10 4.736E-09 5.055E-09 1.824E-15 4.513E-10 1.239E-12 5.414E-12 2.405E-09 9.827E-10 4.266E-15 2.929E-07 2.470E-07 2.925E-08
   3.750E+06 4.088E+03 1.223E+17 1.714E+04 3.992E+02 2.810E+08 6.014E-35 7.948E-11 5.831E-10 2.976E-04 1.369E-05 7.716E-06 5.596E-06 2.602E+16 1.328E+07 7.304E+01 1.292E-07 5.098E-09 1.086E-10 1.961E-10 5.468E-09 4.790E-09 4.266E-15 3.897E-10 1.136E-12 3.127E-12 1.925E-09 1.485E-09 9.941E-15 2.838E-07 2.245E-07 2.412E-08
   3.850E+06 3.559E+03 1.053E+17 1.796E+04 4.227E+02 2.917E+08 1.642E-32 9.887E-11 7.115E-10 3.820E-04 1.546E-05 7.251E-06 5.642E-06 2.239E+16 1.542E+07 8.850E+01 1.475E-07 5.863E-09 1.464E-10 2.107E-10 6.237E-09 4.364E-09 9.941E-15 3.277E-10 1.007E-12 1.690E-12 1.500E-09 2.245E-09 2.309E-14 2.763E-07 2.034E-07 1.987E-08
   3.950E+06 3.103E+03 9.079E+16 1.876E+04 4.397E+02 3.019E+08 2.445E-30 1.205E-10 8.522E-10 4.967E-04 1.751E-05 6.694E-06 5.683E-06 1.931E+16 1.780E+07 1.067E+02 1.651E-07 6.626E-09 1.961E-10 2.241E-10 7.030E-09 3.803E-09 2.309E-14 2.719E-10 8.583E-13 8.453E-13 1.129E-09 3.398E-09 5.299E-14 2.708E-07 1.840E-07 1.639E-08
   4.050E+06 2.710E+03 7.840E+16 1.943E+04 4.504E+02 3.103E+08 2.160E-28 1.436E-10 1.005E-09 6.544E-04 1.987E-05 6.048E-06 5.718E-06 1.667E+16 2.030E+07 1.276E+02 1.817E-07 7.377E-09 2.590E-10 2.374E-10 7.816E-09 3.153E-09 5.299E-14 2.260E-10 6.992E-13 3.868E-13 8.107E-10 5.141E-09 1.175E-13 2.675E-07 1.664E-07 1.355E-08
   4.150E+06 2.370E+03 6.782E+16 1.973E+04 4.557E+02 3.132E+08 1.220E-26 1.673E-10 1.170E-09 8.631E-04 2.252E-05 5.350E-06 5.746E-06 1.442E+16 2.256E+07 1.495E+02 1.970E-07 8.111E-09 3.326E-10 2.517E-10 8.532E-09 2.484E-09 1.175E-13 1.915E-10 5.423E-13 1.613E-13 5.481E-10 7.708E-09 2.454E-13 2.670E-07 1.506E-07 1.122E-08
   4.250E+06 2.076E+03 5.877E+16 1.940E+04 4.572E+02 3.063E+08 4.443E-25 1.905E-10 1.349E-09 1.119E-03 2.539E-05 4.657E-06 5.767E-06 1.250E+16 2.411E+07 1.695E+02 2.109E-07 8.826E-09 4.102E-10 2.675E-10 9.105E-09 1.875E-09 2.454E-13 1.673E-10 4.015E-13 6.201E-14 3.477E-10 1.131E-08 4.763E-13 2.697E-07 1.367E-07 9.336E-09
   4.350E+06 1.821E+03 5.100E+16 1.831E+04 4.558E+02 2.880E+08 1.085E-23 2.124E-10 1.546E-09 1.406E-03 2.832E-05 4.016E-06 5.780E-06 1.084E+16 2.469E+07 1.843E+02 2.234E-07 9.527E-09 4.841E-10 2.843E-10 9.493E-09 1.377E-09 4.763E-13 1.503E-10 2.867E-13 2.257E-14 2.088E-10 1.612E-08 8.596E-13 2.759E-07 1.248E-07 7.816E-09
   4.450E+06 1.600E+03 4.433E+16 1.659E+04 4.531E+02 2.603E+08 1.848E-22 2.326E-10 1.766E-09 1.701E-03 3.116E-05 3.452E-06 5.786E-06 9.426E+15 2.435E+07 1.925E+02 2.347E-07 1.022E-08 5.493E-10 3.013E-10 9.702E-09 9.980E-10 8.596E-13 1.376E-10 1.997E-13 7.994E-15 1.206E-10 2.222E-08 1.457E-12 2.858E-07 1.146E-07 6.582E-09
   4.550E+06 1.407E+03 3.859E+16 1.450E+04 4.500E+02 2.274E+08 2.286E-21 2.511E-10 2.016E-09 1.985E-03 3.377E-05 2.968E-06 5.785E-06 8.205E+15 2.332E+07 1.939E+02 2.450E-07 1.092E-08 6.044E-10 3.176E-10 9.763E-09 7.223E-10 1.457E-12 1.270E-10 1.371E-13 2.814E-15 6.803E-11 2.969E-08 2.349E-12 2.997E-07 1.060E-07 5.569E-09
   4.650E+06 1.240E+03 3.364E+16 1.233E+04 4.472E+02 1.932E+08 2.132E-20 2.682E-10 2.302E-09 2.244E-03 3.609E-05 2.560E-06 5.777E-06 7.152E+15 2.187E+07 1.898E+02 2.544E-07 1.163E-08 6.502E-10 3.325E-10 9.717E-09 5.259E-10 2.349E-12 1.175E-10 9.353E-14 9.998E-16 3.805E-11 3.865E-08 3.643E-12 3.175E-07 9.881E-08 4.740E-09
   4.750E+06 1.093E+03 2.937E+16 1.027E+04 4.457E+02 1.612E+08 1.548E-19 2.843E-10 2.634E-09 2.470E-03 3.809E-05 2.222E-06 5.762E-06 6.245E+15 2.023E+07 1.820E+02 2.632E-07 1.237E-08 6.889E-10 3.462E-10 9.594E-09 3.862E-10 3.643E-12 1.089E-10 6.376E-14 3.621E-16 2.135E-11 4.928E-08 5.390E-12 3.394E-07 9.275E-08 4.055E-09
   4.850E+06 9.654E+02 2.584E+16 8.601E+03 4.481E+02 1.355E+08 8.720E-19 2.989E-10 3.021E-09 2.664E-03 3.979E-05 1.968E-06 5.741E-06 5.493E+15 1.873E+07 1.741E+02 2.715E-07 1.313E-08 7.251E-10 3.596E-10 9.417E-09 2.857E-10 5.390E-12 1.027E-10 4.363E-14 1.377E-16 1.235E-11 6.098E-08 7.743E-12 3.654E-07 8.766E-08 3.483E-09
   4.950E+06 8.526E+02 2.282E+16 7.198E+03 4.525E+02 1.139E+08 3.959E-18 3.126E-10 3.471E-09 2.830E-03 4.125E-05 1.764E-06 5.714E-06 4.851E+15 1.733E+07 1.657E+02 2.795E-07 1.393E-08 7.594E-10 3.727E-10 9.202E-09 2.129E-10 7.743E-12 9.792E-11 2.999E-14 5.433E-17 7.324E-12 7.408E-08 1.096E-11 3.953E-07 8.338E-08 3.004E-09
   5.050E+06 7.529E+02 2.015E+16 5.957E+03 4.572E+02 9.479E+07 1.508E-17 3.262E-10 3.993E-09 2.971E-03 4.249E-05 1.583E-06 5.682E-06 4.284E+15 1.595E+07 1.562E+02 2.872E-07 1.477E-08 7.913E-10 3.852E-10 8.961E-09 1.596E-10 1.096E-11 9.328E-11 2.065E-14 2.175E-17 4.384E-12 8.918E-08 1.535E-11 4.290E-07 7.977E-08 2.603E-09
   5.150E+06 6.650E+02 1.780E+16 4.887E+03 4.622E+02 7.825E+07 4.926E-17 3.400E-10 4.600E-09 3.090E-03 4.354E-05 1.423E-06 5.646E-06 3.784E+15 1.462E+07 1.460E+02 2.946E-07 1.564E-08 8.216E-10 3.973E-10 8.703E-09 1.205E-10 1.535E-11 8.894E-11 1.424E-14 8.825E-18 2.648E-12 1.066E-07 2.091E-11 4.659E-07 7.671E-08 2.265E-09
   5.250E+06 5.871E+02 1.581E+16 4.053E+03 4.702E+02 6.542E+07 1.367E-16 3.529E-10 5.306E-09 3.188E-03 4.442E-05 1.298E-06 5.606E-06 3.360E+15 1.349E+07 1.371E+02 3.019E-07 1.655E-08 8.536E-10 4.100E-10 8.437E-09 9.152E-11 2.091E-11 8.624E-11 9.918E-15 3.750E-18 1.651E-12 1.249E-07 2.797E-11 5.055E-07 7.412E-08 1.984E-09
   5.350E+06 5.178E+02 1.409E+16 3.380E+03 4.800E+02 5.505E+07 3.315E-16 3.651E-10 6.125E-09 3.269E-03 4.518E-05 1.195E-06 5.563E-06 2.995E+15 1.250E+07 1.290E+02 3.090E-07 1.750E-08 8.874E-10 4.233E-10 8.168E-09 6.989E-11 2.797E-11 8.474E-11 6.960E-15 1.656E-18 1.059E-12 1.443E-07 3.729E-11 5.472E-07 7.191E-08 1.748E-09
   5.450E+06 4.562E+02 1.254E+16 2.796E+03 4.898E+02 4.597E+07 7.314E-16 3.776E-10 7.079E-09 3.338E-03 4.582E-05 1.098E-06 5.517E-06 2.665E+15 1.156E+07 1.205E+02 3.158E-07 1.849E-08 9.218E-10 4.371E-10 7.897E-09 5.367E-11 3.729E-11 8.346E-11 4.897E-15 7.391E-19 6.866E-13 1.661E-07 4.959E-11 5.911E-07 6.997E-08 1.548E-09
   5.550E+06 4.013E+02 1.115E+16 2.294E+03 5.004E+02 3.810E+07 1.498E-15 3.908E-10 8.208E-09 3.395E-03 4.637E-05 1.007E-06 5.469E-06 2.370E+15 1.068E+07 1.119E+02 3.225E-07 1.951E-08 9.577E-10 4.517E-10 7.625E-09 4.145E-11 4.959E-11 8.235E-11 3.454E-15 3.327E-19 4.479E-13 1.904E-07 6.588E-11 6.373E-07 6.822E-08 1.376E-09
   5.650E+06 3.526E+02 9.899E+15 1.866E+03 5.130E+02 3.133E+07 2.892E-15 4.049E-10 9.564E-09 3.442E-03 4.683E-05 9.197E-07 5.418E-06 2.104E+15 9.863E+06 1.032E+02 3.291E-07 2.058E-08 9.963E-10 4.677E-10 7.356E-09 3.226E-11 6.588E-11 8.153E-11 2.446E-15 1.514E-19 2.946E-13 2.175E-07 8.760E-11 6.855E-07 6.663E-08 1.228E-09
   5.750E+06 3.094E+02 8.779E+15 1.507E+03 5.287E+02 2.558E+07 5.311E-15 4.202E-10 1.122E-08 3.480E-03 4.721E-05 8.374E-07 5.366E-06 1.866E+15 9.125E+06 9.465E+01 3.355E-07 2.170E-08 1.039E-09 4.858E-10 7.093E-09 2.534E-11 8.760E-11 8.121E-11 1.743E-15 6.998E-20 1.961E-13 2.475E-07 1.167E-10 7.351E-07 6.516E-08 1.101E-09
   5.850E+06 2.711E+02 7.776E+15 1.207E+03 5.483E+02 2.073E+07 9.305E-15 4.372E-10 1.328E-08 3.511E-03 4.754E-05 7.593E-07 5.311E-06 1.653E+15 8.467E+06 8.622E+01 3.418E-07 2.289E-08 1.089E-09 5.071E-10 6.835E-09 2.013E-11 1.167E-10 8.159E-11 1.251E-15 3.289E-20 1.323E-13 2.805E-07 1.561E-10 7.865E-07 6.377E-08 9.902E-10
   5.950E+06 2.372E+02 6.879E+15 9.584E+02 5.724E+02 1.666E+07 1.558E-14 4.564E-10 1.583E-08 3.535E-03 4.781E-05 6.851E-07 5.255E-06 1.462E+15 7.894E+06 7.801E+01 3.480E-07 2.415E-08 1.148E-09 5.329E-10 6.582E-09 1.621E-11 1.561E-10 8.300E-11 9.068E-16 1.579E-20 9.068E-14 3.165E-07 2.099E-10 8.398E-07 6.242E-08 8.922E-10
   6.050E+06 2.073E+02 6.078E+15 7.544E+02 6.007E+02 1.328E+07 2.555E-14 4.787E-10 1.902E-08 3.554E-03 4.804E-05 6.149E-07 5.196E-06 1.292E+15 7.407E+06 7.008E+01 3.541E-07 2.549E-08 1.219E-09 5.647E-10 6.337E-09 1.327E-11 2.099E-10 8.579E-11 6.659E-16 7.792E-21 6.357E-14 3.557E-07 2.840E-10 8.948E-07 6.112E-08 8.057E-10
   6.150E+06 1.808E+02 5.362E+15 5.884E+02 6.323E+02 1.050E+07 4.000E-14 5.041E-10 2.296E-08 3.569E-03 4.823E-05 5.484E-07 5.136E-06 1.139E+15 7.001E+06 6.249E+01 3.602E-07 2.694E-08 1.306E-09 6.040E-10 6.100E-09 1.109E-11 2.840E-10 9.053E-11 4.966E-16 3.978E-21 4.590E-14 3.977E-07 3.863E-10 9.512E-07 5.984E-08 7.291E-10
   6.250E+06 1.575E+02 4.724E+15 4.549E+02 6.657E+02 8.226E+06 6.016E-14 5.335E-10 2.777E-08 3.580E-03 4.839E-05 4.864E-07 5.075E-06 1.004E+15 6.661E+06 5.534E+01 3.663E-07 2.849E-08 1.410E-09 6.516E-10 5.873E-09 9.467E-12 3.863E-10 9.832E-11 3.768E-16 2.139E-21 3.474E-14 4.427E-07 4.710E-10 1.009E-06 5.858E-08 6.606E-10
   6.350E+06 1.367E+02 4.290E+15 3.853E+02 7.200E+02 7.099E+06 7.849E-14 5.514E-10 3.348E-08 3.580E-03 4.853E-05 4.621E-07 5.012E-06 9.117E+14 6.626E+06 5.159E+01 3.723E-07 3.014E-08 1.544E-09 7.081E-10 5.659E-09 8.706E-12 4.710E-10 1.118E-10 3.242E-16 1.527E-21 2.941E-14 4.540E-07 6.797E-10 1.068E-06 5.734E-08 6.004E-10
   6.450E+06 1.182E+02 3.715E+15 2.813E+02 7.385E+02 5.251E+06 1.261E-13 5.933E-10 4.016E-08 3.589E-03 4.864E-05 3.937E-07 4.949E-06 7.894E+14 6.300E+06 4.405E+01 3.783E-07 3.187E-08 1.696E-09 7.790E-10 5.468E-09 7.681E-12 6.797E-10 1.224E-10 2.467E-16 8.388E-22 2.298E-14 5.158E-07 9.880E-10 1.127E-06 5.609E-08 5.464E-10
   6.550E+06 1.022E+02 3.213E+15 2.028E+02 7.544E+02 3.837E+06 2.357E-13 6.426E-10 4.810E-08 3.596E-03 4.874E-05 3.320E-07 4.882E-06 6.826E+14 6.032E+06 3.722E+01 3.843E-07 3.374E-08 1.877E-09 8.651E-10 5.291E-09 6.915E-12 9.880E-10 1.354E-10 1.903E-16 4.522E-22 1.786E-14 5.839E-07 1.373E-09 1.190E-06 5.480E-08 4.962E-10
   6.650E+06 8.833E+01 2.819E+15 1.522E+02 7.818E+02 2.928E+06 5.143E-13 6.903E-10 5.765E-08 3.598E-03 4.883E-05 2.888E-07 4.812E-06 5.988E+14 5.928E+06 3.217E+01 3.903E-07 3.573E-08 2.103E-09 9.688E-10 5.125E-09 6.546E-12 1.373E-09 1.551E-10 1.580E-16 2.800E-22 1.469E-14 6.364E-07 1.964E-09 1.256E-06 5.346E-08 4.497E-10
   6.750E+06 7.618E+01 2.451E+15 1.106E+02 8.097E+02 2.162E+06 1.273E-12 7.493E-10 6.971E-08 3.600E-03 4.890E-05 2.450E-07 4.739E-06 5.208E+14 5.819E+06 2.722E+01 3.963E-07 3.783E-08 2.374E-09 1.095E-09 4.973E-09 6.251E-12 1.964E-09 1.818E-10 1.299E-16 1.754E-22 1.244E-14 7.008E-07 2.788E-09 1.325E-06 5.207E-08 4.067E-10
   6.850E+06 6.559E+01 2.140E+15 8.049E+01 8.590E+02 1.602E+06 3.113E-12 8.127E-10 8.609E-08 3.600E-03 4.896E-05 2.080E-07 4.662E-06 4.546E+14 5.839E+06 2.297E+01 4.023E-07 4.005E-08 2.728E-09 1.259E-09 4.836E-09 6.228E-12 2.788E-09 2.203E-10 1.116E-16 1.193E-22 1.110E-14 7.559E-07 4.034E-09 1.397E-06 5.062E-08 3.669E-10
   6.950E+06 5.638E+01 1.860E+15 5.697E+01 9.375E+02 1.154E+06 7.132E-12 8.874E-10 1.100E-07 3.599E-03 4.902E-05 1.724E-07 4.582E-06 3.950E+14 5.936E+06 1.898E+01 4.083E-07 4.235E-08 3.192E-09 1.475E-09 4.713E-09 6.375E-12 4.034E-09 2.742E-10 9.694E-17 8.455E-23 1.035E-14 8.106E-07 5.833E-09 1.471E-06 4.913E-08 3.300E-10
   7.050E+06 4.836E+01 1.622E+15 4.037E+01 1.067E+03 8.318E+05 1.493E-11 9.682E-10 1.462E-07 3.597E-03 4.907E-05 1.426E-07 4.499E-06 3.444E+14 6.224E+06 1.563E+01 4.142E-07 4.473E-08 3.838E-09 1.772E-09 4.603E-09 6.855E-12 5.833E-09 3.485E-10 8.833E-17 6.513E-23 1.011E-14 8.497E-07 8.740E-09 1.549E-06 4.757E-08 2.959E-10
   7.150E+06 4.140E+01 1.399E+15 2.764E+01 1.241E+03 5.765E+05 2.868E-11 1.069E-09 2.011E-07 3.596E-03 4.911E-05 1.146E-07 4.412E-06 2.972E+14 6.503E+06 1.262E+01 4.200E-07 4.717E-08 4.647E-09 2.146E-09 4.508E-09 7.292E-12 8.740E-09 4.413E-10 7.798E-17 4.833E-23 9.884E-15 9.050E-07 1.316E-08 1.630E-06 4.597E-08 2.644E-10
   7.250E+06 3.540E+01 1.209E+15 1.918E+01 1.466E+03 4.026E+05 5.054E-11 1.183E-09 2.809E-07 3.594E-03 4.915E-05 9.261E-08 4.316E-06 2.568E+14 6.872E+06 1.032E+01 4.258E-07 4.966E-08 5.682E-09 2.614E-09 4.421E-09 7.794E-12 1.316E-08 5.569E-10 6.949E-17 3.586E-23 9.667E-15 9.631E-07 2.015E-08 1.717E-06 4.426E-08 2.342E-10
   7.350E+06 3.022E+01 1.041E+15 1.339E+01 1.716E+03 2.796E+05 8.259E-11 1.319E-09 3.918E-07 3.593E-03 4.919E-05 7.477E-08 4.208E-06 2.210E+14 7.202E+06 8.568E+00 4.314E-07 5.218E-08 6.919E-09 3.161E-09 4.337E-09 8.076E-12 2.015E-08 6.945E-10 6.002E-17 2.516E-23 9.221E-15 1.044E-06 3.089E-08 1.815E-06 4.237E-08 2.042E-10
   7.450E+06 2.576E+01 8.971E+14 9.691E+00 1.969E+03 1.983E+05 1.261E-10 1.473E-09 5.373E-07 3.591E-03 4.923E-05 6.156E-08 4.085E-06 1.905E+14 7.506E+06 7.385E+00 4.369E-07 5.472E-08 8.366E-09 3.774E-09 4.252E-09 8.121E-12 3.089E-08 8.487E-10 5.109E-17 1.687E-23 8.516E-15 1.146E-06 4.783E-08 1.925E-06 4.029E-08 1.746E-10
   7.550E+06 2.193E+01 7.696E+14 7.184E+00 2.183E+03 1.410E+05 1.816E-10 1.656E-09 7.189E-07 3.589E-03 4.926E-05 5.105E-08 3.946E-06 1.634E+14 7.603E+06 6.590E+00 4.422E-07 5.729E-08 9.879E-09 4.383E-09 4.166E-09 7.655E-12 4.783E-08 1.004E-09 4.110E-17 1.026E-23 7.453E-15 1.299E-06 7.377E-08 2.046E-06 3.805E-08 1.458E-10
   7.650E+06 1.864E+01 6.618E+14 5.518E+00 2.343E+03 1.018E+05 2.482E-10 1.862E-09 9.341E-07 3.586E-03 4.929E-05 4.287E-08 3.790E-06 1.405E+14 7.711E+06 6.106E+00 4.475E-07 5.989E-08 1.165E-08 5.051E-09 4.074E-09 7.062E-12 7.377E-08 1.157E-09 3.276E-17 5.959E-24 6.289E-15 1.478E-06 1.164E-07 2.178E-06 3.567E-08 1.183E-10
   7.750E+06 1.582E+01 5.658E+14 4.251E+00 2.413E+03 7.128E+04 3.248E-10 2.106E-09 1.179E-06 3.584E-03 4.932E-05 3.515E-08 3.617E-06 1.201E+14 7.838E+06 5.752E+00 4.526E-07 6.253E-08 1.385E-08 5.836E-09 3.972E-09 6.298E-12 1.164E-07 1.287E-09 2.500E-17 3.207E-24 5.063E-15 1.698E-06 1.942E-07 2.317E-06 3.321E-08 9.257E-11
   7.850E+06 1.340E+01 4.854E+14 3.416E+00 2.402E+03 5.162E+04 4.089E-10 2.378E-09 1.446E-06 3.579E-03 4.935E-05 2.971E-08 3.423E-06 1.030E+14 8.279E+06 5.670E+00 4.575E-07 6.521E-08 1.706E-08 6.887E-09 3.857E-09 5.425E-12 1.942E-07 1.340E-09 1.905E-17 1.624E-24 3.815E-15 2.008E-06 3.635E-07 2.456E-06 3.070E-08 6.907E-11
   7.950E+06 1.134E+01 4.136E+14 3.164E+00 2.284E+03 4.927E+04 4.985E-10 2.693E-09 1.727E-06 3.575E-03 4.938E-05 3.332E-08 3.198E-06 8.774E+13 6.780E+06 6.582E+00 4.624E-07 6.795E-08 1.639E-08 6.414E-09 3.725E-09 2.914E-12 3.635E-07 1.127E-09 1.124E-17 5.685E-25 2.261E-15 3.424E-06 6.659E-07 2.581E-06 2.818E-08 4.841E-11
   8.050E+06 9.578E+00 3.540E+14 3.784E+00 2.098E+03 7.701E+04 5.905E-10 3.030E-09 2.015E-06 3.559E-03 4.941E-05 6.113E-08 2.942E-06 7.507E+13 3.408E+06 9.955E+00 4.672E-07 7.074E-08 9.627E-09 3.683E-09 3.568E-09 7.509E-13 6.659E-07 7.216E-10 3.946E-18 1.396E-25 1.091E-15 9.706E-06 1.052E-06 2.670E-06 2.572E-08 3.169E-11
   8.150E+06 8.076E+00 3.005E+14 4.768E+00 1.851E+03 1.250E+05 6.836E-10 3.422E-09 2.302E-06 3.542E-03 4.943E-05 1.174E-07 2.676E-06 6.370E+13 1.493E+06 1.621E+01 4.718E-07 7.359E-08 4.970E-09 1.709E-09 3.387E-09 1.502E-13 1.052E-06 4.110E-10 8.886E-19 3.124E-26 5.032E-16 2.889E-05 1.466E-06 2.723E-06 2.333E-08 1.967E-11
   8.250E+06 6.799E+00 2.565E+14 5.687E+00 1.597E+03 1.814E+05 7.748E-10 3.830E-09 2.580E-06 3.504E-03 4.946E-05 2.018E-07 2.414E-06 5.435E+13 7.659E+05 2.499E+01 4.763E-07 7.649E-08 2.986E-09 8.432E-10 3.191E-09 3.946E-14 1.466E-06 2.265E-10 2.274E-19 6.904E-27 2.303E-16 7.062E-05 1.877E-06 2.753E-06 2.106E-08 1.179E-11
   8.350E+06 5.713E+00 2.169E+14 5.996E+00 1.336E+03 2.236E+05 8.643E-10 4.299E-09 2.846E-06 3.487E-03 4.948E-05 2.957E-07 2.164E-06 4.594E+13 4.297E+05 3.468E+01 4.807E-07 7.941E-08 1.981E-09 4.407E-10 2.989E-09 1.505E-14 1.877E-06 1.234E-10 7.765E-20 1.529E-27 1.053E-16 1.473E-04 2.267E-06 2.771E-06 1.893E-08 6.968E-12
   8.450E+06 4.795E+00 1.838E+14 5.912E+00 1.098E+03 2.547E+05 9.501E-10 4.801E-09 3.095E-06 3.459E-03 4.951E-05 4.006E-07 1.930E-06 3.889E+13 2.617E+05 4.511E+01 4.849E-07 8.234E-08 1.424E-09 2.454E-10 2.788E-09 8.214E-15 2.267E-06 6.680E-11 3.729E-20 3.386E-28 4.809E-17 2.715E-04 2.626E-06 2.781E-06 1.696E-08 4.116E-12
   8.550E+06 4.017E+00 1.557E+14 5.493E+00 8.879E+02 2.716E+05 1.032E-09 5.348E-09 3.325E-06 3.425E-03 4.953E-05 5.092E-07 1.715E-06 3.291E+13 1.666E+05 5.545E+01 4.890E-07 8.527E-08 1.070E-09 1.433E-10 2.592E-09 5.518E-15 2.626E-06 3.609E-11 2.186E-20 7.521E-29 2.197E-17 4.564E-04 2.949E-06 2.787E-06 1.515E-08 2.462E-12
   8.650E+06 3.363E+00 1.303E+14 4.597E+00 7.001E+02 2.580E+05 1.113E-09 6.007E-09 3.536E-06 3.426E-03 4.956E-05 5.778E-07 1.519E-06 2.751E+13 1.048E+05 6.257E+01 4.929E-07 8.818E-08 8.038E-10 8.578E-11 2.406E-09 4.002E-15 2.949E-06 1.947E-11 1.337E-20 1.682E-29 1.006E-17 7.169E-04 3.237E-06 2.791E-06 1.350E-08 1.508E-12
   8.750E+06 2.815E+00 1.091E+14 3.677E+00 5.454E+02 2.339E+05 1.193E-09 6.759E-09 3.724E-06 3.426E-03 4.958E-05 6.257E-07 1.343E-06 2.299E+13 6.659E+04 6.768E+01 4.966E-07 9.108E-08 6.104E-10 5.305E-11 2.230E-09 3.014E-15 3.237E-06 1.047E-11 8.474E-21 3.773E-30 4.601E-18 1.064E-03 3.490E-06 2.793E-06 1.200E-08 9.490E-13
   8.850E+06 2.356E+00 9.132E+13 2.831E+00 4.208E+02 2.036E+05 1.274E-09 7.631E-09 3.892E-06 3.427E-03 4.960E-05 6.507E-07 1.184E-06 1.921E+13 4.252E+04 7.059E+01 5.002E-07 9.395E-08 4.656E-10 3.375E-11 2.066E-09 2.306E-15 3.490E-06 5.621E-12 5.446E-21 8.502E-31 2.105E-18 1.508E-03 3.709E-06 2.795E-06 1.066E-08 6.156E-13
   8.950E+06 1.973E+00 7.645E+13 2.112E+00 3.223E+02 1.711E+05 1.375E-09 8.662E-09 4.041E-06 3.427E-03 4.962E-05 6.530E-07 1.043E-06 1.604E+13 2.713E+04 7.142E+01 5.037E-07 9.680E-08 3.549E-10 2.198E-11 1.916E-09 1.778E-15 3.709E-06 3.014E-12 3.523E-21 1.929E-31 9.636E-19 2.057E-03 3.897E-06 2.796E-06 9.465E-09 4.129E-13
   9.050E+06 1.652E+00 6.367E+13 1.505E+00 2.440E+02 1.354E+05 1.550E-09 9.926E-09 4.174E-06 3.445E-03 4.964E-05 6.174E-07 9.182E-07 1.332E+13 1.698E+04 6.953E+01 5.071E-07 9.963E-08 2.667E-10 1.452E-11 1.780E-09 1.367E-15 3.897E-06 1.614E-12 2.239E-21 4.418E-32 4.421E-19 2.719E-03 4.058E-06 2.796E-06 8.404E-09 2.867E-13
   9.150E+06 1.386E+00 5.285E+13 1.049E+00 1.833E+02 1.023E+05 1.912E-09 1.147E-08 4.292E-06 3.477E-03 4.966E-05 5.568E-07 8.081E-07 1.102E+13 1.047E+04 6.662E+01 5.104E-07 1.024E-07 1.981E-10 9.716E-12 1.658E-09 1.050E-15 4.058E-06 8.615E-13 1.407E-21 1.022E-32 2.030E-19 3.505E-03 4.193E-06 2.797E-06 7.464E-09 2.059E-13
   9.250E+06 1.165E+00 4.417E+13 7.660E-01 1.383E+02 7.785E+04 2.649E-09 1.328E-08 4.399E-06 3.492E-03 4.967E-05 5.046E-07 7.115E-07 9.168E+12 6.541E+03 6.618E+01 5.136E-07 1.052E-07 1.481E-10 6.634E-12 1.550E-09 8.167E-16 4.193E-06 4.591E-13 9.085E-22 2.394E-33 9.330E-20 4.419E-03 4.306E-06 2.796E-06 6.638E-09 1.527E-13
   9.350E+06 9.798E-01 3.687E+13 5.837E-01 1.041E+02 5.739E+04 4.030E-09 1.548E-08 4.500E-06 3.515E-03 4.969E-05 4.429E-07 6.276E-07 7.616E+12 4.046E+03 6.869E+01 5.168E-07 1.081E-07 1.097E-10 4.580E-12 1.456E-09 6.372E-16 4.306E-06 2.446E-13 5.850E-22 5.712E-34 4.298E-20 5.466E-03 4.399E-06 2.795E-06 5.919E-09 1.169E-13
   9.450E+06 8.254E-01 3.082E+13 4.801E-01 7.869E+01 4.164E+04 6.335E-09 1.813E-08 4.599E-06 3.536E-03 4.971E-05 3.821E-07 5.553E-07 6.331E+12 2.497E+03 7.659E+01 5.199E-07 1.109E-07 8.101E-11 3.200E-12 1.376E-09 5.008E-16 4.399E-06 1.305E-13 3.801E-22 1.396E-34 1.985E-20 6.648E-03 4.474E-06 2.793E-06 5.299E-09 9.233E-14
   9.550E+06 6.961E-01 2.586E+13 4.281E-01 5.999E+01 3.013E+04 9.801E-09 2.129E-08 4.698E-06 3.550E-03 4.972E-05 3.283E-07 4.937E-07 5.279E+12 1.547E+03 9.170E+01 5.230E-07 1.138E-07 5.983E-11 2.267E-12 1.309E-09 3.984E-16 4.474E-06 6.987E-14 2.518E-22 3.527E-35 9.205E-21 7.963E-03 4.532E-06 2.790E-06 4.771E-09 7.528E-14
   9.650E+06 5.878E-01 2.167E+13 4.009E-01 4.603E+01 2.121E+04 1.462E-08 2.507E-08 4.803E-06 3.569E-03 4.974E-05 2.743E-07 4.423E-07 4.393E+12 9.497E+02 1.147E+02 5.261E-07 1.169E-07 4.383E-11 1.619E-12 1.256E-09 3.187E-16 4.532E-06 3.773E-14 1.669E-22 9.301E-36 4.298E-21 9.406E-03 4.575E-06 2.786E-06 4.330E-09 6.342E-14
   9.750E+06 4.970E-01 1.818E+13 3.879E-01 3.578E+01 1.470E+04 2.089E-08 2.947E-08 4.912E-06 3.577E-03 4.975E-05 2.259E-07 4.006E-07 3.658E+12 5.817E+02 1.464E+02 5.292E-07 1.200E-07 3.199E-11 1.168E-12 1.216E-09 2.576E-16 4.575E-06 2.080E-14 1.119E-22 2.587E-36 2.038E-21 1.096E-02 4.603E-06 2.780E-06 3.971E-09 5.529E-14
   9.850E+06 4.209E-01 1.524E+13 3.816E-01 2.823E+01 9.916E+03 2.872E-08 3.447E-08 5.028E-06 3.583E-03 4.977E-05 1.815E-07 3.683E-07 3.041E+12 3.536E+02 1.874E+02 5.321E-07 1.232E-07 2.320E-11 8.495E-13 1.189E-09 2.099E-16 4.603E-06 1.218E-14 7.531E-23 7.697E-37 1.017E-21 1.262E-02 4.614E-06 2.773E-06 3.692E-09 4.996E-14
   9.950E+06 3.571E-01 1.280E+13 3.815E-01 2.278E+01 6.647E+03 3.822E-08 3.990E-08 5.149E-06 3.588E-03 4.978E-05 1.447E-07 3.456E-07 2.531E+12 2.160E+02 2.385E+02 5.351E-07 1.265E-07 1.687E-11 6.237E-13 1.174E-09 1.730E-16 4.614E-06 8.497E-15 5.136E-23 2.777E-37 6.088E-22 1.435E-02 0.000E+00 2.763E-06 3.493E-09 4.684E-14
