
     Z         PRESS      DEN     ProOH1    ProOH25    ProO3D    PO2D       PO2      PH2O      PO3D      PH2O2     FO3      FH2O      NumO2      NumOH      NumO1D     PN2O     PCH3CL      FOH      FHO2      FNO     FNO2      FH    FH2O2     FNO3    FN2O5    FHNO3      FO       FN      FH2     FCH4    FN2O
   5.000E+04 9.554E+05 2.448E+19 3.438E+05 1.613E+01 3.283E+06 0.000E+00 1.019E-16 6.903E-17 9.744E-06 2.565E-06 1.376E-08 9.541E-03 5.208E+17 3.109E+06 4.464E-03 1.776E-13 2.717E-15 1.270E-13 9.846E-12 7.305E-12 1.902E-11 4.915E-20 6.534E-10 1.135E-14 1.892E-16 1.039E-10 3.115E-16 4.092E-20 5.000E-07 8.080E-07 2.730E-07
   1.500E+05 8.456E+05 2.209E+19 2.533E+05 4.252E+01 3.525E+06 0.000E+00 3.350E-16 3.039E-16 1.057E-05 2.772E-06 1.510E-08 6.333E-03 4.701E+17 2.437E+06 5.466E-03 6.551E-13 1.199E-14 1.103E-13 8.982E-12 3.096E-12 7.133E-12 4.092E-20 6.443E-10 6.943E-15 6.557E-17 1.003E-10 4.018E-16 4.174E-20 4.994E-07 8.051E-07 2.728E-07
   2.500E+05 7.469E+05 1.984E+19 1.970E+05 1.054E+02 3.922E+06 0.000E+00 9.898E-16 1.224E-15 1.125E-05 2.953E-06 1.756E-08 4.338E-03 4.222E+17 2.286E+06 6.884E-03 2.158E-12 4.624E-14 1.152E-13 8.661E-12 2.296E-12 4.818E-12 4.174E-20 6.161E-10 6.022E-15 5.609E-17 1.016E-10 5.631E-16 4.238E-20 4.990E-07 8.028E-07 2.725E-07
   3.500E+05 6.582E+05 1.784E+19 1.357E+05 2.064E+02 4.456E+06 0.000E+00 2.616E-15 4.479E-15 1.166E-05 3.110E-06 2.143E-08 2.584E-03 3.797E+17 2.141E+06 8.808E-03 6.306E-12 1.555E-13 1.200E-13 8.236E-12 2.523E-12 4.813E-12 4.238E-20 5.583E-10 6.083E-15 9.520E-17 1.058E-10 8.165E-16 4.310E-20 4.987E-07 8.010E-07 2.723E-07
   4.500E+05 5.785E+05 1.603E+19 8.658E+04 3.331E+02 5.077E+06 0.000E+00 6.204E-15 1.450E-14 1.187E-05 3.247E-06 2.668E-08 1.433E-03 3.413E+17 2.007E+06 1.122E-02 1.634E-11 4.536E-13 1.252E-13 7.701E-12 3.170E-12 5.508E-12 4.310E-20 4.815E-10 6.477E-15 2.097E-16 1.109E-10 1.200E-15 4.252E-20 4.986E-07 7.995E-07 2.720E-07
   5.500E+05 5.069E+05 1.440E+19 4.928E+04 4.260E+02 5.691E+06 0.000E+00 1.329E-14 4.083E-14 1.190E-05 3.366E-06 3.320E-08 7.246E-04 3.066E+17 1.829E+06 1.397E-02 3.768E-11 1.148E-12 1.270E-13 6.913E-12 3.983E-12 6.235E-12 4.252E-20 3.942E-10 6.731E-15 4.886E-16 1.147E-10 1.750E-15 3.980E-20 4.985E-07 7.984E-07 2.716E-07
   6.500E+05 4.427E+05 1.292E+19 2.461E+04 4.388E+02 6.229E+06 0.000E+00 2.595E-14 1.027E-13 1.178E-05 3.470E-06 4.091E-08 3.306E-04 2.752E+17 1.582E+06 1.692E-02 7.801E-11 2.561E-12 1.225E-13 5.900E-12 4.522E-12 6.282E-12 3.980E-20 3.069E-10 6.535E-15 1.047E-15 1.157E-10 2.511E-15 3.592E-20 4.985E-07 7.975E-07 2.712E-07
   7.500E+05 3.851E+05 1.157E+19 1.068E+04 3.589E+02 6.637E+06 0.000E+00 4.672E-14 2.297E-13 1.152E-05 3.561E-06 4.978E-08 1.350E-04 2.465E+17 1.314E+06 1.992E-02 1.470E-10 5.119E-12 1.136E-13 4.849E-12 4.837E-12 5.870E-12 3.592E-20 2.297E-10 6.079E-15 2.232E-15 1.150E-10 3.547E-15 3.326E-20 4.985E-07 7.968E-07 2.708E-07
   8.500E+05 3.336E+05 1.033E+19 3.948E+03 2.251E+02 6.897E+06 8.469-162 7.843E-14 4.514E-13 1.117E-05 3.642E-06 5.977E-08 4.825E-05 2.201E+17 1.113E+06 2.289E-02 2.554E-10 9.278E-12 1.077E-13 3.942E-12 5.619E-12 5.874E-12 3.326E-20 1.687E-10 5.799E-15 5.735E-15 1.147E-10 4.952E-15 3.298E-20 4.985E-07 7.962E-07 2.704E-07
   9.500E+05 2.878E+05 9.185E+18 1.216E+03 1.067E+02 7.072E+06 3.714-123 1.240E-13 7.978E-13 1.077E-05 3.713E-06 7.149E-08 1.456E-05 1.957E+17 9.968E+05 2.605E-02 4.139E-10 1.550E-11 1.085E-13 3.246E-12 7.163E-12 6.452E-12 3.298E-20 1.232E-10 5.845E-15 1.496E-14 1.158E-10 6.956E-15 3.332E-20 4.985E-07 7.955E-07 2.698E-07
   1.050E+06 2.472E+05 8.105E+18 2.548E+02 3.030E+01 7.562E+06 3.332-104 1.861E-13 1.303E-12 1.039E-05 3.776E-06 8.977E-08 2.870E-06 1.727E+17 8.938E+05 3.115E-02 6.329E-10 2.426E-11 1.103E-13 2.643E-12 9.066E-12 7.423E-12 3.332E-20 8.454E-11 6.266E-15 3.186E-14 1.199E-10 1.048E-14 3.402E-20 4.984E-07 7.947E-07 2.690E-07
   1.150E+06 2.115E+05 7.088E+18 3.116E+02 4.097E+01 9.277E+06 2.538E-91 2.677E-13 2.011E-12 1.014E-05 3.834E-06 1.290E-07 2.874E-06 1.510E+17 7.993E+05 4.322E-02 9.227E-10 3.607E-11 1.128E-13 2.129E-12 1.166E-11 1.006E-11 3.402E-20 4.981E-11 8.023E-15 5.471E-14 1.335E-10 1.865E-14 3.269E-20 4.982E-07 7.929E-07 2.671E-07
   1.250E+06 1.804E+05 6.153E+18 4.467E+02 5.322E+01 1.331E+07 2.832E-80 3.738E-13 3.001E-12 1.006E-05 3.888E-06 2.149E-07 2.882E-06 1.311E+17 6.724E+05 7.081E-02 1.301E-09 5.176E-11 1.093E-13 1.713E-12 1.461E-11 1.577E-11 3.269E-20 2.597E-11 1.315E-14 1.248E-13 1.647E-10 3.952E-14 3.376E-20 4.977E-07 7.891E-07 2.628E-07
   1.350E+06 1.535E+05 5.314E+18 6.874E+02 6.814E+01 2.043E+07 8.320E-71 5.161E-13 4.425E-12 1.011E-05 3.943E-06 3.801E-07 2.898E-06 1.132E+17 6.175E+05 1.249E-01 1.805E-09 7.307E-11 1.162E-13 1.609E-12 1.811E-11 2.669E-11 3.376E-20 1.656E-11 2.675E-14 3.680E-13 2.273E-10 9.047E-14 3.879E-20 4.965E-07 7.814E-07 2.543E-07
   1.450E+06 1.304E+05 4.570E+18 1.027E+03 8.816E+01 3.030E+07 1.096E-62 7.190E-13 6.594E-12 1.037E-05 4.005E-06 6.392E-07 2.926E-06 9.735E+16 6.344E+05 2.140E-01 2.514E-09 1.035E-10 1.388E-13 1.767E-12 2.307E-11 4.488E-11 3.879E-20 1.561E-11 5.390E-14 1.056E-12 3.279E-10 1.999E-13 4.869E-20 4.944E-07 7.685E-07 2.402E-07
   1.550E+06 1.105E+05 3.909E+18 1.441E+03 1.170E+02 4.204E+07 1.027E-55 1.026E-12 1.010E-11 1.102E-05 4.082E-06 9.763E-07 2.965E-06 8.327E+16 6.860E+05 3.455E-01 3.564E-09 1.492E-10 1.755E-13 2.096E-12 3.060E-11 7.276E-11 4.869E-20 1.804E-11 9.518E-14 2.531E-12 4.579E-10 4.106E-13 6.893E-20 4.913E-07 7.502E-07 2.210E-07
   1.650E+06 9.360E+04 3.320E+18 1.948E+03 1.598E+02 5.591E+07 1.010E-49 1.505E-12 1.596E-11 1.230E-05 4.181E-06 1.369E-06 3.016E-06 7.072E+16 7.722E+05 5.401E-01 5.157E-09 2.196E-10 2.326E-13 2.666E-12 4.098E-11 1.130E-10 6.893E-20 2.341E-11 1.506E-13 5.089E-12 6.033E-10 8.008E-13 1.119E-19 4.869E-07 7.265E-07 1.973E-07
   1.750E+06 7.927E+04 2.804E+18 2.569E+03 2.237E+02 7.221E+07 1.436E-44 2.259E-12 2.592E-11 1.445E-05 4.313E-06 1.782E-06 3.078E-06 5.972E+16 9.066E+05 8.272E-01 7.574E-09 3.283E-10 3.233E-13 3.616E-12 5.432E-11 1.664E-10 1.119E-19 3.315E-11 2.191E-13 8.690E-12 7.438E-10 1.496E-12 2.008E-19 4.814E-07 6.979E-07 1.708E-07
   1.850E+06 6.717E+04 2.368E+18 3.318E+03 3.186E+02 9.111E+07 3.842E-40 3.431E-12 4.273E-11 1.758E-05 4.490E-06 2.188E-06 3.149E-06 5.044E+16 1.104E+06 1.238E+00 1.117E-08 4.935E-10 4.664E-13 5.028E-12 7.179E-11 2.311E-10 2.008E-19 4.864E-11 2.973E-13 1.276E-11 8.643E-10 2.651E-12 3.875E-19 4.749E-07 6.654E-07 1.432E-07
   1.950E+06 5.695E+04 2.003E+18 4.218E+03 4.561E+02 1.130E+08 2.444E-36 5.215E-12 7.060E-11 2.202E-05 4.725E-06 2.562E-06 3.226E-06 4.266E+16 1.392E+06 1.818E+00 1.638E-08 7.379E-10 6.951E-13 7.095E-12 9.376E-11 3.019E-10 3.875E-19 7.237E-11 3.797E-13 1.619E-11 9.558E-10 4.489E-12 7.885E-19 4.675E-07 6.302E-07 1.165E-07
   2.050E+06 4.830E+04 1.696E+18 5.292E+03 6.477E+02 1.383E+08 4.506E-33 7.865E-12 1.156E-10 2.826E-05 5.034E-06 2.886E-06 3.305E-06 3.611E+16 1.801E+06 2.630E+00 2.364E-08 1.086E-09 1.062E-12 1.008E-11 1.200E-10 3.714E-10 7.885E-19 1.071E-10 4.604E-13 1.791E-11 1.016E-09 7.346E-12 1.669E-18 4.596E-07 5.937E-07 9.235E-08
   2.150E+06 4.098E+04 1.436E+18 6.570E+03 9.026E+02 1.675E+08 2.853E-30 1.170E-11 1.857E-10 3.701E-05 5.438E-06 3.152E-06 3.386E-06 3.058E+16 2.363E+06 3.767E+00 3.334E-08 1.564E-09 1.646E-12 1.430E-11 1.502E-10 4.345E-10 1.669E-18 1.544E-10 5.355E-13 1.758E-11 1.046E-09 1.178E-11 3.646E-18 4.513E-07 5.569E-07 7.158E-08
   2.250E+06 3.479E+04 1.215E+18 8.062E+03 1.225E+03 2.007E+08 7.175E-28 1.709E-11 2.907E-10 4.927E-05 5.957E-06 3.351E-06 3.466E-06 2.588E+16 3.100E+06 5.339E+00 4.572E-08 2.189E-09 2.551E-12 1.994E-11 1.842E-10 4.878E-10 3.646E-18 2.113E-10 6.000E-13 1.554E-11 1.048E-09 1.870E-11 8.175E-18 4.429E-07 5.203E-07 5.440E-08
   2.350E+06 2.955E+04 1.028E+18 9.740E+03 1.609E+03 2.368E+08 8.128E-26 2.448E-11 4.416E-10 6.636E-05 6.618E-06 3.472E-06 3.546E-06 2.189E+16 4.031E+06 7.468E+00 6.082E-08 2.972E-09 3.922E-12 2.703E-11 2.220E-10 5.290E-10 8.175E-18 2.691E-10 6.472E-13 1.250E-11 1.024E-09 2.954E-11 1.878E-17 4.346E-07 4.842E-07 4.070E-08
   2.450E+06 2.512E+04 8.685E+17 1.153E+04 2.041E+03 2.740E+08 4.624E-24 3.433E-11 6.488E-10 9.002E-05 7.448E-06 3.505E-06 3.623E-06 1.849E+16 5.174E+06 1.026E+01 7.834E-08 3.906E-09 5.958E-12 3.527E-11 2.638E-10 5.552E-10 1.878E-17 3.144E-10 6.703E-13 9.173E-12 9.730E-10 4.659E-11 4.416E-17 4.266E-07 4.490E-07 3.006E-08
   2.550E+06 2.138E+04 7.337E+17 1.331E+04 2.498E+03 3.095E+08 1.453E-22 4.714E-11 9.208E-10 1.225E-04 8.478E-06 3.442E-06 3.698E-06 1.562E+16 6.559E+06 1.377E+01 9.770E-08 4.967E-09 8.940E-12 4.402E-11 3.096E-10 5.624E-10 4.416E-17 3.342E-10 6.642E-13 6.146E-12 8.984E-10 7.329E-11 1.061E-16 4.191E-07 4.147E-07 2.199E-08
   2.650E+06 1.823E+04 6.198E+17 1.494E+04 2.951E+03 3.400E+08 2.742E-21 6.330E-11 1.263E-09 1.672E-04 9.739E-06 3.280E-06 3.770E-06 1.320E+16 8.226E+06 1.798E+01 1.181E-07 6.120E-09 1.327E-11 5.241E-11 3.585E-10 5.473E-10 1.061E-16 3.224E-10 6.287E-13 3.753E-12 8.024E-10 1.149E-10 2.600E-16 4.124E-07 3.812E-07 1.597E-08
   2.750E+06 1.556E+04 5.237E+17 1.629E+04 3.368E+03 3.633E+08 3.343E-20 8.300E-11 1.675E-09 2.299E-04 1.126E-05 3.017E-06 3.839E-06 1.115E+16 1.024E+07 2.286E+01 1.384E-07 7.319E-09 1.955E-11 5.954E-11 4.094E-10 5.091E-10 2.600E-16 2.828E-10 5.675E-13 2.084E-12 6.901E-10 1.792E-10 6.485E-16 4.068E-07 3.491E-07 1.156E-08
   2.850E+06 1.330E+04 4.428E+17 1.731E+04 3.725E+03 3.790E+08 2.805E-19 1.059E-10 2.155E-09 3.217E-04 1.309E-05 2.660E-06 3.902E-06 9.431E+15 1.268E+07 2.836E+01 1.577E-07 8.515E-09 2.862E-11 6.473E-11 4.611E-10 4.497E-10 6.485E-16 2.275E-10 4.872E-13 1.047E-12 5.684E-10 2.780E-10 1.619E-15 4.029E-07 3.184E-07 8.373E-09
   2.950E+06 1.140E+04 3.749E+17 1.784E+04 4.006E+03 3.839E+08 1.715E-18 1.308E-10 2.698E-09 4.584E-04 1.522E-05 2.234E-06 3.961E-06 7.983E+15 1.550E+07 3.414E+01 1.752E-07 9.669E-09 4.135E-11 6.772E-11 5.114E-10 3.752E-10 1.619E-15 1.713E-10 3.947E-13 4.719E-13 4.425E-10 4.266E-10 3.870E-15 4.012E-07 2.892E-07 6.065E-09
   3.050E+06 9.784E+03 3.178E+17 1.747E+04 4.207E+03 3.703E+08 8.040E-18 1.559E-10 3.299E-09 6.463E-04 1.760E-05 1.802E-06 4.012E-06 6.769E+15 1.826E+07 3.907E+01 1.902E-07 1.076E-08 5.744E-11 6.906E-11 5.547E-10 2.968E-10 3.870E-15 1.265E-10 2.985E-13 1.904E-13 3.195E-10 6.387E-10 8.476E-15 4.027E-07 2.620E-07 4.408E-09
   3.150E+06 8.414E+03 2.704E+17 1.620E+04 4.347E+03 3.390E+08 3.019E-17 1.797E-10 3.965E-09 8.702E-04 2.004E-05 1.441E-06 4.054E-06 5.758E+15 2.033E+07 4.227E+01 2.030E-07 1.179E-08 7.519E-11 7.002E-11 5.808E-10 2.237E-10 8.476E-15 9.700E-11 2.108E-13 6.998E-14 2.128E-10 9.207E-10 1.701E-14 4.080E-07 2.374E-07 3.227E-09
   3.250E+06 7.246E+03 2.308E+17 1.440E+04 4.446E+03 2.986E+08 9.487E-17 2.018E-10 4.714E-09 1.105E-03 2.238E-05 1.171E-06 4.086E-06 4.915E+15 2.146E+07 4.380E+01 2.139E-07 1.278E-08 9.297E-11 7.174E-11 5.817E-10 1.616E-10 1.701E-14 7.948E-11 1.406E-13 2.388E-14 1.316E-10 1.284E-09 3.162E-14 4.180E-07 2.155E-07 2.376E-09
   3.350E+06 6.247E+03 1.981E+17 1.255E+04 4.535E+03 2.586E+08 2.577E-16 2.221E-10 5.574E-09 1.330E-03 2.451E-05 9.815E-07 4.107E-06 4.218E+15 2.185E+07 4.430E+01 2.234E-07 1.376E-08 1.103E-10 7.450E-11 5.576E-10 1.126E-10 3.162E-14 6.969E-11 9.040E-14 7.821E-15 7.760E-11 1.737E-09 5.558E-14 4.332E-07 1.963E-07 1.761E-09
   3.450E+06 5.388E+03 1.707E+17 1.078E+04 4.630E+03 2.216E+08 6.256E-16 2.412E-10 6.588E-09 1.537E-03 2.639E-05 8.444E-07 4.117E-06 3.635E+15 2.172E+07 4.407E+01 2.319E-07 1.473E-08 1.273E-10 7.833E-11 5.168E-10 7.644E-11 5.558E-14 6.437E-11 5.674E-14 2.502E-15 4.440E-11 2.293E-09 9.392E-14 4.539E-07 1.797E-07 1.315E-09
   3.550E+06 4.648E+03 1.474E+17 9.128E+03 4.742E+03 1.876E+08 1.394E-15 2.599E-10 7.814E-09 1.722E-03 2.803E-05 7.393E-07 4.117E-06 3.139E+15 2.126E+07 4.319E+01 2.396E-07 1.572E-08 1.442E-10 8.318E-11 4.681E-10 5.109E-11 9.392E-14 6.169E-11 3.499E-14 7.887E-16 2.495E-11 2.971E-09 1.520E-13 4.800E-07 1.654E-07 9.917E-10
   3.650E+06 4.007E+03 1.278E+17 7.668E+03 4.898E+03 1.582E+08 2.860E-15 2.781E-10 9.326E-09 1.882E-03 2.945E-05 6.574E-07 4.107E-06 2.722E+15 2.069E+07 4.186E+01 2.467E-07 1.674E-08 1.618E-10 8.894E-11 4.177E-10 3.404E-11 1.520E-13 6.128E-11 2.155E-14 2.537E-16 1.416E-11 3.747E-09 2.404E-13 5.111E-07 1.534E-07 7.575E-10
   3.750E+06 3.451E+03 1.110E+17 6.353E+03 5.091E+03 1.318E+08 5.481E-15 2.968E-10 1.122E-08 2.019E-03 3.066E-05 5.880E-07 4.090E-06 2.364E+15 2.004E+07 4.002E+01 2.534E-07 1.780E-08 1.806E-10 9.582E-11 3.702E-10 2.274E-11 2.404E-13 6.244E-11 1.325E-14 8.280E-17 8.111E-12 4.644E-09 3.728E-13 5.469E-07 1.430E-07 5.860E-10
   3.850E+06 2.969E+03 9.642E+16 5.186E+03 5.325E+03 1.085E+08 9.821E-15 3.166E-10 1.359E-08 2.135E-03 3.167E-05 5.268E-07 4.065E-06 2.053E+15 1.941E+07 3.773E+01 2.597E-07 1.891E-08 2.013E-10 1.040E-10 3.273E-10 1.535E-11 3.728E-13 6.515E-11 8.175E-15 2.768E-17 4.725E-12 5.655E-09 5.706E-13 5.872E-07 1.340E-07 4.586E-10
   3.950E+06 2.550E+03 8.374E+16 4.165E+03 5.590E+03 8.799E+07 1.651E-14 3.379E-10 1.655E-08 2.231E-03 3.252E-05 4.710E-07 4.033E-06 1.783E+15 1.884E+07 3.505E+01 2.656E-07 2.008E-08 2.249E-10 1.139E-10 2.902E-10 1.054E-11 5.706E-13 6.948E-11 5.096E-15 9.576E-18 2.821E-12 6.779E-09 8.681E-13 6.316E-07 1.260E-07 3.635E-10
   4.050E+06 2.186E+03 7.262E+16 3.283E+03 5.868E+03 7.014E+07 2.624E-14 3.617E-10 2.022E-08 2.308E-03 3.321E-05 4.185E-07 3.997E-06 1.546E+15 1.833E+07 3.204E+01 2.713E-07 2.133E-08 2.524E-10 1.258E-10 2.589E-10 7.405E-12 8.681E-13 7.551E-11 3.219E-15 3.439E-18 1.728E-12 8.023E-09 1.315E-12 6.801E-07 1.188E-07 2.913E-10
   4.150E+06 1.871E+03 6.287E+16 2.537E+03 6.139E+03 5.492E+07 3.979E-14 3.887E-10 2.469E-08 2.370E-03 3.377E-05 3.686E-07 3.954E-06 1.339E+15 1.791E+07 2.881E+01 2.768E-07 2.266E-08 2.848E-10 1.403E-10 2.329E-10 5.355E-12 1.315E-12 8.349E-11 2.072E-15 1.295E-18 1.092E-12 9.381E-09 1.986E-12 7.328E-07 1.121E-07 2.357E-10
   4.250E+06 1.599E+03 5.434E+16 1.926E+03 6.383E+03 4.228E+07 5.859E-14 4.194E-10 3.006E-08 2.418E-03 3.422E-05 3.218E-07 3.907E-06 1.157E+15 1.756E+07 2.552E+01 2.822E-07 2.408E-08 3.231E-10 1.576E-10 2.119E-10 4.015E-12 1.986E-12 9.378E-11 1.371E-15 5.188E-19 7.172E-13 1.084E-08 2.989E-12 7.893E-07 1.057E-07 1.926E-10
   4.350E+06 1.364E+03 4.689E+16 1.438E+03 6.579E+03 3.207E+07 8.832E-14 4.546E-10 3.639E-08 2.454E-03 3.457E-05 2.787E-07 3.857E-06 9.982E+14 1.727E+07 2.230E+01 2.874E-07 2.560E-08 3.683E-10 1.783E-10 1.954E-10 3.141E-12 2.989E-12 1.067E-10 9.389E-16 2.241E-19 4.925E-13 1.241E-08 4.489E-12 8.493E-07 9.951E-08 1.591E-10
   4.450E+06 1.161E+03 4.039E+16 1.058E+03 6.720E+03 2.400E+07 1.549E-13 4.946E-10 4.377E-08 2.482E-03 3.484E-05 2.395E-07 3.802E-06 8.598E+14 1.702E+07 1.926E+01 2.925E-07 2.721E-08 4.214E-10 2.028E-10 1.827E-10 2.569E-12 4.489E-12 1.228E-10 6.677E-16 1.049E-19 3.540E-13 1.409E-08 6.734E-12 9.130E-07 9.346E-08 1.325E-10
   4.550E+06 9.866E+02 3.473E+16 7.680E+02 6.820E+03 1.774E+07 3.553E-13 5.400E-10 5.247E-08 2.501E-03 3.506E-05 2.041E-07 3.742E-06 7.394E+14 1.682E+07 1.644E+01 2.975E-07 2.891E-08 4.843E-10 2.318E-10 1.733E-10 2.200E-12 6.734E-12 1.429E-10 4.940E-16 5.329E-20 2.667E-13 1.587E-08 1.011E-11 9.811E-07 8.737E-08 1.112E-10
   4.650E+06 8.369E+02 2.981E+16 5.487E+02 6.943E+03 1.292E+07 9.743E-13 5.914E-10 6.329E-08 2.515E-03 3.523E-05 1.723E-07 3.679E-06 6.347E+14 1.672E+07 1.387E+01 3.024E-07 3.068E-08 5.607E-10 2.671E-10 1.666E-10 1.979E-12 1.011E-11 1.690E-10 3.816E-16 2.960E-20 2.120E-13 1.771E-08 1.526E-11 1.053E-06 8.121E-08 9.386E-11
   4.750E+06 7.085E+02 2.554E+16 3.838E+02 7.206E+03 9.230E+06 2.672E-12 6.498E-10 7.811E-08 2.524E-03 3.536E-05 1.432E-07 3.612E-06 5.437E+14 1.683E+07 1.149E+01 3.072E-07 3.252E-08 6.588E-10 3.128E-10 1.622E-10 1.880E-12 1.526E-11 2.053E-10 3.093E-16 1.813E-20 1.797E-13 1.952E-08 2.323E-11 1.130E-06 7.490E-08 7.969E-11
   4.850E+06 5.986E+02 2.184E+16 2.611E+02 7.764E+03 6.423E+06 6.678E-12 7.159E-10 1.005E-07 2.529E-03 3.546E-05 1.163E-07 3.539E-06 4.648E+14 1.729E+07 9.297E+00 3.119E-07 3.440E-08 7.920E-10 3.751E-10 1.597E-10 1.900E-12 2.323E-11 2.593E-10 2.651E-16 1.243E-20 1.645E-13 2.111E-08 3.590E-11 1.212E-06 6.838E-08 6.784E-11
   4.950E+06 5.049E+02 1.862E+16 1.722E+02 8.748E+03 4.337E+06 1.484E-11 7.924E-10 1.358E-07 2.527E-03 3.555E-05 9.220E-08 3.461E-06 3.962E+14 1.821E+07 7.327E+00 3.165E-07 3.632E-08 9.783E-10 4.628E-10 1.587E-10 2.040E-12 3.590E-11 3.411E-10 2.407E-16 9.495E-21 1.621E-13 2.243E-08 5.648E-11 1.299E-06 6.167E-08 5.785E-11
   5.050E+06 4.251E+02 1.583E+16 1.108E+02 1.019E+04 2.858E+06 2.942E-11 8.829E-10 1.907E-07 2.514E-03 3.561E-05 7.184E-08 3.377E-06 3.368E+14 1.954E+07 5.663E+00 3.209E-07 3.826E-08 1.235E-09 5.837E-10 1.589E-10 2.285E-12 5.648E-11 4.611E-10 2.294E-16 7.863E-21 1.680E-13 2.362E-08 9.045E-11 1.392E-06 5.485E-08 4.932E-11
   5.150E+06 3.574E+02 1.342E+16 7.081E+01 1.198E+04 1.871E+06 5.261E-11 9.909E-10 2.717E-07 2.501E-03 3.566E-05 5.577E-08 3.288E-06 2.855E+14 2.110E+07 4.374E+00 3.251E-07 4.021E-08 1.573E-09 7.430E-10 1.599E-10 2.599E-12 9.045E-11 6.274E-10 2.248E-16 6.732E-21 1.763E-13 2.500E-08 1.469E-10 1.490E-06 4.810E-08 4.200E-11
   5.250E+06 3.000E+02 1.135E+16 4.570E+01 1.390E+04 1.233E+06 8.596E-11 1.120E-09 3.834E-07 2.488E-03 3.570E-05 4.368E-08 3.193E-06 2.415E+14 2.266E+07 3.427E+00 3.292E-07 4.217E-08 1.997E-09 9.411E-10 1.614E-10 2.927E-12 1.469E-10 8.418E-10 2.212E-16 5.687E-21 1.816E-13 2.688E-08 2.407E-10 1.593E-06 4.163E-08 3.572E-11
   5.350E+06 2.516E+02 9.584E+15 3.003E+01 1.563E+04 8.243E+05 1.300E-10 1.273E-09 5.273E-07 2.475E-03 3.574E-05 3.475E-08 3.092E-06 2.040E+14 2.399E+07 2.748E+00 3.332E-07 4.414E-08 2.503E-09 1.175E-09 1.633E-10 3.213E-12 2.407E-10 1.100E-09 2.137E-16 4.570E-21 1.798E-13 2.952E-08 3.950E-10 1.701E-06 3.560E-08 3.029E-11
   5.450E+06 2.107E+02 8.084E+15 2.018E+01 1.691E+04 5.601E+05 1.840E-10 1.452E-09 7.011E-07 2.461E-03 3.577E-05 2.816E-08 2.984E-06 1.720E+14 2.494E+07 2.263E+00 3.370E-07 4.613E-08 3.085E-09 1.439E-09 1.654E-10 3.412E-12 3.950E-10 1.393E-09 2.000E-16 3.434E-21 1.699E-13 3.311E-08 6.464E-10 1.815E-06 3.009E-08 2.554E-11
   5.550E+06 1.763E+02 6.813E+15 1.386E+01 1.758E+04 3.863E+05 2.465E-10 1.659E-09 8.995E-07 2.446E-03 3.580E-05 2.319E-08 2.869E-06 1.450E+14 2.543E+07 1.914E+00 3.407E-07 4.814E-08 3.732E-09 1.724E-09 1.675E-10 3.496E-12 6.464E-10 1.706E-09 1.796E-16 2.387E-21 1.525E-13 3.783E-08 1.053E-09 1.935E-06 2.516E-08 2.134E-11
   5.650E+06 1.473E+02 5.734E+15 9.704E+00 1.756E+04 2.693E+05 3.150E-10 1.893E-09 1.115E-06 2.430E-03 3.583E-05 1.933E-08 2.746E-06 1.220E+14 2.542E+07 1.659E+00 3.443E-07 5.018E-08 4.434E-09 2.022E-09 1.695E-10 3.453E-12 1.053E-09 2.019E-09 1.537E-16 1.522E-21 1.301E-13 4.391E-08 1.703E-09 2.060E-06 2.089E-08 1.766E-11
   5.750E+06 1.229E+02 4.819E+15 6.902E+00 1.690E+04 1.890E+05 3.870E-10 2.155E-09 1.340E-06 2.414E-03 3.585E-05 1.625E-08 2.617E-06 1.025E+14 2.495E+07 1.469E+00 3.477E-07 5.224E-08 5.177E-09 2.323E-09 1.713E-10 3.287E-12 1.703E-09 2.307E-09 1.250E-16 8.897E-22 1.055E-13 5.164E-08 2.733E-09 2.190E-06 1.728E-08 1.447E-11
   5.850E+06 1.024E+02 4.046E+15 4.973E+00 1.572E+04 1.333E+05 4.602E-10 2.443E-09 1.566E-06 2.397E-03 3.587E-05 1.375E-08 2.482E-06 8.606E+13 2.406E+07 1.326E+00 3.510E-07 5.431E-08 5.948E-09 2.614E-09 1.726E-10 3.017E-12 2.733E-09 2.549E-09 9.674E-17 4.770E-22 8.151E-14 6.138E-08 4.368E-09 2.325E-06 1.427E-08 1.171E-11
   5.950E+06 8.524E+01 3.389E+15 3.614E+00 1.417E+04 9.412E+04 5.324E-10 2.758E-09 1.786E-06 2.381E-03 3.589E-05 1.166E-08 2.341E-06 7.208E+13 2.282E+07 1.217E+00 3.542E-07 5.638E-08 6.732E-09 2.887E-09 1.735E-10 2.662E-12 4.368E-09 2.718E-09 7.076E-17 2.323E-22 5.972E-14 7.382E-08 6.962E-09 2.464E-06 1.177E-08 9.328E-12
   6.050E+06 7.088E+01 2.833E+15 2.645E+00 1.241E+04 6.646E+04 6.023E-10 3.100E-09 1.995E-06 2.369E-03 3.591E-05 9.904E-09 2.197E-06 6.024E+13 2.127E+07 1.134E+00 3.573E-07 5.843E-08 7.510E-09 3.128E-09 1.739E-10 2.253E-12 6.962E-09 2.793E-09 4.891E-17 1.026E-22 4.152E-14 8.989E-08 1.103E-08 2.606E-06 9.742E-09 7.303E-12
   6.150E+06 5.889E+01 2.366E+15 1.952E+00 1.061E+04 4.714E+04 6.689E-10 3.469E-09 2.188E-06 2.356E-03 3.593E-05 8.458E-09 2.050E-06 5.030E+13 1.952E+07 1.071E+00 3.601E-07 6.046E-08 8.253E-09 3.323E-09 1.736E-10 1.831E-12 1.103E-08 2.769E-09 3.227E-17 4.175E-23 2.748E-14 1.107E-07 1.761E-08 2.748E-06 8.100E-09 5.606E-12
   6.250E+06 4.890E+01 1.968E+15 1.444E+00 8.860E+03 3.332E+04 7.322E-10 3.880E-09 2.365E-06 2.351E-03 3.594E-05 7.202E-09 1.904E-06 4.184E+13 1.758E+07 1.025E+00 3.629E-07 6.246E-08 8.934E-09 3.462E-09 1.727E-10 1.412E-12 1.761E-08 2.641E-09 1.997E-17 1.528E-23 1.718E-14 1.391E-07 2.808E-08 2.887E-06 6.776E-09 4.196E-12
   6.350E+06 4.059E+01 1.635E+15 1.072E+00 7.262E+03 2.354E+04 7.922E-10 4.335E-09 2.523E-06 2.349E-03 3.596E-05 6.128E-09 1.761E-06 3.476E+13 1.562E+07 9.905E-01 3.654E-07 6.440E-08 9.552E-09 3.545E-09 1.711E-10 1.045E-12 2.808E-08 2.451E-09 1.190E-17 5.196E-24 1.032E-14 1.769E-07 4.573E-08 3.022E-06 5.713E-09 3.041E-12
   6.450E+06 3.369E+01 1.357E+15 7.867E-01 5.860E+03 1.587E+04 8.514E-10 4.846E-09 2.662E-06 2.349E-03 3.597E-05 4.977E-09 1.621E-06 2.885E+13 1.460E+07 9.503E-01 3.679E-07 6.630E-08 1.075E-08 3.763E-09 1.688E-10 7.820E-13 4.573E-08 2.259E-09 7.173E-18 1.734E-24 6.140E-15 2.178E-07 9.707E-08 3.149E-06 4.854E-09 2.095E-12
   6.550E+06 2.798E+01 1.123E+15 5.963E-01 4.619E+03 1.152E+04 9.222E-10 5.437E-09 2.785E-06 2.359E-03 3.598E-05 4.349E-09 1.477E-06 2.387E+13 1.542E+07 9.574E-01 3.702E-07 6.814E-08 1.373E-08 4.333E-09 1.659E-10 5.076E-13 9.707E-08 1.965E-09 4.262E-18 5.248E-25 3.427E-15 3.105E-07 3.028E-07 3.262E-06 4.152E-09 1.313E-12
   6.650E+06 2.325E+01 9.296E+14 7.340E-01 3.488E+03 2.769E+04 1.041E-09 6.109E-09 2.892E-06 2.368E-03 3.599E-05 1.257E-08 1.298E-06 1.975E+13 5.535E+06 1.622E+00 3.724E-07 6.992E-08 5.955E-09 2.068E-09 1.623E-10 6.893E-14 3.028E-07 1.127E-09 1.055E-18 1.054E-25 1.417E-15 1.920E-06 5.768E-07 3.339E-06 3.578E-09 7.045E-13
   6.750E+06 1.934E+01 7.687E+14 1.282E+00 2.587E+03 7.809E+04 1.296E-09 6.881E-09 2.985E-06 2.383E-03 3.601E-05 4.262E-08 1.127E-06 1.633E+13 1.302E+06 3.953E+00 3.744E-07 7.164E-08 1.694E-09 5.385E-10 1.575E-10 5.696E-15 5.768E-07 5.884E-10 1.064E-19 2.156E-26 5.995E-16 1.273E-05 8.322E-07 3.369E-06 3.105E-09 3.448E-13
   6.850E+06 1.611E+01 6.352E+14 1.656E+00 1.914E+03 1.232E+05 1.844E-09 7.762E-09 3.069E-06 2.403E-03 3.602E-05 8.072E-08 9.817E-07 1.348E+13 5.422E+05 7.115E+00 3.764E-07 7.330E-08 8.536E-10 2.041E-10 1.521E-10 1.615E-15 8.322E-07 3.134E-10 2.622E-20 4.691E-27 2.639E-16 4.089E-05 1.056E-06 3.383E-06 2.716E-09 1.657E-13
   6.950E+06 1.344E+01 5.258E+14 1.777E+00 1.420E+03 1.495E+05 2.903E-09 8.749E-09 3.145E-06 2.421E-03 3.603E-05 1.174E-07 8.590E-07 1.114E+13 2.855E+05 1.057E+01 3.782E-07 7.489E-08 5.431E-10 9.499E-11 1.464E-10 9.703E-16 1.056E-06 1.709E-10 1.314E-20 1.083E-27 1.205E-16 9.296E-05 1.246E-06 3.390E-06 2.393E-09 8.152E-14
   7.050E+06 1.123E+01 4.356E+14 1.718E+00 1.060E+03 1.562E+05 4.709E-09 9.847E-09 3.217E-06 2.440E-03 3.604E-05 1.469E-07 7.565E-07 9.211E+12 1.663E+05 1.405E+01 3.800E-07 7.642E-08 3.816E-10 4.993E-11 1.408E-10 7.251E-16 1.246E-06 9.529E-11 8.116E-21 2.653E-28 5.710E-17 1.734E-04 1.406E-06 3.394E-06 2.126E-09 4.206E-14
   7.150E+06 9.398E+00 3.615E+14 1.567E+00 7.979E+02 1.480E+05 7.464E-09 1.105E-08 3.290E-06 2.459E-03 3.605E-05 1.665E-07 6.710E-07 7.622E+12 1.016E+05 1.746E+01 3.816E-07 7.789E-08 2.810E-10 2.855E-11 1.354E-10 5.700E-16 1.406E-06 5.452E-11 5.258E-21 6.914E-29 2.816E-17 2.842E-04 1.546E-06 3.396E-06 1.904E-09 2.312E-14
   7.250E+06 7.876E+00 3.005E+14 1.388E+00 6.034E+02 1.323E+05 1.132E-08 1.236E-08 3.364E-06 2.477E-03 3.606E-05 1.778E-07 5.970E-07 6.311E+12 6.356E+04 2.097E+01 3.832E-07 7.929E-08 2.115E-10 1.719E-11 1.301E-10 4.536E-16 1.546E-06 3.155E-11 3.447E-21 1.870E-29 1.422E-17 4.305E-04 1.672E-06 3.398E-06 1.713E-09 1.340E-14
   7.350E+06 6.609E+00 2.509E+14 1.222E+00 4.577E+02 1.160E+05 1.638E-08 1.375E-08 3.441E-06 2.487E-03 3.606E-05 1.858E-07 5.302E-07 5.244E+12 4.063E+04 2.494E+01 3.846E-07 8.063E-08 1.619E-10 1.072E-11 1.248E-10 3.632E-16 1.672E-06 1.813E-11 2.293E-21 5.074E-30 7.190E-18 6.215E-04 1.786E-06 3.399E-06 1.541E-09 8.049E-15
   7.450E+06 5.551E+00 2.097E+14 1.062E+00 3.470E+02 9.831E+04 2.282E-08 1.522E-08 3.521E-06 2.497E-03 3.607E-05 1.878E-07 4.700E-07 4.355E+12 2.611E+04 2.930E+01 3.860E-07 8.190E-08 1.245E-10 6.861E-12 1.194E-10 2.907E-16 1.786E-06 1.032E-11 1.525E-21 1.378E-30 3.633E-18 8.622E-04 1.889E-06 3.401E-06 1.385E-09 5.013E-15
   7.550E+06 4.666E+00 1.755E+14 9.175E-01 2.631E+02 8.135E+04 3.086E-08 1.676E-08 3.606E-06 2.505E-03 3.608E-05 1.850E-07 4.157E-07 3.618E+12 1.686E+04 3.424E+01 3.872E-07 8.310E-08 9.603E-11 4.498E-12 1.141E-10 2.327E-16 1.889E-06 5.833E-12 1.017E-21 3.743E-31 1.834E-18 1.157E-03 1.982E-06 3.402E-06 1.245E-09 3.243E-15
   7.650E+06 3.924E+00 1.475E+14 7.948E-01 1.999E+02 6.657E+04 4.078E-08 1.836E-08 3.695E-06 2.508E-03 3.608E-05 1.800E-07 3.670E-07 3.012E+12 1.097E+04 4.001E+01 3.883E-07 8.423E-08 7.437E-11 3.015E-12 1.090E-10 1.869E-16 1.982E-06 3.277E-12 6.863E-22 1.017E-31 9.252E-19 1.509E-03 2.067E-06 3.404E-06 1.118E-09 2.183E-15
   7.750E+06 3.301E+00 1.239E+14 6.863E-01 1.518E+02 5.312E+04 5.287E-08 2.004E-08 3.787E-06 2.510E-03 3.609E-05 1.708E-07 3.235E-07 2.504E+12 7.107E+03 4.666E+01 3.893E-07 8.527E-08 5.735E-11 2.053E-12 1.040E-10 1.501E-16 2.067E-06 1.834E-12 4.627E-22 2.770E-32 4.669E-19 1.921E-03 2.144E-06 3.407E-06 1.005E-09 1.533E-15
   7.850E+06 2.777E+00 1.042E+14 5.911E-01 1.152E+02 4.145E+04 6.738E-08 2.178E-08 3.884E-06 2.512E-03 3.610E-05 1.584E-07 2.847E-07 2.078E+12 4.583E+03 5.433E+01 3.903E-07 8.622E-08 4.399E-11 1.417E-12 9.935E-11 1.206E-16 2.144E-06 1.025E-12 3.122E-22 7.561E-33 2.357E-19 2.399E-03 2.215E-06 3.410E-06 9.037E-10 1.124E-15
   7.950E+06 2.337E+00 8.760E+13 5.080E-01 8.735E+01 3.170E+04 8.457E-08 2.357E-08 3.984E-06 2.513E-03 3.610E-05 1.440E-07 2.503E-07 1.722E+12 2.939E+03 6.317E+01 3.911E-07 8.708E-08 3.355E-11 9.887E-13 9.497E-11 9.698E-17 2.215E-06 5.720E-13 2.111E-22 2.070E-33 1.191E-19 2.943E-03 2.281E-06 3.414E-06 8.131E-10 8.628E-16
   8.050E+06 1.967E+00 7.367E+13 4.354E-01 6.618E+01 2.376E+04 1.048E-07 2.540E-08 4.086E-06 2.515E-03 3.610E-05 1.283E-07 2.199E-07 1.425E+12 1.872E+03 7.330E+01 3.918E-07 8.785E-08 2.541E-11 6.967E-13 9.097E-11 7.815E-17 2.281E-06 3.195E-13 1.429E-22 5.694E-34 6.031E-20 3.559E-03 2.344E-06 3.418E-06 7.321E-10 6.933E-16
   8.150E+06 1.656E+00 6.183E+13 3.715E-01 4.999E+01 1.726E+04 1.285E-07 2.725E-08 4.189E-06 2.521E-03 3.611E-05 1.108E-07 1.930E-07 1.173E+12 1.176E+03 8.499E+01 3.924E-07 8.853E-08 1.902E-11 4.938E-13 8.739E-11 6.293E-17 2.344E-06 1.785E-13 9.616E-23 1.575E-34 3.061E-20 4.250E-03 2.404E-06 3.424E-06 6.599E-10 5.824E-16
   8.250E+06 1.396E+00 5.184E+13 3.165E-01 3.769E+01 1.224E+04 1.565E-07 2.913E-08 4.291E-06 2.530E-03 3.611E-05 9.327E-08 1.694E-07 9.627E+11 7.309E+02 9.858E+01 3.929E-07 8.912E-08 1.410E-11 3.521E-13 8.426E-11 5.077E-17 2.404E-06 9.974E-14 6.457E-23 4.385E-35 1.557E-20 5.021E-03 2.464E-06 3.431E-06 5.956E-10 5.100E-16
   8.350E+06 1.177E+00 4.351E+13 2.704E-01 2.841E+01 8.544E+03 1.900E-07 3.111E-08 4.393E-06 2.540E-03 3.611E-05 7.732E-08 1.487E-07 7.886E+11 4.522E+02 1.145E+02 3.934E-07 8.963E-08 1.039E-11 2.528E-13 8.161E-11 4.117E-17 2.464E-06 5.576E-14 4.361E-23 1.231E-35 7.947E-21 5.873E-03 2.523E-06 3.440E-06 5.383E-10 4.632E-16
   8.450E+06 9.945E-01 3.631E+13 2.308E-01 2.130E+01 5.668E+03 2.308E-07 3.343E-08 4.492E-06 2.551E-03 3.611E-05 6.118E-08 1.305E-07 6.406E+11 2.735E+02 1.339E+02 3.938E-07 9.006E-08 7.532E-12 1.815E-13 7.946E-11 3.326E-17 2.523E-06 3.109E-14 2.889E-23 3.490E-36 4.074E-21 6.811E-03 2.584E-06 3.449E-06 4.874E-10 4.338E-16
   8.550E+06 8.419E-01 3.031E+13 1.978E-01 1.595E+01 3.668E+03 2.807E-07 3.630E-08 4.588E-06 2.556E-03 3.612E-05 4.734E-08 1.147E-07 5.188E+11 1.643E+02 1.572E+02 3.941E-07 9.042E-08 5.420E-12 1.309E-13 7.776E-11 2.696E-17 2.584E-06 1.726E-14 1.914E-23 1.000E-36 2.097E-21 7.838E-03 2.647E-06 3.460E-06 4.422E-10 4.160E-16
   8.650E+06 7.145E-01 2.537E+13 1.704E-01 1.198E+01 2.354E+03 3.414E-07 3.992E-08 4.680E-06 2.560E-03 3.612E-05 3.626E-08 1.009E-07 4.198E+11 9.879E+01 1.848E+02 3.943E-07 9.072E-08 3.895E-12 9.503E-14 7.649E-11 2.203E-17 2.647E-06 9.537E-15 1.281E-23 2.902E-37 1.086E-21 8.952E-03 2.714E-06 3.472E-06 4.020E-10 4.058E-16
   8.750E+06 6.083E-01 2.106E+13 1.457E-01 8.931E+00 1.413E+03 4.141E-07 4.452E-08 4.767E-06 2.565E-03 3.612E-05 2.615E-08 8.895E-08 3.360E+11 5.784E+01 2.176E+02 3.946E-07 9.097E-08 2.746E-12 6.873E-14 7.559E-11 1.782E-17 2.714E-06 5.206E-15 8.288E-24 8.535E-38 5.660E-22 1.016E-02 2.783E-06 3.485E-06 3.665E-10 4.000E-16
   8.850E+06 5.201E-01 1.753E+13 1.238E-01 6.674E+00 8.354E+02 4.971E-07 4.999E-08 4.847E-06 2.569E-03 3.612E-05 1.855E-08 7.856E-08 2.686E+11 3.391E+01 2.536E+02 3.947E-07 9.118E-08 1.934E-12 4.997E-14 7.496E-11 1.447E-17 2.783E-06 2.798E-15 5.377E-24 2.544E-38 2.971E-22 1.144E-02 2.856E-06 3.498E-06 3.349E-10 3.963E-16
   8.950E+06 4.466E-01 1.466E+13 1.042E-01 5.019E+00 4.951E+02 5.879E-07 5.610E-08 4.920E-06 2.574E-03 3.612E-05 1.312E-08 6.960E-08 2.152E+11 2.014E+01 2.904E+02 3.949E-07 9.135E-08 1.374E-12 3.665E-14 7.451E-11 1.183E-17 2.856E-06 1.479E-15 3.534E-24 7.704E-39 1.573E-22 1.280E-02 2.933E-06 3.509E-06 3.070E-10 3.930E-16
   9.050E+06 3.852E-01 1.219E+13 8.601E-02 3.761E+00 2.769E+02 6.829E-07 6.262E-08 4.986E-06 2.580E-03 3.612E-05 8.806E-09 6.188E-08 1.709E+11 1.185E+01 3.276E+02 3.950E-07 9.148E-08 9.724E-13 2.680E-14 7.419E-11 9.566E-18 2.933E-06 7.613E-16 2.248E-24 2.371E-39 8.417E-23 1.423E-02 3.012E-06 3.519E-06 2.824E-10 3.888E-16
   9.150E+06 3.342E-01 1.016E+13 6.991E-02 2.831E+00 1.522E+02 7.775E-07 6.917E-08 5.043E-06 2.587E-03 3.612E-05 5.792E-09 5.524E-08 1.357E+11 7.163E+00 3.619E+02 3.951E-07 9.159E-08 7.050E-13 1.968E-14 7.393E-11 7.731E-18 3.012E-06 3.793E-16 1.425E-24 7.420E-40 4.555E-23 1.573E-02 3.093E-06 3.525E-06 2.606E-10 3.832E-16
   9.250E+06 2.916E-01 8.529E+12 5.627E-02 2.153E+00 8.467E+01 8.680E-07 7.546E-08 5.093E-06 2.593E-03 3.612E-05 3.828E-09 4.956E-08 1.083E+11 4.634E+00 3.908E+02 3.952E-07 9.168E-08 5.433E-13 1.460E-14 7.370E-11 6.293E-18 3.093E-06 1.831E-16 9.188E-25 2.370E-40 2.498E-23 1.726E-02 3.175E-06 3.527E-06 2.414E-10 3.758E-16
   9.350E+06 2.557E-01 7.188E+12 4.490E-02 1.651E+00 4.690E+01 9.522E-07 8.131E-08 5.136E-06 2.600E-03 3.612E-05 2.509E-09 4.472E-08 8.670E+10 3.347E+00 4.142E+02 3.952E-07 9.175E-08 4.657E-13 1.090E-14 7.349E-11 5.132E-18 3.175E-06 8.539E-17 5.944E-25 7.749E-41 1.392E-23 1.884E-02 3.255E-06 3.524E-06 2.246E-10 3.668E-16
   9.450E+06 2.255E-01 6.042E+12 3.540E-02 1.269E+00 2.489E+01 1.029E-06 8.669E-08 5.173E-06 2.609E-03 3.612E-05 1.579E-09 4.060E-08 6.914E+10 2.963E+00 4.331E+02 3.953E-07 9.181E-08 4.905E-13 8.114E-15 7.327E-11 4.142E-18 3.255E-06 3.807E-17 3.749E-25 2.596E-41 7.892E-24 2.045E-02 3.331E-06 3.516E-06 2.097E-10 3.565E-16
   9.550E+06 2.001E-01 5.120E+12 2.792E-02 9.888E-01 1.342E+01 1.096E-06 9.149E-08 5.203E-06 2.612E-03 3.612E-05 1.003E-09 3.711E-08 5.556E+10 3.269E+00 4.458E+02 3.953E-07 9.186E-08 6.385E-13 6.099E-15 7.305E-11 3.371E-18 3.331E-06 1.632E-17 2.412E-25 8.950E-42 4.574E-24 2.209E-02 3.400E-06 3.500E-06 1.967E-10 3.451E-16
   9.650E+06 1.785E-01 4.371E+12 2.209E-02 7.812E-01 7.368E+00 1.155E-06 9.572E-08 5.229E-06 2.614E-03 3.612E-05 6.449E-10 3.418E-08 4.497E+10 4.174E+00 4.531E+02 3.954E-07 9.190E-08 9.549E-13 4.623E-15 7.282E-11 2.764E-18 3.400E-06 6.767E-18 1.579E-25 3.188E-42 2.728E-24 2.374E-02 3.458E-06 3.480E-06 1.852E-10 3.332E-16
   9.750E+06 1.599E-01 3.754E+12 1.751E-02 6.252E-01 4.100E+00 1.204E-06 6.752E-08 5.251E-06 2.615E-03 3.612E-05 4.176E-10 3.171E-08 3.664E+10 5.718E+00 4.548E+02 3.954E-07 9.192E-08 1.523E-12 3.527E-15 7.260E-11 2.280E-18 3.458E-06 2.742E-18 1.048E-25 1.181E-42 1.702E-24 2.541E-02 3.502E-06 3.456E-06 1.751E-10 3.209E-16
   9.850E+06 1.440E-01 3.234E+12 1.397E-02 5.054E-01 2.272E+00 1.248E-06 7.037E-08 5.268E-06 2.617E-03 3.612E-05 2.685E-10 2.966E-08 2.995E+10 8.275E+00 4.544E+02 3.954E-07 9.192E-08 2.559E-12 2.692E-15 7.236E-11 1.880E-18 3.502E-06 1.122E-18 6.959E-26 4.690E-43 1.146E-24 2.710E-02 3.524E-06 3.431E-06 1.661E-10 3.086E-16
   9.950E+06 1.303E-01 2.804E+12 1.123E-02 4.142E-01 1.303E+00 1.285E-06 7.280E-08 5.283E-06 2.618E-03 3.612E-05 1.775E-10 2.796E-08 2.465E+10 1.185E+01 4.509E+02 3.954E-07 9.192E-08 4.227E-12 2.062E-15 7.213E-11 1.562E-18 3.524E-06 5.583E-19 4.697E-26 2.283E-43 8.785E-25 2.879E-02 0.000E+00 3.407E-06 1.582E-10 2.966E-16
