
     Z         PRESS      DEN     ProOH1    ProOH25    ProO3D    PO2D       PO2      PH2O      PO3D      PH2O2     FO3      FH2O      NumO2      NumOH      NumO1D     PN2O     PCH3CL      FOH      FHO2      FNO     FNO2      FH    FH2O2     FNO3    FN2O5    FHNO3      FO       FN      FH2     FCH4    FN2O
   5.000E+04 9.562E+05 2.410E+19 3.704E+05 4.179E+01 2.685E+06 0.000E+00 2.901E-16 1.332E-16 9.730E-06 2.418E-06 1.145E-08 1.302E-02 5.127E+17 3.067E+06 3.593E-03 4.181E-13 4.751E-15 1.272E-13 1.065E-11 7.883E-12 1.998E-11 5.551E-20 7.415E-10 1.033E-14 1.314E-16 1.061E-10 3.044E-16 5.043E-20 5.000E-07 8.080E-07 2.730E-07
   1.500E+05 8.485E+05 2.163E+19 3.100E+05 1.114E+02 2.802E+06 0.000E+00 8.273E-16 5.082E-16 1.056E-05 2.614E-06 1.226E-08 1.014E-02 4.602E+17 2.524E+06 4.292E-03 1.342E-12 1.926E-14 1.167E-13 1.028E-11 3.251E-12 7.467E-12 5.043E-20 7.516E-10 6.265E-15 3.820E-17 1.032E-10 3.973E-16 4.907E-20 4.991E-07 8.043E-07 2.728E-07
   2.500E+05 7.515E+05 1.954E+19 2.317E+05 2.380E+02 3.101E+06 0.000E+00 2.175E-15 1.845E-15 1.115E-05 2.789E-06 1.423E-08 6.602E-03 4.159E+17 2.302E+06 5.428E-03 3.991E-12 7.027E-14 1.178E-13 9.707E-12 2.399E-12 4.905E-12 4.907E-20 7.309E-10 5.169E-15 3.186E-17 1.049E-10 5.474E-16 5.343E-20 4.985E-07 8.013E-07 2.725E-07
   3.500E+05 6.641E+05 1.758E+19 1.835E+05 4.743E+02 3.594E+06 0.000E+00 5.194E-15 6.117E-15 1.163E-05 2.946E-06 1.758E-08 4.411E-03 3.742E+17 2.300E+06 7.123E-03 1.067E-11 2.226E-13 1.309E-13 9.627E-12 2.464E-12 4.682E-12 5.343E-20 6.828E-10 5.329E-15 4.697E-17 1.099E-10 8.151E-16 5.677E-20 4.981E-07 7.989E-07 2.722E-07
   4.500E+05 5.856E+05 1.581E+19 1.313E+05 7.846E+02 4.214E+06 0.000E+00 1.133E-14 1.876E-14 1.189E-05 3.088E-06 2.242E-08 2.645E-03 3.365E+17 2.240E+06 9.407E-03 2.583E-11 6.257E-13 1.417E-13 9.317E-12 2.941E-12 5.195E-12 5.677E-20 6.102E-10 5.804E-15 9.478E-17 1.163E-10 1.244E-15 5.837E-20 4.979E-07 7.969E-07 2.719E-07
   5.500E+05 5.149E+05 1.421E+19 8.434E+04 1.069E+03 4.891E+06 0.000E+00 2.265E-14 5.192E-14 1.197E-05 3.217E-06 2.874E-08 1.448E-03 3.027E+17 2.117E+06 1.221E-02 5.665E-11 1.555E-12 1.489E-13 8.699E-12 3.670E-12 5.969E-12 5.837E-20 5.203E-10 6.275E-15 2.155E-16 1.219E-10 1.891E-15 5.735E-20 4.977E-07 7.953E-07 2.715E-07
   6.500E+05 4.515E+05 1.277E+19 4.778E+04 1.178E+03 5.541E+06 0.000E+00 4.164E-14 1.279E-13 1.190E-05 3.336E-06 3.644E-08 7.209E-04 2.720E+17 1.914E+06 1.537E-02 1.125E-10 3.411E-12 1.499E-13 7.759E-12 4.410E-12 6.498E-12 5.735E-20 4.226E-10 6.437E-15 4.842E-16 1.251E-10 2.823E-15 5.327E-20 4.977E-07 7.940E-07 2.711E-07
   7.500E+05 3.945E+05 1.147E+19 2.326E+04 1.046E+03 6.095E+06 0.000E+00 7.093E-14 2.859E-13 1.171E-05 3.447E-06 4.540E-08 3.190E-04 2.443E+17 1.638E+06 1.870E-02 2.039E-10 6.701E-12 1.428E-13 6.587E-12 4.918E-12 6.427E-12 5.327E-20 3.282E-10 6.166E-15 1.036E-15 1.252E-10 4.112E-15 4.803E-20 4.977E-07 7.931E-07 2.706E-07
   8.500E+05 3.434E+05 1.028E+19 9.628E+03 7.275E+02 6.501E+06 7.546-168 1.129E-13 5.703E-13 1.140E-05 3.553E-06 5.552E-08 1.241E-04 2.189E+17 1.356E+06 2.202E-02 3.405E-10 1.191E-11 1.320E-13 5.406E-12 5.313E-12 6.039E-12 4.803E-20 2.476E-10 5.715E-15 2.315E-15 1.239E-10 5.867E-15 4.447E-20 4.977E-07 7.922E-07 2.701E-07
   9.500E+05 2.977E+05 9.179E+18 3.278E+03 3.764E+02 6.803E+06 4.391-113 1.694E-13 1.011E-12 1.101E-05 3.653E-06 6.730E-08 4.058E-05 1.956E+17 1.149E+06 2.547E-02 5.298E-10 1.939E-11 1.252E-13 4.407E-12 6.129E-12 6.009E-12 4.447E-20 1.842E-10 5.497E-15 6.173E-15 1.232E-10 8.317E-15 4.253E-20 4.977E-07 7.915E-07 2.696E-07
   1.050E+06 2.570E+05 8.162E+18 8.247E+02 1.254E+02 7.397E+06 1.837E-91 2.422E-13 1.627E-12 1.061E-05 3.750E-06 8.542E-08 9.438E-06 1.739E+17 1.005E+06 3.073E-02 7.777E-10 2.941E-11 1.231E-13 3.554E-12 7.475E-12 6.594E-12 4.253E-20 1.288E-10 5.831E-15 1.704E-14 1.251E-10 1.247E-14 4.514E-20 4.976E-07 7.905E-07 2.687E-07
   1.150E+06 2.209E+05 7.207E+18 9.769E+02 1.617E+02 9.114E+06 2.680E-79 3.330E-13 2.459E-12 1.024E-05 3.845E-06 1.235E-07 9.121E-06 1.535E+17 9.800E+05 4.232E-02 1.091E-09 4.234E-11 1.360E-13 3.012E-12 9.594E-12 8.720E-12 4.514E-20 8.043E-11 7.970E-15 3.164E-14 1.363E-10 2.172E-14 4.679E-20 4.975E-07 7.884E-07 2.667E-07
   1.250E+06 1.892E+05 6.313E+18 1.266E+03 1.899E+02 1.291E+07 5.811E-69 4.462E-13 3.588E-12 9.976E-06 3.940E-06 2.050E-07 8.381E-06 1.345E+17 9.404E+05 6.767E-02 1.484E-09 5.891E-11 1.490E-13 2.654E-12 1.167E-11 1.282E-11 4.679E-20 4.860E-11 1.392E-14 7.761E-14 1.650E-10 4.463E-14 4.891E-20 4.971E-07 7.842E-07 2.624E-07
   1.350E+06 1.615E+05 5.488E+18 1.560E+03 1.937E+02 1.958E+07 2.151E-60 5.926E-13 5.164E-12 9.949E-06 4.038E-06 3.586E-07 6.836E-06 1.169E+17 9.225E+05 1.170E-01 1.989E-09 8.061E-11 1.681E-13 2.582E-12 1.407E-11 2.031E-11 4.891E-20 3.542E-11 2.790E-14 2.364E-13 2.230E-10 9.943E-14 5.064E-20 4.962E-07 7.759E-07 2.538E-07
   1.450E+06 1.375E+05 4.743E+18 1.745E+03 1.853E+02 2.875E+07 1.926E-53 7.936E-13 7.480E-12 1.014E-05 4.145E-06 5.978E-07 5.224E-06 1.010E+17 8.907E+05 1.972E-01 2.673E-09 1.104E-10 1.878E-13 2.591E-12 1.854E-11 3.411E-11 5.064E-20 2.997E-11 5.269E-14 7.005E-13 3.141E-10 2.155E-13 5.543E-20 4.945E-07 7.625E-07 2.398E-07
   1.550E+06 1.168E+05 4.080E+18 1.947E+03 1.922E+02 3.949E+07 9.102E-48 1.087E-12 1.108E-11 1.065E-05 4.268E-06 9.090E-07 4.253E-06 8.692E+16 8.701E+05 3.130E-01 3.650E-09 1.536E-10 2.132E-13 2.687E-12 2.630E-11 5.698E-11 5.543E-20 2.757E-11 8.738E-14 1.717E-12 4.302E-10 4.335E-13 6.931E-20 4.919E-07 7.439E-07 2.208E-07
   1.650E+06 9.909E+04 3.493E+18 2.267E+03 2.235E+02 5.173E+07 4.928E-43 1.532E-12 1.689E-11 1.165E-05 4.415E-06 1.271E-06 3.789E-06 7.442E+16 9.029E+05 4.764E-01 5.091E-09 2.183E-10 2.584E-13 3.004E-12 3.777E-11 9.026E-11 6.931E-20 2.881E-11 1.310E-13 3.445E-12 5.602E-10 8.183E-13 1.062E-19 4.883E-07 7.201E-07 1.976E-07
   1.750E+06 8.395E+04 2.974E+18 2.920E+03 3.024E+02 6.564E+07 5.323E-39 2.216E-12 2.642E-11 1.340E-05 4.596E-06 1.647E-06 3.849E-06 6.334E+16 1.050E+06 7.084E-01 7.231E-09 3.157E-10 3.529E-13 3.844E-12 5.181E-11 1.303E-10 1.062E-19 3.710E-11 1.824E-13 5.604E-12 6.923E-10 1.471E-12 1.854E-19 4.838E-07 6.919E-07 1.720E-07
   1.850E+06 7.110E+04 2.518E+18 3.708E+03 4.141E+02 8.192E+07 1.595E-35 3.258E-12 4.199E-11 1.619E-05 4.820E-06 2.010E-06 3.917E-06 5.363E+16 1.272E+06 1.044E+00 1.036E-08 4.607E-10 5.053E-13 5.210E-12 6.932E-11 1.781E-10 1.854E-19 5.190E-11 2.395E-13 7.909E-12 8.101E-10 2.564E-12 3.552E-19 4.784E-07 6.601E-07 1.455E-07
   1.950E+06 6.024E+04 2.127E+18 4.652E+03 5.685E+02 1.008E+08 1.568E-32 4.816E-12 6.697E-11 2.027E-05 5.098E-06 2.338E-06 3.991E-06 4.530E+16 1.591E+06 1.524E+00 1.481E-08 6.708E-10 7.481E-13 7.279E-12 9.068E-11 2.307E-10 3.552E-19 7.503E-11 2.990E-13 9.804E-12 9.033E-10 4.329E-12 7.175E-19 4.723E-07 6.257E-07 1.197E-07
   2.050E+06 5.106E+04 1.798E+18 5.756E+03 7.755E+02 1.223E+08 5.867E-30 7.089E-12 1.060E-10 2.597E-05 5.445E-06 2.619E-06 4.067E-06 3.830E+16 2.033E+06 2.190E+00 2.094E-08 9.661E-10 1.130E-12 1.021E-11 1.165E-10 2.833E-10 7.175E-19 1.075E-10 3.560E-13 1.075E-11 9.671E-10 7.067E-12 1.499E-18 4.657E-07 5.902E-07 9.623E-08
   2.150E+06 4.330E+04 1.522E+18 7.047E+03 1.043E+03 1.469E+08 9.542E-28 1.033E-11 1.654E-10 3.384E-05 5.875E-06 2.853E-06 4.144E-06 3.241E+16 2.625E+06 3.111E+00 2.910E-08 1.367E-09 1.725E-12 1.417E-11 1.467E-10 3.321E-10 1.499E-18 1.494E-10 4.066E-13 1.055E-11 1.001E-09 1.125E-11 3.218E-18 4.588E-07 5.543E-07 7.577E-08
   2.250E+06 3.674E+04 1.289E+18 8.547E+03 1.376E+03 1.749E+08 7.580E-26 1.486E-11 2.530E-10 4.469E-05 6.410E-06 3.036E-06 4.221E-06 2.745E+16 3.396E+06 4.377E+00 3.961E-08 1.895E-09 2.635E-12 1.932E-11 1.812E-10 3.738E-10 3.218E-18 1.977E-10 4.474E-13 9.381E-12 1.006E-09 1.765E-11 7.087E-18 4.519E-07 5.187E-07 5.857E-08
   2.350E+06 3.118E+04 1.091E+18 1.026E+04 1.773E+03 2.061E+08 3.254E-24 2.106E-11 3.781E-10 5.968E-05 7.074E-06 3.165E-06 4.296E-06 2.324E+16 4.367E+06 6.099E+00 5.272E-08 2.567E-09 4.002E-12 2.568E-11 2.196E-10 4.065E-10 7.087E-18 2.463E-10 4.747E-13 7.610E-12 9.833E-10 2.745E-11 1.601E-17 4.450E-07 4.838E-07 4.456E-08
   2.450E+06 2.647E+04 9.238E+17 1.216E+04 2.224E+03 2.400E+08 8.228E-23 2.942E-11 5.510E-10 8.042E-05 7.899E-06 3.231E-06 4.369E-06 1.967E+16 5.566E+06 8.405E+00 6.852E-08 3.393E-09 6.025E-12 3.312E-11 2.613E-10 4.278E-10 1.601E-17 2.865E-10 4.853E-13 5.649E-12 9.338E-10 4.256E-11 3.716E-17 4.384E-07 4.497E-07 3.345E-08
   2.550E+06 2.249E+04 7.815E+17 1.418E+04 2.713E+03 2.752E+08 1.320E-21 4.048E-11 7.817E-10 1.092E-04 8.923E-06 3.225E-06 4.440E-06 1.664E+16 7.028E+06 1.142E+01 8.691E-08 4.373E-09 8.992E-12 4.130E-11 3.055E-10 4.353E-10 3.716E-17 3.091E-10 4.771E-13 3.836E-12 8.599E-10 6.596E-11 8.856E-17 4.323E-07 4.165E-07 2.481E-08
   2.650E+06 1.913E+04 6.607E+17 1.622E+04 3.213E+03 3.097E+08 1.434E-20 5.481E-11 1.079E-09 1.494E-04 1.019E-05 3.137E-06 4.509E-06 1.407E+16 8.800E+06 1.524E+01 1.076E-07 5.494E-09 1.332E-11 4.967E-11 3.508E-10 4.266E-10 8.856E-17 3.081E-10 4.504E-13 2.376E-12 7.649E-10 1.023E-10 2.163E-16 4.269E-07 3.841E-07 1.820E-08
   2.750E+06 1.628E+04 5.584E+17 1.817E+04 3.696E+03 3.415E+08 1.114E-19 7.294E-11 1.447E-09 2.066E-04 1.175E-05 2.959E-06 4.574E-06 1.189E+16 1.096E+07 1.996E+01 1.299E-07 6.730E-09 1.963E-11 5.749E-11 3.954E-10 4.002E-10 2.163E-16 2.829E-10 4.075E-13 1.338E-12 6.549E-10 1.586E-10 5.394E-16 4.226E-07 3.528E-07 1.325E-08
   2.850E+06 1.388E+04 4.721E+17 1.994E+04 4.133E+03 3.691E+08 6.498E-19 9.512E-11 1.889E-09 2.907E-04 1.367E-05 2.690E-06 4.635E-06 1.005E+16 1.360E+07 2.563E+01 1.531E-07 8.047E-09 2.882E-11 6.400E-11 4.376E-10 3.572E-10 5.394E-16 2.400E-10 3.529E-13 6.819E-13 5.370E-10 2.455E-10 1.357E-15 4.198E-07 3.228E-07 9.599E-09
   2.950E+06 1.185E+04 3.992E+17 2.127E+04 4.497E+03 3.883E+08 2.972E-18 1.210E-10 2.401E-09 4.163E-04 1.599E-05 2.336E-06 4.691E-06 8.502E+15 1.673E+07 3.203E+01 1.764E-07 9.401E-09 4.190E-11 6.870E-11 4.756E-10 3.018E-10 1.357E-15 1.902E-10 2.904E-13 3.121E-13 4.169E-10 3.782E-10 3.331E-15 4.191E-07 2.940E-07 6.917E-09
   3.050E+06 1.013E+04 3.378E+17 2.165E+04 4.771E+03 3.902E+08 1.110E-17 1.496E-10 2.979E-09 5.961E-04 1.872E-05 1.938E-06 4.741E-06 7.193E+15 1.996E+07 3.825E+01 1.986E-07 1.075E-08 5.911E-11 7.165E-11 5.067E-10 2.416E-10 3.331E-15 1.452E-10 2.239E-13 1.273E-13 3.014E-10 5.737E-10 7.661E-15 4.212E-07 2.669E-07 4.975E-09
   3.150E+06 8.678E+03 2.860E+17 2.075E+04 4.957E+03 3.699E+08 3.515E-17 1.790E-10 3.623E-09 8.288E-04 2.172E-05 1.560E-06 4.783E-06 6.091E+15 2.261E+07 4.307E+01 2.192E-07 1.207E-08 7.905E-11 7.378E-11 5.261E-10 1.842E-10 7.661E-15 1.121E-10 1.599E-13 4.628E-14 2.003E-10 8.477E-10 1.625E-14 4.269E-07 2.420E-07 3.588E-09
   3.250E+06 7.446E+03 2.426E+17 1.883E+04 5.074E+03 3.326E+08 9.749E-17 2.081E-10 4.343E-09 1.096E-03 2.481E-05 1.251E-06 4.816E-06 5.166E+15 2.417E+07 4.593E+01 2.378E-07 1.335E-08 9.961E-11 7.625E-11 5.275E-10 1.340E-10 1.625E-14 9.067E-11 1.060E-13 1.516E-14 1.220E-10 1.217E-09 3.208E-14 4.371E-07 2.194E-07 2.594E-09
   3.350E+06 6.401E+03 2.063E+17 1.649E+04 5.150E+03 2.894E+08 2.434E-16 2.363E-10 5.161E-09 1.376E-03 2.782E-05 1.020E-06 4.838E-06 4.393E+15 2.468E+07 4.723E+01 2.545E-07 1.460E-08 1.196E-10 7.975E-11 5.098E-10 9.349E-11 3.208E-14 7.749E-11 6.648E-14 4.599E-15 6.918E-11 1.705E-09 5.980E-14 4.525E-07 1.991E-07 1.881E-09
   3.450E+06 5.511E+03 1.761E+17 1.416E+04 5.216E+03 2.474E+08 5.575E-16 2.635E-10 6.109E-09 1.651E-03 3.066E-05 8.510E-07 4.849E-06 3.749E+15 2.448E+07 4.752E+01 2.697E-07 1.585E-08 1.390E-10 8.441E-11 4.777E-10 6.312E-11 5.980E-14 6.954E-11 4.042E-14 1.341E-15 3.749E-11 2.338E-09 1.062E-13 4.738E-07 1.812E-07 1.371E-09
   3.550E+06 4.750E+03 1.509E+17 1.200E+04 5.291E+03 2.094E+08 1.188E-15 2.899E-10 7.232E-09 1.915E-03 3.329E-05 7.247E-07 4.850E-06 3.213E+15 2.385E+07 4.706E+01 2.836E-07 1.710E-08 1.581E-10 9.014E-11 4.379E-10 4.177E-11 1.062E-13 6.485E-11 2.425E-14 3.871E-16 1.988E-11 3.136E-09 1.807E-13 5.011E-07 1.658E-07 1.006E-09
   3.650E+06 4.097E+03 1.298E+17 1.005E+04 5.393E+03 1.758E+08 2.365E-15 3.159E-10 8.584E-09 2.163E-03 3.571E-05 6.259E-07 4.840E-06 2.764E+15 2.302E+07 4.597E+01 2.965E-07 1.837E-08 1.774E-10 9.684E-11 3.964E-10 2.748E-11 1.807E-13 6.238E-11 1.453E-14 1.136E-16 1.056E-11 4.104E-09 2.964E-13 5.342E-07 1.526E-07 7.466E-10
   3.750E+06 3.534E+03 1.120E+17 8.314E+03 5.525E+03 1.460E+08 4.430E-15 3.419E-10 1.023E-08 2.394E-03 3.791E-05 5.441E-07 4.820E-06 2.386E+15 2.210E+07 4.422E+01 3.085E-07 1.968E-08 1.973E-10 1.045E-10 3.563E-10 1.814E-11 2.964E-13 6.146E-11 8.740E-15 3.419E-17 5.677E-12 5.242E-09 4.706E-13 5.731E-07 1.414E-07 5.601E-10
   3.850E+06 3.048E+03 9.695E+16 6.778E+03 5.691E+03 1.198E+08 7.812E-15 3.680E-10 1.225E-08 2.606E-03 3.990E-05 4.741E-07 4.791E-06 2.064E+15 2.117E+07 4.187E+01 3.197E-07 2.104E-08 2.184E-10 1.133E-10 3.194E-10 1.213E-11 4.706E-13 6.191E-11 5.306E-15 1.070E-17 3.125E-12 6.530E-09 7.264E-13 6.178E-07 1.317E-07 4.246E-10
   3.950E+06 2.627E+03 8.407E+16 5.444E+03 5.890E+03 9.708E+07 1.301E-14 3.947E-10 1.474E-08 2.797E-03 4.168E-05 4.128E-07 4.754E-06 1.790E+15 2.030E+07 3.901E+01 3.302E-07 2.245E-08 2.415E-10 1.233E-10 2.866E-10 8.287E-12 7.264E-13 6.372E-11 3.273E-15 3.528E-18 1.782E-12 7.937E-09 1.100E-12 6.678E-07 1.232E-07 3.258E-10
   4.050E+06 2.262E+03 7.295E+16 4.294E+03 6.108E+03 7.741E+07 2.066E-14 4.226E-10 1.778E-08 2.965E-03 4.322E-05 3.579E-07 4.710E-06 1.553E+15 1.952E+07 3.572E+01 3.401E-07 2.392E-08 2.675E-10 1.351E-10 2.580E-10 5.816E-12 1.100E-12 6.687E-11 2.056E-15 1.229E-18 1.055E-12 9.449E-09 1.640E-12 7.230E-07 1.157E-07 2.527E-10
   4.150E+06 1.945E+03 6.331E+16 3.325E+03 6.333E+03 6.069E+07 3.168E-14 4.522E-10 2.147E-08 3.108E-03 4.454E-05 3.085E-07 4.659E-06 1.348E+15 1.884E+07 3.213E+01 3.495E-07 2.547E-08 2.976E-10 1.491E-10 2.334E-10 4.220E-12 1.640E-12 7.155E-11 1.323E-15 4.563E-19 6.517E-13 1.103E-08 2.425E-12 7.835E-07 1.089E-07 1.979E-10
   4.250E+06 1.671E+03 5.489E+16 2.524E+03 6.547E+03 4.673E+07 4.850E-14 4.843E-10 2.591E-08 3.226E-03 4.564E-05 2.639E-07 4.602E-06 1.169E+15 1.828E+07 2.840E+01 3.585E-07 2.710E-08 3.329E-10 1.657E-10 2.129E-10 3.184E-12 2.425E-12 7.793E-11 8.755E-16 1.817E-19 4.214E-13 1.268E-08 3.568E-12 8.488E-07 1.026E-07 1.566E-10
   4.350E+06 1.433E+03 4.753E+16 1.881E+03 6.737E+03 3.536E+07 7.972E-14 5.198E-10 3.122E-08 3.321E-03 4.654E-05 2.240E-07 4.541E-06 1.012E+15 1.782E+07 2.470E+01 3.670E-07 2.882E-08 3.748E-10 1.857E-10 1.960E-10 2.508E-12 3.568E-12 8.628E-11 5.990E-16 7.822E-20 2.863E-13 1.439E-08 5.242E-12 9.183E-07 9.662E-08 1.254E-10
   4.450E+06 1.227E+03 4.109E+16 1.377E+03 6.900E+03 2.632E+07 1.544E-13 5.593E-10 3.754E-08 3.395E-03 4.726E-05 1.887E-07 4.474E-06 8.747E+14 1.745E+07 2.117E+01 3.753E-07 3.063E-08 4.248E-10 2.096E-10 1.824E-10 2.066E-12 5.242E-12 9.696E-11 4.244E-16 3.639E-20 2.041E-13 1.615E-08 7.699E-12 9.922E-07 9.089E-08 1.015E-10
   4.550E+06 1.049E+03 3.546E+16 9.916E+02 7.049E+03 1.931E+07 3.557E-13 6.037E-10 4.516E-08 3.452E-03 4.782E-05 1.577E-07 4.402E-06 7.550E+14 1.720E+07 1.790E+01 3.832E-07 3.254E-08 4.849E-10 2.386E-10 1.715E-10 1.780E-12 7.699E-12 1.107E-10 3.117E-16 1.831E-20 1.528E-13 1.797E-08 1.133E-11 1.071E-06 8.523E-08 8.273E-11
   4.650E+06 8.962E+02 3.056E+16 7.030E+02 7.231E+03 1.396E+07 8.818E-13 6.537E-10 5.471E-08 3.494E-03 4.827E-05 1.307E-07 4.324E-06 6.506E+14 1.707E+07 1.495E+01 3.908E-07 3.454E-08 5.586E-10 2.742E-10 1.630E-10 1.604E-12 1.133E-11 1.286E-10 2.376E-16 9.989E-21 1.206E-13 1.981E-08 1.675E-11 1.155E-06 7.959E-08 6.801E-11
   4.750E+06 7.643E+02 2.630E+16 4.899E+02 7.517E+03 9.931E+06 2.131E-12 7.102E-10 6.737E-08 3.525E-03 4.861E-05 1.071E-07 4.242E-06 5.599E+14 1.714E+07 1.231E+01 3.982E-07 3.664E-08 6.517E-10 3.193E-10 1.565E-10 1.515E-12 1.675E-11 1.531E-10 1.883E-16 5.915E-21 1.006E-13 2.159E-08 2.491E-11 1.244E-06 7.390E-08 5.628E-11
   4.850E+06 6.509E+02 2.260E+16 3.348E+02 7.994E+03 6.943E+06 4.784E-12 7.744E-10 8.516E-08 3.547E-03 4.888E-05 8.661E-08 4.154E-06 4.811E+14 1.747E+07 9.969E+00 4.054E-07 3.882E-08 7.731E-10 3.782E-10 1.517E-10 1.501E-12 2.491E-11 1.876E-10 1.551E-16 3.804E-21 8.913E-14 2.325E-08 3.737E-11 1.339E-06 6.809E-08 4.678E-11
   4.950E+06 5.536E+02 1.939E+16 2.246E+02 8.741E+03 4.773E+06 9.846E-12 8.479E-10 1.110E-07 3.562E-03 4.909E-05 6.908E-08 4.059E-06 4.128E+14 1.811E+07 7.952E+00 4.124E-07 4.108E-08 9.340E-10 4.562E-10 1.483E-10 1.554E-12 3.737E-11 2.372E-10 1.329E-16 2.650E-21 8.373E-14 2.471E-08 5.662E-11 1.440E-06 6.216E-08 3.901E-11
   5.050E+06 4.701E+02 1.662E+16 1.485E+02 9.789E+03 3.237E+06 1.861E-11 9.327E-10 1.488E-07 3.572E-03 4.925E-05 5.452E-08 3.958E-06 3.537E+14 1.906E+07 6.273E+00 4.192E-07 4.342E-08 1.147E-09 5.593E-10 1.460E-10 1.666E-12 5.662E-11 3.076E-10 1.178E-16 1.970E-21 8.237E-14 2.604E-08 8.671E-11 1.548E-06 5.614E-08 3.258E-11
   5.150E+06 3.987E+02 1.422E+16 9.745E+01 1.111E+04 2.182E+06 3.254E-11 1.031E-09 2.028E-07 3.578E-03 4.938E-05 4.288E-08 3.851E-06 3.026E+14 2.022E+07 4.933E+00 4.259E-07 4.582E-08 1.422E-09 6.921E-10 1.446E-10 1.822E-12 8.671E-11 4.045E-10 1.071E-16 1.527E-21 8.312E-14 2.741E-08 1.343E-10 1.661E-06 5.016E-08 2.725E-11
   5.250E+06 3.376E+02 1.215E+16 6.411E+01 1.259E+04 1.473E+06 5.307E-11 1.146E-09 2.773E-07 3.582E-03 4.949E-05 3.386E-08 3.739E-06 2.585E+14 2.148E+07 3.901E+00 4.323E-07 4.828E-08 1.768E-09 8.578E-10 1.437E-10 1.999E-12 1.343E-10 5.318E-10 9.888E-17 1.200E-21 8.408E-14 2.905E-08 2.099E-10 1.779E-06 4.435E-08 2.283E-11
   5.350E+06 2.855E+02 1.036E+16 4.254E+01 1.410E+04 1.002E+06 8.140E-11 1.280E-09 3.757E-07 3.582E-03 4.958E-05 2.700E-08 3.620E-06 2.205E+14 2.270E+07 3.125E+00 4.386E-07 5.080E-08 2.190E-09 1.057E-09 1.433E-10 2.171E-12 2.099E-10 6.913E-10 9.153E-17 9.328E-22 8.366E-14 3.117E-08 3.307E-10 1.902E-06 3.883E-08 1.913E-11
   5.450E+06 2.411E+02 8.824E+15 2.858E+01 1.543E+04 6.876E+05 1.184E-10 1.436E-09 5.004E-07 3.580E-03 4.965E-05 2.176E-08 3.495E-06 1.878E+14 2.373E+07 2.547E+00 4.447E-07 5.338E-08 2.690E-09 1.290E-09 1.431E-10 2.313E-12 3.307E-10 8.811E-10 8.386E-17 7.001E-22 8.074E-14 3.400E-08 5.241E-10 2.032E-06 3.364E-08 1.598E-11
   5.550E+06 2.034E+02 7.502E+15 1.948E+01 1.644E+04 4.765E+05 1.642E-10 1.618E-09 6.519E-07 3.573E-03 4.972E-05 1.777E-08 3.362E-06 1.596E+14 2.450E+07 2.117E+00 4.506E-07 5.600E-08 3.265E-09 1.553E-09 1.431E-10 2.402E-12 5.241E-10 1.096E-09 7.529E-17 4.995E-22 7.495E-14 3.775E-08 8.341E-10 2.168E-06 2.882E-08 1.327E-11
   5.650E+06 1.713E+02 6.365E+15 1.347E+01 1.700E+04 3.324E+05 2.187E-10 1.827E-09 8.291E-07 3.557E-03 4.977E-05 1.468E-08 3.220E-06 1.354E+14 2.492E+07 1.796E+00 4.564E-07 5.868E-08 3.914E-09 1.842E-09 1.431E-10 2.423E-12 8.341E-10 1.325E-09 6.556E-17 3.337E-22 6.655E-14 4.266E-08 1.331E-09 2.311E-06 2.448E-08 1.095E-11
   5.750E+06 1.442E+02 5.390E+15 9.463E+00 1.704E+04 2.335E+05 2.809E-10 2.067E-09 1.029E-06 3.542E-03 4.983E-05 1.223E-08 3.073E-06 1.147E+14 2.496E+07 1.559E+00 4.620E-07 6.140E-08 4.631E-09 2.149E-09 1.431E-10 2.367E-12 1.331E-09 1.552E-09 5.498E-17 2.069E-22 5.638E-14 4.901E-08 2.118E-09 2.459E-06 2.066E-08 8.962E-12
   5.850E+06 1.212E+02 4.559E+15 6.768E+00 1.659E+04 1.654E+05 3.497E-10 2.338E-09 1.247E-06 3.526E-03 4.987E-05 1.029E-08 2.917E-06 9.698E+13 2.464E+07 1.386E+00 4.674E-07 6.416E-08 5.404E-09 2.463E-09 1.429E-10 2.238E-12 2.118E-09 1.763E-09 4.435E-17 1.192E-22 4.561E-14 5.709E-08 3.363E-09 2.613E-06 1.733E-08 7.260E-12
   5.950E+06 1.017E+02 3.850E+15 4.915E+00 1.568E+04 1.178E+05 4.234E-10 2.642E-09 1.478E-06 3.511E-03 4.991E-05 8.715E-09 2.755E-06 8.189E+13 2.395E+07 1.260E+00 4.727E-07 6.696E-08 6.221E-09 2.774E-09 1.425E-10 2.043E-12 3.363E-09 1.939E-09 3.427E-17 6.327E-23 3.516E-14 6.739E-08 5.323E-09 2.774E-06 1.447E-08 5.801E-12
   6.050E+06 8.536E+01 3.247E+15 3.622E+00 1.442E+04 8.433E+04 5.007E-10 2.978E-09 1.718E-06 3.497E-03 4.995E-05 7.428E-09 2.587E-06 6.906E+13 2.294E+07 1.170E+00 4.778E-07 6.979E-08 7.066E-09 3.068E-09 1.419E-10 1.798E-12 5.323E-09 2.061E-09 2.536E-17 3.102E-23 2.585E-14 8.053E-08 8.381E-09 2.938E-06 1.206E-08 4.570E-12
   6.150E+06 7.155E+01 2.736E+15 2.705E+00 1.295E+04 6.074E+04 5.804E-10 3.348E-09 1.960E-06 3.482E-03 4.999E-05 6.376E-09 2.415E-06 5.819E+13 2.165E+07 1.109E+00 4.827E-07 7.262E-08 7.915E-09 3.328E-09 1.409E-10 1.524E-12 8.381E-09 2.121E-09 1.802E-17 1.410E-23 1.814E-14 9.736E-08 1.314E-08 3.104E-06 1.005E-08 3.542E-12
   6.250E+06 5.992E+01 2.304E+15 2.044E+00 1.138E+04 4.403E+04 6.616E-10 3.754E-09 2.203E-06 3.465E-03 5.002E-05 5.515E-09 2.243E-06 4.900E+13 2.014E+07 1.069E+00 4.874E-07 7.546E-08 8.741E-09 3.541E-09 1.396E-10 1.243E-12 1.314E-08 2.110E-09 1.232E-17 5.958E-24 1.216E-14 1.191E-07 2.052E-08 3.270E-06 8.378E-09 2.694E-12
   6.350E+06 5.014E+01 1.939E+15 1.559E+00 9.812E+03 3.214E+04 7.438E-10 4.200E-09 2.443E-06 3.449E-03 5.005E-05 4.808E-09 2.072E-06 4.122E+13 1.843E+07 1.048E+00 4.919E-07 7.829E-08 9.506E-09 3.692E-09 1.379E-10 9.733E-13 2.052E-08 2.034E-09 8.107E-18 2.346E-24 7.803E-15 1.478E-07 3.197E-08 3.433E-06 7.012E-09 2.005E-12
   6.450E+06 4.191E+01 1.630E+15 1.197E+00 8.311E+03 2.354E+04 8.276E-10 4.692E-09 2.679E-06 3.431E-03 5.008E-05 4.210E-09 1.904E-06 3.465E+13 1.662E+07 1.039E+00 4.963E-07 8.110E-08 1.020E-08 3.779E-09 1.358E-10 7.331E-13 3.197E-08 1.914E-09 5.169E-18 8.679E-25 4.825E-15 1.855E-07 5.021E-08 3.590E-06 5.890E-09 1.449E-12
   6.550E+06 3.500E+01 1.369E+15 9.128E-01 6.925E+03 1.668E+04 9.165E-10 5.238E-09 2.907E-06 3.413E-03 5.010E-05 3.571E-09 1.740E-06 2.910E+13 1.543E+07 1.030E+00 5.004E-07 8.388E-08 1.128E-08 3.937E-09 1.332E-10 5.522E-13 5.021E-08 1.797E-09 3.282E-18 3.139E-25 2.964E-15 2.276E-07 9.275E-08 3.738E-06 4.964E-09 9.998E-13
   6.650E+06 2.920E+01 1.148E+15 6.996E-01 5.664E+03 1.156E+04 1.023E-09 5.850E-09 3.127E-06 3.395E-03 5.013E-05 2.966E-09 1.577E-06 2.441E+13 1.679E+07 1.036E+00 5.044E-07 8.662E-08 1.462E-08 4.580E-09 1.302E-10 4.124E-13 9.275E-08 1.655E-09 2.158E-18 1.121E-25 1.803E-15 2.814E-07 2.688E-07 3.872E-06 4.202E-09 6.374E-13
   6.750E+06 2.434E+01 9.626E+14 7.450E-01 4.449E+03 2.111E+04 1.180E-09 6.538E-09 3.336E-06 3.376E-03 5.015E-05 6.496E-09 1.385E-06 2.046E+13 8.972E+06 1.495E+00 5.081E-07 8.932E-08 9.321E-09 3.069E-09 1.270E-10 9.912E-14 2.688E-07 1.045E-09 9.277E-19 2.268E-26 7.275E-16 1.113E-06 5.639E-07 3.973E-06 3.577E-09 3.534E-13
   6.850E+06 2.027E+01 8.056E+14 1.326E+00 3.392E+03 7.178E+04 1.454E-09 7.320E-09 3.533E-06 3.359E-03 5.017E-05 2.653E-08 1.192E-06 1.712E+13 1.894E+06 3.691E+00 5.117E-07 9.197E-08 2.351E-09 8.175E-10 1.229E-10 7.961E-15 5.639E-07 5.095E-10 1.344E-19 3.928E-27 2.770E-16 8.438E-06 8.470E-07 4.016E-06 3.063E-09 1.752E-13
   6.950E+06 1.686E+01 6.731E+14 1.861E+00 2.565E+03 1.315E+05 1.957E-09 8.209E-09 3.716E-06 3.345E-03 5.019E-05 5.839E-08 1.026E-06 1.429E+13 7.160E+05 7.192E+00 5.152E-07 9.456E-08 1.064E-09 2.997E-10 1.185E-10 1.703E-15 8.470E-07 2.510E-10 2.839E-20 7.214E-28 1.099E-16 2.980E-05 1.095E-06 4.035E-06 2.642E-09 8.410E-14
   7.050E+06 1.402E+01 5.619E+14 2.109E+00 1.937E+03 1.761E+05 2.846E-09 9.213E-09 3.887E-06 3.331E-03 5.021E-05 9.407E-08 8.866E-07 1.192E+13 3.610E+05 1.127E+01 5.185E-07 9.710E-08 6.424E-10 1.371E-10 1.138E-10 8.703E-16 1.095E-06 1.273E-10 1.276E-20 1.413E-28 4.547E-17 7.101E-05 1.305E-06 4.043E-06 2.297E-09 4.104E-14
   7.150E+06 1.165E+01 4.684E+14 2.098E+00 1.464E+03 1.979E+05 4.312E-09 1.035E-08 4.048E-06 3.321E-03 5.023E-05 1.272E-07 7.720E-07 9.916E+12 2.059E+05 1.544E+01 5.216E-07 9.958E-08 4.396E-10 7.123E-11 1.092E-10 6.220E-16 1.305E-06 6.695E-11 7.785E-21 2.968E-29 1.970E-17 1.362E-04 1.486E-06 4.047E-06 2.015E-09 2.104E-14
   7.250E+06 9.680E+00 3.896E+14 1.932E+00 1.103E+03 2.000E+05 6.563E-09 1.162E-08 4.198E-06 3.317E-03 5.025E-05 1.548E-07 6.743E-07 8.227E+12 1.236E+05 1.956E+01 5.246E-07 1.020E-07 3.173E-10 3.973E-11 1.045E-10 4.829E-16 1.486E-06 3.596E-11 5.088E-21 6.506E-30 8.781E-18 2.313E-04 1.646E-06 4.049E-06 1.775E-09 1.133E-14
   7.350E+06 8.040E+00 3.238E+14 1.701E+00 8.266E+02 1.899E+05 9.813E-09 1.304E-08 4.342E-06 3.315E-03 5.027E-05 1.769E-07 5.878E-07 6.815E+12 7.612E+04 2.376E+01 5.274E-07 1.043E-07 2.351E-10 2.313E-11 9.955E-11 3.815E-16 1.646E-06 1.932E-11 3.366E-21 1.437E-30 3.924E-18 3.651E-04 1.787E-06 4.050E-06 1.563E-09 6.321E-15
   7.450E+06 6.678E+00 2.689E+14 1.447E+00 6.158E+02 1.707E+05 1.430E-08 1.460E-08 4.480E-06 3.316E-03 5.029E-05 1.914E-07 5.111E-07 5.633E+12 4.735E+04 2.799E+01 5.300E-07 1.066E-07 1.761E-10 1.395E-11 9.448E-11 3.014E-16 1.787E-06 1.035E-11 2.217E-21 3.190E-31 1.753E-18 5.443E-04 1.911E-06 4.051E-06 1.375E-09 3.673E-15
   7.550E+06 5.548E+00 2.229E+14 1.198E+00 4.562E+02 1.456E+05 2.029E-08 1.630E-08 4.615E-06 3.324E-03 5.031E-05 1.965E-07 4.434E-07 4.642E+12 2.942E+04 3.226E+01 5.325E-07 1.088E-07 1.320E-10 8.644E-12 8.933E-11 2.369E-16 1.911E-06 5.529E-12 1.443E-21 7.128E-32 7.833E-19 7.750E-04 2.020E-06 4.051E-06 1.209E-09 2.236E-15
   7.650E+06 4.612E+00 1.847E+14 9.799E-01 3.366E+02 1.193E+05 2.809E-08 1.815E-08 4.749E-06 3.336E-03 5.032E-05 1.935E-07 3.837E-07 3.818E+12 1.824E+04 3.683E+01 5.349E-07 1.108E-07 9.874E-11 5.485E-12 8.418E-11 1.853E-16 2.020E-06 2.945E-12 9.327E-22 1.607E-32 3.499E-19 1.063E-03 2.114E-06 4.051E-06 1.062E-09 1.431E-15
   7.750E+06 3.837E+00 1.531E+14 7.983E-01 2.476E+02 9.440E+04 3.800E-08 2.014E-08 4.882E-06 3.351E-03 5.034E-05 1.841E-07 3.313E-07 3.135E+12 1.126E+04 4.200E+01 5.370E-07 1.128E-07 7.356E-11 3.549E-12 7.910E-11 1.444E-16 2.114E-06 1.565E-12 5.996E-22 3.666E-33 1.563E-19 1.413E-03 2.195E-06 4.052E-06 9.319E-10 9.677E-16
   7.850E+06 3.195E+00 1.267E+14 6.494E-01 1.815E+02 7.209E+04 5.034E-08 2.227E-08 5.016E-06 3.371E-03 5.035E-05 1.688E-07 2.855E-07 2.567E+12 6.889E+03 4.799E+01 5.390E-07 1.147E-07 5.437E-11 2.332E-12 7.418E-11 1.120E-16 2.195E-06 8.291E-13 3.823E-22 8.501E-34 6.986E-20 1.831E-03 2.266E-06 4.052E-06 8.178E-10 6.938E-16
   7.950E+06 2.664E+00 1.049E+14 5.301E-01 1.327E+02 5.347E+04 6.547E-08 2.453E-08 5.151E-06 3.395E-03 5.036E-05 1.501E-07 2.455E-07 2.098E+12 4.183E+03 5.517E+01 5.409E-07 1.164E-07 3.987E-11 1.553E-12 6.948E-11 8.674E-17 2.266E-06 4.380E-13 2.426E-22 2.012E-34 3.123E-20 2.324E-03 2.327E-06 4.052E-06 7.176E-10 5.288E-16
   8.050E+06 2.224E+00 8.696E+13 4.353E-01 9.687E+01 3.886E+04 8.377E-08 2.690E-08 5.288E-06 3.419E-03 5.037E-05 1.307E-07 2.106E-07 1.713E+12 2.529E+03 6.387E+01 5.425E-07 1.180E-07 2.908E-11 1.046E-12 6.506E-11 6.719E-17 2.327E-06 2.308E-13 1.542E-22 4.887E-35 1.397E-20 2.894E-03 2.380E-06 4.052E-06 6.295E-10 4.285E-16
   8.150E+06 1.859E+00 7.216E+13 3.593E-01 7.064E+01 2.769E+04 1.058E-07 2.936E-08 5.427E-06 3.443E-03 5.038E-05 1.114E-07 1.804E-07 1.396E+12 1.520E+03 7.437E+01 5.440E-07 1.195E-07 2.107E-11 7.121E-13 6.094E-11 5.209E-17 2.380E-06 1.214E-13 9.816E-23 1.226E-35 6.258E-21 3.549E-03 2.425E-06 4.051E-06 5.523E-10 3.684E-16
   8.250E+06 1.557E+00 5.995E+13 2.977E-01 5.148E+01 1.939E+04 1.323E-07 3.192E-08 5.568E-06 3.467E-03 5.038E-05 9.327E-08 1.542E-07 1.137E+12 9.096E+02 8.699E+01 5.454E-07 1.209E-07 1.517E-11 4.890E-13 5.714E-11 4.047E-17 2.425E-06 6.375E-14 6.265E-23 3.196E-36 2.806E-21 4.291E-03 2.463E-06 4.051E-06 4.848E-10 3.340E-16
   8.350E+06 1.305E+00 4.990E+13 2.476E-01 3.751E+01 1.340E+04 1.641E-07 3.461E-08 5.710E-06 3.489E-03 5.039E-05 7.697E-08 1.317E-07 9.242E+11 5.426E+02 1.021E+02 5.466E-07 1.221E-07 1.088E-11 3.385E-13 5.366E-11 3.154E-17 2.463E-06 3.348E-14 4.021E-23 8.701E-37 1.261E-21 5.126E-03 2.497E-06 4.050E-06 4.257E-10 3.167E-16
   8.450E+06 1.095E+00 4.164E+13 2.069E-01 2.737E+01 9.196E+03 2.027E-07 3.750E-08 5.853E-06 3.506E-03 5.040E-05 6.299E-08 1.123E-07 7.512E+11 3.236E+02 1.201E+02 5.477E-07 1.232E-07 7.771E-12 2.362E-13 5.047E-11 2.470E-17 2.497E-06 1.761E-14 2.607E-23 2.489E-37 5.679E-22 6.055E-03 2.525E-06 4.049E-06 3.743E-10 3.109E-16
   8.550E+06 9.203E-01 3.482E+13 1.735E-01 1.998E+01 6.254E+03 2.500E-07 4.077E-08 5.996E-06 3.519E-03 5.040E-05 5.103E-08 9.570E-08 6.098E+11 1.927E+02 1.415E+02 5.486E-07 1.242E-07 5.533E-12 1.660E-13 4.756E-11 1.943E-17 2.525E-06 9.298E-15 1.703E-23 7.500E-38 2.567E-22 7.080E-03 2.550E-06 4.047E-06 3.295E-10 3.131E-16
   8.650E+06 7.738E-01 2.916E+13 1.458E-01 1.460E+01 4.207E+03 3.078E-07 4.462E-08 6.138E-06 3.531E-03 5.041E-05 4.085E-08 8.158E-08 4.940E+11 1.144E+02 1.668E+02 5.494E-07 1.251E-07 3.923E-12 1.173E-13 4.491E-11 1.534E-17 2.550E-06 4.936E-15 1.119E-23 2.375E-38 1.165E-22 8.201E-03 2.572E-06 4.046E-06 2.905E-10 3.203E-16
   8.750E+06 6.510E-01 2.448E+13 1.226E-01 1.069E+01 2.816E+03 3.780E-07 4.922E-08 6.277E-06 3.537E-03 5.041E-05 3.252E-08 6.959E-08 3.997E+11 6.799E+01 1.960E+02 5.502E-07 1.258E-07 2.777E-12 8.340E-14 4.248E-11 1.217E-17 2.572E-06 2.641E-15 7.426E-24 7.891E-39 5.313E-23 9.416E-03 2.591E-06 4.044E-06 2.568E-10 3.305E-16
   8.850E+06 5.479E-01 2.058E+13 1.027E-01 7.847E+00 1.871E+03 4.617E-07 5.470E-08 6.412E-06 3.540E-03 5.041E-05 2.568E-08 5.945E-08 3.228E+11 4.041E+01 2.288E+02 5.508E-07 1.265E-07 1.963E-12 5.961E-14 4.028E-11 9.698E-18 2.591E-06 1.427E-15 4.968E-24 2.739E-39 2.439E-23 1.072E-02 2.608E-06 4.042E-06 2.277E-10 3.417E-16
   8.950E+06 4.613E-01 1.731E+13 8.543E-02 5.767E+00 1.227E+03 5.587E-07 6.110E-08 6.543E-06 3.542E-03 5.041E-05 2.001E-08 5.091E-08 2.599E+11 2.397E+01 2.642E+02 5.513E-07 1.271E-07 1.385E-12 4.278E-14 3.829E-11 7.752E-18 2.608E-06 7.804E-16 3.334E-24 9.836E-40 1.129E-23 1.211E-02 2.624E-06 4.040E-06 2.025E-10 3.524E-16
   9.050E+06 3.884E-01 1.457E+13 7.025E-02 4.247E+00 7.952E+02 6.676E-07 6.831E-08 6.667E-06 3.545E-03 5.042E-05 1.540E-08 4.374E-08 2.087E+11 1.423E+01 3.006E+02 5.517E-07 1.275E-07 9.771E-13 3.081E-14 3.652E-11 6.219E-18 2.624E-06 4.323E-16 2.247E-24 3.626E-40 5.268E-24 1.358E-02 2.638E-06 4.039E-06 1.808E-10 3.613E-16
   9.150E+06 3.271E-01 1.226E+13 5.702E-02 3.137E+00 5.097E+02 7.856E-07 7.613E-08 6.783E-06 3.547E-03 5.042E-05 1.172E-08 3.773E-08 1.671E+11 8.487E+00 3.362E+02 5.521E-07 1.279E-07 6.923E-13 2.228E-14 3.496E-11 5.008E-18 2.638E-06 2.430E-16 1.520E-24 1.365E-40 2.484E-24 1.513E-02 2.652E-06 4.038E-06 1.621E-10 3.674E-16
   9.250E+06 2.755E-01 1.031E+13 4.565E-02 2.324E+00 3.226E+02 9.092E-07 8.432E-08 6.890E-06 3.550E-03 5.042E-05 8.811E-09 3.270E-08 1.334E+11 5.101E+00 3.692E+02 5.524E-07 1.283E-07 4.946E-13 1.616E-14 3.360E-11 4.049E-18 2.652E-06 1.388E-16 1.032E-24 5.216E-41 1.186E-24 1.675E-02 2.665E-06 4.037E-06 1.460E-10 3.700E-16
   9.350E+06 2.322E-01 8.664E+12 3.604E-02 1.726E+00 2.006E+02 1.035E-06 9.260E-08 6.988E-06 3.559E-03 5.042E-05 6.505E-09 2.851E-08 1.061E+11 3.103E+00 3.984E+02 5.526E-07 1.286E-07 3.582E-13 1.173E-14 3.246E-11 3.280E-18 2.665E-06 8.061E-17 6.981E-25 2.005E-41 5.736E-25 1.845E-02 2.677E-06 4.036E-06 1.322E-10 3.689E-16
   9.450E+06 1.959E-01 7.272E+12 2.812E-02 1.288E+00 1.230E+02 1.158E-06 1.007E-07 7.076E-06 3.571E-03 5.042E-05 4.737E-09 2.503E-08 8.424E+10 1.932E+00 4.226E+02 5.528E-07 1.288E-07 2.657E-13 8.541E-15 3.151E-11 2.666E-18 2.677E-06 4.771E-17 4.725E-25 7.737E-42 2.818E-25 2.021E-02 2.688E-06 4.035E-06 1.203E-10 3.641E-16
   9.550E+06 1.653E-01 6.105E+12 2.176E-02 9.667E-01 7.484E+01 1.276E-06 1.085E-07 7.154E-06 3.586E-03 5.042E-05 3.419E-09 2.213E-08 6.679E+10 1.245E+00 4.412E+02 5.529E-07 1.290E-07 2.040E-13 6.233E-15 3.075E-11 2.178E-18 2.688E-06 2.886E-17 3.209E-25 2.999E-42 1.409E-25 2.206E-02 2.698E-06 4.033E-06 1.100E-10 3.559E-16
   9.650E+06 1.398E-01 5.110E+12 1.669E-02 7.281E-01 4.435E+01 1.387E-06 1.158E-07 7.222E-06 3.599E-03 5.042E-05 2.412E-09 1.973E-08 5.275E+10 8.366E-01 4.553E+02 5.531E-07 1.291E-07 1.637E-13 4.544E-15 3.017E-11 1.778E-18 2.698E-06 1.797E-17 2.157E-25 1.156E-42 7.212E-26 2.400E-02 2.706E-06 4.029E-06 1.011E-10 3.446E-16
   9.750E+06 1.184E-01 4.270E+12 1.275E-02 5.516E-01 2.579E+01 1.490E-06 1.227E-07 7.281E-06 3.606E-03 5.042E-05 1.675E-09 1.774E-08 4.159E+10 5.929E-01 4.647E+02 5.532E-07 1.292E-07 1.388E-13 3.313E-15 2.973E-11 1.454E-18 2.706E-06 1.170E-17 1.442E-25 4.440E-43 3.825E-26 2.605E-02 2.711E-06 4.021E-06 9.328E-11 3.309E-16
   9.850E+06 1.006E-01 3.575E+12 9.738E-03 4.219E-01 1.497E+01 1.583E-06 1.288E-07 7.332E-06 3.611E-03 5.042E-05 1.160E-09 1.610E-08 3.285E+10 4.452E-01 4.695E+02 5.533E-07 1.293E-07 1.245E-13 2.423E-15 2.942E-11 1.194E-18 2.711E-06 8.262E-18 9.687E-26 1.738E-43 2.181E-26 2.820E-02 2.711E-06 4.008E-06 8.645E-11 3.154E-16
   9.950E+06 8.566E-02 2.980E+12 7.419E-03 3.239E-01 8.530E+00 1.666E-06 1.344E-07 7.374E-06 3.617E-03 5.042E-05 7.913E-10 1.474E-08 2.585E+10 3.546E-01 4.719E+02 5.533E-07 1.294E-07 1.190E-13 1.764E-15 2.921E-11 9.760E-19 2.711E-06 6.691E-18 6.375E-26 7.625E-44 1.454E-26 3.047E-02 0.000E+00 3.988E-06 8.037E-11 2.986E-16
