
     Z         PRESS      DEN     ProOH1    ProOH25    ProO3D    PO2D       PO2      PH2O      PO3D      PH2O2     FO3      FH2O      NumO2      NumOH      NumO1D     PN2O     PCH3CL
   5.000E+04 9.565E+05 2.408E+19 6.760E+05 3.087E+04 4.766E+06 0.000E+00 2.675E-13 9.637E-14 3.221E-05 3.354E-06 6.145E-09 1.330E-02 5.122E+16 4.487E+06 6.425E-03 3.374E-10 3.166E-12
   1.500E+05 8.483E+05 2.185E+19 5.062E+05 4.296E+04 5.399E+06 0.000E+00 4.900E-13 2.353E-13 3.554E-05 3.666E-06 6.953E-09 8.358E-03 4.657E+16 3.700E+06 8.399E-03 6.874E-10 8.364E-12
   2.500E+05 7.504E+05 1.973E+19 4.420E+05 5.564E+04 7.182E+06 0.000E+00 7.961E-13 5.305E-13 3.847E-05 3.948E-06 9.462E-09 5.315E-03 4.216E+16 3.831E+06 1.270E-02 1.250E-09 1.919E-11
   3.500E+05 6.622E+05 1.774E+19 4.102E+05 6.898E+04 1.030E+07 0.000E+00 1.212E-12 1.152E-12 4.095E-05 4.207E-06 1.417E-08 3.374E-03 3.799E+16 4.291E+06 2.057E-02 2.123E-09 3.991E-11
   4.500E+05 5.830E+05 1.594E+19 3.496E+05 7.768E+04 1.477E+07 0.000E+00 1.769E-12 2.464E-12 4.295E-05 4.447E-06 2.157E-08 1.978E-03 3.420E+16 4.659E+06 3.312E-02 3.437E-09 7.735E-11
   5.500E+05 5.118E+05 1.432E+19 2.577E+05 7.626E+04 2.043E+07 0.000E+00 2.495E-12 5.089E-12 4.461E-05 4.675E-06 3.197E-08 1.046E-03 3.079E+16 4.725E+06 5.106E-02 5.322E-09 1.398E-10
   6.500E+05 4.479E+05 1.286E+19 1.607E+05 6.366E+04 2.684E+07 0.000E+00 3.408E-12 9.983E-12 4.603E-05 4.896E-06 4.533E-08 4.958E-04 2.771E+16 4.431E+06 7.435E-02 7.853E-09 2.343E-10
   7.500E+05 3.905E+05 1.154E+19 8.379E+04 4.504E+04 3.346E+07 0.000E+00 4.526E-12 1.879E-11 4.731E-05 5.114E-06 6.126E-08 2.077E-04 2.491E+16 3.866E+06 1.023E-01 1.105E-08 3.673E-10
   8.500E+05 3.391E+05 1.033E+19 3.626E+04 2.648E+04 3.970E+07 6.456E-94 5.863E-12 3.371E-11 4.859E-05 5.333E-06 7.907E-08 7.604E-05 2.232E+16 3.231E+06 1.340E-01 1.490E-08 5.416E-10
   9.500E+05 2.931E+05 9.219E+18 1.251E+04 1.204E+04 4.558E+07 1.557E-52 7.437E-12 5.681E-11 4.999E-05 5.555E-06 9.890E-08 2.298E-05 1.994E+16 2.664E+06 1.700E-01 1.937E-08 7.560E-10
   1.050E+06 2.523E+05 8.185E+18 2.922E+03 3.289E+03 5.366E+07 1.055E-40 9.285E-12 8.762E-11 5.167E-05 5.787E-06 1.269E-07 4.587E-06 1.771E+16 2.163E+06 2.221E-01 2.448E-08 1.007E-09
   1.150E+06 2.161E+05 7.219E+18 3.598E+03 4.046E+03 6.938E+07 3.271E-36 1.152E-11 1.275E-10 5.392E-05 6.037E-06 1.782E-07 4.394E-06 1.564E+16 2.363E+06 3.208E-01 3.040E-08 1.305E-09
   1.250E+06 1.843E+05 6.317E+18 4.547E+03 4.583E+03 9.826E+07 1.974E-32 1.442E-11 1.841E-10 5.768E-05 6.331E-06 2.697E-07 3.941E-06 1.373E+16 2.672E+06 5.126E-01 3.763E-08 1.677E-09
   1.350E+06 1.567E+05 5.484E+18 4.986E+03 4.413E+03 1.426E+08 1.958E-29 1.850E-11 2.690E-10 6.421E-05 6.712E-06 4.049E-07 2.992E-06 1.199E+16 2.914E+06 8.472E-01 4.701E-08 2.172E-09
   1.450E+06 1.327E+05 4.733E+18 4.691E+03 3.877E+03 1.968E+08 3.336E-27 2.456E-11 4.002E-10 7.527E-05 7.244E-06 5.525E-07 2.047E-06 1.046E+16 3.054E+06 1.342E+00 5.969E-08 2.855E-09
   1.550E+06 1.126E+05 3.883E+18 6.168E+03 4.953E+03 2.462E+08 2.134E-25 3.397E-11 5.969E-10 9.771E-05 7.974E-06 6.488E-07 2.137E-06 8.722E+15 3.622E+06 2.082E+00 7.616E-08 3.761E-09
   1.650E+06 9.576E+04 3.303E+18 7.676E+03 6.520E+03 2.909E+08 7.362E-24 4.659E-11 8.770E-10 1.265E-04 8.938E-06 6.963E-07 2.251E-06 7.571E+15 4.648E+06 2.892E+00 9.619E-08 4.896E-09
   1.750E+06 8.145E+04 2.810E+18 9.165E+03 8.415E+03 3.286E+08 1.649E-22 6.351E-11 1.259E-09 1.680E-04 1.019E-05 6.962E-07 2.379E-06 6.592E+15 6.024E+06 3.840E+00 1.193E-07 6.251E-09
   1.850E+06 6.929E+04 2.390E+18 1.057E+04 1.052E+04 3.585E+08 2.506E-21 8.515E-11 1.751E-09 2.279E-04 1.177E-05 6.584E-07 2.515E-06 5.750E+15 7.775E+06 4.926E+00 1.444E-07 7.772E-09
   1.950E+06 5.894E+04 2.033E+18 1.185E+04 1.268E+04 3.815E+08 2.691E-20 1.114E-10 2.354E-09 3.175E-04 1.373E-05 5.910E-07 2.649E-06 5.017E+15 9.946E+06 6.162E+00 1.698E-07 9.389E-09
   2.050E+06 5.014E+04 1.730E+18 1.290E+04 1.470E+04 3.964E+08 2.118E-19 1.413E-10 3.063E-09 4.568E-04 1.611E-05 5.017E-07 2.775E-06 4.372E+15 1.259E+07 7.525E+00 1.943E-07 1.103E-08
   2.150E+06 4.266E+04 1.472E+18 1.332E+04 1.644E+04 3.935E+08 1.268E-18 1.728E-10 3.868E-09 6.611E-04 1.889E-05 4.045E-07 2.889E-06 3.804E+15 1.558E+07 8.779E+00 2.165E-07 1.263E-08
   2.250E+06 3.630E+04 1.252E+18 1.281E+04 1.783E+04 3.659E+08 5.990E-18 2.038E-10 4.767E-09 9.189E-04 2.187E-05 3.180E-07 2.988E-06 3.304E+15 1.851E+07 9.594E+00 2.362E-07 1.417E-08
   2.350E+06 3.088E+04 1.065E+18 1.158E+04 1.888E+04 3.216E+08 2.324E-17 2.330E-10 5.770E-09 1.197E-03 2.478E-05 2.523E-07 3.072E-06 2.865E+15 2.096E+07 9.913E+00 2.533E-07 1.564E-08
   2.450E+06 2.628E+04 9.064E+17 1.004E+04 1.964E+04 2.727E+08 7.678E-17 2.605E-10 6.896E-09 1.465E-03 2.744E-05 2.054E-07 3.141E-06 2.479E+15 2.284E+07 9.878E+00 2.682E-07 1.706E-08
   2.550E+06 2.236E+04 7.713E+17 8.478E+03 2.018E+04 2.262E+08 2.230E-16 2.870E-10 8.184E-09 1.707E-03 2.975E-05 1.719E-07 3.198E-06 2.142E+15 2.421E+07 9.628E+00 2.814E-07 1.844E-08
   2.650E+06 1.903E+04 6.564E+17 7.027E+03 2.061E+04 1.849E+08 5.824E-16 3.132E-10 9.683E-09 1.916E-03 3.173E-05 1.470E-07 3.242E-06 1.848E+15 2.520E+07 9.248E+00 2.931E-07 1.979E-08
   2.750E+06 1.619E+04 5.586E+17 5.744E+03 2.098E+04 1.496E+08 1.388E-15 3.400E-10 1.146E-08 2.093E-03 3.338E-05 1.280E-07 3.276E-06 1.593E+15 2.593E+07 8.790E+00 3.036E-07 2.113E-08
   2.850E+06 1.378E+04 4.754E+17 4.639E+03 2.138E+04 1.199E+08 3.047E-15 3.681E-10 1.362E-08 2.239E-03 3.475E-05 1.126E-07 3.301E-06 1.371E+15 2.650E+07 8.279E+00 3.132E-07 2.249E-08
   2.950E+06 1.173E+04 4.046E+17 3.703E+03 2.184E+04 9.526E+07 6.193E-15 3.985E-10 1.627E-08 2.359E-03 3.588E-05 9.980E-08 3.317E-06 1.180E+15 2.699E+07 7.728E+00 3.219E-07 2.387E-08
   3.050E+06 9.985E+03 3.444E+17 2.921E+03 2.239E+04 7.495E+07 1.174E-14 4.320E-10 1.955E-08 2.456E-03 3.679E-05 8.860E-08 3.325E-06 1.014E+15 2.745E+07 7.143E+00 3.300E-07 2.530E-08
   3.150E+06 8.499E+03 2.932E+17 2.273E+03 2.300E+04 5.831E+07 2.092E-14 4.693E-10 2.360E-08 2.534E-03 3.754E-05 7.851E-08 3.325E-06 8.707E+14 2.788E+07 6.529E+00 3.376E-07 2.678E-08
   3.250E+06 7.235E+03 2.496E+17 1.742E+03 2.364E+04 4.479E+07 3.534E-14 5.111E-10 2.854E-08 2.595E-03 3.814E-05 6.917E-08 3.318E-06 7.473E+14 2.830E+07 5.892E+00 3.447E-07 2.834E-08
   3.350E+06 6.159E+03 2.124E+17 1.314E+03 2.421E+04 3.393E+07 5.715E-14 5.581E-10 3.449E-08 2.643E-03 3.862E-05 6.044E-08 3.304E-06 6.410E+14 2.866E+07 5.243E+00 3.514E-07 2.998E-08
   3.450E+06 5.243E+03 1.809E+17 9.755E+02 2.464E+04 2.535E+07 8.952E-14 6.110E-10 4.150E-08 2.680E-03 3.900E-05 5.231E-08 3.283E-06 5.495E+14 2.894E+07 4.601E+00 3.578E-07 3.170E-08
   3.550E+06 4.464E+03 1.540E+17 7.132E+02 2.485E+04 1.869E+07 1.386E-13 6.703E-10 4.958E-08 2.708E-03 3.930E-05 4.483E-08 3.255E-06 4.707E+14 2.909E+07 3.985E+00 3.639E-07 3.351E-08
   3.650E+06 3.801E+03 1.311E+17 5.145E+02 2.480E+04 1.363E+07 2.212E-13 7.365E-10 5.873E-08 2.730E-03 3.955E-05 3.808E-08 3.221E-06 4.031E+14 2.909E+07 3.412E+00 3.697E-07 3.539E-08
   3.750E+06 3.236E+03 1.116E+17 3.669E+02 2.449E+04 9.842E+06 3.917E-13 8.103E-10 6.896E-08 2.746E-03 3.974E-05 3.211E-08 3.181E-06 3.450E+14 2.893E+07 2.894E+00 3.753E-07 3.734E-08
   3.850E+06 2.756E+03 9.505E+16 2.590E+02 2.403E+04 7.049E+06 8.199E-13 8.924E-10 8.062E-08 2.758E-03 3.990E-05 2.689E-08 3.135E-06 2.951E+14 2.868E+07 2.434E+00 3.806E-07 3.933E-08
   3.950E+06 2.347E+03 8.094E+16 1.807E+02 2.367E+04 5.001E+06 1.951E-12 9.841E-10 9.484E-08 2.768E-03 4.002E-05 2.232E-08 3.083E-06 2.523E+14 2.848E+07 2.028E+00 3.857E-07 4.136E-08
   4.050E+06 1.998E+03 6.893E+16 1.241E+02 2.382E+04 3.499E+06 4.733E-12 1.088E-09 1.142E-07 2.775E-03 4.013E-05 1.829E-08 3.026E-06 2.157E+14 2.856E+07 1.667E+00 3.906E-07 4.341E-08
   4.150E+06 1.702E+03 5.870E+16 8.351E+01 2.495E+04 2.403E+06 1.079E-11 1.206E-09 1.435E-07 2.780E-03 4.022E-05 1.472E-08 2.961E-06 1.843E+14 2.917E+07 1.346E+00 3.953E-07 4.548E-08
   4.250E+06 1.449E+03 4.999E+16 5.510E+01 2.736E+04 1.620E+06 2.240E-11 1.344E-09 1.893E-07 2.784E-03 4.029E-05 1.164E-08 2.890E-06 1.574E+14 3.047E+07 1.068E+00 3.998E-07 4.756E-08
   4.350E+06 1.234E+03 4.258E+16 3.598E+01 3.104E+04 1.081E+06 4.211E-11 1.505E-09 2.591E-07 2.788E-03 4.035E-05 9.109E-09 2.814E-06 1.345E+14 3.237E+07 8.412E-01 4.041E-07 4.964E-08
   4.450E+06 1.051E+03 3.627E+16 2.358E+01 3.557E+04 7.224E+05 7.220E-11 1.694E-09 3.593E-07 2.790E-03 4.040E-05 7.139E-09 2.730E-06 1.148E+14 3.457E+07 6.672E-01 4.081E-07 5.174E-08
   4.550E+06 8.956E+02 3.089E+16 1.570E+01 4.023E+04 4.880E+05 1.141E-10 1.914E-09 4.937E-07 2.792E-03 4.045E-05 5.657E-09 2.638E-06 9.801E+13 3.670E+07 5.397E-01 4.121E-07 5.384E-08
   4.650E+06 7.629E+02 2.632E+16 1.070E+01 4.423E+04 3.346E+05 1.679E-10 2.167E-09 6.622E-07 2.793E-03 4.049E-05 4.552E-09 2.538E-06 8.366E+13 3.847E+07 4.487E-01 4.158E-07 5.595E-08
   4.750E+06 6.499E+02 2.242E+16 7.483E+00 4.689E+04 2.330E+05 2.327E-10 2.454E-09 8.607E-07 2.795E-03 4.052E-05 3.720E-09 2.430E-06 7.139E+13 3.967E+07 3.847E-01 4.194E-07 5.806E-08
   4.850E+06 5.537E+02 1.910E+16 5.363E+00 4.781E+04 1.645E+05 3.062E-10 2.773E-09 1.082E-06 2.796E-03 4.055E-05 3.081E-09 2.313E-06 6.092E+13 4.020E+07 3.400E-01 4.229E-07 6.017E-08
   4.950E+06 4.717E+02 1.627E+16 3.928E+00 4.690E+04 1.175E+05 3.859E-10 3.123E-09 1.317E-06 2.796E-03 4.058E-05 2.582E-09 2.188E-06 5.198E+13 4.003E+07 3.090E-01 4.262E-07 6.226E-08
   5.050E+06 4.019E+02 1.386E+16 2.928E+00 4.436E+04 8.470E+04 4.691E-10 3.503E-09 1.557E-06 2.797E-03 4.061E-05 2.184E-09 2.055E-06 4.435E+13 3.921E+07 2.878E-01 4.293E-07 6.434E-08
   5.150E+06 3.425E+02 1.181E+16 2.211E+00 4.058E+04 6.155E+04 5.534E-10 3.913E-09 1.793E-06 2.798E-03 4.063E-05 1.862E-09 1.916E-06 3.783E+13 3.782E+07 2.736E-01 4.323E-07 6.639E-08
   5.250E+06 2.918E+02 1.007E+16 1.685E+00 3.604E+04 4.504E+04 6.371E-10 4.357E-09 2.019E-06 2.798E-03 4.065E-05 1.599E-09 1.774E-06 3.227E+13 3.597E+07 2.644E-01 4.351E-07 6.841E-08
   5.350E+06 2.487E+02 8.577E+15 1.292E+00 3.117E+04 3.317E+04 7.190E-10 4.837E-09 2.230E-06 2.799E-03 4.067E-05 1.382E-09 1.630E-06 2.753E+13 3.376E+07 2.588E-01 4.378E-07 7.038E-08
   5.450E+06 2.119E+02 7.310E+15 9.924E-01 2.629E+04 2.462E+04 8.001E-10 5.360E-09 2.423E-06 2.799E-03 4.069E-05 1.203E-09 1.485E-06 2.348E+13 3.126E+07 2.561E-01 4.404E-07 7.231E-08
   5.550E+06 1.806E+02 6.229E+15 7.639E-01 2.165E+04 1.844E+04 8.867E-10 5.932E-09 2.596E-06 2.799E-03 4.071E-05 1.057E-09 1.339E-06 2.002E+13 2.853E+07 2.565E-01 4.428E-07 7.419E-08
   5.650E+06 1.539E+02 5.309E+15 5.931E-01 1.747E+04 1.397E+04 9.990E-10 6.562E-09 2.750E-06 2.799E-03 4.072E-05 9.400E-10 1.196E-06 1.708E+13 2.564E+07 2.616E-01 4.451E-07 7.601E-08
   5.750E+06 1.312E+02 4.525E+15 4.726E-01 1.383E+04 1.076E+04 1.184E-09 7.257E-09 2.887E-06 2.800E-03 4.073E-05 8.491E-10 1.059E-06 1.456E+13 2.266E+07 2.762E-01 4.472E-07 7.778E-08
   5.850E+06 1.118E+02 3.857E+15 3.960E-01 1.077E+04 8.479E+03 1.527E-09 8.024E-09 3.007E-06 2.800E-03 4.075E-05 7.852E-10 9.285E-07 1.242E+13 1.961E+07 3.097E-01 4.493E-07 7.948E-08
   5.950E+06 9.531E+01 3.288E+15 3.558E-01 8.259E+03 6.878E+03 2.159E-09 8.869E-09 3.114E-06 2.800E-03 4.076E-05 7.471E-10 8.066E-07 1.059E+13 1.655E+07 3.758E-01 4.512E-07 8.113E-08
   6.050E+06 8.125E+01 2.803E+15 3.412E-01 6.263E+03 5.577E+03 3.248E-09 9.799E-09 3.212E-06 2.800E-03 4.077E-05 7.106E-10 6.958E-07 9.034E+12 1.414E+07 4.901E-01 4.531E-07 8.271E-08
   6.150E+06 6.926E+01 2.389E+15 3.422E-01 4.684E+03 4.806E+03 4.973E-09 1.082E-08 3.302E-06 2.800E-03 4.078E-05 7.184E-10 5.937E-07 7.704E+12 1.294E+07 6.756E-01 4.548E-07 8.424E-08
   6.250E+06 5.905E+01 2.037E+15 3.754E-01 3.374E+03 1.098E+04 7.498E-09 1.193E-08 3.389E-06 2.800E-03 4.079E-05 1.925E-09 4.888E-07 6.570E+12 4.530E+06 1.056E+00 4.565E-07 8.570E-08
   6.350E+06 5.034E+01 1.737E+15 4.516E-01 2.398E+03 3.095E+04 1.096E-08 1.313E-08 3.473E-06 2.800E-03 4.080E-05 6.365E-09 3.976E-07 5.600E+12 1.116E+06 1.832E+00 4.581E-07 8.712E-08
   6.450E+06 4.292E+01 1.481E+15 4.937E-01 1.708E+03 5.215E+04 1.547E-08 1.442E-08 3.558E-06 2.801E-03 4.081E-05 1.258E-08 3.242E-07 4.768E+12 4.676E+05 2.880E+00 4.596E-07 8.847E-08
   6.550E+06 3.660E+01 1.262E+15 4.913E-01 1.222E+03 6.853E+04 2.116E-08 1.579E-08 3.645E-06 2.801E-03 4.082E-05 1.938E-08 2.656E-07 4.054E+12 2.499E+05 4.104E+00 4.610E-07 8.977E-08
   6.650E+06 3.121E+01 1.076E+15 4.577E-01 8.800E+02 7.814E+04 2.821E-08 1.723E-08 3.733E-06 2.801E-03 4.082E-05 2.592E-08 2.190E-07 3.442E+12 1.501E+05 5.438E+00 4.622E-07 9.101E-08
   6.750E+06 2.661E+01 9.179E+14 4.078E-01 6.385E+02 8.106E+04 3.686E-08 1.874E-08 3.824E-06 2.801E-03 4.083E-05 3.153E-08 1.819E-07 2.917E+12 9.566E+04 6.841E+00 4.634E-07 9.218E-08
   6.850E+06 2.269E+01 7.828E+14 3.530E-01 4.672E+02 7.846E+04 4.735E-08 2.031E-08 3.918E-06 2.801E-03 4.084E-05 3.578E-08 1.523E-07 2.467E+12 6.285E+04 8.293E+00 4.645E-07 9.328E-08
   6.950E+06 1.935E+01 6.676E+14 3.001E-01 3.448E+02 7.194E+04 5.994E-08 2.195E-08 4.016E-06 2.801E-03 4.084E-05 3.847E-08 1.286E-07 2.084E+12 4.193E+04 9.788E+00 4.655E-07 9.430E-08
   7.050E+06 1.651E+01 5.694E+14 2.526E-01 2.568E+02 6.309E+04 7.485E-08 2.365E-08 4.116E-06 2.801E-03 4.085E-05 3.956E-08 1.096E-07 1.757E+12 2.818E+04 1.134E+01 4.664E-07 9.523E-08
   7.150E+06 1.408E+01 4.856E+14 2.120E-01 1.932E+02 5.332E+04 9.235E-08 2.540E-08 4.218E-06 2.801E-03 4.085E-05 3.920E-08 9.432E-08 1.479E+12 1.897E+04 1.297E+01 4.673E-07 9.609E-08
   7.250E+06 1.201E+01 4.142E+14 1.777E-01 1.460E+02 4.393E+04 1.128E-07 2.718E-08 4.323E-06 2.801E-03 4.086E-05 3.785E-08 8.155E-08 1.243E+12 1.276E+04 1.474E+01 4.680E-07 9.685E-08
   7.350E+06 1.024E+01 3.533E+14 1.484E-01 1.102E+02 3.556E+04 1.367E-07 2.898E-08 4.428E-06 2.801E-03 4.086E-05 3.592E-08 7.043E-08 1.042E+12 8.535E+03 1.670E+01 4.686E-07 9.753E-08
   7.450E+06 8.738E+00 3.014E+14 1.235E-01 8.294E+01 2.829E+04 1.650E-07 3.082E-08 4.533E-06 2.802E-03 4.086E-05 3.351E-08 6.070E-08 8.711E+11 5.679E+03 1.890E+01 4.691E-07 9.813E-08
   7.550E+06 7.454E+00 2.571E+14 1.027E-01 6.228E+01 2.211E+04 1.988E-07 3.276E-08 4.638E-06 2.802E-03 4.087E-05 3.070E-08 5.222E-08 7.259E+11 3.754E+03 2.143E+01 4.696E-07 9.866E-08
   7.650E+06 6.359E+00 2.193E+14 8.569E-02 4.665E+01 1.698E+04 2.399E-07 3.500E-08 4.742E-06 2.802E-03 4.087E-05 2.764E-08 4.485E-08 6.029E+11 2.463E+03 2.440E+01 4.700E-07 9.911E-08
   7.750E+06 5.425E+00 1.871E+14 7.176E-02 3.486E+01 1.281E+04 2.907E-07 3.779E-08 4.844E-06 2.802E-03 4.087E-05 2.444E-08 3.846E-08 4.990E+11 1.603E+03 2.793E+01 4.704E-07 9.950E-08
   7.850E+06 4.629E+00 1.597E+14 6.034E-02 2.599E+01 9.496E+03 3.537E-07 4.144E-08 4.943E-06 2.802E-03 4.087E-05 2.123E-08 3.293E-08 4.114E+11 1.035E+03 3.214E+01 4.706E-07 9.983E-08
   7.950E+06 3.950E+00 1.362E+14 5.077E-02 1.933E+01 6.916E+03 4.309E-07 4.617E-08 5.038E-06 2.802E-03 4.087E-05 1.812E-08 2.817E-08 3.378E+11 6.625E+02 3.706E+01 4.709E-07 1.001E-07
   8.050E+06 3.370E+00 1.162E+14 4.250E-02 1.435E+01 4.949E+03 5.228E-07 5.205E-08 5.129E-06 2.802E-03 4.088E-05 1.520E-08 2.407E-08 2.763E+11 4.205E+02 4.255E+01 4.711E-07 1.003E-07
   8.150E+06 2.876E+00 9.920E+13 3.517E-02 1.063E+01 3.481E+03 6.277E-07 5.895E-08 5.214E-06 2.802E-03 4.088E-05 1.252E-08 2.055E-08 2.250E+11 2.647E+02 4.832E+01 4.713E-07 1.005E-07
   8.250E+06 2.454E+00 8.466E+13 2.862E-02 7.862E+00 2.407E+03 7.422E-07 6.659E-08 5.293E-06 2.802E-03 4.088E-05 1.015E-08 1.755E-08 1.826E+11 1.653E+02 5.396E+01 4.714E-07 1.007E-07
   8.350E+06 2.095E+00 7.225E+13 2.282E-02 5.805E+00 1.638E+03 8.615E-07 7.458E-08 5.364E-06 2.802E-03 4.088E-05 8.090E-09 1.498E-08 1.476E+11 1.025E+02 5.905E+01 4.715E-07 1.008E-07
   8.450E+06 1.788E+00 6.166E+13 1.781E-02 4.281E+00 1.097E+03 9.804E-07 8.253E-08 5.427E-06 2.802E-03 4.088E-05 6.351E-09 1.279E-08 1.189E+11 6.319E+01 6.325E+01 4.716E-07 1.009E-07
   8.550E+06 1.526E+00 5.263E+13 1.362E-02 3.155E+00 7.247E+02 1.094E-06 9.014E-08 5.482E-06 2.802E-03 4.088E-05 4.915E-09 1.093E-08 9.547E+10 3.877E+01 6.631E+01 4.717E-07 1.010E-07
   8.650E+06 1.302E+00 4.492E+13 1.023E-02 2.324E+00 4.725E+02 1.200E-06 9.715E-08 5.530E-06 2.802E-03 4.088E-05 3.754E-09 9.355E-09 7.649E+10 2.371E+01 6.816E+01 4.717E-07 1.011E-07
   8.750E+06 1.112E+00 3.835E+13 7.557E-03 1.712E+00 3.045E+02 1.295E-06 1.034E-07 5.570E-06 2.802E-03 4.088E-05 2.834E-09 8.017E-09 6.115E+10 1.449E+01 6.885E+01 4.718E-07 1.011E-07
   8.850E+06 9.490E-01 3.273E+13 5.512E-03 1.263E+00 1.942E+02 1.379E-06 1.089E-07 5.604E-06 2.802E-03 4.088E-05 2.118E-09 6.884E-09 4.880E+10 8.860E+00 6.850E+01 4.718E-07 1.012E-07
   8.950E+06 8.102E-01 2.795E+13 3.979E-03 9.329E-01 1.228E+02 1.451E-06 1.136E-07 5.632E-06 2.802E-03 4.088E-05 1.569E-09 5.927E-09 3.889E+10 5.442E+00 6.729E+01 4.718E-07 1.012E-07
   9.050E+06 6.917E-01 2.386E+13 2.852E-03 6.907E-01 7.710E+01 1.512E-06 1.176E-07 5.656E-06 2.802E-03 4.088E-05 1.153E-09 5.118E-09 3.097E+10 3.369E+00 6.540E+01 4.719E-07 1.012E-07
   9.150E+06 5.906E-01 2.037E+13 2.034E-03 5.129E-01 4.810E+01 1.564E-06 1.209E-07 5.675E-06 2.802E-03 4.088E-05 8.428E-10 4.437E-09 2.464E+10 2.111E+00 6.302E+01 4.719E-07 1.013E-07
   9.250E+06 5.043E-01 1.739E+13 1.447E-03 3.823E-01 2.986E+01 1.606E-06 1.237E-07 5.690E-06 2.802E-03 4.088E-05 6.128E-10 3.863E-09 1.959E+10 1.347E+00 6.030E+01 4.719E-07 1.013E-07
   9.350E+06 4.306E-01 1.485E+13 1.029E-03 2.864E-01 1.847E+01 1.641E-06 1.259E-07 5.702E-06 2.802E-03 4.088E-05 4.439E-10 3.381E-09 1.557E+10 8.792E-01 5.737E+01 4.719E-07 1.013E-07
   9.450E+06 3.678E-01 1.269E+13 7.327E-04 2.158E-01 1.139E+01 1.669E-06 1.277E-07 5.712E-06 2.802E-03 4.088E-05 3.206E-10 2.978E-09 1.237E+10 5.910E-01 5.433E+01 4.719E-07 1.013E-07
   9.550E+06 3.141E-01 1.083E+13 5.238E-04 1.637E-01 7.012E+00 1.692E-06 1.292E-07 5.721E-06 2.802E-03 4.088E-05 2.310E-10 2.642E-09 9.831E+09 4.110E-01 5.126E+01 4.719E-07 1.013E-07
   9.650E+06 2.683E-01 9.254E+12 3.766E-04 1.253E-01 4.310E+00 1.711E-06 1.304E-07 5.727E-06 2.802E-03 4.088E-05 1.662E-10 2.364E-09 7.807E+09 2.965E-01 4.821E+01 4.719E-07 1.013E-07
   9.750E+06 2.292E-01 7.905E+12 2.728E-04 9.687E-02 2.646E+00 1.726E-06 1.314E-07 5.732E-06 2.802E-03 4.088E-05 1.195E-10 2.138E-09 6.197E+09 2.219E-01 4.521E+01 4.719E-07 1.013E-07
   9.850E+06 1.958E-01 6.753E+12 1.995E-04 7.578E-02 1.624E+00 1.737E-06 1.322E-07 5.736E-06 2.802E-03 4.088E-05 8.586E-11 1.956E-09 4.915E+09 1.721E-01 4.229E+01 4.720E-07 1.013E-07
   9.950E+06 1.673E-01 5.769E+12 1.476E-04 6.012E-02 1.007E+00 1.747E-06 1.328E-07 5.740E-06 2.802E-03 4.088E-05 6.232E-11 1.816E-09 3.894E+09 1.378E-01 3.945E+01 4.720E-07 1.013E-07
