 8 Gauss points for correlated-k in the O2 SR bands
 ---------------------------------------------------
 Temp = 150 K

 ---------------------------------------------------
 L  N    A1             A2             A3             A4

 ====================================================
 1  4  3.4528821E-21  1.3949952E-20  7.9174665E-20  6.5821295E-19


 2  4  7.6630448E-22  3.2620863E-21  2.3423781E-20  3.5966997E-19


 3  4  5.6898863E-22  1.5514545E-21  1.0361813E-20  1.8977255E-19


 4  4  5.4825030E-22  2.8858290E-21  2.2824669E-20  2.4603278E-19


 5  4  1.8491494E-22  8.0222817E-22  4.4807913E-21  7.4720478E-20


 6  4  1.0683163E-22  3.4845973E-22  2.4599249E-21  4.9532509E-20


 7  4  7.6205920E-23  1.9823849E-22  1.3883276E-21  2.4310408E-20


 8  4  2.5797107E-23  6.0888292E-23  4.9812747E-22  9.8485392E-21


 9  4  1.1216625E-23  2.1593321E-23  1.3200035E-22  4.5872731E-21


10  4  5.6215179E-24  1.0578743E-23  5.5181862E-23  1.0370094E-21


11  4  2.1731599E-24  1.3980408E-23  1.6222981E-22  2.3657109E-21


12  4  1.5911033E-24  2.7999231E-24  2.9853456E-23  7.0890025E-22


13  4  1.7197992E-25  2.9137006E-25  1.7588591E-24  1.0873674E-22


14  4  2.0752139E-26  3.3182562E-26  2.7624045E-25  5.7496758E-24


15  4  1.0133384E-26  5.3467304E-26  6.7749159E-25  2.2188669E-23


16  4  5.3863812E-28  1.9696139E-27  6.7091187E-27  3.7938441E-25


17  4  7.8725990E-30  4.6310746E-29  6.5611185E-28  1.1304183E-26



 ---------------------------------------------------
 Temp = 200 K

 ---------------------------------------------------
 L  N    A1             A2             A3             A4

 ====================================================
 1  4  3.3733653E-21  1.4141292E-20  7.7417533E-20  6.3504889E-19


 2  4  1.0930620E-21  4.1516365E-21  2.9946975E-20  4.1682182E-19


 3  4  8.0183245E-22  2.2650728E-21  1.4561696E-20  2.1936049E-19


 4  4  9.4481050E-22  4.0710271E-21  2.6202558E-20  2.2559570E-19


 5  4  2.8208409E-22  1.3017900E-21  6.6140081E-21  8.8255040E-20


 6  4  1.5448119E-22  5.6052437E-22  3.3662547E-21  5.2717067E-20


 7  4  1.0455144E-22  3.2990335E-22  1.9447465E-21  2.6159862E-20


 8  4  3.8455208E-23  1.0296656E-22  7.7256453E-22  1.1237896E-20


 9  4  1.6021184E-23  3.8483743E-23  2.2326500E-22  5.0205768E-21


10  4  7.2497461E-24  1.6433341E-23  1.0262011E-22  1.6059307E-21


11  4  4.2556155E-24  2.9133387E-23  2.1997476E-22  2.2962427E-21


12  4  2.1794840E-24  5.3300133E-24  4.1718890E-23  7.1949517E-22


13  4  2.3871996E-25  8.7986321E-25  4.5110439E-24  1.0201927E-22


14  4  3.1147295E-26  2.0656360E-25  9.2799674E-25  1.1834701E-23


15  4  4.5851120E-26  1.4863255E-25  1.0120540E-24  2.3458087E-23


16  4  1.2559838E-27  4.0588045E-27  2.3692846E-26  4.7399028E-25


17  4  1.2018363E-28  5.8513127E-28  5.4023510E-27  1.0593809E-25



 ---------------------------------------------------
 Temp = 250 K

 ---------------------------------------------------
 L  N    A1             A2             A3             A4

 ====================================================
 1  4  3.2384141E-21  1.3713388E-20  7.4524372E-20  6.0409729E-19


 2  4  1.3826022E-21  4.9778429E-21  3.5382405E-20  4.6697396E-19


 3  4  9.8191640E-22  2.9584240E-21  1.8615144E-20  2.4432762E-19


 4  4  1.6445587E-21  5.6228685E-21  2.9512412E-20  2.1692189E-19


 5  4  4.6052947E-22  1.8460349E-21  8.4733700E-21  9.2831953E-20


 6  4  2.3215033E-22  8.8497824E-22  4.3204540E-21  5.5328237E-20


 7  4  1.6297678E-22  5.5338585E-22  2.5815832E-21  2.7508615E-20


 8  4  5.5417510E-23  1.8208562E-22  1.1451987E-21  1.1766685E-20


 9  4  2.0865997E-23  7.4130515E-23  3.7016295E-22  5.3025678E-21


10  4  1.1358728E-23  3.2163913E-23  1.7777488E-22  2.1345757E-21


11  4  9.4449188E-24  4.2027085E-23  2.9197883E-22  2.1481664E-21


12  4  3.7794752E-24  9.9023398E-24  6.2724047E-23  7.2159901E-22


13  4  5.2636704E-25  2.7195299E-24  1.2535181E-23  1.0405667E-22


14  4  1.2815637E-25  8.6565346E-25  3.2469665E-24  2.0318720E-23


15  4  1.2766645E-25  3.9706431E-25  2.0563361E-24  2.4351909E-23


16  4  6.4237521E-27  2.1784118E-26  1.0210863E-25  1.1950239E-24


17  4  2.0482400E-27  7.1378199E-27  3.5670962E-26  6.5468518E-25



 ---------------------------------------------------
 Temp = 300 K

 ---------------------------------------------------
 L  N    A1             A2             A3             A4

 ====================================================
 1  4  3.0517783E-21  1.3047422E-20  7.0922795E-20  5.7253006E-19


 2  4  1.6603495E-21  5.5982849E-21  3.8903403E-20  5.0689168E-19


 3  4  1.1027000E-21  3.5139723E-21  2.2011499E-20  2.5976105E-19


 4  4  2.4409906E-21  7.8221268E-21  3.4038389E-20  2.0570405E-19


 5  4  7.4990551E-22  2.7760854E-21  1.1631086E-20  9.8797774E-20


 6  4  3.4511054E-22  1.3447973E-21  5.3272746E-21  5.8453610E-20


 7  4  3.3850647E-22  9.2380151E-22  3.2148203E-21  2.9032424E-20


 8  4  8.7502963E-23  3.1782148E-22  1.6620293E-21  1.2897182E-20


 9  4  3.1259207E-23  1.5196100E-22  6.0758986E-22  5.5780876E-21


10  4  1.9585316E-23  7.1787825E-23  2.8649000E-22  2.6957776E-21


11  4  1.4851555E-23  6.3260069E-23  4.3027256E-22  2.0718037E-21


12  4  6.8585894E-24  1.9449539E-23  9.4202336E-23  7.0367695E-22


13  4  1.5482319E-24  6.8425408E-24  2.9210901E-23  1.5460059E-22


14  4  6.3232319E-25  2.6374263E-24  9.8064703E-24  3.9402763E-23


15  4  3.4445764E-25  9.5258751E-25  4.5042688E-24  2.6422012E-23


16  4  3.5372723E-26  1.1404969E-25  4.5502828E-25  4.0441743E-24


17  4  1.2806304E-26  4.5545125E-26  1.8416505E-25  2.5224038E-24


